8.918918918918918859e-01,2.702702702702702853e-02,0.000000000000000000e+00,0.000000000000000000e+00,0.000000000000000000e+00,0.000000000000000000e+00,0.000000000000000000e+00,0.000000000000000000e+00,0.000000000000000000e+00,0.000000000000000000e+00,2.702702702702702853e-02,2.702702702702702853e-02,0.000000000000000000e+00,0.000000000000000000e+00,0.000000000000000000e+00,0.000000000000000000e+00,0.000000000000000000e+00,0.000000000000000000e+00,0.000000000000000000e+00,0.000000000000000000e+00,0.000000000000000000e+00,2.702702702702702853e-02
1.000000000000000056e-01,5.000000000000000000e-01,2.000000000000000111e-01,0.000000000000000000e+00,1.000000000000000056e-01,0.000000000000000000e+00,1.000000000000000056e-01,0.000000000000000000e+00,0.000000000000000000e+00,0.000000000000000000e+00,0.000000000000000000e+00,0.000000000000000000e+00,0.000000000000000000e+00,0.000000000000000000e+00,0.000000000000000000e+00,0.000000000000000000e+00,0.000000000000000000e+00,0.000000000000000000e+00,0.000000000000000000e+00,0.000000000000000000e+00,0.000000000000000000e+00,0.000000000000000000e+00
0.000000000000000000e+00,1.428571428571428492e-01,4.285714285714285476e-01,2.857142857142856984e-01,0.000000000000000000e+00,0.000000000000000000e+00,0.000000000000000000e+00,0.000000000000000000e+00,0.000000000000000000e+00,0.000000000000000000e+00,0.000000000000000000e+00,0.000000000000000000e+00,1.428571428571428492e-01,0.000000000000000000e+00,0.000000000000000000e+00,0.000000000000000000e+00,0.000000000000000000e+00,0.000000000000000000e+00,0.000000000000000000e+00,0.000000000000000000e+00,0.000000000000000000e+00,0.000000000000000000e+00
0.000000000000000000e+00,6.250000000000000000e-02,3.125000000000000000e-02,7.812500000000000000e-01,3.125000000000000000e-02,0.000000000000000000e+00,3.125000000000000000e-02,3.125000000000000000e-02,0.000000000000000000e+00,0.000000000000000000e+00,0.000000000000000000e+00,0.000000000000000000e+00,0.000000000000000000e+00,0.000000000000000000e+00,0.000000000000000000e+00,0.000000000000000000e+00,0.000000000000000000e+00,0.000000000000000000e+00,0.000000000000000000e+00,0.000000000000000000e+00,3.125000000000000000e-02,0.000000000000000000e+00
0.000000000000000000e+00,0.000000000000000000e+00,0.000000000000000000e+00,1.666666666666666574e-01,5.833333333333333703e-01,1.250000000000000000e-01,0.000000000000000000e+00,8.333333333333332871e-02,0.000000000000000000e+00,0.000000000000000000e+00,0.000000000000000000e+00,4.166666666666666435e-02,0.000000000000000000e+00,0.000000000000000000e+00,0.000000000000000000e+00,0.000000000000000000e+00,0.000000000000000000e+00,0.000000000000000000e+00,0.000000000000000000e+00,0.000000000000000000e+00,0.000000000000000000e+00,0.000000000000000000e+00
0.000000000000000000e+00,0.000000000000000000e+00,0.000000000000000000e+00,0.000000000000000000e+00,4.411764705882353227e-02,7.352941176470588758e-01,1.029411764705882304e-01,4.411764705882353227e-02,4.411764705882353227e-02,0.000000000000000000e+00,0.000000000000000000e+00,1.470588235294117627e-02,0.000000000000000000e+00,0.000000000000000000e+00,0.000000000000000000e+00,0.000000000000000000e+00,0.000000000000000000e+00,0.000000000000000000e+00,0.000000000000000000e+00,0.000000000000000000e+00,0.000000000000000000e+00,1.470588235294117627e-02
1.250000000000000069e-02,0.000000000000000000e+00,0.000000000000000000e+00,1.250000000000000069e-02,0.000000000000000000e+00,7.499999999999999722e-02,6.374999999999999556e-01,1.499999999999999944e-01,8.749999999999999445e-02,0.000000000000000000e+00,0.000000000000000000e+00,1.250000000000000069e-02,0.000000000000000000e+00,0.000000000000000000e+00,0.000000000000000000e+00,0.000000000000000000e+00,0.000000000000000000e+00,0.000000000000000000e+00,0.000000000000000000e+00,0.000000000000000000e+00,0.000000000000000000e+00,1.250000000000000069e-02
0.000000000000000000e+00,0.000000000000000000e+00,0.000000000000000000e+00,0.000000000000000000e+00,5.102040816326530205e-03,1.530612244897959148e-02,7.142857142857142461e-02,6.479591836734693855e-01,1.326530612244898044e-01,5.102040816326530726e-02,2.551020408163265363e-02,1.020408163265306041e-02,1.020408163265306041e-02,0.000000000000000000e+00,1.020408163265306041e-02,0.000000000000000000e+00,0.000000000000000000e+00,5.102040816326530205e-03,5.102040816326530205e-03,0.000000000000000000e+00,0.000000000000000000e+00,1.020408163265306041e-02
2.958579881656804664e-03,2.958579881656804664e-03,0.000000000000000000e+00,0.000000000000000000e+00,0.000000000000000000e+00,8.875739644970414427e-03,1.479289940828402289e-02,9.467455621301774926e-02,6.775147928994083024e-01,1.035502958579881672e-01,2.958579881656804578e-02,2.366863905325443732e-02,1.479289940828402289e-02,0.000000000000000000e+00,5.917159763313609329e-03,5.917159763313609329e-03,0.000000000000000000e+00,0.000000000000000000e+00,2.958579881656804664e-03,0.000000000000000000e+00,0.000000000000000000e+00,1.183431952662721866e-02
0.000000000000000000e+00,0.000000000000000000e+00,0.000000000000000000e+00,0.000000000000000000e+00,0.000000000000000000e+00,0.000000000000000000e+00,0.000000000000000000e+00,2.105263157894736795e-02,9.263157894736842590e-02,7.052631578947368141e-01,9.894736842105263108e-02,2.947368421052631512e-02,2.105263157894736795e-02,8.421052631578947179e-03,6.315789473684210384e-03,0.000000000000000000e+00,2.105263157894736795e-03,0.000000000000000000e+00,0.000000000000000000e+00,0.000000000000000000e+00,0.000000000000000000e+00,1.473684210526315756e-02
0.000000000000000000e+00,0.000000000000000000e+00,0.000000000000000000e+00,0.000000000000000000e+00,0.000000000000000000e+00,0.000000000000000000e+00,2.617801047120419007e-03,1.047120418848167603e-02,2.356020942408377020e-02,1.753926701570680535e-01,5.994764397905759656e-01,1.020942408376963317e-01,3.403141361256544623e-02,1.570680628272251231e-02,7.853403141361256154e-03,5.235602094240838014e-03,0.000000000000000000e+00,5.235602094240838014e-03,5.235602094240838014e-03,0.000000000000000000e+00,0.000000000000000000e+00,1.308900523560209417e-02
0.000000000000000000e+00,0.000000000000000000e+00,0.000000000000000000e+00,0.000000000000000000e+00,0.000000000000000000e+00,5.813953488372092943e-03,0.000000000000000000e+00,1.162790697674418589e-02,4.651162790697674354e-02,1.395348837209302306e-01,2.500000000000000000e-01,3.837209302325581550e-01,9.883720930232557655e-02,1.744186046511627883e-02,0.000000000000000000e+00,1.744186046511627883e-02,0.000000000000000000e+00,0.000000000000000000e+00,0.000000000000000000e+00,0.000000000000000000e+00,0.000000000000000000e+00,2.906976744186046471e-02
0.000000000000000000e+00,8.000000000000000167e-03,8.000000000000000167e-03,0.000000000000000000e+00,0.000000000000000000e+00,0.000000000000000000e+00,8.000000000000000167e-03,8.000000000000000167e-03,6.400000000000000133e-02,8.799999999999999489e-02,1.280000000000000027e-01,1.439999999999999891e-01,4.159999999999999809e-01,7.199999999999999456e-02,8.000000000000000167e-03,2.400000000000000050e-02,0.000000000000000000e+00,8.000000000000000167e-03,0.000000000000000000e+00,8.000000000000000167e-03,0.000000000000000000e+00,8.000000000000000167e-03
0.000000000000000000e+00,0.000000000000000000e+00,0.000000000000000000e+00,0.000000000000000000e+00,0.000000000000000000e+00,0.000000000000000000e+00,0.000000000000000000e+00,0.000000000000000000e+00,7.407407407407406996e-02,1.851851851851851749e-02,1.666666666666666574e-01,7.407407407407406996e-02,2.592592592592592449e-01,2.407407407407407274e-01,5.555555555555555247e-02,3.703703703703703498e-02,0.000000000000000000e+00,0.000000000000000000e+00,1.851851851851851749e-02,0.000000000000000000e+00,1.851851851851851749e-02,3.703703703703703498e-02
0.000000000000000000e+00,0.000000000000000000e+00,0.000000000000000000e+00,0.000000000000000000e+00,0.000000000000000000e+00,0.000000000000000000e+00,0.000000000000000000e+00,0.000000000000000000e+00,0.000000000000000000e+00,5.405405405405405705e-02,1.621621621621621712e-01,1.081081081081081141e-01,0.000000000000000000e+00,2.162162162162162282e-01,4.054054054054054279e-01,0.000000000000000000e+00,2.702702702702702853e-02,0.000000000000000000e+00,0.000000000000000000e+00,0.000000000000000000e+00,0.000000000000000000e+00,2.702702702702702853e-02
0.000000000000000000e+00,0.000000000000000000e+00,0.000000000000000000e+00,0.000000000000000000e+00,0.000000000000000000e+00,0.000000000000000000e+00,0.000000000000000000e+00,0.000000000000000000e+00,2.564102564102564014e-02,2.564102564102564014e-02,2.564102564102564014e-02,1.025641025641025605e-01,1.025641025641025605e-01,2.564102564102564014e-02,5.128205128205128027e-02,4.102564102564102422e-01,2.564102564102564014e-02,2.564102564102564014e-02,0.000000000000000000e+00,0.000000000000000000e+00,0.000000000000000000e+00,1.794871794871794879e-01
0.000000000000000000e+00,0.000000000000000000e+00,0.000000000000000000e+00,0.000000000000000000e+00,0.000000000000000000e+00,0.000000000000000000e+00,0.000000000000000000e+00,0.000000000000000000e+00,0.000000000000000000e+00,0.000000000000000000e+00,4.347826086956521618e-02,1.304347826086956486e-01,0.000000000000000000e+00,0.000000000000000000e+00,4.347826086956521618e-02,1.304347826086956486e-01,5.217391304347825942e-01,0.000000000000000000e+00,4.347826086956521618e-02,0.000000000000000000e+00,0.000000000000000000e+00,8.695652173913043237e-02
0.000000000000000000e+00,0.000000000000000000e+00,0.000000000000000000e+00,0.000000000000000000e+00,0.000000000000000000e+00,0.000000000000000000e+00,0.000000000000000000e+00,0.000000000000000000e+00,0.000000000000000000e+00,0.000000000000000000e+00,2.000000000000000111e-01,0.000000000000000000e+00,0.000000000000000000e+00,0.000000000000000000e+00,0.000000000000000000e+00,0.000000000000000000e+00,0.000000000000000000e+00,2.000000000000000111e-01,0.000000000000000000e+00,0.000000000000000000e+00,0.000000000000000000e+00,5.999999999999999778e-01
0.000000000000000000e+00,0.000000000000000000e+00,0.000000000000000000e+00,0.000000000000000000e+00,0.000000000000000000e+00,0.000000000000000000e+00,0.000000000000000000e+00,0.000000000000000000e+00,6.250000000000000000e-02,0.000000000000000000e+00,1.250000000000000000e-01,0.000000000000000000e+00,6.250000000000000000e-02,1.250000000000000000e-01,0.000000000000000000e+00,1.250000000000000000e-01,1.250000000000000000e-01,0.000000000000000000e+00,3.125000000000000000e-01,0.000000000000000000e+00,0.000000000000000000e+00,6.250000000000000000e-02
0.000000000000000000e+00,0.000000000000000000e+00,0.000000000000000000e+00,0.000000000000000000e+00,5.000000000000000000e-01,0.000000000000000000e+00,0.000000000000000000e+00,0.000000000000000000e+00,0.000000000000000000e+00,0.000000000000000000e+00,0.000000000000000000e+00,0.000000000000000000e+00,0.000000000000000000e+00,0.000000000000000000e+00,0.000000000000000000e+00,0.000000000000000000e+00,0.000000000000000000e+00,0.000000000000000000e+00,0.000000000000000000e+00,0.000000000000000000e+00,0.000000000000000000e+00,5.000000000000000000e-01
0.000000000000000000e+00,0.000000000000000000e+00,0.000000000000000000e+00,0.000000000000000000e+00,0.000000000000000000e+00,0.000000000000000000e+00,0.000000000000000000e+00,0.000000000000000000e+00,0.000000000000000000e+00,2.500000000000000000e-01,0.000000000000000000e+00,0.000000000000000000e+00,0.000000000000000000e+00,0.000000000000000000e+00,0.000000000000000000e+00,0.000000000000000000e+00,0.000000000000000000e+00,0.000000000000000000e+00,0.000000000000000000e+00,0.000000000000000000e+00,5.000000000000000000e-01,2.500000000000000000e-01
0.000000000000000000e+00,0.000000000000000000e+00,0.000000000000000000e+00,0.000000000000000000e+00,0.000000000000000000e+00,0.000000000000000000e+00,0.000000000000000000e+00,0.000000000000000000e+00,8.474576271186440649e-03,2.542372881355932368e-02,8.474576271186440649e-03,8.474576271186440302e-02,3.389830508474576259e-02,3.389830508474576259e-02,3.389830508474576259e-02,3.389830508474576259e-02,3.389830508474576259e-02,0.000000000000000000e+00,3.389830508474576259e-02,8.474576271186440649e-03,8.474576271186440649e-03,6.525423728813559698e-01
