7.407407407407406996e-01,7.592592592592592449e-02,2.407407407407407413e-02,5.555555555555555768e-03,1.851851851851851923e-03,1.851851851851851923e-03,0.000000000000000000e+00,0.000000000000000000e+00,0.000000000000000000e+00,0.000000000000000000e+00,1.851851851851851923e-03,0.000000000000000000e+00,0.000000000000000000e+00,1.851851851851851923e-03,0.000000000000000000e+00,0.000000000000000000e+00,3.703703703703703845e-03,3.703703703703703845e-03,3.703703703703703845e-03,7.407407407407407690e-03,1.277777777777777679e-01
2.017543859649122695e-01,6.228070175438596978e-01,7.456140350877192569e-02,1.754385964912280604e-02,0.000000000000000000e+00,4.385964912280701511e-03,4.385964912280701511e-03,0.000000000000000000e+00,0.000000000000000000e+00,0.000000000000000000e+00,8.771929824561403022e-03,4.385964912280701511e-03,0.000000000000000000e+00,0.000000000000000000e+00,0.000000000000000000e+00,0.000000000000000000e+00,4.385964912280701511e-03,0.000000000000000000e+00,0.000000000000000000e+00,2.631578947368420907e-02,3.070175438596491058e-02
7.189542483660130157e-02,1.437908496732026031e-01,6.078431372549019107e-01,7.189542483660130157e-02,2.614379084967320341e-02,6.535947712418300852e-03,0.000000000000000000e+00,0.000000000000000000e+00,6.535947712418300852e-03,6.535947712418300852e-03,0.000000000000000000e+00,0.000000000000000000e+00,0.000000000000000000e+00,0.000000000000000000e+00,0.000000000000000000e+00,0.000000000000000000e+00,0.000000000000000000e+00,0.000000000000000000e+00,1.960784313725490169e-02,6.535947712418300852e-03,3.267973856209150513e-02
9.615384615384615918e-02,7.692307692307692735e-02,2.500000000000000000e-01,4.230769230769230727e-01,1.923076923076923184e-02,3.846153846153846367e-02,0.000000000000000000e+00,0.000000000000000000e+00,0.000000000000000000e+00,0.000000000000000000e+00,3.846153846153846367e-02,0.000000000000000000e+00,0.000000000000000000e+00,0.000000000000000000e+00,0.000000000000000000e+00,0.000000000000000000e+00,0.000000000000000000e+00,0.000000000000000000e+00,0.000000000000000000e+00,3.846153846153846367e-02,1.923076923076923184e-02
0.000000000000000000e+00,0.000000000000000000e+00,1.739130434782608647e-01,8.695652173913043237e-02,5.217391304347825942e-01,8.695652173913043237e-02,4.347826086956521618e-02,0.000000000000000000e+00,0.000000000000000000e+00,0.000000000000000000e+00,0.000000000000000000e+00,0.000000000000000000e+00,0.000000000000000000e+00,0.000000000000000000e+00,0.000000000000000000e+00,0.000000000000000000e+00,0.000000000000000000e+00,0.000000000000000000e+00,0.000000000000000000e+00,0.000000000000000000e+00,8.695652173913043237e-02
4.545454545454545581e-02,4.545454545454545581e-02,4.545454545454545581e-02,4.545454545454545581e-02,4.545454545454545581e-02,3.636363636363636465e-01,9.090909090909091161e-02,4.545454545454545581e-02,4.545454545454545581e-02,0.000000000000000000e+00,1.818181818181818232e-01,0.000000000000000000e+00,0.000000000000000000e+00,0.000000000000000000e+00,0.000000000000000000e+00,0.000000000000000000e+00,0.000000000000000000e+00,0.000000000000000000e+00,0.000000000000000000e+00,0.000000000000000000e+00,4.545454545454545581e-02
0.000000000000000000e+00,0.000000000000000000e+00,6.666666666666666574e-02,6.666666666666666574e-02,0.000000000000000000e+00,1.333333333333333315e-01,5.999999999999999778e-01,0.000000000000000000e+00,0.000000000000000000e+00,0.000000000000000000e+00,1.333333333333333315e-01,0.000000000000000000e+00,0.000000000000000000e+00,0.000000000000000000e+00,0.000000000000000000e+00,0.000000000000000000e+00,0.000000000000000000e+00,0.000000000000000000e+00,0.000000000000000000e+00,0.000000000000000000e+00,0.000000000000000000e+00
1.428571428571428492e-01,0.000000000000000000e+00,0.000000000000000000e+00,0.000000000000000000e+00,1.428571428571428492e-01,0.000000000000000000e+00,0.000000000000000000e+00,4.285714285714285476e-01,0.000000000000000000e+00,0.000000000000000000e+00,1.428571428571428492e-01,0.000000000000000000e+00,0.000000000000000000e+00,0.000000000000000000e+00,0.000000000000000000e+00,0.000000000000000000e+00,0.000000000000000000e+00,0.000000000000000000e+00,0.000000000000000000e+00,1.428571428571428492e-01,0.000000000000000000e+00
0.000000000000000000e+00,0.000000000000000000e+00,1.428571428571428492e-01,0.000000000000000000e+00,0.000000000000000000e+00,0.000000000000000000e+00,0.000000000000000000e+00,0.000000000000000000e+00,4.285714285714285476e-01,0.000000000000000000e+00,2.857142857142856984e-01,0.000000000000000000e+00,0.000000000000000000e+00,0.000000000000000000e+00,0.000000000000000000e+00,1.428571428571428492e-01,0.000000000000000000e+00,0.000000000000000000e+00,0.000000000000000000e+00,0.000000000000000000e+00,0.000000000000000000e+00
0.000000000000000000e+00,0.000000000000000000e+00,0.000000000000000000e+00,0.000000000000000000e+00,0.000000000000000000e+00,0.000000000000000000e+00,1.666666666666666574e-01,0.000000000000000000e+00,0.000000000000000000e+00,0.000000000000000000e+00,8.333333333333333703e-01,0.000000000000000000e+00,0.000000000000000000e+00,0.000000000000000000e+00,0.000000000000000000e+00,0.000000000000000000e+00,0.000000000000000000e+00,0.000000000000000000e+00,0.000000000000000000e+00,0.000000000000000000e+00,0.000000000000000000e+00
1.111111111111111049e-01,1.851851851851851749e-02,1.851851851851851749e-02,5.555555555555555247e-02,1.851851851851851749e-02,5.555555555555555247e-02,0.000000000000000000e+00,1.851851851851851749e-02,1.851851851851851749e-02,9.259259259259258745e-02,5.370370370370370905e-01,0.000000000000000000e+00,0.000000000000000000e+00,0.000000000000000000e+00,0.000000000000000000e+00,0.000000000000000000e+00,0.000000000000000000e+00,0.000000000000000000e+00,0.000000000000000000e+00,1.851851851851851749e-02,3.703703703703703498e-02
0.000000000000000000e+00,0.000000000000000000e+00,0.000000000000000000e+00,0.000000000000000000e+00,0.000000000000000000e+00,0.000000000000000000e+00,0.000000000000000000e+00,0.000000000000000000e+00,0.000000000000000000e+00,0.000000000000000000e+00,0.000000000000000000e+00,8.620689655172413257e-01,3.448275862068965469e-02,0.000000000000000000e+00,6.896551724137930939e-02,0.000000000000000000e+00,3.448275862068965469e-02,0.000000000000000000e+00,0.000000000000000000e+00,0.000000000000000000e+00,0.000000000000000000e+00
0.000000000000000000e+00,0.000000000000000000e+00,0.000000000000000000e+00,0.000000000000000000e+00,0.000000000000000000e+00,0.000000000000000000e+00,0.000000000000000000e+00,0.000000000000000000e+00,0.000000000000000000e+00,0.000000000000000000e+00,0.000000000000000000e+00,0.000000000000000000e+00,1.666666666666666574e-01,5.000000000000000000e-01,0.000000000000000000e+00,0.000000000000000000e+00,0.000000000000000000e+00,0.000000000000000000e+00,0.000000000000000000e+00,1.666666666666666574e-01,1.666666666666666574e-01
6.250000000000000000e-02,0.000000000000000000e+00,0.000000000000000000e+00,0.000000000000000000e+00,0.000000000000000000e+00,0.000000000000000000e+00,0.000000000000000000e+00,0.000000000000000000e+00,0.000000000000000000e+00,0.000000000000000000e+00,0.000000000000000000e+00,1.875000000000000000e-01,6.250000000000000000e-02,5.000000000000000000e-01,6.250000000000000000e-02,6.250000000000000000e-02,0.000000000000000000e+00,0.000000000000000000e+00,0.000000000000000000e+00,0.000000000000000000e+00,6.250000000000000000e-02
0.000000000000000000e+00,0.000000000000000000e+00,0.000000000000000000e+00,0.000000000000000000e+00,0.000000000000000000e+00,0.000000000000000000e+00,0.000000000000000000e+00,0.000000000000000000e+00,0.000000000000000000e+00,0.000000000000000000e+00,0.000000000000000000e+00,5.882352941176470507e-02,5.882352941176470507e-02,5.882352941176470507e-02,7.058823529411765163e-01,5.882352941176470507e-02,5.882352941176470507e-02,0.000000000000000000e+00,0.000000000000000000e+00,0.000000000000000000e+00,0.000000000000000000e+00
0.000000000000000000e+00,0.000000000000000000e+00,0.000000000000000000e+00,0.000000000000000000e+00,0.000000000000000000e+00,0.000000000000000000e+00,0.000000000000000000e+00,3.030303030303030387e-02,0.000000000000000000e+00,0.000000000000000000e+00,3.030303030303030387e-02,0.000000000000000000e+00,0.000000000000000000e+00,0.000000000000000000e+00,3.030303030303030387e-02,6.666666666666666297e-01,6.060606060606060774e-02,6.060606060606060774e-02,6.060606060606060774e-02,0.000000000000000000e+00,6.060606060606060774e-02
1.818181818181818094e-02,1.818181818181818094e-02,0.000000000000000000e+00,0.000000000000000000e+00,0.000000000000000000e+00,0.000000000000000000e+00,0.000000000000000000e+00,0.000000000000000000e+00,0.000000000000000000e+00,0.000000000000000000e+00,0.000000000000000000e+00,3.636363636363636187e-02,1.818181818181818094e-02,0.000000000000000000e+00,0.000000000000000000e+00,5.454545454545454281e-02,6.909090909090909172e-01,7.272727272727272374e-02,1.818181818181818094e-02,1.818181818181818094e-02,5.454545454545454281e-02
1.666666666666666644e-02,0.000000000000000000e+00,0.000000000000000000e+00,0.000000000000000000e+00,0.000000000000000000e+00,0.000000000000000000e+00,0.000000000000000000e+00,0.000000000000000000e+00,0.000000000000000000e+00,0.000000000000000000e+00,0.000000000000000000e+00,0.000000000000000000e+00,0.000000000000000000e+00,1.666666666666666644e-02,0.000000000000000000e+00,0.000000000000000000e+00,6.666666666666666574e-02,6.999999999999999556e-01,1.000000000000000056e-01,5.000000000000000278e-02,5.000000000000000278e-02
0.000000000000000000e+00,0.000000000000000000e+00,0.000000000000000000e+00,0.000000000000000000e+00,1.204819277108433798e-02,0.000000000000000000e+00,0.000000000000000000e+00,1.204819277108433798e-02,0.000000000000000000e+00,0.000000000000000000e+00,0.000000000000000000e+00,0.000000000000000000e+00,0.000000000000000000e+00,0.000000000000000000e+00,0.000000000000000000e+00,1.204819277108433798e-02,3.614457831325301046e-02,7.228915662650602092e-02,7.108433734939758608e-01,1.084337349397590383e-01,3.614457831325301046e-02
2.922077922077922010e-02,9.740259740259740034e-03,3.246753246753246967e-03,3.246753246753246967e-03,3.246753246753246967e-03,0.000000000000000000e+00,0.000000000000000000e+00,0.000000000000000000e+00,0.000000000000000000e+00,0.000000000000000000e+00,6.493506493506493935e-03,0.000000000000000000e+00,3.246753246753246967e-03,0.000000000000000000e+00,0.000000000000000000e+00,6.493506493506493935e-03,0.000000000000000000e+00,1.623376623376623223e-02,1.948051948051948007e-02,7.662337662337662669e-01,1.331168831168831057e-01
1.132075471698113234e-01,1.509433962264150955e-02,9.433962264150943036e-03,1.886792452830188694e-03,0.000000000000000000e+00,1.886792452830188694e-03,0.000000000000000000e+00,1.886792452830188694e-03,0.000000000000000000e+00,0.000000000000000000e+00,5.660377358490565648e-03,0.000000000000000000e+00,0.000000000000000000e+00,1.886792452830188694e-03,1.886792452830188694e-03,3.773584905660377388e-03,5.660377358490565648e-03,1.886792452830188694e-03,1.132075471698113130e-02,7.169811320754716777e-02,7.528301886792453379e-01
