5.238095238095238360e-01,1.428571428571428492e-01,9.523809523809523281e-02,4.761904761904761640e-02,4.761904761904761640e-02,0.000000000000000000e+00,4.761904761904761640e-02,0.000000000000000000e+00,4.761904761904761640e-02,0.000000000000000000e+00,0.000000000000000000e+00,0.000000000000000000e+00,4.761904761904761640e-02,0.000000000000000000e+00,0.000000000000000000e+00,0.000000000000000000e+00,0.000000000000000000e+00,0.000000000000000000e+00,0.000000000000000000e+00,0.000000000000000000e+00,0.000000000000000000e+00,0.000000000000000000e+00
2.000000000000000111e-01,5.000000000000000000e-01,2.000000000000000111e-01,0.000000000000000000e+00,0.000000000000000000e+00,0.000000000000000000e+00,1.000000000000000056e-01,0.000000000000000000e+00,0.000000000000000000e+00,0.000000000000000000e+00,0.000000000000000000e+00,0.000000000000000000e+00,0.000000000000000000e+00,0.000000000000000000e+00,0.000000000000000000e+00,0.000000000000000000e+00,0.000000000000000000e+00,0.000000000000000000e+00,0.000000000000000000e+00,0.000000000000000000e+00,0.000000000000000000e+00,0.000000000000000000e+00
2.857142857142856984e-01,1.428571428571428492e-01,2.857142857142856984e-01,7.142857142857142461e-02,0.000000000000000000e+00,0.000000000000000000e+00,0.000000000000000000e+00,1.428571428571428492e-01,7.142857142857142461e-02,0.000000000000000000e+00,0.000000000000000000e+00,0.000000000000000000e+00,0.000000000000000000e+00,0.000000000000000000e+00,0.000000000000000000e+00,0.000000000000000000e+00,0.000000000000000000e+00,0.000000000000000000e+00,0.000000000000000000e+00,0.000000000000000000e+00,0.000000000000000000e+00,0.000000000000000000e+00
1.000000000000000056e-01,0.000000000000000000e+00,1.000000000000000056e-01,2.999999999999999889e-01,1.000000000000000056e-01,0.000000000000000000e+00,0.000000000000000000e+00,1.000000000000000056e-01,0.000000000000000000e+00,2.000000000000000111e-01,0.000000000000000000e+00,0.000000000000000000e+00,0.000000000000000000e+00,0.000000000000000000e+00,1.000000000000000056e-01,0.000000000000000000e+00,0.000000000000000000e+00,0.000000000000000000e+00,0.000000000000000000e+00,0.000000000000000000e+00,0.000000000000000000e+00,0.000000000000000000e+00
0.000000000000000000e+00,0.000000000000000000e+00,1.176470588235294101e-01,1.764705882352941291e-01,1.764705882352941291e-01,2.352941176470588203e-01,5.882352941176470507e-02,0.000000000000000000e+00,5.882352941176470507e-02,1.764705882352941291e-01,0.000000000000000000e+00,0.000000000000000000e+00,0.000000000000000000e+00,0.000000000000000000e+00,0.000000000000000000e+00,0.000000000000000000e+00,0.000000000000000000e+00,0.000000000000000000e+00,0.000000000000000000e+00,0.000000000000000000e+00,0.000000000000000000e+00,0.000000000000000000e+00
0.000000000000000000e+00,0.000000000000000000e+00,4.878048780487805047e-02,2.439024390243902524e-02,7.317073170731706877e-02,5.365853658536585691e-01,7.317073170731706877e-02,7.317073170731706877e-02,0.000000000000000000e+00,7.317073170731706877e-02,4.878048780487805047e-02,2.439024390243902524e-02,2.439024390243902524e-02,0.000000000000000000e+00,0.000000000000000000e+00,0.000000000000000000e+00,0.000000000000000000e+00,0.000000000000000000e+00,0.000000000000000000e+00,0.000000000000000000e+00,0.000000000000000000e+00,0.000000000000000000e+00
1.428571428571428527e-02,1.428571428571428527e-02,0.000000000000000000e+00,1.428571428571428527e-02,1.428571428571428527e-02,1.142857142857142821e-01,5.000000000000000000e-01,1.428571428571428492e-01,4.285714285714285754e-02,5.714285714285714107e-02,1.428571428571428527e-02,4.285714285714285754e-02,1.428571428571428527e-02,0.000000000000000000e+00,0.000000000000000000e+00,0.000000000000000000e+00,0.000000000000000000e+00,0.000000000000000000e+00,0.000000000000000000e+00,0.000000000000000000e+00,0.000000000000000000e+00,1.428571428571428527e-02
0.000000000000000000e+00,0.000000000000000000e+00,0.000000000000000000e+00,0.000000000000000000e+00,9.259259259259258745e-03,3.703703703703703498e-02,1.759259259259259300e-01,5.462962962962962798e-01,1.203703703703703637e-01,6.481481481481481122e-02,9.259259259259258745e-03,9.259259259259258745e-03,9.259259259259258745e-03,9.259259259259258745e-03,0.000000000000000000e+00,0.000000000000000000e+00,0.000000000000000000e+00,0.000000000000000000e+00,0.000000000000000000e+00,0.000000000000000000e+00,0.000000000000000000e+00,9.259259259259258745e-03
0.000000000000000000e+00,0.000000000000000000e+00,4.878048780487804874e-03,0.000000000000000000e+00,9.756097560975609748e-03,0.000000000000000000e+00,1.463414634146341549e-02,1.219512195121951192e-01,6.390243902439024515e-01,1.365853658536585469e-01,4.390243902439024126e-02,1.951219512195121950e-02,4.878048780487804874e-03,0.000000000000000000e+00,0.000000000000000000e+00,0.000000000000000000e+00,0.000000000000000000e+00,0.000000000000000000e+00,0.000000000000000000e+00,0.000000000000000000e+00,0.000000000000000000e+00,4.878048780487804874e-03
0.000000000000000000e+00,0.000000000000000000e+00,0.000000000000000000e+00,0.000000000000000000e+00,2.222222222222222220e-03,2.222222222222222220e-03,2.222222222222222220e-03,1.777777777777777776e-02,9.777777777777778290e-02,6.644444444444443931e-01,1.444444444444444309e-01,3.555555555555555552e-02,6.666666666666667095e-03,8.888888888888888881e-03,0.000000000000000000e+00,0.000000000000000000e+00,4.444444444444444441e-03,0.000000000000000000e+00,0.000000000000000000e+00,2.222222222222222220e-03,4.444444444444444441e-03,6.666666666666667095e-03
0.000000000000000000e+00,0.000000000000000000e+00,0.000000000000000000e+00,1.754385964912280734e-03,0.000000000000000000e+00,0.000000000000000000e+00,1.754385964912280734e-03,3.508771929824561469e-03,2.280701754385965063e-02,1.543859649122807098e-01,6.877192982456140635e-01,9.122807017543860253e-02,1.578947368421052683e-02,3.508771929824561469e-03,3.508771929824561469e-03,5.263157894736841987e-03,0.000000000000000000e+00,1.754385964912280734e-03,1.754385964912280734e-03,0.000000000000000000e+00,0.000000000000000000e+00,5.263157894736841987e-03
2.604166666666666522e-03,0.000000000000000000e+00,0.000000000000000000e+00,0.000000000000000000e+00,0.000000000000000000e+00,0.000000000000000000e+00,2.604166666666666522e-03,5.208333333333333044e-03,1.041666666666666609e-02,3.125000000000000000e-02,1.953125000000000000e-01,6.328125000000000000e-01,4.687500000000000000e-02,2.604166666666666782e-02,1.562500000000000000e-02,2.604166666666666522e-03,1.041666666666666609e-02,2.604166666666666522e-03,0.000000000000000000e+00,5.208333333333333044e-03,0.000000000000000000e+00,1.041666666666666609e-02
8.849557522123893682e-03,0.000000000000000000e+00,0.000000000000000000e+00,0.000000000000000000e+00,8.849557522123893682e-03,8.849557522123893682e-03,0.000000000000000000e+00,0.000000000000000000e+00,0.000000000000000000e+00,6.194690265486725578e-02,7.079646017699114946e-02,2.389380530973451433e-01,4.336283185840708043e-01,5.309734513274336209e-02,3.539823008849557473e-02,0.000000000000000000e+00,2.654867256637168105e-02,0.000000000000000000e+00,8.849557522123893682e-03,0.000000000000000000e+00,0.000000000000000000e+00,4.424778761061946841e-02
0.000000000000000000e+00,0.000000000000000000e+00,0.000000000000000000e+00,0.000000000000000000e+00,1.639344262295082053e-02,0.000000000000000000e+00,0.000000000000000000e+00,0.000000000000000000e+00,1.639344262295082053e-02,1.639344262295082053e-02,3.278688524590164105e-02,1.639344262295081844e-01,2.622950819672131284e-01,3.606557377049180446e-01,8.196721311475409222e-02,0.000000000000000000e+00,0.000000000000000000e+00,1.639344262295082053e-02,0.000000000000000000e+00,0.000000000000000000e+00,0.000000000000000000e+00,3.278688524590164105e-02
0.000000000000000000e+00,0.000000000000000000e+00,0.000000000000000000e+00,0.000000000000000000e+00,0.000000000000000000e+00,0.000000000000000000e+00,0.000000000000000000e+00,0.000000000000000000e+00,1.923076923076923184e-02,1.923076923076923184e-02,5.769230769230769551e-02,1.346153846153846090e-01,5.769230769230769551e-02,1.346153846153846090e-01,3.653846153846153633e-01,5.769230769230769551e-02,3.846153846153846367e-02,1.923076923076923184e-02,0.000000000000000000e+00,0.000000000000000000e+00,1.923076923076923184e-02,7.692307692307692735e-02
0.000000000000000000e+00,0.000000000000000000e+00,0.000000000000000000e+00,0.000000000000000000e+00,0.000000000000000000e+00,0.000000000000000000e+00,0.000000000000000000e+00,0.000000000000000000e+00,4.347826086956521618e-02,0.000000000000000000e+00,8.695652173913043237e-02,0.000000000000000000e+00,4.347826086956521618e-02,8.695652173913043237e-02,2.173913043478260809e-01,2.173913043478260809e-01,0.000000000000000000e+00,8.695652173913043237e-02,0.000000000000000000e+00,4.347826086956521618e-02,4.347826086956521618e-02,1.304347826086956486e-01
0.000000000000000000e+00,0.000000000000000000e+00,0.000000000000000000e+00,0.000000000000000000e+00,0.000000000000000000e+00,0.000000000000000000e+00,0.000000000000000000e+00,0.000000000000000000e+00,0.000000000000000000e+00,0.000000000000000000e+00,1.111111111111111049e-01,1.666666666666666574e-01,5.555555555555555247e-02,5.555555555555555247e-02,1.111111111111111049e-01,5.555555555555555247e-02,2.777777777777777901e-01,5.555555555555555247e-02,5.555555555555555247e-02,0.000000000000000000e+00,0.000000000000000000e+00,5.555555555555555247e-02
0.000000000000000000e+00,0.000000000000000000e+00,0.000000000000000000e+00,0.000000000000000000e+00,0.000000000000000000e+00,0.000000000000000000e+00,0.000000000000000000e+00,0.000000000000000000e+00,0.000000000000000000e+00,1.111111111111111049e-01,0.000000000000000000e+00,0.000000000000000000e+00,1.111111111111111049e-01,1.111111111111111049e-01,1.111111111111111049e-01,1.111111111111111049e-01,0.000000000000000000e+00,2.222222222222222099e-01,0.000000000000000000e+00,0.000000000000000000e+00,0.000000000000000000e+00,2.222222222222222099e-01
0.000000000000000000e+00,0.000000000000000000e+00,0.000000000000000000e+00,0.000000000000000000e+00,0.000000000000000000e+00,0.000000000000000000e+00,0.000000000000000000e+00,0.000000000000000000e+00,0.000000000000000000e+00,0.000000000000000000e+00,0.000000000000000000e+00,0.000000000000000000e+00,1.666666666666666574e-01,0.000000000000000000e+00,1.666666666666666574e-01,1.666666666666666574e-01,1.666666666666666574e-01,3.333333333333333148e-01,0.000000000000000000e+00,0.000000000000000000e+00,0.000000000000000000e+00,0.000000000000000000e+00
0.000000000000000000e+00,0.000000000000000000e+00,0.000000000000000000e+00,0.000000000000000000e+00,0.000000000000000000e+00,0.000000000000000000e+00,0.000000000000000000e+00,1.666666666666666574e-01,0.000000000000000000e+00,0.000000000000000000e+00,0.000000000000000000e+00,0.000000000000000000e+00,0.000000000000000000e+00,1.666666666666666574e-01,5.000000000000000000e-01,0.000000000000000000e+00,0.000000000000000000e+00,0.000000000000000000e+00,0.000000000000000000e+00,0.000000000000000000e+00,0.000000000000000000e+00,1.666666666666666574e-01
0.000000000000000000e+00,0.000000000000000000e+00,0.000000000000000000e+00,0.000000000000000000e+00,0.000000000000000000e+00,0.000000000000000000e+00,0.000000000000000000e+00,0.000000000000000000e+00,2.500000000000000000e-01,0.000000000000000000e+00,0.000000000000000000e+00,0.000000000000000000e+00,0.000000000000000000e+00,0.000000000000000000e+00,2.500000000000000000e-01,2.500000000000000000e-01,0.000000000000000000e+00,0.000000000000000000e+00,0.000000000000000000e+00,0.000000000000000000e+00,0.000000000000000000e+00,2.500000000000000000e-01
0.000000000000000000e+00,0.000000000000000000e+00,0.000000000000000000e+00,0.000000000000000000e+00,0.000000000000000000e+00,0.000000000000000000e+00,1.923076923076923184e-02,0.000000000000000000e+00,1.923076923076923184e-02,1.923076923076923184e-02,3.846153846153846367e-02,3.846153846153846367e-02,1.923076923076923184e-02,3.846153846153846367e-02,7.692307692307692735e-02,5.769230769230769551e-02,5.769230769230769551e-02,0.000000000000000000e+00,5.769230769230769551e-02,1.923076923076923184e-02,3.846153846153846367e-02,5.000000000000000000e-01
