5.999999999999999778e-01,1.026315789473684209e-01,3.421052631578947595e-02,1.578947368421052683e-02,7.894736842105263414e-03,5.263157894736841987e-03,0.000000000000000000e+00,5.263157894736841987e-03,5.263157894736841987e-03,0.000000000000000000e+00,1.315789473684210453e-02,0.000000000000000000e+00,0.000000000000000000e+00,0.000000000000000000e+00,0.000000000000000000e+00,0.000000000000000000e+00,0.000000000000000000e+00,2.631578947368420993e-03,1.052631578947368397e-02,2.368421052631579024e-02,1.736842105263158020e-01
2.485549132947976747e-01,3.757225433526011349e-01,1.040462427745664775e-01,1.734104046242774394e-02,0.000000000000000000e+00,1.734104046242774394e-02,0.000000000000000000e+00,0.000000000000000000e+00,0.000000000000000000e+00,0.000000000000000000e+00,2.890173410404624221e-02,0.000000000000000000e+00,0.000000000000000000e+00,0.000000000000000000e+00,0.000000000000000000e+00,0.000000000000000000e+00,5.780346820809248269e-03,0.000000000000000000e+00,1.156069364161849654e-02,4.624277456647398615e-02,1.445086705202312249e-01
1.290322580645161255e-01,1.532258064516129059e-01,3.951612903225806273e-01,8.064516129032257841e-02,8.064516129032257841e-03,2.419354838709677352e-02,0.000000000000000000e+00,8.064516129032257841e-03,0.000000000000000000e+00,8.064516129032257841e-03,8.064516129032257841e-03,0.000000000000000000e+00,8.064516129032257841e-03,8.064516129032257841e-03,0.000000000000000000e+00,0.000000000000000000e+00,0.000000000000000000e+00,8.064516129032257841e-03,8.064516129032257841e-03,6.451612903225806273e-02,8.870967741935484319e-02
1.607142857142857262e-01,7.142857142857142461e-02,2.857142857142856984e-01,2.321428571428571508e-01,5.357142857142856845e-02,3.571428571428571230e-02,0.000000000000000000e+00,0.000000000000000000e+00,1.785714285714285615e-02,0.000000000000000000e+00,5.357142857142856845e-02,0.000000000000000000e+00,0.000000000000000000e+00,0.000000000000000000e+00,0.000000000000000000e+00,0.000000000000000000e+00,0.000000000000000000e+00,0.000000000000000000e+00,0.000000000000000000e+00,7.142857142857142461e-02,1.785714285714285615e-02
1.621621621621621712e-01,1.081081081081081141e-01,0.000000000000000000e+00,2.162162162162162282e-01,4.054054054054054279e-01,0.000000000000000000e+00,2.702702702702702853e-02,0.000000000000000000e+00,0.000000000000000000e+00,0.000000000000000000e+00,2.702702702702702853e-02,0.000000000000000000e+00,0.000000000000000000e+00,0.000000000000000000e+00,0.000000000000000000e+00,0.000000000000000000e+00,0.000000000000000000e+00,0.000000000000000000e+00,0.000000000000000000e+00,0.000000000000000000e+00,5.405405405405405705e-02
2.564102564102564014e-02,1.025641025641025605e-01,1.025641025641025605e-01,2.564102564102564014e-02,5.128205128205128027e-02,4.102564102564102422e-01,2.564102564102564014e-02,2.564102564102564014e-02,0.000000000000000000e+00,0.000000000000000000e+00,1.794871794871794879e-01,0.000000000000000000e+00,0.000000000000000000e+00,0.000000000000000000e+00,0.000000000000000000e+00,0.000000000000000000e+00,0.000000000000000000e+00,0.000000000000000000e+00,0.000000000000000000e+00,2.564102564102564014e-02,2.564102564102564014e-02
4.347826086956521618e-02,1.304347826086956486e-01,0.000000000000000000e+00,0.000000000000000000e+00,4.347826086956521618e-02,1.304347826086956486e-01,5.217391304347825942e-01,0.000000000000000000e+00,4.347826086956521618e-02,0.000000000000000000e+00,8.695652173913043237e-02,0.000000000000000000e+00,0.000000000000000000e+00,0.000000000000000000e+00,0.000000000000000000e+00,0.000000000000000000e+00,0.000000000000000000e+00,0.000000000000000000e+00,0.000000000000000000e+00,0.000000000000000000e+00,0.000000000000000000e+00
2.000000000000000111e-01,0.000000000000000000e+00,0.000000000000000000e+00,0.000000000000000000e+00,0.000000000000000000e+00,0.000000000000000000e+00,0.000000000000000000e+00,2.000000000000000111e-01,0.000000000000000000e+00,0.000000000000000000e+00,5.999999999999999778e-01,0.000000000000000000e+00,0.000000000000000000e+00,0.000000000000000000e+00,0.000000000000000000e+00,0.000000000000000000e+00,0.000000000000000000e+00,0.000000000000000000e+00,0.000000000000000000e+00,0.000000000000000000e+00,0.000000000000000000e+00
1.250000000000000000e-01,0.000000000000000000e+00,6.250000000000000000e-02,1.250000000000000000e-01,0.000000000000000000e+00,1.250000000000000000e-01,1.250000000000000000e-01,0.000000000000000000e+00,3.125000000000000000e-01,0.000000000000000000e+00,6.250000000000000000e-02,0.000000000000000000e+00,0.000000000000000000e+00,0.000000000000000000e+00,0.000000000000000000e+00,0.000000000000000000e+00,0.000000000000000000e+00,0.000000000000000000e+00,0.000000000000000000e+00,6.250000000000000000e-02,0.000000000000000000e+00
0.000000000000000000e+00,0.000000000000000000e+00,0.000000000000000000e+00,0.000000000000000000e+00,0.000000000000000000e+00,0.000000000000000000e+00,0.000000000000000000e+00,0.000000000000000000e+00,0.000000000000000000e+00,0.000000000000000000e+00,5.000000000000000000e-01,0.000000000000000000e+00,0.000000000000000000e+00,0.000000000000000000e+00,0.000000000000000000e+00,5.000000000000000000e-01,0.000000000000000000e+00,0.000000000000000000e+00,0.000000000000000000e+00,0.000000000000000000e+00,0.000000000000000000e+00
8.196721311475410263e-03,8.196721311475409222e-02,3.278688524590164105e-02,3.278688524590164105e-02,3.278688524590164105e-02,3.278688524590164105e-02,3.278688524590164105e-02,0.000000000000000000e+00,3.278688524590164105e-02,8.196721311475410263e-03,6.639344262295081567e-01,0.000000000000000000e+00,0.000000000000000000e+00,0.000000000000000000e+00,0.000000000000000000e+00,0.000000000000000000e+00,0.000000000000000000e+00,0.000000000000000000e+00,0.000000000000000000e+00,8.196721311475410263e-03,3.278688524590164105e-02
2.702702702702702853e-02,2.702702702702702853e-02,0.000000000000000000e+00,0.000000000000000000e+00,0.000000000000000000e+00,0.000000000000000000e+00,0.000000000000000000e+00,0.000000000000000000e+00,0.000000000000000000e+00,0.000000000000000000e+00,2.702702702702702853e-02,8.918918918918918859e-01,2.702702702702702853e-02,0.000000000000000000e+00,0.000000000000000000e+00,0.000000000000000000e+00,0.000000000000000000e+00,0.000000000000000000e+00,0.000000000000000000e+00,0.000000000000000000e+00,0.000000000000000000e+00
0.000000000000000000e+00,0.000000000000000000e+00,0.000000000000000000e+00,0.000000000000000000e+00,0.000000000000000000e+00,0.000000000000000000e+00,0.000000000000000000e+00,0.000000000000000000e+00,0.000000000000000000e+00,0.000000000000000000e+00,0.000000000000000000e+00,1.000000000000000056e-01,5.000000000000000000e-01,2.000000000000000111e-01,0.000000000000000000e+00,1.000000000000000056e-01,0.000000000000000000e+00,1.000000000000000056e-01,0.000000000000000000e+00,0.000000000000000000e+00,0.000000000000000000e+00
0.000000000000000000e+00,0.000000000000000000e+00,1.428571428571428492e-01,0.000000000000000000e+00,0.000000000000000000e+00,0.000000000000000000e+00,0.000000000000000000e+00,0.000000000000000000e+00,0.000000000000000000e+00,0.000000000000000000e+00,0.000000000000000000e+00,0.000000000000000000e+00,1.428571428571428492e-01,4.285714285714285476e-01,2.857142857142856984e-01,0.000000000000000000e+00,0.000000000000000000e+00,0.000000000000000000e+00,0.000000000000000000e+00,0.000000000000000000e+00,0.000000000000000000e+00
0.000000000000000000e+00,0.000000000000000000e+00,0.000000000000000000e+00,0.000000000000000000e+00,0.000000000000000000e+00,0.000000000000000000e+00,0.000000000000000000e+00,0.000000000000000000e+00,0.000000000000000000e+00,0.000000000000000000e+00,3.125000000000000000e-02,0.000000000000000000e+00,6.250000000000000000e-02,3.125000000000000000e-02,7.812500000000000000e-01,3.125000000000000000e-02,0.000000000000000000e+00,3.125000000000000000e-02,3.125000000000000000e-02,0.000000000000000000e+00,0.000000000000000000e+00
0.000000000000000000e+00,4.166666666666666435e-02,0.000000000000000000e+00,0.000000000000000000e+00,0.000000000000000000e+00,0.000000000000000000e+00,0.000000000000000000e+00,0.000000000000000000e+00,0.000000000000000000e+00,0.000000000000000000e+00,0.000000000000000000e+00,0.000000000000000000e+00,0.000000000000000000e+00,0.000000000000000000e+00,1.666666666666666574e-01,5.833333333333333703e-01,1.250000000000000000e-01,0.000000000000000000e+00,8.333333333333332871e-02,0.000000000000000000e+00,0.000000000000000000e+00
0.000000000000000000e+00,1.470588235294117627e-02,0.000000000000000000e+00,0.000000000000000000e+00,0.000000000000000000e+00,0.000000000000000000e+00,0.000000000000000000e+00,0.000000000000000000e+00,0.000000000000000000e+00,0.000000000000000000e+00,1.470588235294117627e-02,0.000000000000000000e+00,0.000000000000000000e+00,0.000000000000000000e+00,0.000000000000000000e+00,4.411764705882353227e-02,7.352941176470588758e-01,1.029411764705882304e-01,4.411764705882353227e-02,4.411764705882353227e-02,0.000000000000000000e+00
0.000000000000000000e+00,1.250000000000000069e-02,0.000000000000000000e+00,0.000000000000000000e+00,0.000000000000000000e+00,0.000000000000000000e+00,0.000000000000000000e+00,0.000000000000000000e+00,0.000000000000000000e+00,0.000000000000000000e+00,1.250000000000000069e-02,1.250000000000000069e-02,0.000000000000000000e+00,0.000000000000000000e+00,1.250000000000000069e-02,0.000000000000000000e+00,7.499999999999999722e-02,6.374999999999999556e-01,1.499999999999999944e-01,8.749999999999999445e-02,0.000000000000000000e+00
2.564102564102564014e-02,1.025641025641025640e-02,1.025641025641025640e-02,0.000000000000000000e+00,1.025641025641025640e-02,0.000000000000000000e+00,0.000000000000000000e+00,5.128205128205128201e-03,5.128205128205128201e-03,0.000000000000000000e+00,1.025641025641025640e-02,0.000000000000000000e+00,0.000000000000000000e+00,0.000000000000000000e+00,0.000000000000000000e+00,5.128205128205128201e-03,1.538461538461538547e-02,7.179487179487178961e-02,6.410256410256410797e-01,1.384615384615384692e-01,5.128205128205128027e-02
2.949852507374631227e-02,2.359882005899704982e-02,1.474926253687315614e-02,0.000000000000000000e+00,5.899705014749262455e-03,5.899705014749262455e-03,0.000000000000000000e+00,0.000000000000000000e+00,2.949852507374631227e-03,0.000000000000000000e+00,1.179941002949852491e-02,2.949852507374631227e-03,2.949852507374631227e-03,0.000000000000000000e+00,0.000000000000000000e+00,0.000000000000000000e+00,8.849557522123893682e-03,1.474926253687315614e-02,9.734513274336283051e-02,6.755162241887905372e-01,1.032448377581120930e-01
9.684210526315789602e-02,3.157894736842105365e-02,2.105263157894736795e-02,8.421052631578947179e-03,6.315789473684210384e-03,0.000000000000000000e+00,2.105263157894736795e-03,0.000000000000000000e+00,0.000000000000000000e+00,0.000000000000000000e+00,1.473684210526315756e-02,0.000000000000000000e+00,0.000000000000000000e+00,0.000000000000000000e+00,0.000000000000000000e+00,0.000000000000000000e+00,0.000000000000000000e+00,0.000000000000000000e+00,2.105263157894736795e-02,9.052631578947369084e-02,7.073684210526315352e-01
