7.080536912751678180e-01,1.040268456375838951e-01,1.342281879194630843e-02,1.677852348993288598e-02,3.355704697986577108e-03,3.355704697986577108e-03,3.355704697986577108e-03,0.000000000000000000e+00,0.000000000000000000e+00,0.000000000000000000e+00,3.355704697986577108e-03,3.355704697986577108e-03,0.000000000000000000e+00,0.000000000000000000e+00,0.000000000000000000e+00,0.000000000000000000e+00,0.000000000000000000e+00,0.000000000000000000e+00,3.355704697986577108e-03,2.013422818791946178e-02,1.174496644295301984e-01
1.468926553672316448e-01,5.819209039548022266e-01,1.016949152542372947e-01,1.129943502824858753e-02,1.694915254237288130e-02,3.389830508474576259e-02,0.000000000000000000e+00,5.649717514124293766e-03,5.649717514124293766e-03,5.649717514124293766e-03,1.694915254237288130e-02,0.000000000000000000e+00,0.000000000000000000e+00,0.000000000000000000e+00,5.649717514124293766e-03,5.649717514124293766e-03,0.000000000000000000e+00,0.000000000000000000e+00,0.000000000000000000e+00,1.694915254237288130e-02,4.519774011299435013e-02
1.869158878504672758e-02,1.121495327102803724e-01,5.514018691588784549e-01,1.028037383177570069e-01,6.542056074766354479e-02,9.345794392523363789e-03,9.345794392523363789e-03,9.345794392523363789e-03,0.000000000000000000e+00,9.345794392523363789e-03,4.672897196261682068e-02,0.000000000000000000e+00,0.000000000000000000e+00,0.000000000000000000e+00,0.000000000000000000e+00,0.000000000000000000e+00,0.000000000000000000e+00,0.000000000000000000e+00,9.345794392523363789e-03,1.869158878504672758e-02,3.738317757009345516e-02
6.250000000000000000e-02,7.812500000000000000e-02,1.250000000000000000e-01,5.000000000000000000e-01,6.250000000000000000e-02,6.250000000000000000e-02,1.562500000000000000e-02,0.000000000000000000e+00,0.000000000000000000e+00,1.562500000000000000e-02,3.125000000000000000e-02,0.000000000000000000e+00,0.000000000000000000e+00,0.000000000000000000e+00,0.000000000000000000e+00,0.000000000000000000e+00,0.000000000000000000e+00,0.000000000000000000e+00,1.562500000000000000e-02,1.562500000000000000e-02,1.562500000000000000e-02
5.555555555555555247e-02,2.777777777777777624e-02,1.944444444444444475e-01,1.666666666666666574e-01,4.444444444444444198e-01,0.000000000000000000e+00,0.000000000000000000e+00,2.777777777777777624e-02,0.000000000000000000e+00,0.000000000000000000e+00,5.555555555555555247e-02,0.000000000000000000e+00,0.000000000000000000e+00,0.000000000000000000e+00,2.777777777777777624e-02,0.000000000000000000e+00,0.000000000000000000e+00,0.000000000000000000e+00,0.000000000000000000e+00,0.000000000000000000e+00,0.000000000000000000e+00
6.382978723404254817e-02,1.063829787234042562e-01,1.063829787234042562e-01,6.382978723404254817e-02,0.000000000000000000e+00,4.042553191489361430e-01,8.510638297872340219e-02,6.382978723404254817e-02,0.000000000000000000e+00,0.000000000000000000e+00,4.255319148936170109e-02,0.000000000000000000e+00,0.000000000000000000e+00,0.000000000000000000e+00,0.000000000000000000e+00,0.000000000000000000e+00,2.127659574468085055e-02,0.000000000000000000e+00,0.000000000000000000e+00,2.127659574468085055e-02,2.127659574468085055e-02
1.034482758620689641e-01,0.000000000000000000e+00,3.448275862068965469e-02,3.448275862068965469e-02,0.000000000000000000e+00,1.724137931034482873e-01,5.172413793103448620e-01,6.896551724137930939e-02,0.000000000000000000e+00,0.000000000000000000e+00,6.896551724137930939e-02,0.000000000000000000e+00,0.000000000000000000e+00,0.000000000000000000e+00,0.000000000000000000e+00,0.000000000000000000e+00,0.000000000000000000e+00,0.000000000000000000e+00,0.000000000000000000e+00,0.000000000000000000e+00,0.000000000000000000e+00
4.545454545454545581e-02,9.090909090909091161e-02,0.000000000000000000e+00,0.000000000000000000e+00,0.000000000000000000e+00,1.363636363636363535e-01,1.363636363636363535e-01,3.181818181818181768e-01,4.545454545454545581e-02,9.090909090909091161e-02,1.363636363636363535e-01,0.000000000000000000e+00,0.000000000000000000e+00,0.000000000000000000e+00,0.000000000000000000e+00,0.000000000000000000e+00,0.000000000000000000e+00,0.000000000000000000e+00,0.000000000000000000e+00,0.000000000000000000e+00,0.000000000000000000e+00
0.000000000000000000e+00,0.000000000000000000e+00,8.333333333333332871e-02,8.333333333333332871e-02,0.000000000000000000e+00,0.000000000000000000e+00,0.000000000000000000e+00,0.000000000000000000e+00,4.166666666666666852e-01,0.000000000000000000e+00,4.166666666666666852e-01,0.000000000000000000e+00,0.000000000000000000e+00,0.000000000000000000e+00,0.000000000000000000e+00,0.000000000000000000e+00,0.000000000000000000e+00,0.000000000000000000e+00,0.000000000000000000e+00,0.000000000000000000e+00,0.000000000000000000e+00
0.000000000000000000e+00,1.111111111111111049e-01,1.111111111111111049e-01,1.111111111111111049e-01,0.000000000000000000e+00,1.111111111111111049e-01,0.000000000000000000e+00,0.000000000000000000e+00,0.000000000000000000e+00,3.333333333333333148e-01,2.222222222222222099e-01,0.000000000000000000e+00,0.000000000000000000e+00,0.000000000000000000e+00,0.000000000000000000e+00,0.000000000000000000e+00,0.000000000000000000e+00,0.000000000000000000e+00,0.000000000000000000e+00,0.000000000000000000e+00,0.000000000000000000e+00
1.526717557251908337e-02,3.053435114503816675e-02,3.053435114503816675e-02,2.290076335877862593e-02,3.053435114503816675e-02,7.633587786259541687e-03,2.290076335877862593e-02,6.870229007633588125e-02,3.053435114503816675e-02,7.633587786259541687e-03,6.946564885496183672e-01,0.000000000000000000e+00,0.000000000000000000e+00,0.000000000000000000e+00,7.633587786259541687e-03,7.633587786259541687e-03,0.000000000000000000e+00,1.526717557251908337e-02,0.000000000000000000e+00,7.633587786259541687e-03,0.000000000000000000e+00
1.470588235294117627e-02,0.000000000000000000e+00,0.000000000000000000e+00,0.000000000000000000e+00,0.000000000000000000e+00,0.000000000000000000e+00,0.000000000000000000e+00,0.000000000000000000e+00,0.000000000000000000e+00,0.000000000000000000e+00,0.000000000000000000e+00,9.411764705882352811e-01,2.941176470588235253e-02,0.000000000000000000e+00,0.000000000000000000e+00,0.000000000000000000e+00,0.000000000000000000e+00,1.470588235294117627e-02,0.000000000000000000e+00,0.000000000000000000e+00,0.000000000000000000e+00
0.000000000000000000e+00,0.000000000000000000e+00,0.000000000000000000e+00,0.000000000000000000e+00,0.000000000000000000e+00,0.000000000000000000e+00,0.000000000000000000e+00,0.000000000000000000e+00,0.000000000000000000e+00,0.000000000000000000e+00,0.000000000000000000e+00,2.439024390243902524e-02,7.804878048780488076e-01,1.219512195121951192e-01,0.000000000000000000e+00,2.439024390243902524e-02,2.439024390243902524e-02,0.000000000000000000e+00,0.000000000000000000e+00,2.439024390243902524e-02,0.000000000000000000e+00
0.000000000000000000e+00,0.000000000000000000e+00,0.000000000000000000e+00,0.000000000000000000e+00,0.000000000000000000e+00,0.000000000000000000e+00,0.000000000000000000e+00,0.000000000000000000e+00,0.000000000000000000e+00,0.000000000000000000e+00,0.000000000000000000e+00,5.263157894736841813e-02,5.263157894736841813e-02,7.105263157894736725e-01,1.315789473684210453e-01,0.000000000000000000e+00,2.631578947368420907e-02,2.631578947368420907e-02,0.000000000000000000e+00,0.000000000000000000e+00,0.000000000000000000e+00
0.000000000000000000e+00,2.000000000000000042e-02,0.000000000000000000e+00,0.000000000000000000e+00,2.000000000000000042e-02,0.000000000000000000e+00,0.000000000000000000e+00,0.000000000000000000e+00,0.000000000000000000e+00,0.000000000000000000e+00,0.000000000000000000e+00,0.000000000000000000e+00,2.000000000000000042e-02,5.999999999999999778e-02,6.600000000000000311e-01,1.600000000000000033e-01,2.000000000000000042e-02,2.000000000000000042e-02,2.000000000000000042e-02,0.000000000000000000e+00,0.000000000000000000e+00
0.000000000000000000e+00,0.000000000000000000e+00,0.000000000000000000e+00,0.000000000000000000e+00,0.000000000000000000e+00,0.000000000000000000e+00,0.000000000000000000e+00,0.000000000000000000e+00,0.000000000000000000e+00,0.000000000000000000e+00,0.000000000000000000e+00,0.000000000000000000e+00,0.000000000000000000e+00,0.000000000000000000e+00,1.162790697674418589e-01,7.209302325581394832e-01,1.162790697674418589e-01,0.000000000000000000e+00,0.000000000000000000e+00,2.325581395348837177e-02,2.325581395348837177e-02
0.000000000000000000e+00,0.000000000000000000e+00,0.000000000000000000e+00,0.000000000000000000e+00,0.000000000000000000e+00,0.000000000000000000e+00,0.000000000000000000e+00,0.000000000000000000e+00,1.136363636363636395e-02,0.000000000000000000e+00,0.000000000000000000e+00,0.000000000000000000e+00,1.136363636363636395e-02,0.000000000000000000e+00,1.136363636363636395e-02,2.272727272727272790e-02,7.272727272727272929e-01,1.590909090909090884e-01,3.409090909090908839e-02,2.272727272727272790e-02,0.000000000000000000e+00
1.052631578947368397e-02,0.000000000000000000e+00,0.000000000000000000e+00,0.000000000000000000e+00,0.000000000000000000e+00,0.000000000000000000e+00,0.000000000000000000e+00,0.000000000000000000e+00,0.000000000000000000e+00,0.000000000000000000e+00,5.263157894736841987e-03,0.000000000000000000e+00,0.000000000000000000e+00,5.263157894736841987e-03,5.263157894736841987e-03,0.000000000000000000e+00,7.894736842105262720e-02,7.421052631578947123e-01,1.210526315789473700e-01,2.631578947368420907e-02,5.263157894736841987e-03
7.194244604316547137e-03,0.000000000000000000e+00,3.597122302158273568e-03,0.000000000000000000e+00,0.000000000000000000e+00,3.597122302158273568e-03,0.000000000000000000e+00,0.000000000000000000e+00,0.000000000000000000e+00,0.000000000000000000e+00,3.597122302158273568e-03,0.000000000000000000e+00,0.000000000000000000e+00,0.000000000000000000e+00,3.597122302158273568e-03,3.597122302158273568e-03,7.194244604316547137e-03,7.553956834532374320e-02,7.374100719424460104e-01,1.294964028776978415e-01,2.517985611510791324e-02
1.550387596899224785e-02,5.167958656330749571e-03,2.583979328165374786e-03,2.583979328165374786e-03,0.000000000000000000e+00,2.583979328165374786e-03,2.583979328165374786e-03,0.000000000000000000e+00,0.000000000000000000e+00,0.000000000000000000e+00,2.583979328165374786e-03,0.000000000000000000e+00,2.583979328165374786e-03,0.000000000000000000e+00,0.000000000000000000e+00,2.583979328165374786e-03,5.167958656330749571e-03,2.583979328165374786e-03,8.527131782945736316e-02,7.416020671834625544e-01,1.266149870801033528e-01
9.879518072289156239e-02,2.409638554216867595e-02,4.819277108433735364e-03,0.000000000000000000e+00,2.409638554216867682e-03,4.819277108433735364e-03,0.000000000000000000e+00,0.000000000000000000e+00,0.000000000000000000e+00,0.000000000000000000e+00,9.638554216867470728e-03,0.000000000000000000e+00,0.000000000000000000e+00,0.000000000000000000e+00,0.000000000000000000e+00,2.409638554216867682e-03,0.000000000000000000e+00,7.228915662650602612e-03,2.168674698795180697e-02,1.036144578313253073e-01,7.204819277108434061e-01
