9.635258358662613931e-01,9.118541033434649987e-03,3.039513677811550140e-03,9.118541033434649987e-03,3.039513677811550140e-03,0.000000000000000000e+00,0.000000000000000000e+00,0.000000000000000000e+00,0.000000000000000000e+00,0.000000000000000000e+00,0.000000000000000000e+00,3.039513677811550140e-03,0.000000000000000000e+00,0.000000000000000000e+00,0.000000000000000000e+00,3.039513677811550140e-03,0.000000000000000000e+00,0.000000000000000000e+00,0.000000000000000000e+00,0.000000000000000000e+00,0.000000000000000000e+00,6.079027355623100280e-03
5.000000000000000278e-02,6.999999999999999556e-01,1.499999999999999944e-01,5.000000000000000278e-02,0.000000000000000000e+00,0.000000000000000000e+00,0.000000000000000000e+00,0.000000000000000000e+00,0.000000000000000000e+00,0.000000000000000000e+00,0.000000000000000000e+00,0.000000000000000000e+00,0.000000000000000000e+00,0.000000000000000000e+00,0.000000000000000000e+00,0.000000000000000000e+00,0.000000000000000000e+00,5.000000000000000278e-02,0.000000000000000000e+00,0.000000000000000000e+00,0.000000000000000000e+00,0.000000000000000000e+00
1.694915254237288130e-02,3.389830508474576259e-02,7.288135593220338437e-01,1.186440677966101725e-01,5.084745762711864736e-02,1.694915254237288130e-02,1.694915254237288130e-02,0.000000000000000000e+00,0.000000000000000000e+00,0.000000000000000000e+00,0.000000000000000000e+00,0.000000000000000000e+00,0.000000000000000000e+00,0.000000000000000000e+00,0.000000000000000000e+00,0.000000000000000000e+00,0.000000000000000000e+00,0.000000000000000000e+00,0.000000000000000000e+00,0.000000000000000000e+00,0.000000000000000000e+00,1.694915254237288130e-02
4.705882352941176405e-02,3.529411764705882304e-02,8.235294117647058709e-02,6.235294117647058876e-01,1.647058823529411742e-01,1.176470588235294101e-02,1.176470588235294101e-02,1.176470588235294101e-02,0.000000000000000000e+00,1.176470588235294101e-02,0.000000000000000000e+00,0.000000000000000000e+00,0.000000000000000000e+00,0.000000000000000000e+00,0.000000000000000000e+00,0.000000000000000000e+00,0.000000000000000000e+00,0.000000000000000000e+00,0.000000000000000000e+00,0.000000000000000000e+00,0.000000000000000000e+00,0.000000000000000000e+00
0.000000000000000000e+00,0.000000000000000000e+00,1.923076923076923184e-02,1.442307692307692180e-01,6.634615384615384359e-01,1.250000000000000000e-01,0.000000000000000000e+00,1.923076923076923184e-02,0.000000000000000000e+00,0.000000000000000000e+00,1.923076923076923184e-02,0.000000000000000000e+00,0.000000000000000000e+00,0.000000000000000000e+00,0.000000000000000000e+00,9.615384615384615918e-03,0.000000000000000000e+00,0.000000000000000000e+00,0.000000000000000000e+00,0.000000000000000000e+00,0.000000000000000000e+00,0.000000000000000000e+00
1.369863013698630061e-02,0.000000000000000000e+00,0.000000000000000000e+00,5.479452054794520244e-02,9.589041095890410427e-02,5.068493150684931781e-01,2.054794520547945091e-01,4.109589041095890183e-02,2.739726027397260122e-02,0.000000000000000000e+00,1.369863013698630061e-02,0.000000000000000000e+00,0.000000000000000000e+00,0.000000000000000000e+00,0.000000000000000000e+00,1.369863013698630061e-02,0.000000000000000000e+00,0.000000000000000000e+00,0.000000000000000000e+00,0.000000000000000000e+00,0.000000000000000000e+00,2.739726027397260122e-02
5.555555555555555768e-03,0.000000000000000000e+00,1.111111111111111154e-02,0.000000000000000000e+00,1.111111111111111154e-02,6.666666666666666574e-02,6.999999999999999556e-01,1.166666666666666685e-01,3.888888888888888951e-02,5.555555555555555768e-03,1.111111111111111154e-02,5.555555555555555768e-03,5.555555555555555768e-03,0.000000000000000000e+00,0.000000000000000000e+00,5.555555555555555768e-03,1.111111111111111154e-02,0.000000000000000000e+00,0.000000000000000000e+00,0.000000000000000000e+00,0.000000000000000000e+00,5.555555555555555768e-03
0.000000000000000000e+00,0.000000000000000000e+00,0.000000000000000000e+00,0.000000000000000000e+00,6.451612903225806446e-03,3.225806451612903223e-03,5.806451612903226062e-02,7.419354838709677491e-01,1.419354838709677435e-01,1.935483870967742021e-02,3.225806451612903223e-03,6.451612903225806446e-03,3.225806451612903223e-03,3.225806451612903223e-03,0.000000000000000000e+00,0.000000000000000000e+00,0.000000000000000000e+00,0.000000000000000000e+00,0.000000000000000000e+00,0.000000000000000000e+00,0.000000000000000000e+00,1.290322580645161289e-02
0.000000000000000000e+00,0.000000000000000000e+00,0.000000000000000000e+00,3.030303030303030300e-03,3.030303030303030300e-03,3.030303030303030300e-03,1.818181818181818094e-02,9.393939393939393367e-02,7.181818181818181435e-01,1.030303030303030276e-01,2.121212121212121340e-02,9.090909090909090468e-03,6.060606060606060601e-03,0.000000000000000000e+00,0.000000000000000000e+00,0.000000000000000000e+00,3.030303030303030300e-03,0.000000000000000000e+00,0.000000000000000000e+00,0.000000000000000000e+00,3.030303030303030300e-03,1.515151515151515194e-02
0.000000000000000000e+00,0.000000000000000000e+00,0.000000000000000000e+00,0.000000000000000000e+00,0.000000000000000000e+00,3.636363636363636360e-03,1.454545454545454544e-02,2.181818181818181990e-02,1.090909090909090856e-01,7.127272727272727648e-01,8.000000000000000167e-02,3.272727272727272985e-02,3.636363636363636360e-03,3.636363636363636360e-03,7.272727272727272721e-03,0.000000000000000000e+00,0.000000000000000000e+00,0.000000000000000000e+00,0.000000000000000000e+00,0.000000000000000000e+00,0.000000000000000000e+00,1.090909090909090995e-02
0.000000000000000000e+00,0.000000000000000000e+00,0.000000000000000000e+00,0.000000000000000000e+00,0.000000000000000000e+00,8.771929824561403022e-03,3.508771929824561209e-02,1.754385964912280604e-02,3.508771929824561209e-02,1.929824561403508665e-01,4.912280701754385692e-01,1.140350877192982393e-01,1.754385964912280604e-02,1.754385964912280604e-02,1.754385964912280604e-02,0.000000000000000000e+00,0.000000000000000000e+00,0.000000000000000000e+00,1.754385964912280604e-02,0.000000000000000000e+00,0.000000000000000000e+00,3.508771929824561209e-02
0.000000000000000000e+00,0.000000000000000000e+00,0.000000000000000000e+00,0.000000000000000000e+00,1.136363636363636395e-02,0.000000000000000000e+00,1.136363636363636395e-02,1.136363636363636395e-02,1.136363636363636395e-02,5.681818181818181629e-02,1.250000000000000000e-01,5.568181818181817677e-01,1.136363636363636326e-01,3.409090909090908839e-02,2.272727272727272790e-02,0.000000000000000000e+00,1.136363636363636395e-02,0.000000000000000000e+00,0.000000000000000000e+00,1.136363636363636395e-02,0.000000000000000000e+00,2.272727272727272790e-02
0.000000000000000000e+00,0.000000000000000000e+00,0.000000000000000000e+00,0.000000000000000000e+00,0.000000000000000000e+00,0.000000000000000000e+00,1.538461538461538547e-02,1.538461538461538547e-02,1.538461538461538547e-02,3.076923076923077094e-02,1.230769230769230838e-01,6.153846153846154188e-02,4.769230769230769496e-01,7.692307692307692735e-02,1.538461538461538547e-02,3.076923076923077094e-02,3.076923076923077094e-02,3.076923076923077094e-02,0.000000000000000000e+00,0.000000000000000000e+00,0.000000000000000000e+00,7.692307692307692735e-02
0.000000000000000000e+00,0.000000000000000000e+00,0.000000000000000000e+00,0.000000000000000000e+00,0.000000000000000000e+00,1.315789473684210453e-02,0.000000000000000000e+00,5.263157894736841813e-02,0.000000000000000000e+00,1.315789473684210453e-02,0.000000000000000000e+00,5.263157894736841813e-02,3.947368421052631360e-02,5.131578947368421462e-01,9.210526315789473173e-02,3.947368421052631360e-02,0.000000000000000000e+00,3.947368421052631360e-02,0.000000000000000000e+00,0.000000000000000000e+00,5.263157894736841813e-02,9.210526315789473173e-02
0.000000000000000000e+00,0.000000000000000000e+00,0.000000000000000000e+00,0.000000000000000000e+00,0.000000000000000000e+00,0.000000000000000000e+00,3.030303030303030387e-02,3.030303030303030387e-02,0.000000000000000000e+00,3.030303030303030387e-02,6.060606060606060774e-02,6.060606060606060774e-02,6.060606060606060774e-02,1.212121212121212155e-01,3.636363636363636465e-01,9.090909090909091161e-02,9.090909090909091161e-02,0.000000000000000000e+00,0.000000000000000000e+00,0.000000000000000000e+00,0.000000000000000000e+00,6.060606060606060774e-02
0.000000000000000000e+00,0.000000000000000000e+00,0.000000000000000000e+00,0.000000000000000000e+00,0.000000000000000000e+00,6.451612903225806273e-02,0.000000000000000000e+00,0.000000000000000000e+00,0.000000000000000000e+00,0.000000000000000000e+00,0.000000000000000000e+00,0.000000000000000000e+00,1.290322580645161255e-01,1.290322580645161255e-01,0.000000000000000000e+00,3.548387096774193727e-01,1.935483870967741882e-01,6.451612903225806273e-02,0.000000000000000000e+00,0.000000000000000000e+00,0.000000000000000000e+00,6.451612903225806273e-02
0.000000000000000000e+00,0.000000000000000000e+00,0.000000000000000000e+00,0.000000000000000000e+00,0.000000000000000000e+00,0.000000000000000000e+00,0.000000000000000000e+00,0.000000000000000000e+00,2.173913043478260809e-02,2.173913043478260809e-02,0.000000000000000000e+00,0.000000000000000000e+00,4.347826086956521618e-02,2.173913043478260809e-02,6.521739130434782428e-02,1.086956521739130405e-01,4.782608695652174058e-01,6.521739130434782428e-02,2.173913043478260809e-02,0.000000000000000000e+00,0.000000000000000000e+00,1.521739130434782705e-01
0.000000000000000000e+00,0.000000000000000000e+00,0.000000000000000000e+00,0.000000000000000000e+00,0.000000000000000000e+00,0.000000000000000000e+00,0.000000000000000000e+00,0.000000000000000000e+00,0.000000000000000000e+00,0.000000000000000000e+00,0.000000000000000000e+00,4.761904761904761640e-02,4.761904761904761640e-02,4.761904761904761640e-02,4.761904761904761640e-02,4.761904761904761640e-02,1.904761904761904656e-01,3.333333333333333148e-01,4.761904761904761640e-02,0.000000000000000000e+00,0.000000000000000000e+00,1.904761904761904656e-01
0.000000000000000000e+00,0.000000000000000000e+00,0.000000000000000000e+00,0.000000000000000000e+00,0.000000000000000000e+00,0.000000000000000000e+00,0.000000000000000000e+00,0.000000000000000000e+00,1.538461538461538547e-01,0.000000000000000000e+00,0.000000000000000000e+00,0.000000000000000000e+00,7.692307692307692735e-02,1.538461538461538547e-01,0.000000000000000000e+00,0.000000000000000000e+00,7.692307692307692735e-02,7.692307692307692735e-02,1.538461538461538547e-01,1.538461538461538547e-01,0.000000000000000000e+00,1.538461538461538547e-01
0.000000000000000000e+00,0.000000000000000000e+00,0.000000000000000000e+00,0.000000000000000000e+00,0.000000000000000000e+00,0.000000000000000000e+00,0.000000000000000000e+00,0.000000000000000000e+00,0.000000000000000000e+00,0.000000000000000000e+00,0.000000000000000000e+00,0.000000000000000000e+00,0.000000000000000000e+00,0.000000000000000000e+00,1.111111111111111049e-01,0.000000000000000000e+00,0.000000000000000000e+00,1.111111111111111049e-01,2.222222222222222099e-01,0.000000000000000000e+00,1.111111111111111049e-01,4.444444444444444198e-01
0.000000000000000000e+00,0.000000000000000000e+00,0.000000000000000000e+00,0.000000000000000000e+00,0.000000000000000000e+00,0.000000000000000000e+00,0.000000000000000000e+00,0.000000000000000000e+00,0.000000000000000000e+00,1.666666666666666574e-01,0.000000000000000000e+00,0.000000000000000000e+00,0.000000000000000000e+00,1.666666666666666574e-01,0.000000000000000000e+00,0.000000000000000000e+00,0.000000000000000000e+00,8.333333333333332871e-02,8.333333333333332871e-02,8.333333333333332871e-02,2.500000000000000000e-01,1.666666666666666574e-01
1.167315175097276281e-02,0.000000000000000000e+00,0.000000000000000000e+00,3.891050583657587603e-03,7.782101167315175205e-03,3.891050583657587603e-03,3.891050583657587603e-03,1.167315175097276281e-02,1.556420233463035041e-02,1.945525291828793801e-02,1.945525291828793801e-02,1.167315175097276281e-02,1.167315175097276281e-02,4.280155642023346363e-02,3.891050583657587603e-03,1.556420233463035041e-02,1.556420233463035041e-02,3.891050583657587603e-03,1.556420233463035041e-02,7.782101167315175205e-03,7.782101167315175205e-03,7.665369649805447994e-01
