5.000000000000000000e-01,2.500000000000000000e-01,0.000000000000000000e+00,0.000000000000000000e+00,2.500000000000000000e-01,0.000000000000000000e+00,0.000000000000000000e+00,0.000000000000000000e+00,0.000000000000000000e+00,0.000000000000000000e+00,0.000000000000000000e+00,0.000000000000000000e+00
0.000000000000000000e+00,8.461538461538461453e-01,0.000000000000000000e+00,0.000000000000000000e+00,7.692307692307692735e-02,7.692307692307692735e-02,0.000000000000000000e+00,0.000000000000000000e+00,0.000000000000000000e+00,0.000000000000000000e+00,0.000000000000000000e+00,0.000000000000000000e+00
0.000000000000000000e+00,0.000000000000000000e+00,8.750000000000000000e-01,0.000000000000000000e+00,2.500000000000000139e-02,5.000000000000000278e-02,5.000000000000000278e-02,0.000000000000000000e+00,0.000000000000000000e+00,0.000000000000000000e+00,0.000000000000000000e+00,0.000000000000000000e+00
9.900990099009901110e-03,9.900990099009901110e-03,9.900990099009901110e-03,7.623762376237623872e-01,9.900990099009901457e-02,7.920792079207920888e-02,1.980198019801980222e-02,0.000000000000000000e+00,0.000000000000000000e+00,0.000000000000000000e+00,0.000000000000000000e+00,9.900990099009901110e-03
2.695417789757412544e-03,0.000000000000000000e+00,5.390835579514825088e-03,1.886792452830188607e-02,7.547169811320755262e-01,1.832884097035040460e-01,3.234501347708895053e-02,2.695417789757412544e-03,0.000000000000000000e+00,0.000000000000000000e+00,0.000000000000000000e+00,0.000000000000000000e+00
0.000000000000000000e+00,0.000000000000000000e+00,1.819836214740673400e-03,1.000909918107370337e-02,7.461328480436760224e-02,8.289353958143766965e-01,7.370336669699727172e-02,6.369426751592357008e-03,1.819836214740673400e-03,1.819836214740673400e-03,9.099181073703367000e-04,0.000000000000000000e+00
0.000000000000000000e+00,0.000000000000000000e+00,0.000000000000000000e+00,1.494768310911808720e-03,1.494768310911808590e-02,1.748878923766816196e-01,7.638266068759341776e-01,2.989536621823617180e-02,5.979073243647234880e-03,1.494768310911808720e-03,2.989536621823617440e-03,4.484304932735425943e-03
0.000000000000000000e+00,0.000000000000000000e+00,0.000000000000000000e+00,0.000000000000000000e+00,6.024096385542168988e-03,5.421686746987951916e-02,2.108433734939759163e-01,6.686746987951807109e-01,4.216867469879517771e-02,1.204819277108433798e-02,6.024096385542168988e-03,0.000000000000000000e+00
0.000000000000000000e+00,0.000000000000000000e+00,0.000000000000000000e+00,0.000000000000000000e+00,0.000000000000000000e+00,1.842105263157894635e-01,1.578947368421052544e-01,2.631578947368420907e-01,3.947368421052631637e-01,0.000000000000000000e+00,0.000000000000000000e+00,0.000000000000000000e+00
0.000000000000000000e+00,0.000000000000000000e+00,0.000000000000000000e+00,0.000000000000000000e+00,0.000000000000000000e+00,0.000000000000000000e+00,1.111111111111111049e-01,2.222222222222222099e-01,3.333333333333333148e-01,3.333333333333333148e-01,0.000000000000000000e+00,0.000000000000000000e+00
0.000000000000000000e+00,0.000000000000000000e+00,0.000000000000000000e+00,0.000000000000000000e+00,0.000000000000000000e+00,3.750000000000000000e-01,1.250000000000000000e-01,1.250000000000000000e-01,1.250000000000000000e-01,1.250000000000000000e-01,1.250000000000000000e-01,0.000000000000000000e+00
0.000000000000000000e+00,0.000000000000000000e+00,0.000000000000000000e+00,0.000000000000000000e+00,0.000000000000000000e+00,1.666666666666666574e-01,0.000000000000000000e+00,3.333333333333333148e-01,1.666666666666666574e-01,8.333333333333332871e-02,8.333333333333332871e-02,1.666666666666666574e-01
