7.777777777777777901e-01,2.777777777777777624e-02,2.777777777777777624e-02,2.777777777777777624e-02,0.000000000000000000e+00,0.000000000000000000e+00,0.000000000000000000e+00,2.777777777777777624e-02,2.777777777777777624e-02,0.000000000000000000e+00,2.777777777777777624e-02,0.000000000000000000e+00,5.555555555555555247e-02,0.000000000000000000e+00,0.000000000000000000e+00,0.000000000000000000e+00,0.000000000000000000e+00,0.000000000000000000e+00,0.000000000000000000e+00,0.000000000000000000e+00,0.000000000000000000e+00,0.000000000000000000e+00
1.666666666666666574e-01,1.666666666666666574e-01,0.000000000000000000e+00,1.666666666666666574e-01,0.000000000000000000e+00,0.000000000000000000e+00,0.000000000000000000e+00,0.000000000000000000e+00,3.333333333333333148e-01,0.000000000000000000e+00,0.000000000000000000e+00,1.666666666666666574e-01,0.000000000000000000e+00,0.000000000000000000e+00,0.000000000000000000e+00,0.000000000000000000e+00,0.000000000000000000e+00,0.000000000000000000e+00,0.000000000000000000e+00,0.000000000000000000e+00,0.000000000000000000e+00,0.000000000000000000e+00
3.448275862068965469e-02,0.000000000000000000e+00,5.862068965517240882e-01,2.068965517241379282e-01,0.000000000000000000e+00,3.448275862068965469e-02,0.000000000000000000e+00,0.000000000000000000e+00,3.448275862068965469e-02,1.034482758620689641e-01,0.000000000000000000e+00,0.000000000000000000e+00,0.000000000000000000e+00,0.000000000000000000e+00,0.000000000000000000e+00,0.000000000000000000e+00,0.000000000000000000e+00,0.000000000000000000e+00,0.000000000000000000e+00,0.000000000000000000e+00,0.000000000000000000e+00,0.000000000000000000e+00
0.000000000000000000e+00,2.040816326530612082e-02,4.081632653061224164e-02,7.346938775510204467e-01,7.142857142857142461e-02,1.020408163265306041e-02,1.020408163265306041e-02,2.040816326530612082e-02,2.040816326530612082e-02,0.000000000000000000e+00,0.000000000000000000e+00,1.020408163265306041e-02,5.102040816326530726e-02,0.000000000000000000e+00,0.000000000000000000e+00,0.000000000000000000e+00,0.000000000000000000e+00,0.000000000000000000e+00,0.000000000000000000e+00,0.000000000000000000e+00,0.000000000000000000e+00,1.020408163265306041e-02
0.000000000000000000e+00,0.000000000000000000e+00,3.773584905660377214e-02,7.547169811320754429e-02,6.037735849056603543e-01,1.886792452830188607e-02,3.773584905660377214e-02,0.000000000000000000e+00,1.886792452830188607e-02,1.886792452830188607e-02,3.773584905660377214e-02,5.660377358490566169e-02,7.547169811320754429e-02,1.886792452830188607e-02,0.000000000000000000e+00,0.000000000000000000e+00,0.000000000000000000e+00,0.000000000000000000e+00,0.000000000000000000e+00,0.000000000000000000e+00,0.000000000000000000e+00,0.000000000000000000e+00
0.000000000000000000e+00,0.000000000000000000e+00,0.000000000000000000e+00,0.000000000000000000e+00,3.278688524590164105e-02,8.196721311475410054e-01,4.918032786885245811e-02,3.278688524590164105e-02,1.639344262295082053e-02,0.000000000000000000e+00,0.000000000000000000e+00,0.000000000000000000e+00,1.639344262295082053e-02,0.000000000000000000e+00,3.278688524590164105e-02,0.000000000000000000e+00,0.000000000000000000e+00,0.000000000000000000e+00,0.000000000000000000e+00,0.000000000000000000e+00,0.000000000000000000e+00,0.000000000000000000e+00
1.000000000000000021e-02,1.000000000000000021e-02,0.000000000000000000e+00,2.999999999999999889e-02,1.000000000000000021e-02,2.999999999999999889e-02,6.899999999999999467e-01,8.999999999999999667e-02,5.000000000000000278e-02,2.999999999999999889e-02,1.000000000000000021e-02,0.000000000000000000e+00,1.000000000000000021e-02,1.000000000000000021e-02,0.000000000000000000e+00,0.000000000000000000e+00,2.000000000000000042e-02,0.000000000000000000e+00,0.000000000000000000e+00,0.000000000000000000e+00,0.000000000000000000e+00,0.000000000000000000e+00
9.523809523809524669e-03,9.523809523809524669e-03,0.000000000000000000e+00,2.857142857142857054e-02,9.523809523809524669e-03,9.523809523809524669e-03,5.714285714285714107e-02,5.904761904761904878e-01,1.714285714285714302e-01,9.523809523809523281e-02,9.523809523809524669e-03,9.523809523809524669e-03,0.000000000000000000e+00,0.000000000000000000e+00,0.000000000000000000e+00,0.000000000000000000e+00,0.000000000000000000e+00,0.000000000000000000e+00,0.000000000000000000e+00,0.000000000000000000e+00,0.000000000000000000e+00,0.000000000000000000e+00
0.000000000000000000e+00,0.000000000000000000e+00,0.000000000000000000e+00,1.045296167247386845e-02,3.484320557491289196e-03,6.968641114982578391e-03,2.439024390243902524e-02,5.923344947735191546e-02,6.968641114982578877e-01,1.358885017421602726e-01,2.787456445993031356e-02,1.742160278745644511e-02,1.045296167247386845e-02,3.484320557491289196e-03,0.000000000000000000e+00,0.000000000000000000e+00,0.000000000000000000e+00,0.000000000000000000e+00,0.000000000000000000e+00,0.000000000000000000e+00,0.000000000000000000e+00,3.484320557491289196e-03
0.000000000000000000e+00,0.000000000000000000e+00,3.508771929824561469e-03,3.508771929824561469e-03,3.508771929824561469e-03,0.000000000000000000e+00,7.017543859649122938e-03,1.929824561403508873e-02,6.491228070175437959e-02,7.473684210526315708e-01,1.140350877192982393e-01,1.929824561403508873e-02,1.052631578947368397e-02,5.263157894736841987e-03,0.000000000000000000e+00,0.000000000000000000e+00,1.754385964912280734e-03,0.000000000000000000e+00,0.000000000000000000e+00,0.000000000000000000e+00,0.000000000000000000e+00,0.000000000000000000e+00
9.661835748792270287e-04,0.000000000000000000e+00,1.932367149758454057e-03,9.661835748792270287e-04,2.898550724637681195e-03,0.000000000000000000e+00,9.661835748792270287e-04,9.661835748792270287e-04,1.159420289855072478e-02,6.956521739130434867e-02,8.019323671497584627e-01,8.792270531400965539e-02,1.256038647342995127e-02,3.864734299516908115e-03,0.000000000000000000e+00,0.000000000000000000e+00,0.000000000000000000e+00,0.000000000000000000e+00,9.661835748792270287e-04,0.000000000000000000e+00,9.661835748792270287e-04,1.932367149758454057e-03
3.051881993896235924e-03,0.000000000000000000e+00,1.017293997965411975e-03,0.000000000000000000e+00,2.034587995930823949e-03,1.017293997965411975e-03,1.017293997965411975e-03,0.000000000000000000e+00,4.069175991861647898e-03,1.220752797558494369e-02,9.664292980671414235e-02,7.884028484231943024e-01,6.510681586978636637e-02,1.525940996948118092e-02,3.051881993896235924e-03,1.017293997965411975e-03,0.000000000000000000e+00,3.051881993896235924e-03,0.000000000000000000e+00,1.017293997965411975e-03,0.000000000000000000e+00,2.034587995930823949e-03
0.000000000000000000e+00,0.000000000000000000e+00,2.751031636863823966e-03,8.253094910591471031e-03,4.126547455295735516e-03,0.000000000000000000e+00,0.000000000000000000e+00,2.751031636863823966e-03,5.502063273727647932e-03,4.126547455295735516e-03,3.026134800550206450e-02,9.491059147180191946e-02,7.441540577716643234e-01,7.290233837689133467e-02,1.513067400275103225e-02,8.253094910591471031e-03,0.000000000000000000e+00,1.375515818431911983e-03,0.000000000000000000e+00,0.000000000000000000e+00,0.000000000000000000e+00,5.502063273727647932e-03
3.703703703703703845e-03,0.000000000000000000e+00,0.000000000000000000e+00,0.000000000000000000e+00,0.000000000000000000e+00,0.000000000000000000e+00,0.000000000000000000e+00,7.407407407407407690e-03,3.703703703703703845e-03,3.703703703703703845e-03,1.851851851851851749e-02,4.814814814814814825e-02,1.851851851851851749e-01,5.481481481481481621e-01,1.296296296296296224e-01,2.222222222222222307e-02,1.481481481481481538e-02,0.000000000000000000e+00,0.000000000000000000e+00,0.000000000000000000e+00,0.000000000000000000e+00,1.481481481481481538e-02
0.000000000000000000e+00,0.000000000000000000e+00,0.000000000000000000e+00,4.504504504504504465e-03,4.504504504504504465e-03,0.000000000000000000e+00,4.504504504504504465e-03,0.000000000000000000e+00,0.000000000000000000e+00,4.504504504504504465e-03,0.000000000000000000e+00,2.252252252252252146e-02,4.954954954954954999e-02,1.486486486486486569e-01,6.531531531531531432e-01,7.207207207207207145e-02,2.252252252252252146e-02,0.000000000000000000e+00,9.009009009009008931e-03,0.000000000000000000e+00,0.000000000000000000e+00,4.504504504504504465e-03
0.000000000000000000e+00,0.000000000000000000e+00,0.000000000000000000e+00,0.000000000000000000e+00,0.000000000000000000e+00,0.000000000000000000e+00,0.000000000000000000e+00,0.000000000000000000e+00,2.631578947368420907e-02,0.000000000000000000e+00,1.315789473684210453e-02,2.631578947368420907e-02,7.894736842105262720e-02,6.578947368421052266e-02,1.578947368421052544e-01,4.605263157894736725e-01,9.210526315789473173e-02,1.315789473684210453e-02,1.315789473684210453e-02,1.315789473684210453e-02,0.000000000000000000e+00,3.947368421052631360e-02
0.000000000000000000e+00,0.000000000000000000e+00,0.000000000000000000e+00,2.380952380952380820e-02,0.000000000000000000e+00,0.000000000000000000e+00,0.000000000000000000e+00,0.000000000000000000e+00,0.000000000000000000e+00,0.000000000000000000e+00,2.380952380952380820e-02,2.380952380952380820e-02,4.761904761904761640e-02,1.190476190476190410e-01,4.761904761904761640e-02,1.666666666666666574e-01,4.285714285714285476e-01,4.761904761904761640e-02,4.761904761904761640e-02,0.000000000000000000e+00,0.000000000000000000e+00,2.380952380952380820e-02
0.000000000000000000e+00,0.000000000000000000e+00,0.000000000000000000e+00,6.250000000000000000e-02,0.000000000000000000e+00,0.000000000000000000e+00,0.000000000000000000e+00,0.000000000000000000e+00,6.250000000000000000e-02,0.000000000000000000e+00,0.000000000000000000e+00,1.250000000000000000e-01,0.000000000000000000e+00,0.000000000000000000e+00,6.250000000000000000e-02,1.250000000000000000e-01,6.250000000000000000e-02,3.750000000000000000e-01,6.250000000000000000e-02,6.250000000000000000e-02,0.000000000000000000e+00,0.000000000000000000e+00
0.000000000000000000e+00,0.000000000000000000e+00,0.000000000000000000e+00,0.000000000000000000e+00,0.000000000000000000e+00,0.000000000000000000e+00,0.000000000000000000e+00,0.000000000000000000e+00,0.000000000000000000e+00,0.000000000000000000e+00,8.333333333333332871e-02,1.666666666666666574e-01,8.333333333333332871e-02,0.000000000000000000e+00,3.333333333333333148e-01,8.333333333333332871e-02,8.333333333333332871e-02,0.000000000000000000e+00,8.333333333333332871e-02,8.333333333333332871e-02,0.000000000000000000e+00,0.000000000000000000e+00
0.000000000000000000e+00,0.000000000000000000e+00,0.000000000000000000e+00,0.000000000000000000e+00,0.000000000000000000e+00,0.000000000000000000e+00,0.000000000000000000e+00,0.000000000000000000e+00,0.000000000000000000e+00,0.000000000000000000e+00,0.000000000000000000e+00,6.666666666666666574e-02,0.000000000000000000e+00,0.000000000000000000e+00,0.000000000000000000e+00,6.666666666666666574e-02,0.000000000000000000e+00,1.333333333333333315e-01,6.666666666666666574e-02,4.666666666666666741e-01,1.333333333333333315e-01,6.666666666666666574e-02
0.000000000000000000e+00,0.000000000000000000e+00,0.000000000000000000e+00,0.000000000000000000e+00,0.000000000000000000e+00,0.000000000000000000e+00,0.000000000000000000e+00,0.000000000000000000e+00,0.000000000000000000e+00,0.000000000000000000e+00,0.000000000000000000e+00,0.000000000000000000e+00,9.090909090909091161e-02,9.090909090909091161e-02,9.090909090909091161e-02,0.000000000000000000e+00,0.000000000000000000e+00,0.000000000000000000e+00,9.090909090909091161e-02,1.818181818181818232e-01,3.636363636363636465e-01,9.090909090909091161e-02
0.000000000000000000e+00,0.000000000000000000e+00,0.000000000000000000e+00,0.000000000000000000e+00,0.000000000000000000e+00,0.000000000000000000e+00,0.000000000000000000e+00,0.000000000000000000e+00,0.000000000000000000e+00,1.886792452830188607e-02,0.000000000000000000e+00,3.773584905660377214e-02,5.660377358490566169e-02,7.547169811320754429e-02,5.660377358490566169e-02,3.773584905660377214e-02,0.000000000000000000e+00,3.773584905660377214e-02,0.000000000000000000e+00,5.660377358490566169e-02,5.660377358490566169e-02,5.660377358490565891e-01
