7.597597597597597341e-01,8.408408408408409029e-02,7.807807807807808087e-02,5.705705705705705483e-02,6.006006006006005954e-03,0.000000000000000000e+00,0.000000000000000000e+00,3.003003003003002977e-03,0.000000000000000000e+00,3.003003003003002977e-03,0.000000000000000000e+00,0.000000000000000000e+00,0.000000000000000000e+00,0.000000000000000000e+00,0.000000000000000000e+00,0.000000000000000000e+00,0.000000000000000000e+00,0.000000000000000000e+00,0.000000000000000000e+00,3.003003003003002977e-03,0.000000000000000000e+00,6.006006006006005954e-03
9.219858156028368223e-02,6.879432624113475114e-01,1.950354609929078054e-01,1.063829787234042527e-02,1.063829787234042527e-02,0.000000000000000000e+00,3.546099290780141758e-03,0.000000000000000000e+00,0.000000000000000000e+00,0.000000000000000000e+00,0.000000000000000000e+00,0.000000000000000000e+00,0.000000000000000000e+00,0.000000000000000000e+00,0.000000000000000000e+00,0.000000000000000000e+00,0.000000000000000000e+00,0.000000000000000000e+00,0.000000000000000000e+00,0.000000000000000000e+00,0.000000000000000000e+00,0.000000000000000000e+00
3.166496424923391506e-02,4.800817160367722158e-02,7.773237997957098688e-01,1.338100102145045878e-01,3.064351378958120407e-03,3.064351378958120407e-03,1.021450459652706875e-03,0.000000000000000000e+00,0.000000000000000000e+00,0.000000000000000000e+00,0.000000000000000000e+00,0.000000000000000000e+00,0.000000000000000000e+00,0.000000000000000000e+00,0.000000000000000000e+00,0.000000000000000000e+00,0.000000000000000000e+00,0.000000000000000000e+00,0.000000000000000000e+00,0.000000000000000000e+00,0.000000000000000000e+00,2.042900919305413749e-03
1.484865790976584894e-02,2.855511136493432255e-03,6.167904054825813775e-02,8.532267275842375653e-01,5.025699600228440700e-02,9.708737864077669061e-03,2.855511136493432255e-03,2.284408909194745891e-03,0.000000000000000000e+00,0.000000000000000000e+00,0.000000000000000000e+00,5.711022272986864727e-04,0.000000000000000000e+00,0.000000000000000000e+00,0.000000000000000000e+00,0.000000000000000000e+00,0.000000000000000000e+00,0.000000000000000000e+00,0.000000000000000000e+00,0.000000000000000000e+00,5.711022272986864727e-04,1.142204454597372945e-03
5.263157894736841987e-03,1.315789473684210497e-03,9.210526315789472826e-03,1.065789473684210509e-01,7.815789473684210398e-01,6.184210526315789269e-02,1.184210526315789512e-02,6.578947368421052266e-03,5.263157894736841987e-03,0.000000000000000000e+00,1.315789473684210497e-03,1.315789473684210497e-03,0.000000000000000000e+00,0.000000000000000000e+00,0.000000000000000000e+00,0.000000000000000000e+00,0.000000000000000000e+00,0.000000000000000000e+00,0.000000000000000000e+00,0.000000000000000000e+00,0.000000000000000000e+00,7.894736842105263414e-03
4.291845493562231745e-03,4.291845493562231745e-03,1.287553648068669523e-02,8.583690987124463490e-02,2.145922746781115942e-01,5.236051502145923076e-01,6.866952789699570792e-02,3.433476394849785396e-02,2.575107296137339047e-02,0.000000000000000000e+00,0.000000000000000000e+00,0.000000000000000000e+00,0.000000000000000000e+00,8.583690987124463490e-03,4.291845493562231745e-03,0.000000000000000000e+00,0.000000000000000000e+00,0.000000000000000000e+00,0.000000000000000000e+00,0.000000000000000000e+00,0.000000000000000000e+00,1.287553648068669523e-02
7.936507936507936067e-03,0.000000000000000000e+00,3.174603174603174427e-02,1.587301587301587213e-02,5.555555555555555247e-02,2.063492063492063378e-01,5.714285714285713969e-01,5.555555555555555247e-02,1.587301587301587213e-02,0.000000000000000000e+00,0.000000000000000000e+00,7.936507936507936067e-03,0.000000000000000000e+00,7.936507936507936067e-03,0.000000000000000000e+00,0.000000000000000000e+00,0.000000000000000000e+00,0.000000000000000000e+00,0.000000000000000000e+00,0.000000000000000000e+00,7.936507936507936067e-03,1.587301587301587213e-02
0.000000000000000000e+00,0.000000000000000000e+00,1.351351351351351426e-02,2.702702702702702853e-02,8.108108108108108558e-02,1.216216216216216284e-01,1.486486486486486569e-01,4.459459459459459429e-01,2.702702702702702853e-02,1.351351351351351426e-02,0.000000000000000000e+00,0.000000000000000000e+00,1.351351351351351426e-02,2.702702702702702853e-02,2.702702702702702853e-02,1.351351351351351426e-02,0.000000000000000000e+00,0.000000000000000000e+00,0.000000000000000000e+00,0.000000000000000000e+00,1.351351351351351426e-02,2.702702702702702853e-02
7.317073170731706877e-02,0.000000000000000000e+00,2.439024390243902524e-02,4.878048780487805047e-02,0.000000000000000000e+00,9.756097560975610095e-02,2.439024390243902524e-02,1.463414634146341375e-01,4.634146341463414864e-01,4.878048780487805047e-02,2.439024390243902524e-02,0.000000000000000000e+00,0.000000000000000000e+00,2.439024390243902524e-02,0.000000000000000000e+00,0.000000000000000000e+00,0.000000000000000000e+00,0.000000000000000000e+00,0.000000000000000000e+00,0.000000000000000000e+00,0.000000000000000000e+00,2.439024390243902524e-02
6.250000000000000000e-02,0.000000000000000000e+00,0.000000000000000000e+00,0.000000000000000000e+00,0.000000000000000000e+00,0.000000000000000000e+00,0.000000000000000000e+00,0.000000000000000000e+00,1.875000000000000000e-01,4.375000000000000000e-01,1.250000000000000000e-01,6.250000000000000000e-02,0.000000000000000000e+00,6.250000000000000000e-02,6.250000000000000000e-02,0.000000000000000000e+00,0.000000000000000000e+00,0.000000000000000000e+00,0.000000000000000000e+00,0.000000000000000000e+00,0.000000000000000000e+00,0.000000000000000000e+00
0.000000000000000000e+00,0.000000000000000000e+00,5.000000000000000278e-02,0.000000000000000000e+00,5.000000000000000278e-02,0.000000000000000000e+00,0.000000000000000000e+00,5.000000000000000278e-02,1.000000000000000056e-01,2.000000000000000111e-01,3.499999999999999778e-01,1.499999999999999944e-01,0.000000000000000000e+00,0.000000000000000000e+00,5.000000000000000278e-02,0.000000000000000000e+00,0.000000000000000000e+00,0.000000000000000000e+00,0.000000000000000000e+00,0.000000000000000000e+00,0.000000000000000000e+00,0.000000000000000000e+00
0.000000000000000000e+00,0.000000000000000000e+00,0.000000000000000000e+00,7.692307692307692735e-02,0.000000000000000000e+00,0.000000000000000000e+00,7.692307692307692735e-02,0.000000000000000000e+00,0.000000000000000000e+00,7.692307692307692735e-02,3.846153846153846367e-01,7.692307692307692735e-02,7.692307692307692735e-02,7.692307692307692735e-02,0.000000000000000000e+00,0.000000000000000000e+00,0.000000000000000000e+00,0.000000000000000000e+00,0.000000000000000000e+00,0.000000000000000000e+00,0.000000000000000000e+00,1.538461538461538547e-01
0.000000000000000000e+00,0.000000000000000000e+00,0.000000000000000000e+00,0.000000000000000000e+00,0.000000000000000000e+00,0.000000000000000000e+00,0.000000000000000000e+00,3.846153846153846367e-02,0.000000000000000000e+00,0.000000000000000000e+00,3.846153846153846367e-02,7.692307692307692735e-02,6.923076923076922906e-01,3.846153846153846367e-02,0.000000000000000000e+00,3.846153846153846367e-02,0.000000000000000000e+00,0.000000000000000000e+00,3.846153846153846367e-02,0.000000000000000000e+00,0.000000000000000000e+00,3.846153846153846367e-02
0.000000000000000000e+00,0.000000000000000000e+00,0.000000000000000000e+00,0.000000000000000000e+00,0.000000000000000000e+00,0.000000000000000000e+00,5.882352941176470507e-02,0.000000000000000000e+00,0.000000000000000000e+00,2.941176470588235253e-02,2.941176470588235253e-02,8.823529411764706454e-02,1.470588235294117696e-01,5.000000000000000000e-01,5.882352941176470507e-02,0.000000000000000000e+00,0.000000000000000000e+00,2.941176470588235253e-02,0.000000000000000000e+00,0.000000000000000000e+00,0.000000000000000000e+00,5.882352941176470507e-02
0.000000000000000000e+00,0.000000000000000000e+00,0.000000000000000000e+00,0.000000000000000000e+00,1.052631578947368363e-01,5.263157894736841813e-02,5.263157894736841813e-02,1.052631578947368363e-01,0.000000000000000000e+00,0.000000000000000000e+00,1.052631578947368363e-01,0.000000000000000000e+00,0.000000000000000000e+00,1.052631578947368363e-01,3.684210526315789269e-01,0.000000000000000000e+00,0.000000000000000000e+00,0.000000000000000000e+00,0.000000000000000000e+00,5.263157894736841813e-02,0.000000000000000000e+00,5.263157894736841813e-02
0.000000000000000000e+00,0.000000000000000000e+00,0.000000000000000000e+00,0.000000000000000000e+00,9.090909090909091161e-02,9.090909090909091161e-02,0.000000000000000000e+00,9.090909090909091161e-02,1.818181818181818232e-01,0.000000000000000000e+00,0.000000000000000000e+00,0.000000000000000000e+00,0.000000000000000000e+00,0.000000000000000000e+00,9.090909090909091161e-02,1.818181818181818232e-01,9.090909090909091161e-02,0.000000000000000000e+00,0.000000000000000000e+00,0.000000000000000000e+00,9.090909090909091161e-02,9.090909090909091161e-02
0.000000000000000000e+00,0.000000000000000000e+00,0.000000000000000000e+00,0.000000000000000000e+00,0.000000000000000000e+00,2.000000000000000111e-01,0.000000000000000000e+00,2.000000000000000111e-01,0.000000000000000000e+00,0.000000000000000000e+00,0.000000000000000000e+00,0.000000000000000000e+00,2.000000000000000111e-01,2.000000000000000111e-01,0.000000000000000000e+00,2.000000000000000111e-01,0.000000000000000000e+00,0.000000000000000000e+00,0.000000000000000000e+00,0.000000000000000000e+00,0.000000000000000000e+00,0.000000000000000000e+00
0.000000000000000000e+00,0.000000000000000000e+00,0.000000000000000000e+00,8.333333333333332871e-02,8.333333333333332871e-02,0.000000000000000000e+00,8.333333333333332871e-02,0.000000000000000000e+00,0.000000000000000000e+00,0.000000000000000000e+00,0.000000000000000000e+00,0.000000000000000000e+00,0.000000000000000000e+00,0.000000000000000000e+00,1.666666666666666574e-01,1.666666666666666574e-01,8.333333333333332871e-02,3.333333333333333148e-01,0.000000000000000000e+00,0.000000000000000000e+00,0.000000000000000000e+00,0.000000000000000000e+00
0.000000000000000000e+00,0.000000000000000000e+00,0.000000000000000000e+00,0.000000000000000000e+00,0.000000000000000000e+00,1.000000000000000000e+00,0.000000000000000000e+00,0.000000000000000000e+00,0.000000000000000000e+00,0.000000000000000000e+00,0.000000000000000000e+00,0.000000000000000000e+00,0.000000000000000000e+00,0.000000000000000000e+00,0.000000000000000000e+00,0.000000000000000000e+00,0.000000000000000000e+00,0.000000000000000000e+00,0.000000000000000000e+00,0.000000000000000000e+00,0.000000000000000000e+00,0.000000000000000000e+00
3.333333333333333148e-01,0.000000000000000000e+00,0.000000000000000000e+00,0.000000000000000000e+00,0.000000000000000000e+00,0.000000000000000000e+00,0.000000000000000000e+00,3.333333333333333148e-01,0.000000000000000000e+00,0.000000000000000000e+00,0.000000000000000000e+00,0.000000000000000000e+00,0.000000000000000000e+00,0.000000000000000000e+00,0.000000000000000000e+00,0.000000000000000000e+00,0.000000000000000000e+00,3.333333333333333148e-01,0.000000000000000000e+00,0.000000000000000000e+00,0.000000000000000000e+00,0.000000000000000000e+00
0.000000000000000000e+00,0.000000000000000000e+00,0.000000000000000000e+00,0.000000000000000000e+00,2.000000000000000111e-01,0.000000000000000000e+00,0.000000000000000000e+00,0.000000000000000000e+00,0.000000000000000000e+00,0.000000000000000000e+00,0.000000000000000000e+00,0.000000000000000000e+00,0.000000000000000000e+00,0.000000000000000000e+00,0.000000000000000000e+00,0.000000000000000000e+00,2.000000000000000111e-01,0.000000000000000000e+00,0.000000000000000000e+00,0.000000000000000000e+00,0.000000000000000000e+00,5.999999999999999778e-01
0.000000000000000000e+00,0.000000000000000000e+00,0.000000000000000000e+00,1.587301587301587213e-02,3.174603174603174427e-02,4.761904761904761640e-02,3.174603174603174427e-02,6.349206349206348854e-02,4.761904761904761640e-02,1.587301587301587213e-02,1.587301587301587213e-02,1.587301587301587213e-02,0.000000000000000000e+00,3.174603174603174427e-02,1.587301587301587213e-02,3.174603174603174427e-02,4.761904761904761640e-02,3.174603174603174427e-02,0.000000000000000000e+00,1.587301587301587213e-02,1.587301587301587213e-02,5.238095238095238360e-01
