8.750000000000000000e-01,0.000000000000000000e+00,0.000000000000000000e+00,0.000000000000000000e+00,0.000000000000000000e+00,0.000000000000000000e+00,0.000000000000000000e+00,6.250000000000000000e-02,6.250000000000000000e-02,0.000000000000000000e+00,0.000000000000000000e+00,0.000000000000000000e+00,0.000000000000000000e+00,0.000000000000000000e+00,0.000000000000000000e+00,0.000000000000000000e+00,0.000000000000000000e+00,0.000000000000000000e+00,0.000000000000000000e+00,0.000000000000000000e+00,0.000000000000000000e+00,0.000000000000000000e+00
0.000000000000000000e+00,0.000000000000000000e+00,0.000000000000000000e+00,0.000000000000000000e+00,0.000000000000000000e+00,0.000000000000000000e+00,0.000000000000000000e+00,0.000000000000000000e+00,0.000000000000000000e+00,0.000000000000000000e+00,0.000000000000000000e+00,0.000000000000000000e+00,0.000000000000000000e+00,0.000000000000000000e+00,0.000000000000000000e+00,0.000000000000000000e+00,0.000000000000000000e+00,0.000000000000000000e+00,0.000000000000000000e+00,0.000000000000000000e+00,0.000000000000000000e+00,0.000000000000000000e+00
0.000000000000000000e+00,0.000000000000000000e+00,0.000000000000000000e+00,0.000000000000000000e+00,0.000000000000000000e+00,0.000000000000000000e+00,0.000000000000000000e+00,0.000000000000000000e+00,3.333333333333333148e-01,0.000000000000000000e+00,6.666666666666666297e-01,0.000000000000000000e+00,0.000000000000000000e+00,0.000000000000000000e+00,0.000000000000000000e+00,0.000000000000000000e+00,0.000000000000000000e+00,0.000000000000000000e+00,0.000000000000000000e+00,0.000000000000000000e+00,0.000000000000000000e+00,0.000000000000000000e+00
0.000000000000000000e+00,0.000000000000000000e+00,0.000000000000000000e+00,2.500000000000000000e-01,0.000000000000000000e+00,2.500000000000000000e-01,0.000000000000000000e+00,0.000000000000000000e+00,1.250000000000000000e-01,0.000000000000000000e+00,2.500000000000000000e-01,0.000000000000000000e+00,1.250000000000000000e-01,0.000000000000000000e+00,0.000000000000000000e+00,0.000000000000000000e+00,0.000000000000000000e+00,0.000000000000000000e+00,0.000000000000000000e+00,0.000000000000000000e+00,0.000000000000000000e+00,0.000000000000000000e+00
0.000000000000000000e+00,0.000000000000000000e+00,0.000000000000000000e+00,6.250000000000000000e-02,2.500000000000000000e-01,6.250000000000000000e-02,1.250000000000000000e-01,6.250000000000000000e-02,1.250000000000000000e-01,6.250000000000000000e-02,6.250000000000000000e-02,6.250000000000000000e-02,6.250000000000000000e-02,0.000000000000000000e+00,0.000000000000000000e+00,0.000000000000000000e+00,0.000000000000000000e+00,6.250000000000000000e-02,0.000000000000000000e+00,0.000000000000000000e+00,0.000000000000000000e+00,0.000000000000000000e+00
0.000000000000000000e+00,0.000000000000000000e+00,0.000000000000000000e+00,0.000000000000000000e+00,4.000000000000000083e-02,3.599999999999999867e-01,4.000000000000000083e-02,1.199999999999999956e-01,2.000000000000000111e-01,4.000000000000000083e-02,1.199999999999999956e-01,4.000000000000000083e-02,0.000000000000000000e+00,4.000000000000000083e-02,0.000000000000000000e+00,0.000000000000000000e+00,0.000000000000000000e+00,0.000000000000000000e+00,0.000000000000000000e+00,0.000000000000000000e+00,0.000000000000000000e+00,0.000000000000000000e+00
0.000000000000000000e+00,0.000000000000000000e+00,0.000000000000000000e+00,0.000000000000000000e+00,2.325581395348837177e-02,2.325581395348837177e-02,6.860465116279069742e-01,8.139534883720930813e-02,6.976744186046511531e-02,3.488372093023255766e-02,2.325581395348837177e-02,2.325581395348837177e-02,0.000000000000000000e+00,0.000000000000000000e+00,2.325581395348837177e-02,1.162790697674418589e-02,0.000000000000000000e+00,0.000000000000000000e+00,0.000000000000000000e+00,0.000000000000000000e+00,0.000000000000000000e+00,0.000000000000000000e+00
8.695652173913043584e-03,0.000000000000000000e+00,0.000000000000000000e+00,8.695652173913043584e-03,8.695652173913043584e-03,0.000000000000000000e+00,7.826086956521739746e-02,4.869565217391304546e-01,1.565217391304347949e-01,1.043478260869565161e-01,6.956521739130434867e-02,2.608695652173912902e-02,3.478260869565217434e-02,0.000000000000000000e+00,8.695652173913043584e-03,0.000000000000000000e+00,0.000000000000000000e+00,0.000000000000000000e+00,0.000000000000000000e+00,0.000000000000000000e+00,0.000000000000000000e+00,8.695652173913043584e-03
3.333333333333333547e-03,0.000000000000000000e+00,0.000000000000000000e+00,0.000000000000000000e+00,6.666666666666667095e-03,1.000000000000000021e-02,1.000000000000000021e-02,2.999999999999999889e-02,6.166666666666666963e-01,1.466666666666666674e-01,7.666666666666666075e-02,5.333333333333333676e-02,3.666666666666666685e-02,0.000000000000000000e+00,0.000000000000000000e+00,3.333333333333333547e-03,0.000000000000000000e+00,0.000000000000000000e+00,0.000000000000000000e+00,3.333333333333333547e-03,3.333333333333333547e-03,0.000000000000000000e+00
0.000000000000000000e+00,0.000000000000000000e+00,0.000000000000000000e+00,1.831501831501831500e-03,5.494505494505494934e-03,5.494505494505494934e-03,3.663003663003663000e-03,2.197802197802197974e-02,5.494505494505494414e-02,6.501831501831502047e-01,1.336996336996336965e-01,5.860805860805860801e-02,4.029304029304029561e-02,1.098901098901098987e-02,5.494505494505494934e-03,3.663003663003663000e-03,1.831501831501831500e-03,0.000000000000000000e+00,0.000000000000000000e+00,0.000000000000000000e+00,0.000000000000000000e+00,1.831501831501831500e-03
2.207505518763796908e-03,0.000000000000000000e+00,2.207505518763796908e-03,0.000000000000000000e+00,2.207505518763796908e-03,2.207505518763796908e-03,2.207505518763796908e-03,7.726269315673289610e-03,2.428256070640176512e-02,7.284768211920529535e-02,6.799116997792494788e-01,1.412803532008830021e-01,3.532008830022075052e-02,1.324503311258278145e-02,1.103752759381898541e-02,1.103752759381898454e-03,1.103752759381898454e-03,0.000000000000000000e+00,1.103752759381898454e-03,0.000000000000000000e+00,0.000000000000000000e+00,0.000000000000000000e+00
0.000000000000000000e+00,0.000000000000000000e+00,1.798561151079136784e-03,2.697841726618705176e-03,8.992805755395683921e-04,1.798561151079136784e-03,3.597122302158273568e-03,8.093525179856115095e-03,1.618705035971223019e-02,3.417266187050359977e-02,8.633093525179856564e-02,6.861510791366906004e-01,1.187050359712230191e-01,2.158273381294964141e-02,1.169064748201438866e-02,1.798561151079136784e-03,2.697841726618705176e-03,8.992805755395683921e-04,0.000000000000000000e+00,0.000000000000000000e+00,0.000000000000000000e+00,8.992805755395683921e-04
5.134788189987162660e-03,0.000000000000000000e+00,1.283697047496790665e-03,1.283697047496790665e-03,1.283697047496790665e-03,3.851091142490372429e-03,6.418485237483954192e-03,1.412066752246469818e-02,1.283697047496790838e-02,2.952503209242618790e-02,3.594351732991014209e-02,1.142490372272143839e-01,6.649550706033375835e-01,9.242618741976893482e-02,1.155327342747111685e-02,3.851091142490372429e-03,1.283697047496790665e-03,0.000000000000000000e+00,0.000000000000000000e+00,0.000000000000000000e+00,0.000000000000000000e+00,0.000000000000000000e+00
2.237136465324384739e-03,0.000000000000000000e+00,0.000000000000000000e+00,2.237136465324384739e-03,6.711409395973154217e-03,6.711409395973154217e-03,2.237136465324384739e-03,4.474272930648769478e-03,8.948545861297538956e-03,2.684563758389261687e-02,3.131991051454138808e-02,5.816554809843400148e-02,1.006711409395973089e-01,6.286353467561521802e-01,1.096196868008948583e-01,6.711409395973154217e-03,2.237136465324384739e-03,0.000000000000000000e+00,0.000000000000000000e+00,0.000000000000000000e+00,0.000000000000000000e+00,2.237136465324384739e-03
8.097165991902834092e-03,0.000000000000000000e+00,0.000000000000000000e+00,0.000000000000000000e+00,4.048582995951417046e-03,1.619433198380566818e-02,4.048582995951417046e-03,8.097165991902834092e-03,8.097165991902834092e-03,1.619433198380566818e-02,5.263157894736841813e-02,6.477732793522267274e-02,3.643724696356274995e-02,1.417004048582996001e-01,5.748987854251011997e-01,4.858299595141700455e-02,8.097165991902834092e-03,8.097165991902834092e-03,0.000000000000000000e+00,0.000000000000000000e+00,0.000000000000000000e+00,0.000000000000000000e+00
0.000000000000000000e+00,0.000000000000000000e+00,0.000000000000000000e+00,0.000000000000000000e+00,8.333333333333332871e-02,2.083333333333333218e-02,4.166666666666666435e-02,4.166666666666666435e-02,2.083333333333333218e-02,4.166666666666666435e-02,4.166666666666666435e-02,6.250000000000000000e-02,2.083333333333333218e-02,2.083333333333333218e-02,1.666666666666666574e-01,3.541666666666666852e-01,4.166666666666666435e-02,0.000000000000000000e+00,0.000000000000000000e+00,2.083333333333333218e-02,0.000000000000000000e+00,2.083333333333333218e-02
0.000000000000000000e+00,0.000000000000000000e+00,0.000000000000000000e+00,4.347826086956521618e-02,0.000000000000000000e+00,0.000000000000000000e+00,4.347826086956521618e-02,0.000000000000000000e+00,0.000000000000000000e+00,4.347826086956521618e-02,1.304347826086956486e-01,4.347826086956521618e-02,4.347826086956521618e-02,0.000000000000000000e+00,0.000000000000000000e+00,1.304347826086956486e-01,3.043478260869565410e-01,4.347826086956521618e-02,0.000000000000000000e+00,0.000000000000000000e+00,1.304347826086956486e-01,4.347826086956521618e-02
0.000000000000000000e+00,0.000000000000000000e+00,0.000000000000000000e+00,0.000000000000000000e+00,0.000000000000000000e+00,0.000000000000000000e+00,0.000000000000000000e+00,2.777777777777777624e-02,2.777777777777777624e-02,0.000000000000000000e+00,2.777777777777777624e-02,0.000000000000000000e+00,0.000000000000000000e+00,8.333333333333332871e-02,2.777777777777777624e-02,0.000000000000000000e+00,2.777777777777777624e-02,6.111111111111111605e-01,8.333333333333332871e-02,2.777777777777777624e-02,2.777777777777777624e-02,2.777777777777777624e-02
0.000000000000000000e+00,0.000000000000000000e+00,0.000000000000000000e+00,0.000000000000000000e+00,0.000000000000000000e+00,0.000000000000000000e+00,0.000000000000000000e+00,0.000000000000000000e+00,0.000000000000000000e+00,0.000000000000000000e+00,0.000000000000000000e+00,0.000000000000000000e+00,5.555555555555555247e-02,0.000000000000000000e+00,5.555555555555555247e-02,0.000000000000000000e+00,0.000000000000000000e+00,1.111111111111111049e-01,5.555555555555555802e-01,5.555555555555555247e-02,1.111111111111111049e-01,5.555555555555555247e-02
0.000000000000000000e+00,0.000000000000000000e+00,1.111111111111111049e-01,0.000000000000000000e+00,0.000000000000000000e+00,0.000000000000000000e+00,0.000000000000000000e+00,1.111111111111111049e-01,0.000000000000000000e+00,0.000000000000000000e+00,0.000000000000000000e+00,0.000000000000000000e+00,0.000000000000000000e+00,0.000000000000000000e+00,0.000000000000000000e+00,0.000000000000000000e+00,1.111111111111111049e-01,0.000000000000000000e+00,2.222222222222222099e-01,3.333333333333333148e-01,0.000000000000000000e+00,1.111111111111111049e-01
0.000000000000000000e+00,0.000000000000000000e+00,0.000000000000000000e+00,0.000000000000000000e+00,0.000000000000000000e+00,0.000000000000000000e+00,0.000000000000000000e+00,1.250000000000000000e-01,0.000000000000000000e+00,0.000000000000000000e+00,0.000000000000000000e+00,0.000000000000000000e+00,0.000000000000000000e+00,0.000000000000000000e+00,2.500000000000000000e-01,0.000000000000000000e+00,0.000000000000000000e+00,1.250000000000000000e-01,1.250000000000000000e-01,0.000000000000000000e+00,1.250000000000000000e-01,2.500000000000000000e-01
0.000000000000000000e+00,0.000000000000000000e+00,0.000000000000000000e+00,0.000000000000000000e+00,1.694915254237288130e-02,0.000000000000000000e+00,0.000000000000000000e+00,1.694915254237288130e-02,0.000000000000000000e+00,0.000000000000000000e+00,0.000000000000000000e+00,5.084745762711864736e-02,1.694915254237288130e-02,0.000000000000000000e+00,0.000000000000000000e+00,0.000000000000000000e+00,1.694915254237288130e-02,3.389830508474576259e-02,1.694915254237288130e-02,3.389830508474576259e-02,1.694915254237288130e-02,7.796610169491525744e-01
