6.546874999999999778e-01,9.531249999999999445e-02,1.250000000000000069e-02,1.562500000000000000e-02,4.687499999999999827e-03,3.125000000000000173e-03,1.562500000000000087e-03,1.562500000000000087e-03,1.562500000000000087e-03,0.000000000000000000e+00,2.031250000000000069e-02,0.000000000000000000e+00,0.000000000000000000e+00,1.562500000000000087e-03,4.687499999999999827e-03,4.687499999999999827e-03,0.000000000000000000e+00,7.812500000000000000e-03,7.812500000000000000e-03,1.874999999999999931e-02,1.437499999999999889e-01
1.444444444444444309e-01,6.266666666666667052e-01,9.111111111111111494e-02,2.222222222222222307e-02,1.333333333333333419e-02,4.444444444444444441e-03,0.000000000000000000e+00,0.000000000000000000e+00,2.222222222222222220e-03,4.444444444444444441e-03,1.777777777777777776e-02,0.000000000000000000e+00,0.000000000000000000e+00,0.000000000000000000e+00,0.000000000000000000e+00,0.000000000000000000e+00,4.444444444444444441e-03,0.000000000000000000e+00,2.222222222222222220e-03,1.555555555555555511e-02,5.111111111111111410e-02
5.238095238095238221e-02,9.761904761904761918e-02,6.285714285714285587e-01,1.047619047619047644e-01,2.619047619047619110e-02,1.428571428571428527e-02,4.761904761904762334e-03,2.380952380952381167e-03,0.000000000000000000e+00,7.142857142857142634e-03,1.666666666666666644e-02,0.000000000000000000e+00,0.000000000000000000e+00,2.380952380952381167e-03,4.761904761904762334e-03,0.000000000000000000e+00,2.380952380952381167e-03,0.000000000000000000e+00,0.000000000000000000e+00,7.142857142857142634e-03,2.857142857142857054e-02
3.666666666666666685e-02,2.333333333333333440e-02,1.600000000000000033e-01,5.833333333333333703e-01,7.666666666666666075e-02,2.000000000000000042e-02,6.666666666666667095e-03,1.333333333333333419e-02,0.000000000000000000e+00,0.000000000000000000e+00,2.666666666666666838e-02,3.333333333333333547e-03,0.000000000000000000e+00,0.000000000000000000e+00,0.000000000000000000e+00,3.333333333333333547e-03,0.000000000000000000e+00,3.333333333333333547e-03,1.000000000000000021e-02,0.000000000000000000e+00,3.333333333333333287e-02
5.999999999999999778e-02,4.666666666666666879e-02,8.000000000000000167e-02,1.333333333333333315e-01,4.466666666666666563e-01,9.333333333333333759e-02,6.666666666666667095e-03,2.666666666666666838e-02,6.666666666666667095e-03,2.000000000000000042e-02,3.333333333333333287e-02,0.000000000000000000e+00,0.000000000000000000e+00,0.000000000000000000e+00,0.000000000000000000e+00,2.666666666666666838e-02,6.666666666666667095e-03,6.666666666666667095e-03,0.000000000000000000e+00,0.000000000000000000e+00,6.666666666666667095e-03
3.571428571428571230e-02,4.761904761904761640e-02,8.333333333333332871e-02,1.071428571428571369e-01,1.428571428571428492e-01,3.333333333333333148e-01,3.571428571428571230e-02,2.380952380952380820e-02,1.190476190476190410e-02,3.571428571428571230e-02,4.761904761904761640e-02,0.000000000000000000e+00,0.000000000000000000e+00,0.000000000000000000e+00,1.190476190476190410e-02,0.000000000000000000e+00,1.190476190476190410e-02,1.190476190476190410e-02,1.190476190476190410e-02,3.571428571428571230e-02,1.190476190476190410e-02
4.651162790697674354e-02,2.325581395348837177e-02,2.325581395348837177e-02,6.976744186046511531e-02,6.976744186046511531e-02,1.860465116279069742e-01,3.488372093023255904e-01,4.651162790697674354e-02,4.651162790697674354e-02,0.000000000000000000e+00,2.325581395348837177e-02,2.325581395348837177e-02,0.000000000000000000e+00,0.000000000000000000e+00,0.000000000000000000e+00,2.325581395348837177e-02,0.000000000000000000e+00,2.325581395348837177e-02,0.000000000000000000e+00,2.325581395348837177e-02,2.325581395348837177e-02
2.564102564102564014e-02,5.128205128205128027e-02,2.564102564102564014e-02,0.000000000000000000e+00,7.692307692307692735e-02,7.692307692307692735e-02,1.025641025641025605e-01,4.102564102564102422e-01,5.128205128205128027e-02,5.128205128205128027e-02,1.025641025641025605e-01,0.000000000000000000e+00,0.000000000000000000e+00,0.000000000000000000e+00,0.000000000000000000e+00,0.000000000000000000e+00,0.000000000000000000e+00,0.000000000000000000e+00,2.564102564102564014e-02,0.000000000000000000e+00,0.000000000000000000e+00
0.000000000000000000e+00,0.000000000000000000e+00,3.703703703703703498e-02,7.407407407407406996e-02,0.000000000000000000e+00,0.000000000000000000e+00,1.111111111111111049e-01,7.407407407407406996e-02,2.962962962962962798e-01,1.111111111111111049e-01,1.481481481481481399e-01,0.000000000000000000e+00,0.000000000000000000e+00,0.000000000000000000e+00,0.000000000000000000e+00,0.000000000000000000e+00,0.000000000000000000e+00,0.000000000000000000e+00,0.000000000000000000e+00,7.407407407407406996e-02,7.407407407407406996e-02
2.500000000000000139e-02,5.000000000000000278e-02,0.000000000000000000e+00,2.500000000000000139e-02,7.499999999999999722e-02,2.500000000000000139e-02,2.500000000000000139e-02,7.499999999999999722e-02,2.500000000000000139e-02,2.750000000000000222e-01,2.750000000000000222e-01,2.500000000000000139e-02,0.000000000000000000e+00,0.000000000000000000e+00,0.000000000000000000e+00,0.000000000000000000e+00,0.000000000000000000e+00,0.000000000000000000e+00,0.000000000000000000e+00,0.000000000000000000e+00,1.000000000000000056e-01
2.926829268292683098e-02,4.390243902439024126e-02,3.414634146341463672e-02,4.390243902439024126e-02,6.341463414634146423e-02,4.390243902439024126e-02,4.390243902439024126e-02,3.414634146341463672e-02,3.902439024390243899e-02,4.390243902439024126e-02,5.365853658536585691e-01,4.878048780487804874e-03,0.000000000000000000e+00,0.000000000000000000e+00,0.000000000000000000e+00,0.000000000000000000e+00,0.000000000000000000e+00,0.000000000000000000e+00,9.756097560975609748e-03,1.951219512195121950e-02,9.756097560975609748e-03
0.000000000000000000e+00,0.000000000000000000e+00,0.000000000000000000e+00,8.771929824561403022e-03,0.000000000000000000e+00,0.000000000000000000e+00,0.000000000000000000e+00,0.000000000000000000e+00,0.000000000000000000e+00,0.000000000000000000e+00,1.754385964912280604e-02,8.421052631578946901e-01,3.508771929824561209e-02,8.771929824561403022e-03,2.631578947368420907e-02,8.771929824561403022e-03,1.754385964912280604e-02,1.754385964912280604e-02,0.000000000000000000e+00,8.771929824561403022e-03,8.771929824561403022e-03
0.000000000000000000e+00,0.000000000000000000e+00,0.000000000000000000e+00,0.000000000000000000e+00,0.000000000000000000e+00,0.000000000000000000e+00,0.000000000000000000e+00,0.000000000000000000e+00,0.000000000000000000e+00,0.000000000000000000e+00,3.448275862068965469e-02,1.379310344827586188e-01,5.517241379310344751e-01,1.724137931034482873e-01,0.000000000000000000e+00,0.000000000000000000e+00,6.896551724137930939e-02,3.448275862068965469e-02,0.000000000000000000e+00,0.000000000000000000e+00,0.000000000000000000e+00
0.000000000000000000e+00,2.083333333333333218e-02,2.083333333333333218e-02,0.000000000000000000e+00,0.000000000000000000e+00,2.083333333333333218e-02,0.000000000000000000e+00,0.000000000000000000e+00,0.000000000000000000e+00,0.000000000000000000e+00,0.000000000000000000e+00,6.250000000000000000e-02,2.083333333333333218e-02,6.041666666666666297e-01,1.041666666666666713e-01,6.250000000000000000e-02,4.166666666666666435e-02,2.083333333333333218e-02,0.000000000000000000e+00,0.000000000000000000e+00,2.083333333333333218e-02
1.010101010101010187e-02,1.010101010101010187e-02,0.000000000000000000e+00,0.000000000000000000e+00,0.000000000000000000e+00,0.000000000000000000e+00,0.000000000000000000e+00,0.000000000000000000e+00,0.000000000000000000e+00,0.000000000000000000e+00,1.010101010101010187e-02,3.030303030303030387e-02,2.020202020202020374e-02,5.050505050505050414e-02,6.262626262626262985e-01,1.111111111111111049e-01,2.020202020202020374e-02,2.020202020202020374e-02,5.050505050505050414e-02,2.020202020202020374e-02,2.020202020202020374e-02
1.010101010101010187e-02,2.020202020202020374e-02,1.010101010101010187e-02,3.030303030303030387e-02,2.020202020202020374e-02,0.000000000000000000e+00,2.020202020202020374e-02,0.000000000000000000e+00,0.000000000000000000e+00,0.000000000000000000e+00,1.010101010101010187e-02,2.020202020202020374e-02,0.000000000000000000e+00,2.020202020202020374e-02,1.010101010101010083e-01,5.858585858585858563e-01,5.050505050505050414e-02,4.040404040404040747e-02,3.030303030303030387e-02,2.020202020202020374e-02,1.010101010101010187e-02
0.000000000000000000e+00,1.503759398496240518e-02,0.000000000000000000e+00,0.000000000000000000e+00,0.000000000000000000e+00,7.518796992481202590e-03,0.000000000000000000e+00,0.000000000000000000e+00,0.000000000000000000e+00,0.000000000000000000e+00,0.000000000000000000e+00,7.518796992481202590e-03,0.000000000000000000e+00,0.000000000000000000e+00,3.007518796992481036e-02,5.263157894736841813e-02,7.293233082706767068e-01,9.022556390977443108e-02,0.000000000000000000e+00,5.263157894736841813e-02,1.503759398496240518e-02
4.285714285714285754e-02,7.142857142857142634e-03,7.142857142857142634e-03,0.000000000000000000e+00,7.142857142857142634e-03,0.000000000000000000e+00,7.142857142857142634e-03,0.000000000000000000e+00,0.000000000000000000e+00,0.000000000000000000e+00,7.142857142857142634e-03,7.142857142857142634e-03,7.142857142857142634e-03,7.142857142857142634e-03,1.428571428571428527e-02,3.571428571428571230e-02,1.071428571428571369e-01,5.214285714285714635e-01,1.857142857142857206e-01,2.142857142857142877e-02,1.428571428571428527e-02
1.666666666666666644e-02,3.333333333333333547e-03,3.333333333333333547e-03,0.000000000000000000e+00,0.000000000000000000e+00,0.000000000000000000e+00,0.000000000000000000e+00,0.000000000000000000e+00,3.333333333333333547e-03,0.000000000000000000e+00,1.000000000000000021e-02,3.333333333333333547e-03,0.000000000000000000e+00,0.000000000000000000e+00,1.333333333333333419e-02,1.333333333333333419e-02,1.000000000000000021e-02,8.333333333333332871e-02,6.300000000000000044e-01,1.533333333333333215e-01,5.666666666666666380e-02
2.034428794992175146e-02,1.408450704225352144e-02,9.389671361502347630e-03,3.129890453834115877e-03,0.000000000000000000e+00,1.564945226917057938e-03,0.000000000000000000e+00,3.129890453834115877e-03,1.564945226917057938e-03,0.000000000000000000e+00,9.389671361502347630e-03,0.000000000000000000e+00,3.129890453834115877e-03,0.000000000000000000e+00,1.564945226917057938e-03,3.129890453834115877e-03,3.129890453834115877e-03,9.389671361502347630e-03,7.981220657276995312e-02,7.370892018779342525e-01,1.001564945226917080e-01
9.653465346534653713e-02,2.846534653465346634e-02,1.732673267326732824e-02,6.188118811881188411e-03,2.475247524752475278e-03,1.237623762376237639e-03,1.237623762376237639e-03,1.237623762376237639e-03,1.237623762376237639e-03,3.712871287128712700e-03,1.485148514851485080e-02,2.475247524752475278e-03,1.237623762376237639e-03,1.237623762376237639e-03,1.237623762376237639e-03,2.475247524752475278e-03,0.000000000000000000e+00,2.475247524752475278e-03,1.237623762376237682e-02,8.787128712871286607e-02,7.141089108910890770e-01
