6.333333333333333037e-01,1.000000000000000056e-01,3.333333333333333287e-02,0.000000000000000000e+00,0.000000000000000000e+00,3.333333333333333287e-02,0.000000000000000000e+00,0.000000000000000000e+00,3.333333333333333287e-02,0.000000000000000000e+00,1.000000000000000056e-01,6.666666666666666574e-02,0.000000000000000000e+00,0.000000000000000000e+00,0.000000000000000000e+00,0.000000000000000000e+00,0.000000000000000000e+00,0.000000000000000000e+00,0.000000000000000000e+00,0.000000000000000000e+00,0.000000000000000000e+00,0.000000000000000000e+00
1.111111111111111049e-01,3.333333333333333148e-01,2.222222222222222099e-01,0.000000000000000000e+00,0.000000000000000000e+00,0.000000000000000000e+00,0.000000000000000000e+00,1.111111111111111049e-01,0.000000000000000000e+00,1.111111111111111049e-01,1.111111111111111049e-01,0.000000000000000000e+00,0.000000000000000000e+00,0.000000000000000000e+00,0.000000000000000000e+00,0.000000000000000000e+00,0.000000000000000000e+00,0.000000000000000000e+00,0.000000000000000000e+00,0.000000000000000000e+00,0.000000000000000000e+00,0.000000000000000000e+00
0.000000000000000000e+00,5.882352941176470507e-02,1.764705882352941291e-01,1.764705882352941291e-01,0.000000000000000000e+00,0.000000000000000000e+00,5.882352941176470507e-02,5.882352941176470507e-02,1.176470588235294101e-01,5.882352941176470507e-02,2.352941176470588203e-01,0.000000000000000000e+00,0.000000000000000000e+00,5.882352941176470507e-02,0.000000000000000000e+00,0.000000000000000000e+00,0.000000000000000000e+00,0.000000000000000000e+00,0.000000000000000000e+00,0.000000000000000000e+00,0.000000000000000000e+00,0.000000000000000000e+00
5.128205128205128027e-02,0.000000000000000000e+00,2.564102564102564014e-02,3.846153846153846367e-01,1.538461538461538547e-01,0.000000000000000000e+00,7.692307692307692735e-02,1.025641025641025605e-01,1.025641025641025605e-01,5.128205128205128027e-02,0.000000000000000000e+00,0.000000000000000000e+00,5.128205128205128027e-02,0.000000000000000000e+00,0.000000000000000000e+00,0.000000000000000000e+00,0.000000000000000000e+00,0.000000000000000000e+00,0.000000000000000000e+00,0.000000000000000000e+00,0.000000000000000000e+00,0.000000000000000000e+00
0.000000000000000000e+00,0.000000000000000000e+00,0.000000000000000000e+00,1.020408163265306145e-01,2.653061224489796088e-01,8.163265306122448328e-02,2.040816326530612082e-02,4.081632653061224164e-02,4.081632653061224164e-02,1.224489795918367319e-01,2.040816326530612082e-02,8.163265306122448328e-02,1.224489795918367319e-01,8.163265306122448328e-02,2.040816326530612082e-02,0.000000000000000000e+00,0.000000000000000000e+00,0.000000000000000000e+00,0.000000000000000000e+00,0.000000000000000000e+00,0.000000000000000000e+00,0.000000000000000000e+00
1.190476190476190410e-02,0.000000000000000000e+00,1.190476190476190410e-02,0.000000000000000000e+00,2.380952380952380820e-02,5.952380952380952328e-01,7.142857142857142461e-02,4.761904761904761640e-02,0.000000000000000000e+00,5.952380952380952051e-02,7.142857142857142461e-02,7.142857142857142461e-02,1.190476190476190410e-02,1.190476190476190410e-02,0.000000000000000000e+00,0.000000000000000000e+00,1.190476190476190410e-02,0.000000000000000000e+00,0.000000000000000000e+00,0.000000000000000000e+00,0.000000000000000000e+00,0.000000000000000000e+00
1.428571428571428527e-02,0.000000000000000000e+00,0.000000000000000000e+00,0.000000000000000000e+00,2.857142857142857054e-02,4.285714285714285754e-02,3.285714285714285698e-01,1.714285714285714302e-01,8.571428571428571508e-02,8.571428571428571508e-02,7.142857142857142461e-02,2.857142857142857054e-02,8.571428571428571508e-02,1.428571428571428527e-02,1.428571428571428527e-02,1.428571428571428527e-02,0.000000000000000000e+00,0.000000000000000000e+00,1.428571428571428527e-02,0.000000000000000000e+00,0.000000000000000000e+00,0.000000000000000000e+00
0.000000000000000000e+00,0.000000000000000000e+00,4.901960784313725422e-03,9.803921568627450844e-03,0.000000000000000000e+00,2.450980392156862711e-02,4.901960784313725422e-02,5.343137254901960675e-01,1.323529411764705899e-01,6.862745098039216285e-02,4.901960784313725422e-02,6.372549019607842702e-02,9.803921568627450844e-03,2.450980392156862711e-02,4.901960784313725422e-03,4.901960784313725422e-03,0.000000000000000000e+00,0.000000000000000000e+00,0.000000000000000000e+00,4.901960784313725422e-03,4.901960784313725422e-03,9.803921568627450844e-03
3.333333333333333547e-03,0.000000000000000000e+00,0.000000000000000000e+00,3.333333333333333547e-03,6.666666666666667095e-03,6.666666666666667095e-03,6.666666666666667095e-03,1.100000000000000006e-01,5.833333333333333703e-01,9.666666666666666463e-02,7.666666666666666075e-02,4.666666666666666879e-02,2.333333333333333440e-02,2.000000000000000042e-02,6.666666666666667095e-03,6.666666666666667095e-03,0.000000000000000000e+00,0.000000000000000000e+00,0.000000000000000000e+00,0.000000000000000000e+00,0.000000000000000000e+00,3.333333333333333547e-03
2.127659574468085141e-03,0.000000000000000000e+00,2.127659574468085141e-03,0.000000000000000000e+00,6.382978723404254991e-03,1.063829787234042527e-02,1.489361702127659642e-02,2.340425531914893525e-02,9.787234042553191737e-02,6.127659574468085069e-01,1.489361702127659504e-01,5.319148936170212810e-02,1.063829787234042527e-02,1.063829787234042527e-02,0.000000000000000000e+00,4.255319148936170283e-03,0.000000000000000000e+00,0.000000000000000000e+00,0.000000000000000000e+00,0.000000000000000000e+00,0.000000000000000000e+00,2.127659574468085141e-03
2.173913043478260896e-03,0.000000000000000000e+00,0.000000000000000000e+00,2.173913043478260896e-03,3.260869565217391127e-03,7.608695652173913353e-03,3.260869565217391127e-03,1.086956521739130405e-02,2.608695652173912902e-02,9.565217391304348116e-02,6.858695652173912860e-01,1.152173913043478271e-01,2.826086956521739121e-02,7.608695652173913353e-03,6.521739130434782254e-03,3.260869565217391127e-03,0.000000000000000000e+00,0.000000000000000000e+00,0.000000000000000000e+00,0.000000000000000000e+00,0.000000000000000000e+00,2.173913043478260896e-03
2.076843198338525383e-03,1.038421599169262691e-03,0.000000000000000000e+00,1.038421599169262691e-03,1.038421599169262691e-03,7.268951194184839273e-03,5.192107995846313891e-03,5.192107995846313891e-03,1.349948078920041455e-02,2.803738317757009310e-02,1.298026998961578360e-01,6.801661474558671205e-01,9.865005192107996479e-02,1.765316718587746705e-02,6.230529595015576148e-03,1.038421599169262691e-03,0.000000000000000000e+00,0.000000000000000000e+00,0.000000000000000000e+00,0.000000000000000000e+00,0.000000000000000000e+00,2.076843198338525383e-03
0.000000000000000000e+00,0.000000000000000000e+00,1.237623762376237639e-03,0.000000000000000000e+00,1.237623762376237639e-03,3.712871287128712700e-03,1.237623762376237639e-03,9.900990099009901110e-03,7.425742574257425399e-03,8.663366336633664122e-03,3.712871287128712700e-02,1.472772277227722693e-01,7.017326732673266898e-01,5.940594059405940319e-02,6.188118811881188411e-03,6.188118811881188411e-03,4.950495049504950555e-03,0.000000000000000000e+00,0.000000000000000000e+00,0.000000000000000000e+00,1.237623762376237639e-03,2.475247524752475278e-03
0.000000000000000000e+00,0.000000000000000000e+00,0.000000000000000000e+00,2.237136465324384739e-03,6.711409395973154217e-03,0.000000000000000000e+00,0.000000000000000000e+00,1.118568232662192456e-02,8.948545861297538956e-03,8.948545861297538956e-03,2.460850111856823300e-02,4.250559284116331438e-02,1.565995525727069404e-01,6.778523489932886115e-01,5.145413870246084986e-02,2.237136465324384739e-03,2.237136465324384739e-03,2.237136465324384739e-03,0.000000000000000000e+00,0.000000000000000000e+00,0.000000000000000000e+00,2.237136465324384739e-03
0.000000000000000000e+00,0.000000000000000000e+00,0.000000000000000000e+00,5.000000000000000104e-03,5.000000000000000104e-03,0.000000000000000000e+00,0.000000000000000000e+00,0.000000000000000000e+00,1.499999999999999944e-02,2.500000000000000139e-02,2.500000000000000139e-02,5.000000000000000104e-03,3.500000000000000333e-02,1.799999999999999933e-01,6.700000000000000400e-01,1.499999999999999944e-02,1.000000000000000021e-02,5.000000000000000104e-03,5.000000000000000104e-03,0.000000000000000000e+00,0.000000000000000000e+00,0.000000000000000000e+00
0.000000000000000000e+00,0.000000000000000000e+00,0.000000000000000000e+00,0.000000000000000000e+00,0.000000000000000000e+00,0.000000000000000000e+00,0.000000000000000000e+00,2.040816326530612082e-02,4.081632653061224164e-02,2.040816326530612082e-02,4.081632653061224164e-02,4.081632653061224164e-02,4.081632653061224164e-02,1.020408163265306145e-01,6.122448979591836593e-02,5.306122448979592177e-01,4.081632653061224164e-02,0.000000000000000000e+00,0.000000000000000000e+00,0.000000000000000000e+00,0.000000000000000000e+00,6.122448979591836593e-02
0.000000000000000000e+00,0.000000000000000000e+00,0.000000000000000000e+00,0.000000000000000000e+00,0.000000000000000000e+00,0.000000000000000000e+00,4.166666666666666435e-02,0.000000000000000000e+00,0.000000000000000000e+00,0.000000000000000000e+00,0.000000000000000000e+00,0.000000000000000000e+00,8.333333333333332871e-02,1.250000000000000000e-01,2.083333333333333426e-01,1.666666666666666574e-01,2.500000000000000000e-01,8.333333333333332871e-02,0.000000000000000000e+00,4.166666666666666435e-02,0.000000000000000000e+00,0.000000000000000000e+00
0.000000000000000000e+00,0.000000000000000000e+00,0.000000000000000000e+00,0.000000000000000000e+00,1.000000000000000056e-01,0.000000000000000000e+00,0.000000000000000000e+00,0.000000000000000000e+00,1.000000000000000056e-01,0.000000000000000000e+00,0.000000000000000000e+00,0.000000000000000000e+00,0.000000000000000000e+00,1.000000000000000056e-01,1.000000000000000056e-01,0.000000000000000000e+00,2.000000000000000111e-01,1.000000000000000056e-01,0.000000000000000000e+00,0.000000000000000000e+00,0.000000000000000000e+00,2.999999999999999889e-01
0.000000000000000000e+00,0.000000000000000000e+00,0.000000000000000000e+00,0.000000000000000000e+00,0.000000000000000000e+00,0.000000000000000000e+00,0.000000000000000000e+00,7.692307692307692735e-02,0.000000000000000000e+00,0.000000000000000000e+00,0.000000000000000000e+00,0.000000000000000000e+00,0.000000000000000000e+00,7.692307692307692735e-02,7.692307692307692735e-02,0.000000000000000000e+00,0.000000000000000000e+00,1.538461538461538547e-01,4.615384615384615641e-01,0.000000000000000000e+00,7.692307692307692735e-02,7.692307692307692735e-02
0.000000000000000000e+00,0.000000000000000000e+00,0.000000000000000000e+00,0.000000000000000000e+00,5.263157894736841813e-02,0.000000000000000000e+00,0.000000000000000000e+00,0.000000000000000000e+00,0.000000000000000000e+00,0.000000000000000000e+00,0.000000000000000000e+00,0.000000000000000000e+00,0.000000000000000000e+00,0.000000000000000000e+00,0.000000000000000000e+00,0.000000000000000000e+00,5.263157894736841813e-02,5.263157894736841813e-02,0.000000000000000000e+00,3.684210526315789269e-01,1.052631578947368363e-01,3.684210526315789269e-01
0.000000000000000000e+00,0.000000000000000000e+00,0.000000000000000000e+00,0.000000000000000000e+00,0.000000000000000000e+00,0.000000000000000000e+00,0.000000000000000000e+00,0.000000000000000000e+00,0.000000000000000000e+00,0.000000000000000000e+00,0.000000000000000000e+00,0.000000000000000000e+00,0.000000000000000000e+00,0.000000000000000000e+00,0.000000000000000000e+00,6.250000000000000000e-02,0.000000000000000000e+00,6.250000000000000000e-02,0.000000000000000000e+00,1.875000000000000000e-01,6.250000000000000000e-01,6.250000000000000000e-02
0.000000000000000000e+00,0.000000000000000000e+00,0.000000000000000000e+00,0.000000000000000000e+00,0.000000000000000000e+00,0.000000000000000000e+00,0.000000000000000000e+00,0.000000000000000000e+00,1.515151515151515194e-02,1.515151515151515194e-02,1.515151515151515194e-02,1.515151515151515194e-02,1.515151515151515194e-02,1.515151515151515194e-02,3.030303030303030387e-02,1.515151515151515194e-02,1.515151515151515194e-02,3.030303030303030387e-02,3.030303030303030387e-02,9.090909090909091161e-02,1.515151515151515194e-02,6.818181818181817677e-01
