7.659574468085106336e-01,2.127659574468085055e-02,2.127659574468085055e-02,2.127659574468085055e-02,2.127659574468085055e-02,4.255319148936170109e-02,6.382978723404254817e-02,2.127659574468085055e-02,0.000000000000000000e+00,0.000000000000000000e+00,0.000000000000000000e+00,0.000000000000000000e+00,0.000000000000000000e+00,2.127659574468085055e-02,0.000000000000000000e+00,0.000000000000000000e+00,0.000000000000000000e+00,0.000000000000000000e+00,0.000000000000000000e+00,0.000000000000000000e+00,0.000000000000000000e+00,0.000000000000000000e+00
2.500000000000000000e-01,0.000000000000000000e+00,0.000000000000000000e+00,2.500000000000000000e-01,0.000000000000000000e+00,0.000000000000000000e+00,2.500000000000000000e-01,2.500000000000000000e-01,0.000000000000000000e+00,0.000000000000000000e+00,0.000000000000000000e+00,0.000000000000000000e+00,0.000000000000000000e+00,0.000000000000000000e+00,0.000000000000000000e+00,0.000000000000000000e+00,0.000000000000000000e+00,0.000000000000000000e+00,0.000000000000000000e+00,0.000000000000000000e+00,0.000000000000000000e+00,0.000000000000000000e+00
1.666666666666666574e-01,0.000000000000000000e+00,0.000000000000000000e+00,1.666666666666666574e-01,1.666666666666666574e-01,0.000000000000000000e+00,0.000000000000000000e+00,1.666666666666666574e-01,1.666666666666666574e-01,0.000000000000000000e+00,1.666666666666666574e-01,0.000000000000000000e+00,0.000000000000000000e+00,0.000000000000000000e+00,0.000000000000000000e+00,0.000000000000000000e+00,0.000000000000000000e+00,0.000000000000000000e+00,0.000000000000000000e+00,0.000000000000000000e+00,0.000000000000000000e+00,0.000000000000000000e+00
8.571428571428571508e-02,0.000000000000000000e+00,2.857142857142857054e-02,5.142857142857142350e-01,2.857142857142857054e-02,0.000000000000000000e+00,5.714285714285714107e-02,1.142857142857142821e-01,2.857142857142857054e-02,2.857142857142857054e-02,5.714285714285714107e-02,2.857142857142857054e-02,0.000000000000000000e+00,0.000000000000000000e+00,2.857142857142857054e-02,0.000000000000000000e+00,0.000000000000000000e+00,0.000000000000000000e+00,0.000000000000000000e+00,0.000000000000000000e+00,0.000000000000000000e+00,0.000000000000000000e+00
0.000000000000000000e+00,0.000000000000000000e+00,0.000000000000000000e+00,3.030303030303030387e-02,5.151515151515151381e-01,1.212121212121212155e-01,1.818181818181818232e-01,3.030303030303030387e-02,0.000000000000000000e+00,3.030303030303030387e-02,0.000000000000000000e+00,3.030303030303030387e-02,0.000000000000000000e+00,3.030303030303030387e-02,3.030303030303030387e-02,0.000000000000000000e+00,0.000000000000000000e+00,0.000000000000000000e+00,0.000000000000000000e+00,0.000000000000000000e+00,0.000000000000000000e+00,0.000000000000000000e+00
0.000000000000000000e+00,0.000000000000000000e+00,0.000000000000000000e+00,5.128205128205128027e-02,2.564102564102564014e-02,3.333333333333333148e-01,1.794871794871794879e-01,1.025641025641025605e-01,0.000000000000000000e+00,7.692307692307692735e-02,7.692307692307692735e-02,0.000000000000000000e+00,5.128205128205128027e-02,5.128205128205128027e-02,5.128205128205128027e-02,0.000000000000000000e+00,0.000000000000000000e+00,0.000000000000000000e+00,0.000000000000000000e+00,0.000000000000000000e+00,0.000000000000000000e+00,0.000000000000000000e+00
1.492537313432835792e-02,0.000000000000000000e+00,0.000000000000000000e+00,7.462686567164178962e-03,2.985074626865671585e-02,1.492537313432835792e-02,4.626865671641791078e-01,1.641791044776119424e-01,8.955223880597014408e-02,7.462686567164178442e-02,7.462686567164178442e-02,2.985074626865671585e-02,7.462686567164178962e-03,0.000000000000000000e+00,7.462686567164178962e-03,7.462686567164178962e-03,0.000000000000000000e+00,0.000000000000000000e+00,7.462686567164178962e-03,0.000000000000000000e+00,0.000000000000000000e+00,7.462686567164178962e-03
0.000000000000000000e+00,1.257861635220125854e-02,0.000000000000000000e+00,1.886792452830188607e-02,1.257861635220125854e-02,2.515723270440251708e-02,8.176100628930817182e-02,4.088050314465409008e-01,1.635220125786163436e-01,8.805031446540879936e-02,8.176100628930817182e-02,3.144654088050314461e-02,4.402515723270439968e-02,1.257861635220125854e-02,1.257861635220125854e-02,0.000000000000000000e+00,0.000000000000000000e+00,6.289308176100629269e-03,0.000000000000000000e+00,0.000000000000000000e+00,0.000000000000000000e+00,0.000000000000000000e+00
0.000000000000000000e+00,0.000000000000000000e+00,0.000000000000000000e+00,1.428571428571428527e-02,0.000000000000000000e+00,4.761904761904762334e-03,4.285714285714285754e-02,6.666666666666666574e-02,4.190476190476190577e-01,2.142857142857142738e-01,8.571428571428571508e-02,5.238095238095238221e-02,4.285714285714285754e-02,4.285714285714285754e-02,4.761904761904762334e-03,4.761904761904762334e-03,4.761904761904762334e-03,0.000000000000000000e+00,0.000000000000000000e+00,0.000000000000000000e+00,0.000000000000000000e+00,0.000000000000000000e+00
0.000000000000000000e+00,0.000000000000000000e+00,3.642987249544626591e-03,1.821493624772313295e-03,3.642987249544626591e-03,5.464480874316939886e-03,1.092896174863387977e-02,3.278688524590164105e-02,5.100182149362477574e-02,5.683060109289617134e-01,1.748633879781420764e-01,8.196721311475409222e-02,3.460837887067395174e-02,2.003642987249544538e-02,1.821493624772313295e-03,5.464480874316939886e-03,1.821493624772313295e-03,1.821493624772313295e-03,0.000000000000000000e+00,0.000000000000000000e+00,0.000000000000000000e+00,0.000000000000000000e+00
1.014198782961460432e-03,0.000000000000000000e+00,0.000000000000000000e+00,4.056795131845841729e-03,1.014198782961460432e-03,3.042596348884381297e-03,1.115618661257606475e-02,1.521298174442190648e-02,2.028397565922920864e-02,6.693711967545638852e-02,6.440162271805274230e-01,1.653144016227180435e-01,3.752535496957403599e-02,2.028397565922920864e-02,9.127789046653143890e-03,1.014198782961460432e-03,0.000000000000000000e+00,0.000000000000000000e+00,0.000000000000000000e+00,0.000000000000000000e+00,0.000000000000000000e+00,0.000000000000000000e+00
3.820439350525310293e-03,0.000000000000000000e+00,0.000000000000000000e+00,1.910219675262655147e-03,0.000000000000000000e+00,3.820439350525310293e-03,1.910219675262655147e-03,1.623686723973256918e-02,1.719197707736389719e-02,3.724928366762177839e-02,9.742120343839541508e-02,6.647564469914040153e-01,1.289398280802292185e-01,1.910219675262655320e-02,3.820439350525310293e-03,2.865329512893982720e-03,9.551098376313275733e-04,0.000000000000000000e+00,0.000000000000000000e+00,0.000000000000000000e+00,0.000000000000000000e+00,0.000000000000000000e+00
0.000000000000000000e+00,0.000000000000000000e+00,0.000000000000000000e+00,2.932551319648093839e-03,2.932551319648093839e-03,4.398826979472141192e-03,4.398826979472141192e-03,1.612903225806451568e-02,1.466275659824047006e-02,3.079178885630498574e-02,6.891495601173019958e-02,1.158357771260997010e-01,5.762463343108504832e-01,1.436950146627566094e-01,8.797653958944282385e-03,8.797653958944282385e-03,0.000000000000000000e+00,0.000000000000000000e+00,0.000000000000000000e+00,0.000000000000000000e+00,0.000000000000000000e+00,1.466275659824046920e-03
2.070393374741200977e-03,0.000000000000000000e+00,4.140786749482401954e-03,4.140786749482401954e-03,2.070393374741200977e-03,8.281573498964803909e-03,8.281573498964803909e-03,6.211180124223602064e-03,1.863354037267080793e-02,2.898550724637681195e-02,4.140786749482401607e-02,5.797101449275362389e-02,1.200828157349896480e-01,5.652173913043477826e-01,1.097308488612836475e-01,1.449275362318840597e-02,2.070393374741200977e-03,4.140786749482401954e-03,0.000000000000000000e+00,0.000000000000000000e+00,0.000000000000000000e+00,2.070393374741200977e-03
0.000000000000000000e+00,0.000000000000000000e+00,0.000000000000000000e+00,5.847953216374268681e-03,0.000000000000000000e+00,5.847953216374268681e-03,0.000000000000000000e+00,1.169590643274853736e-02,5.847953216374268681e-03,2.923976608187134341e-02,3.508771929824561209e-02,5.847953216374268681e-02,6.432748538011695549e-02,1.637426900584795231e-01,4.444444444444444198e-01,1.345029239766081797e-01,1.169590643274853736e-02,5.847953216374268681e-03,0.000000000000000000e+00,0.000000000000000000e+00,0.000000000000000000e+00,2.339181286549707472e-02
0.000000000000000000e+00,0.000000000000000000e+00,0.000000000000000000e+00,2.409638554216867595e-02,1.204819277108433798e-02,1.204819277108433798e-02,0.000000000000000000e+00,1.204819277108433798e-02,1.204819277108433798e-02,3.614457831325301046e-02,3.614457831325301046e-02,7.228915662650602092e-02,6.024096385542168641e-02,1.204819277108433728e-01,9.638554216867470381e-02,3.614457831325301185e-01,8.433734939759035543e-02,2.409638554216867595e-02,0.000000000000000000e+00,0.000000000000000000e+00,0.000000000000000000e+00,3.614457831325301046e-02
0.000000000000000000e+00,0.000000000000000000e+00,0.000000000000000000e+00,0.000000000000000000e+00,0.000000000000000000e+00,0.000000000000000000e+00,0.000000000000000000e+00,0.000000000000000000e+00,0.000000000000000000e+00,0.000000000000000000e+00,3.333333333333333287e-02,3.333333333333333287e-02,0.000000000000000000e+00,6.666666666666666574e-02,3.333333333333333287e-02,1.000000000000000056e-01,5.000000000000000000e-01,3.333333333333333287e-02,3.333333333333333287e-02,0.000000000000000000e+00,0.000000000000000000e+00,1.666666666666666574e-01
0.000000000000000000e+00,0.000000000000000000e+00,0.000000000000000000e+00,0.000000000000000000e+00,0.000000000000000000e+00,0.000000000000000000e+00,0.000000000000000000e+00,0.000000000000000000e+00,5.882352941176470507e-02,5.882352941176470507e-02,0.000000000000000000e+00,0.000000000000000000e+00,1.176470588235294101e-01,0.000000000000000000e+00,5.882352941176470507e-02,0.000000000000000000e+00,0.000000000000000000e+00,2.941176470588235392e-01,1.176470588235294101e-01,1.764705882352941291e-01,1.176470588235294101e-01,0.000000000000000000e+00
0.000000000000000000e+00,0.000000000000000000e+00,0.000000000000000000e+00,0.000000000000000000e+00,0.000000000000000000e+00,0.000000000000000000e+00,0.000000000000000000e+00,0.000000000000000000e+00,0.000000000000000000e+00,0.000000000000000000e+00,0.000000000000000000e+00,0.000000000000000000e+00,1.052631578947368363e-01,0.000000000000000000e+00,0.000000000000000000e+00,0.000000000000000000e+00,1.052631578947368363e-01,5.263157894736841813e-02,4.736842105263157632e-01,1.052631578947368363e-01,5.263157894736841813e-02,1.052631578947368363e-01
0.000000000000000000e+00,0.000000000000000000e+00,0.000000000000000000e+00,0.000000000000000000e+00,0.000000000000000000e+00,0.000000000000000000e+00,0.000000000000000000e+00,0.000000000000000000e+00,0.000000000000000000e+00,0.000000000000000000e+00,7.692307692307692735e-02,0.000000000000000000e+00,0.000000000000000000e+00,7.692307692307692735e-02,0.000000000000000000e+00,0.000000000000000000e+00,0.000000000000000000e+00,7.692307692307692735e-02,0.000000000000000000e+00,4.615384615384615641e-01,1.538461538461538547e-01,1.538461538461538547e-01
0.000000000000000000e+00,0.000000000000000000e+00,0.000000000000000000e+00,0.000000000000000000e+00,0.000000000000000000e+00,0.000000000000000000e+00,0.000000000000000000e+00,0.000000000000000000e+00,0.000000000000000000e+00,0.000000000000000000e+00,0.000000000000000000e+00,0.000000000000000000e+00,0.000000000000000000e+00,0.000000000000000000e+00,0.000000000000000000e+00,0.000000000000000000e+00,0.000000000000000000e+00,1.666666666666666574e-01,0.000000000000000000e+00,8.333333333333332871e-02,4.166666666666666852e-01,3.333333333333333148e-01
2.083333333333333218e-02,2.083333333333333218e-02,0.000000000000000000e+00,0.000000000000000000e+00,0.000000000000000000e+00,0.000000000000000000e+00,0.000000000000000000e+00,0.000000000000000000e+00,2.083333333333333218e-02,2.083333333333333218e-02,6.250000000000000000e-02,0.000000000000000000e+00,6.250000000000000000e-02,4.166666666666666435e-02,6.250000000000000000e-02,4.166666666666666435e-02,0.000000000000000000e+00,2.083333333333333218e-02,1.041666666666666713e-01,2.083333333333333218e-02,2.083333333333333218e-02,4.791666666666666852e-01
