7.594381035996488061e-01,8.340649692712906460e-02,1.492537313432835792e-02,6.145741878841089016e-03,6.145741878841089016e-03,4.389815627743634888e-03,1.755926251097453912e-03,8.779631255487269558e-04,0.000000000000000000e+00,0.000000000000000000e+00,7.901668129938543145e-03,0.000000000000000000e+00,8.779631255487269558e-04,0.000000000000000000e+00,8.779631255487269558e-04,8.779631255487269558e-04,1.755926251097453912e-03,2.633889376646180759e-03,4.389815627743634888e-03,6.145741878841089016e-03,9.745390693590869069e-02
1.413043478260869457e-01,7.114624505928853759e-01,7.905138339920948776e-02,1.778656126482213579e-02,6.916996047430830005e-03,6.916996047430830005e-03,9.881422924901185102e-04,9.881422924901185102e-04,0.000000000000000000e+00,0.000000000000000000e+00,7.905138339920948082e-03,0.000000000000000000e+00,0.000000000000000000e+00,1.976284584980237020e-03,1.976284584980237020e-03,0.000000000000000000e+00,9.881422924901185102e-04,9.881422924901185102e-04,1.976284584980237020e-03,2.964426877470355531e-03,1.581027667984189616e-02
2.037037037037037202e-02,2.166666666666666741e-01,6.111111111111111605e-01,5.925925925925926152e-02,1.666666666666666644e-02,1.296296296296296259e-02,1.851851851851851923e-03,0.000000000000000000e+00,0.000000000000000000e+00,1.851851851851851923e-03,1.481481481481481538e-02,0.000000000000000000e+00,0.000000000000000000e+00,3.703703703703703845e-03,3.703703703703703845e-03,5.555555555555555768e-03,3.703703703703703845e-03,1.851851851851851923e-03,3.703703703703703845e-03,9.259259259259258745e-03,1.296296296296296259e-02
3.688524590163934358e-02,6.147540983606557263e-02,1.639344262295081844e-01,5.655737704918032405e-01,8.196721311475409222e-02,2.049180327868852305e-02,8.196721311475410263e-03,0.000000000000000000e+00,0.000000000000000000e+00,0.000000000000000000e+00,3.278688524590164105e-02,8.196721311475410263e-03,0.000000000000000000e+00,0.000000000000000000e+00,8.196721311475410263e-03,0.000000000000000000e+00,0.000000000000000000e+00,0.000000000000000000e+00,0.000000000000000000e+00,8.196721311475410263e-03,4.098360655737705131e-03
2.994011976047904200e-02,2.994011976047904200e-02,6.586826347305389795e-02,2.095808383233532801e-01,5.269461077844311836e-01,2.994011976047904200e-02,2.395209580838323499e-02,0.000000000000000000e+00,5.988023952095808747e-03,0.000000000000000000e+00,3.592814371257484901e-02,0.000000000000000000e+00,0.000000000000000000e+00,0.000000000000000000e+00,0.000000000000000000e+00,5.988023952095808747e-03,0.000000000000000000e+00,1.197604790419161749e-02,5.988023952095808747e-03,5.988023952095808747e-03,1.197604790419161749e-02
1.449275362318840597e-02,8.695652173913043237e-02,8.695652173913043237e-02,8.695652173913043237e-02,1.594202898550724501e-01,4.202898550724637472e-01,4.347826086956521618e-02,0.000000000000000000e+00,4.347826086956521618e-02,0.000000000000000000e+00,4.347826086956521618e-02,0.000000000000000000e+00,0.000000000000000000e+00,0.000000000000000000e+00,0.000000000000000000e+00,0.000000000000000000e+00,0.000000000000000000e+00,1.449275362318840597e-02,0.000000000000000000e+00,0.000000000000000000e+00,0.000000000000000000e+00
0.000000000000000000e+00,5.000000000000000278e-02,5.000000000000000278e-02,2.000000000000000111e-01,1.499999999999999944e-01,2.500000000000000000e-01,5.000000000000000278e-02,1.000000000000000056e-01,5.000000000000000278e-02,0.000000000000000000e+00,1.000000000000000056e-01,0.000000000000000000e+00,0.000000000000000000e+00,0.000000000000000000e+00,0.000000000000000000e+00,0.000000000000000000e+00,0.000000000000000000e+00,0.000000000000000000e+00,0.000000000000000000e+00,0.000000000000000000e+00,0.000000000000000000e+00
0.000000000000000000e+00,0.000000000000000000e+00,0.000000000000000000e+00,0.000000000000000000e+00,1.666666666666666574e-01,1.666666666666666574e-01,3.333333333333333148e-01,0.000000000000000000e+00,0.000000000000000000e+00,0.000000000000000000e+00,3.333333333333333148e-01,0.000000000000000000e+00,0.000000000000000000e+00,0.000000000000000000e+00,0.000000000000000000e+00,0.000000000000000000e+00,0.000000000000000000e+00,0.000000000000000000e+00,0.000000000000000000e+00,0.000000000000000000e+00,0.000000000000000000e+00
1.250000000000000000e-01,0.000000000000000000e+00,0.000000000000000000e+00,0.000000000000000000e+00,1.250000000000000000e-01,2.500000000000000000e-01,1.250000000000000000e-01,1.250000000000000000e-01,0.000000000000000000e+00,1.250000000000000000e-01,1.250000000000000000e-01,0.000000000000000000e+00,0.000000000000000000e+00,0.000000000000000000e+00,0.000000000000000000e+00,0.000000000000000000e+00,0.000000000000000000e+00,0.000000000000000000e+00,0.000000000000000000e+00,0.000000000000000000e+00,0.000000000000000000e+00
0.000000000000000000e+00,0.000000000000000000e+00,3.333333333333333148e-01,3.333333333333333148e-01,3.333333333333333148e-01,0.000000000000000000e+00,0.000000000000000000e+00,0.000000000000000000e+00,0.000000000000000000e+00,0.000000000000000000e+00,0.000000000000000000e+00,0.000000000000000000e+00,0.000000000000000000e+00,0.000000000000000000e+00,0.000000000000000000e+00,0.000000000000000000e+00,0.000000000000000000e+00,0.000000000000000000e+00,0.000000000000000000e+00,0.000000000000000000e+00,0.000000000000000000e+00
2.150537634408602322e-02,1.182795698924731242e-01,9.677419354838709409e-02,2.150537634408602322e-02,1.075268817204301092e-01,4.301075268817204644e-02,3.225806451612903136e-02,0.000000000000000000e+00,1.075268817204301161e-02,1.075268817204301161e-02,4.946236559139784994e-01,0.000000000000000000e+00,0.000000000000000000e+00,0.000000000000000000e+00,0.000000000000000000e+00,1.075268817204301161e-02,0.000000000000000000e+00,0.000000000000000000e+00,0.000000000000000000e+00,1.075268817204301161e-02,2.150537634408602322e-02
0.000000000000000000e+00,0.000000000000000000e+00,3.174603174603174427e-02,0.000000000000000000e+00,0.000000000000000000e+00,0.000000000000000000e+00,0.000000000000000000e+00,0.000000000000000000e+00,0.000000000000000000e+00,0.000000000000000000e+00,1.587301587301587213e-02,7.619047619047618625e-01,3.174603174603174427e-02,6.349206349206348854e-02,3.174603174603174427e-02,3.174603174603174427e-02,0.000000000000000000e+00,0.000000000000000000e+00,1.587301587301587213e-02,1.587301587301587213e-02,0.000000000000000000e+00
2.941176470588235253e-02,2.941176470588235253e-02,0.000000000000000000e+00,0.000000000000000000e+00,0.000000000000000000e+00,0.000000000000000000e+00,0.000000000000000000e+00,0.000000000000000000e+00,0.000000000000000000e+00,0.000000000000000000e+00,0.000000000000000000e+00,2.941176470588235253e-02,5.000000000000000000e-01,1.764705882352941291e-01,0.000000000000000000e+00,1.176470588235294101e-01,2.941176470588235253e-02,5.882352941176470507e-02,0.000000000000000000e+00,2.941176470588235253e-02,0.000000000000000000e+00
4.081632653061224164e-02,2.040816326530612082e-02,0.000000000000000000e+00,0.000000000000000000e+00,0.000000000000000000e+00,2.040816326530612082e-02,0.000000000000000000e+00,0.000000000000000000e+00,0.000000000000000000e+00,0.000000000000000000e+00,0.000000000000000000e+00,2.040816326530612082e-02,1.428571428571428492e-01,5.918367346938775420e-01,8.163265306122448328e-02,2.040816326530612082e-02,2.040816326530612082e-02,0.000000000000000000e+00,0.000000000000000000e+00,0.000000000000000000e+00,4.081632653061224164e-02
2.564102564102564014e-02,0.000000000000000000e+00,1.025641025641025605e-01,0.000000000000000000e+00,0.000000000000000000e+00,2.564102564102564014e-02,0.000000000000000000e+00,0.000000000000000000e+00,2.564102564102564014e-02,0.000000000000000000e+00,0.000000000000000000e+00,1.282051282051281937e-01,0.000000000000000000e+00,1.025641025641025605e-01,4.102564102564102422e-01,2.564102564102564014e-02,5.128205128205128027e-02,5.128205128205128027e-02,0.000000000000000000e+00,0.000000000000000000e+00,5.128205128205128027e-02
0.000000000000000000e+00,1.315789473684210453e-02,0.000000000000000000e+00,3.947368421052631360e-02,0.000000000000000000e+00,1.315789473684210453e-02,0.000000000000000000e+00,0.000000000000000000e+00,0.000000000000000000e+00,0.000000000000000000e+00,0.000000000000000000e+00,2.631578947368420907e-02,2.631578947368420907e-02,0.000000000000000000e+00,3.947368421052631360e-02,6.052631578947368363e-01,1.184210526315789408e-01,1.315789473684210453e-02,2.631578947368420907e-02,3.947368421052631360e-02,3.947368421052631360e-02
1.149425287356321823e-02,1.149425287356321823e-02,1.149425287356321823e-02,0.000000000000000000e+00,0.000000000000000000e+00,0.000000000000000000e+00,0.000000000000000000e+00,0.000000000000000000e+00,0.000000000000000000e+00,0.000000000000000000e+00,0.000000000000000000e+00,0.000000000000000000e+00,2.298850574712643646e-02,0.000000000000000000e+00,3.448275862068965469e-02,1.034482758620689641e-01,6.436781609195402210e-01,6.896551724137930939e-02,4.597701149425287293e-02,2.298850574712643646e-02,2.298850574712643646e-02
3.846153846153846367e-02,2.884615384615384776e-02,9.615384615384615918e-03,0.000000000000000000e+00,1.923076923076923184e-02,9.615384615384615918e-03,9.615384615384615918e-03,0.000000000000000000e+00,0.000000000000000000e+00,0.000000000000000000e+00,0.000000000000000000e+00,9.615384615384615918e-03,0.000000000000000000e+00,9.615384615384615918e-03,1.923076923076923184e-02,9.615384615384615918e-03,1.057692307692307682e-01,5.865384615384615641e-01,8.653846153846153633e-02,2.884615384615384776e-02,2.884615384615384776e-02
3.703703703703703498e-02,1.481481481481481538e-02,2.222222222222222307e-02,7.407407407407407690e-03,7.407407407407407690e-03,0.000000000000000000e+00,0.000000000000000000e+00,0.000000000000000000e+00,0.000000000000000000e+00,0.000000000000000000e+00,0.000000000000000000e+00,0.000000000000000000e+00,7.407407407407407690e-03,0.000000000000000000e+00,1.481481481481481538e-02,1.481481481481481538e-02,7.407407407407407690e-03,7.407407407407406996e-02,5.777777777777777235e-01,1.333333333333333315e-01,8.148148148148148806e-02
4.220779220779220797e-02,1.298701298701298787e-02,1.623376623376623223e-02,0.000000000000000000e+00,0.000000000000000000e+00,0.000000000000000000e+00,0.000000000000000000e+00,3.246753246753246967e-03,0.000000000000000000e+00,0.000000000000000000e+00,9.740259740259740034e-03,0.000000000000000000e+00,3.246753246753246967e-03,3.246753246753246967e-03,0.000000000000000000e+00,9.740259740259740034e-03,1.948051948051948007e-02,1.623376623376623223e-02,7.792207792207792028e-02,6.688311688311687764e-01,1.168831168831168804e-01
1.309328968903437085e-01,3.273322422258592712e-02,6.546644844517185251e-03,4.909983633387888721e-03,0.000000000000000000e+00,0.000000000000000000e+00,1.636661211129296313e-03,0.000000000000000000e+00,0.000000000000000000e+00,0.000000000000000000e+00,0.000000000000000000e+00,0.000000000000000000e+00,0.000000000000000000e+00,1.636661211129296313e-03,0.000000000000000000e+00,1.636661211129296313e-03,1.636661211129296313e-03,3.273322422258592625e-03,1.800327332242225922e-02,9.656301145662847529e-02,7.004909983633388348e-01
