8.780487804878048808e-01,2.439024390243902524e-02,1.626016260162601798e-02,0.000000000000000000e+00,8.130081300813008990e-03,8.130081300813008990e-03,1.626016260162601798e-02,0.000000000000000000e+00,2.439024390243902524e-02,8.130081300813008990e-03,0.000000000000000000e+00,0.000000000000000000e+00,1.626016260162601798e-02,0.000000000000000000e+00,0.000000000000000000e+00,0.000000000000000000e+00,0.000000000000000000e+00,0.000000000000000000e+00,0.000000000000000000e+00,0.000000000000000000e+00,0.000000000000000000e+00,0.000000000000000000e+00
4.347826086956521618e-02,4.347826086956521618e-01,8.695652173913043237e-02,4.347826086956521618e-02,1.304347826086956486e-01,0.000000000000000000e+00,4.347826086956521618e-02,4.347826086956521618e-02,1.304347826086956486e-01,0.000000000000000000e+00,0.000000000000000000e+00,0.000000000000000000e+00,0.000000000000000000e+00,0.000000000000000000e+00,4.347826086956521618e-02,0.000000000000000000e+00,0.000000000000000000e+00,0.000000000000000000e+00,0.000000000000000000e+00,0.000000000000000000e+00,0.000000000000000000e+00,0.000000000000000000e+00
9.302325581395348708e-02,6.976744186046511531e-02,5.813953488372093359e-01,4.651162790697674354e-02,2.325581395348837177e-02,2.325581395348837177e-02,4.651162790697674354e-02,4.651162790697674354e-02,0.000000000000000000e+00,2.325581395348837177e-02,0.000000000000000000e+00,0.000000000000000000e+00,0.000000000000000000e+00,2.325581395348837177e-02,0.000000000000000000e+00,0.000000000000000000e+00,2.325581395348837177e-02,0.000000000000000000e+00,0.000000000000000000e+00,0.000000000000000000e+00,0.000000000000000000e+00,0.000000000000000000e+00
1.408450704225352144e-02,1.408450704225352144e-02,0.000000000000000000e+00,7.042253521126760063e-01,7.042253521126760896e-02,5.633802816901408578e-02,1.408450704225352144e-02,2.816901408450704289e-02,2.816901408450704289e-02,2.816901408450704289e-02,0.000000000000000000e+00,1.408450704225352144e-02,0.000000000000000000e+00,0.000000000000000000e+00,1.408450704225352144e-02,1.408450704225352144e-02,0.000000000000000000e+00,0.000000000000000000e+00,0.000000000000000000e+00,0.000000000000000000e+00,0.000000000000000000e+00,0.000000000000000000e+00
3.508771929824561209e-02,1.754385964912280604e-02,3.508771929824561209e-02,8.771929824561403022e-02,4.736842105263157632e-01,1.929824561403508665e-01,5.263157894736841813e-02,0.000000000000000000e+00,3.508771929824561209e-02,3.508771929824561209e-02,1.754385964912280604e-02,0.000000000000000000e+00,1.754385964912280604e-02,0.000000000000000000e+00,0.000000000000000000e+00,0.000000000000000000e+00,0.000000000000000000e+00,0.000000000000000000e+00,0.000000000000000000e+00,0.000000000000000000e+00,0.000000000000000000e+00,0.000000000000000000e+00
0.000000000000000000e+00,0.000000000000000000e+00,2.197802197802197974e-02,2.197802197802197974e-02,1.098901098901098883e-01,6.373626373626373187e-01,5.494505494505494414e-02,4.395604395604395948e-02,3.296703296703296787e-02,2.197802197802197974e-02,2.197802197802197974e-02,1.098901098901098987e-02,1.098901098901098987e-02,0.000000000000000000e+00,0.000000000000000000e+00,1.098901098901098987e-02,0.000000000000000000e+00,0.000000000000000000e+00,0.000000000000000000e+00,0.000000000000000000e+00,0.000000000000000000e+00,0.000000000000000000e+00
0.000000000000000000e+00,0.000000000000000000e+00,1.481481481481481538e-02,2.962962962962963076e-02,2.962962962962963076e-02,5.185185185185185036e-02,5.555555555555555802e-01,1.629629629629629761e-01,3.703703703703703498e-02,3.703703703703703498e-02,7.407407407407407690e-03,3.703703703703703498e-02,1.481481481481481538e-02,7.407407407407407690e-03,0.000000000000000000e+00,0.000000000000000000e+00,0.000000000000000000e+00,7.407407407407407690e-03,0.000000000000000000e+00,0.000000000000000000e+00,0.000000000000000000e+00,7.407407407407407690e-03
1.339285714285714211e-02,8.928571428571428076e-03,8.928571428571428076e-03,4.464285714285714038e-03,1.785714285714285615e-02,1.785714285714285615e-02,8.035714285714286309e-02,5.848214285714286031e-01,1.607142857142857262e-01,4.910714285714285615e-02,1.339285714285714211e-02,3.571428571428571230e-02,4.464285714285714038e-03,0.000000000000000000e+00,0.000000000000000000e+00,0.000000000000000000e+00,0.000000000000000000e+00,0.000000000000000000e+00,0.000000000000000000e+00,0.000000000000000000e+00,0.000000000000000000e+00,0.000000000000000000e+00
1.602564102564102509e-03,1.602564102564102509e-03,0.000000000000000000e+00,1.602564102564102509e-03,1.602564102564102509e-03,6.410256410256410034e-03,1.121794871794871799e-02,5.448717948717948789e-02,7.115384615384615641e-01,1.346153846153846090e-01,2.884615384615384776e-02,1.442307692307692388e-02,1.762820512820512803e-02,3.205128205128205017e-03,1.602564102564102509e-03,1.602564102564102509e-03,0.000000000000000000e+00,0.000000000000000000e+00,0.000000000000000000e+00,0.000000000000000000e+00,0.000000000000000000e+00,8.012820512820512109e-03
1.219512195121951218e-03,0.000000000000000000e+00,1.219512195121951218e-03,0.000000000000000000e+00,0.000000000000000000e+00,1.219512195121951218e-03,4.878048780487804874e-03,1.463414634146341549e-02,1.048780487804878009e-01,7.365853658536585247e-01,9.390243902439024404e-02,1.829268292682926719e-02,6.097560975609756309e-03,3.658536585365853872e-03,1.219512195121951218e-03,3.658536585365853872e-03,2.439024390243902437e-03,1.219512195121951218e-03,0.000000000000000000e+00,0.000000000000000000e+00,0.000000000000000000e+00,4.878048780487804874e-03
2.375296912114014357e-03,1.187648456057007178e-03,0.000000000000000000e+00,2.375296912114014357e-03,1.187648456057007178e-03,2.375296912114014357e-03,2.375296912114014357e-03,2.375296912114014357e-03,1.068883610451306330e-02,9.144893111638954797e-02,7.292161520190023616e-01,8.076009501187648987e-02,2.969121140142517642e-02,1.425178147268408614e-02,3.562945368171021535e-03,2.375296912114014357e-03,3.562945368171021535e-03,1.187648456057007178e-03,0.000000000000000000e+00,1.187648456057007178e-03,0.000000000000000000e+00,1.781472684085510724e-02
0.000000000000000000e+00,0.000000000000000000e+00,0.000000000000000000e+00,1.976284584980237020e-03,1.976284584980237020e-03,0.000000000000000000e+00,3.952569169960474041e-03,7.905138339920948082e-03,1.383399209486166001e-02,4.150197628458498350e-02,1.482213438735177913e-01,5.869565217391304879e-01,1.166007905138339990e-01,3.359683794466403195e-02,7.905138339920948082e-03,1.185770750988142212e-02,0.000000000000000000e+00,5.928853754940711061e-03,0.000000000000000000e+00,1.976284584980237020e-03,1.976284584980237020e-03,1.383399209486166001e-02
4.301075268817204297e-03,0.000000000000000000e+00,2.150537634408602149e-03,0.000000000000000000e+00,0.000000000000000000e+00,0.000000000000000000e+00,2.150537634408602149e-03,0.000000000000000000e+00,1.075268817204301161e-02,2.150537634408602322e-02,6.021505376344086363e-02,1.741935483870967749e-01,5.569892473118279730e-01,1.075268817204301092e-01,1.720430107526881719e-02,1.505376344086021591e-02,6.451612903225806446e-03,6.451612903225806446e-03,2.150537634408602149e-03,0.000000000000000000e+00,0.000000000000000000e+00,1.290322580645161289e-02
0.000000000000000000e+00,3.448275862068965469e-03,0.000000000000000000e+00,0.000000000000000000e+00,0.000000000000000000e+00,0.000000000000000000e+00,0.000000000000000000e+00,0.000000000000000000e+00,6.896551724137930939e-03,6.896551724137930939e-03,4.482758620689655110e-02,4.827586206896551657e-02,1.724137931034482873e-01,5.655172413793103647e-01,6.551724137931035086e-02,6.896551724137930939e-03,1.724137931034482735e-02,1.724137931034482735e-02,6.896551724137930939e-03,3.448275862068965469e-03,6.896551724137930939e-03,2.758620689655172376e-02
0.000000000000000000e+00,0.000000000000000000e+00,0.000000000000000000e+00,0.000000000000000000e+00,0.000000000000000000e+00,0.000000000000000000e+00,9.803921568627450844e-03,0.000000000000000000e+00,1.960784313725490169e-02,9.803921568627450844e-03,3.921568627450980338e-02,2.941176470588235253e-02,9.803921568627450844e-02,1.960784313725490169e-01,3.431372549019607865e-01,1.372549019607843257e-01,1.960784313725490169e-02,9.803921568627450844e-03,9.803921568627450844e-03,0.000000000000000000e+00,0.000000000000000000e+00,7.843137254901960675e-02
0.000000000000000000e+00,0.000000000000000000e+00,0.000000000000000000e+00,0.000000000000000000e+00,0.000000000000000000e+00,0.000000000000000000e+00,0.000000000000000000e+00,9.615384615384615918e-03,9.615384615384615918e-03,9.615384615384615918e-03,1.923076923076923184e-02,2.884615384615384776e-02,9.615384615384615918e-02,5.769230769230769551e-02,1.442307692307692180e-01,4.230769230769230727e-01,6.730769230769230449e-02,2.884615384615384776e-02,1.923076923076923184e-02,1.923076923076923184e-02,0.000000000000000000e+00,6.730769230769230449e-02
0.000000000000000000e+00,0.000000000000000000e+00,0.000000000000000000e+00,0.000000000000000000e+00,0.000000000000000000e+00,0.000000000000000000e+00,0.000000000000000000e+00,0.000000000000000000e+00,3.921568627450980338e-02,0.000000000000000000e+00,1.960784313725490169e-02,3.921568627450980338e-02,5.882352941176470507e-02,1.176470588235294101e-01,7.843137254901960675e-02,1.764705882352941291e-01,3.137254901960784270e-01,3.921568627450980338e-02,0.000000000000000000e+00,1.960784313725490169e-02,1.960784313725490169e-02,7.843137254901960675e-02
0.000000000000000000e+00,0.000000000000000000e+00,0.000000000000000000e+00,0.000000000000000000e+00,0.000000000000000000e+00,0.000000000000000000e+00,0.000000000000000000e+00,0.000000000000000000e+00,0.000000000000000000e+00,0.000000000000000000e+00,2.941176470588235253e-02,0.000000000000000000e+00,8.823529411764706454e-02,8.823529411764706454e-02,8.823529411764706454e-02,8.823529411764706454e-02,5.882352941176470507e-02,3.235294117647058987e-01,8.823529411764706454e-02,2.941176470588235253e-02,0.000000000000000000e+00,1.176470588235294101e-01
0.000000000000000000e+00,0.000000000000000000e+00,0.000000000000000000e+00,0.000000000000000000e+00,0.000000000000000000e+00,0.000000000000000000e+00,0.000000000000000000e+00,0.000000000000000000e+00,0.000000000000000000e+00,8.695652173913043237e-02,0.000000000000000000e+00,0.000000000000000000e+00,1.739130434782608647e-01,4.347826086956521618e-02,4.347826086956521618e-02,0.000000000000000000e+00,0.000000000000000000e+00,1.304347826086956486e-01,3.478260869565217295e-01,0.000000000000000000e+00,8.695652173913043237e-02,8.695652173913043237e-02
0.000000000000000000e+00,0.000000000000000000e+00,0.000000000000000000e+00,0.000000000000000000e+00,0.000000000000000000e+00,0.000000000000000000e+00,0.000000000000000000e+00,0.000000000000000000e+00,0.000000000000000000e+00,5.882352941176470507e-02,5.882352941176470507e-02,0.000000000000000000e+00,0.000000000000000000e+00,5.882352941176470507e-02,0.000000000000000000e+00,2.352941176470588203e-01,5.882352941176470507e-02,1.176470588235294101e-01,0.000000000000000000e+00,1.764705882352941291e-01,0.000000000000000000e+00,2.352941176470588203e-01
0.000000000000000000e+00,0.000000000000000000e+00,0.000000000000000000e+00,0.000000000000000000e+00,0.000000000000000000e+00,0.000000000000000000e+00,0.000000000000000000e+00,0.000000000000000000e+00,0.000000000000000000e+00,0.000000000000000000e+00,0.000000000000000000e+00,0.000000000000000000e+00,0.000000000000000000e+00,8.333333333333332871e-02,8.333333333333332871e-02,0.000000000000000000e+00,8.333333333333332871e-02,2.500000000000000000e-01,1.666666666666666574e-01,0.000000000000000000e+00,2.500000000000000000e-01,8.333333333333332871e-02
0.000000000000000000e+00,0.000000000000000000e+00,6.666666666666667095e-03,6.666666666666667095e-03,0.000000000000000000e+00,0.000000000000000000e+00,0.000000000000000000e+00,6.666666666666667095e-03,1.333333333333333419e-02,2.666666666666666838e-02,3.333333333333333287e-02,2.666666666666666838e-02,8.000000000000000167e-02,5.999999999999999778e-02,4.666666666666666879e-02,4.000000000000000083e-02,5.333333333333333676e-02,1.333333333333333419e-02,2.666666666666666838e-02,4.666666666666666879e-02,2.000000000000000042e-02,4.933333333333333459e-01
