6.959595959595960002e-01,1.282828282828282762e-01,1.616161616161616160e-02,3.030303030303030300e-03,1.010101010101010100e-03,0.000000000000000000e+00,0.000000000000000000e+00,0.000000000000000000e+00,0.000000000000000000e+00,0.000000000000000000e+00,0.000000000000000000e+00,0.000000000000000000e+00,1.010101010101010100e-03,3.030303030303030300e-03,0.000000000000000000e+00,3.030303030303030300e-03,3.030303030303030300e-03,3.030303030303030300e-03,6.060606060606060601e-03,2.121212121212121340e-02,1.151515151515151575e-01
1.353898886032562088e-01,7.403598971722364919e-01,6.426735218508997094e-02,1.028277634961439514e-02,5.141388174807197571e-03,3.427592116538132148e-03,8.568980291345330369e-04,1.713796058269066074e-03,0.000000000000000000e+00,0.000000000000000000e+00,5.141388174807197571e-03,0.000000000000000000e+00,1.713796058269066074e-03,0.000000000000000000e+00,2.570694087403598786e-03,1.713796058269066074e-03,8.568980291345330369e-04,2.570694087403598786e-03,1.713796058269066074e-03,7.712082262210796790e-03,1.456726649528706022e-02
1.804511278195488830e-02,1.729323308270676596e-01,6.842105263157894912e-01,6.165413533834586401e-02,2.255639097744360777e-02,3.007518796992481383e-03,1.503759398496240692e-03,0.000000000000000000e+00,0.000000000000000000e+00,0.000000000000000000e+00,4.511278195488722075e-03,1.503759398496240692e-03,0.000000000000000000e+00,0.000000000000000000e+00,6.015037593984962766e-03,4.511278195488722075e-03,1.503759398496240692e-03,3.007518796992481383e-03,3.007518796992481383e-03,4.511278195488722075e-03,7.518796992481202590e-03
1.901140684410646334e-02,3.802281368821292667e-02,2.509505703422053036e-01,5.665399239543725818e-01,6.463878326996197465e-02,1.901140684410646334e-02,3.802281368821292754e-03,3.802281368821292754e-03,0.000000000000000000e+00,3.802281368821292754e-03,1.520912547528517102e-02,0.000000000000000000e+00,0.000000000000000000e+00,0.000000000000000000e+00,0.000000000000000000e+00,0.000000000000000000e+00,0.000000000000000000e+00,0.000000000000000000e+00,0.000000000000000000e+00,7.604562737642585508e-03,7.604562737642585508e-03
1.570680628272251231e-02,1.047120418848167603e-02,5.235602094240837667e-02,1.727748691099476319e-01,6.282722513089005201e-01,5.235602094240837667e-02,1.570680628272251231e-02,5.235602094240838014e-03,5.235602094240838014e-03,0.000000000000000000e+00,1.047120418848167603e-02,0.000000000000000000e+00,0.000000000000000000e+00,0.000000000000000000e+00,0.000000000000000000e+00,0.000000000000000000e+00,0.000000000000000000e+00,1.570680628272251231e-02,0.000000000000000000e+00,0.000000000000000000e+00,1.570680628272251231e-02
2.222222222222222307e-02,2.222222222222222307e-02,1.555555555555555580e-01,8.888888888888889228e-02,2.666666666666666630e-01,3.111111111111111160e-01,4.444444444444444614e-02,2.222222222222222307e-02,2.222222222222222307e-02,0.000000000000000000e+00,4.444444444444444614e-02,0.000000000000000000e+00,0.000000000000000000e+00,0.000000000000000000e+00,0.000000000000000000e+00,0.000000000000000000e+00,0.000000000000000000e+00,0.000000000000000000e+00,0.000000000000000000e+00,0.000000000000000000e+00,0.000000000000000000e+00
0.000000000000000000e+00,0.000000000000000000e+00,9.523809523809523281e-02,9.523809523809523281e-02,2.857142857142856984e-01,1.904761904761904656e-01,1.428571428571428492e-01,9.523809523809523281e-02,0.000000000000000000e+00,0.000000000000000000e+00,9.523809523809523281e-02,0.000000000000000000e+00,0.000000000000000000e+00,0.000000000000000000e+00,0.000000000000000000e+00,0.000000000000000000e+00,0.000000000000000000e+00,0.000000000000000000e+00,0.000000000000000000e+00,0.000000000000000000e+00,0.000000000000000000e+00
0.000000000000000000e+00,6.250000000000000000e-02,0.000000000000000000e+00,0.000000000000000000e+00,6.250000000000000000e-02,1.250000000000000000e-01,1.875000000000000000e-01,3.125000000000000000e-01,1.250000000000000000e-01,0.000000000000000000e+00,1.250000000000000000e-01,0.000000000000000000e+00,0.000000000000000000e+00,0.000000000000000000e+00,0.000000000000000000e+00,0.000000000000000000e+00,0.000000000000000000e+00,0.000000000000000000e+00,0.000000000000000000e+00,0.000000000000000000e+00,0.000000000000000000e+00
8.333333333333332871e-02,0.000000000000000000e+00,8.333333333333332871e-02,0.000000000000000000e+00,1.666666666666666574e-01,0.000000000000000000e+00,0.000000000000000000e+00,1.666666666666666574e-01,3.333333333333333148e-01,0.000000000000000000e+00,8.333333333333332871e-02,0.000000000000000000e+00,0.000000000000000000e+00,0.000000000000000000e+00,0.000000000000000000e+00,0.000000000000000000e+00,0.000000000000000000e+00,0.000000000000000000e+00,0.000000000000000000e+00,8.333333333333332871e-02,0.000000000000000000e+00
0.000000000000000000e+00,0.000000000000000000e+00,0.000000000000000000e+00,0.000000000000000000e+00,0.000000000000000000e+00,5.000000000000000000e-01,0.000000000000000000e+00,0.000000000000000000e+00,0.000000000000000000e+00,0.000000000000000000e+00,5.000000000000000000e-01,0.000000000000000000e+00,0.000000000000000000e+00,0.000000000000000000e+00,0.000000000000000000e+00,0.000000000000000000e+00,0.000000000000000000e+00,0.000000000000000000e+00,0.000000000000000000e+00,0.000000000000000000e+00,0.000000000000000000e+00
0.000000000000000000e+00,2.040816326530612082e-02,0.000000000000000000e+00,2.040816326530612082e-02,6.122448979591836593e-02,8.163265306122448328e-02,1.020408163265306145e-01,6.122448979591836593e-02,6.122448979591836593e-02,2.040816326530612082e-02,5.714285714285713969e-01,0.000000000000000000e+00,0.000000000000000000e+00,0.000000000000000000e+00,0.000000000000000000e+00,0.000000000000000000e+00,0.000000000000000000e+00,0.000000000000000000e+00,0.000000000000000000e+00,0.000000000000000000e+00,0.000000000000000000e+00
2.777777777777777624e-02,0.000000000000000000e+00,2.777777777777777624e-02,0.000000000000000000e+00,0.000000000000000000e+00,0.000000000000000000e+00,0.000000000000000000e+00,0.000000000000000000e+00,0.000000000000000000e+00,0.000000000000000000e+00,0.000000000000000000e+00,5.833333333333333703e-01,1.388888888888888951e-01,5.555555555555555247e-02,5.555555555555555247e-02,5.555555555555555247e-02,0.000000000000000000e+00,0.000000000000000000e+00,2.777777777777777624e-02,2.777777777777777624e-02,0.000000000000000000e+00
4.166666666666666435e-02,0.000000000000000000e+00,0.000000000000000000e+00,0.000000000000000000e+00,0.000000000000000000e+00,0.000000000000000000e+00,0.000000000000000000e+00,4.166666666666666435e-02,0.000000000000000000e+00,0.000000000000000000e+00,0.000000000000000000e+00,1.250000000000000000e-01,2.500000000000000000e-01,1.666666666666666574e-01,1.666666666666666574e-01,0.000000000000000000e+00,0.000000000000000000e+00,8.333333333333332871e-02,4.166666666666666435e-02,4.166666666666666435e-02,4.166666666666666435e-02
3.225806451612903136e-02,3.225806451612903136e-02,0.000000000000000000e+00,0.000000000000000000e+00,0.000000000000000000e+00,0.000000000000000000e+00,0.000000000000000000e+00,0.000000000000000000e+00,0.000000000000000000e+00,0.000000000000000000e+00,0.000000000000000000e+00,6.451612903225806273e-02,9.677419354838709409e-02,5.161290322580645018e-01,1.290322580645161255e-01,0.000000000000000000e+00,0.000000000000000000e+00,0.000000000000000000e+00,9.677419354838709409e-02,3.225806451612903136e-02,0.000000000000000000e+00
7.692307692307692735e-02,0.000000000000000000e+00,5.769230769230769551e-02,0.000000000000000000e+00,1.923076923076923184e-02,0.000000000000000000e+00,0.000000000000000000e+00,0.000000000000000000e+00,0.000000000000000000e+00,0.000000000000000000e+00,0.000000000000000000e+00,1.923076923076923184e-02,0.000000000000000000e+00,7.692307692307692735e-02,4.807692307692307820e-01,3.846153846153846367e-02,1.923076923076923184e-02,9.615384615384615918e-02,5.769230769230769551e-02,1.923076923076923184e-02,3.846153846153846367e-02
3.896103896103896014e-02,0.000000000000000000e+00,2.597402597402597574e-02,1.298701298701298787e-02,0.000000000000000000e+00,0.000000000000000000e+00,1.298701298701298787e-02,0.000000000000000000e+00,0.000000000000000000e+00,0.000000000000000000e+00,0.000000000000000000e+00,2.597402597402597574e-02,1.298701298701298787e-02,0.000000000000000000e+00,2.597402597402597574e-02,6.753246753246753276e-01,7.792207792207792028e-02,1.298701298701298787e-02,2.597402597402597574e-02,2.597402597402597574e-02,2.597402597402597574e-02
4.166666666666666435e-02,0.000000000000000000e+00,0.000000000000000000e+00,0.000000000000000000e+00,0.000000000000000000e+00,0.000000000000000000e+00,1.388888888888888812e-02,0.000000000000000000e+00,0.000000000000000000e+00,0.000000000000000000e+00,0.000000000000000000e+00,0.000000000000000000e+00,0.000000000000000000e+00,0.000000000000000000e+00,4.166666666666666435e-02,4.166666666666666435e-02,5.833333333333333703e-01,1.111111111111111049e-01,8.333333333333332871e-02,5.555555555555555247e-02,2.777777777777777624e-02
5.594405594405594401e-02,2.797202797202797200e-02,6.993006993006993001e-03,0.000000000000000000e+00,6.993006993006993001e-03,6.993006993006993001e-03,0.000000000000000000e+00,0.000000000000000000e+00,0.000000000000000000e+00,0.000000000000000000e+00,0.000000000000000000e+00,0.000000000000000000e+00,6.993006993006993001e-03,0.000000000000000000e+00,6.993006993006993001e-03,1.398601398601398600e-02,4.895104895104895187e-02,6.223776223776223970e-01,1.258741258741258862e-01,5.594405594405594401e-02,1.398601398601398600e-02
5.681818181818181629e-02,4.545454545454545581e-02,1.704545454545454419e-02,0.000000000000000000e+00,0.000000000000000000e+00,5.681818181818181976e-03,0.000000000000000000e+00,0.000000000000000000e+00,0.000000000000000000e+00,0.000000000000000000e+00,0.000000000000000000e+00,0.000000000000000000e+00,5.681818181818181976e-03,5.681818181818181976e-03,1.704545454545454419e-02,1.704545454545454419e-02,3.409090909090908839e-02,7.954545454545454419e-02,5.284090909090909394e-01,1.250000000000000000e-01,6.250000000000000000e-02
7.117437722419929502e-02,5.338078291814946780e-02,7.117437722419928461e-03,0.000000000000000000e+00,0.000000000000000000e+00,0.000000000000000000e+00,0.000000000000000000e+00,0.000000000000000000e+00,0.000000000000000000e+00,0.000000000000000000e+00,0.000000000000000000e+00,7.117437722419928461e-03,3.558718861209964231e-03,0.000000000000000000e+00,3.558718861209964231e-03,3.558718861209964231e-03,1.423487544483985692e-02,3.202846975088968068e-02,1.032028469750889688e-01,5.266903914590747027e-01,1.743772241992882499e-01
1.558704453441295545e-01,4.251012145748987725e-02,1.619433198380566818e-02,1.417004048582995966e-02,0.000000000000000000e+00,0.000000000000000000e+00,0.000000000000000000e+00,0.000000000000000000e+00,0.000000000000000000e+00,0.000000000000000000e+00,4.048582995951417046e-03,2.024291497975708523e-03,4.048582995951417046e-03,4.048582995951417046e-03,2.024291497975708523e-03,6.072874493927125569e-03,6.072874493927125569e-03,4.048582995951417046e-03,2.631578947368420907e-02,1.255060728744939180e-01,5.870445344129554543e-01
