6.774193548387096309e-01,0.000000000000000000e+00,6.451612903225806273e-02,6.451612903225806273e-02,3.225806451612903136e-02,3.225806451612903136e-02,0.000000000000000000e+00,0.000000000000000000e+00,6.451612903225806273e-02,0.000000000000000000e+00,0.000000000000000000e+00,0.000000000000000000e+00,0.000000000000000000e+00,3.225806451612903136e-02,3.225806451612903136e-02,0.000000000000000000e+00,0.000000000000000000e+00,0.000000000000000000e+00,0.000000000000000000e+00,0.000000000000000000e+00,0.000000000000000000e+00,0.000000000000000000e+00
0.000000000000000000e+00,4.000000000000000222e-01,0.000000000000000000e+00,0.000000000000000000e+00,0.000000000000000000e+00,4.000000000000000222e-01,0.000000000000000000e+00,2.000000000000000111e-01,0.000000000000000000e+00,0.000000000000000000e+00,0.000000000000000000e+00,0.000000000000000000e+00,0.000000000000000000e+00,0.000000000000000000e+00,0.000000000000000000e+00,0.000000000000000000e+00,0.000000000000000000e+00,0.000000000000000000e+00,0.000000000000000000e+00,0.000000000000000000e+00,0.000000000000000000e+00,0.000000000000000000e+00
1.034482758620689641e-01,0.000000000000000000e+00,8.275862068965517127e-01,0.000000000000000000e+00,0.000000000000000000e+00,0.000000000000000000e+00,0.000000000000000000e+00,0.000000000000000000e+00,0.000000000000000000e+00,0.000000000000000000e+00,6.896551724137930939e-02,0.000000000000000000e+00,0.000000000000000000e+00,0.000000000000000000e+00,0.000000000000000000e+00,0.000000000000000000e+00,0.000000000000000000e+00,0.000000000000000000e+00,0.000000000000000000e+00,0.000000000000000000e+00,0.000000000000000000e+00,0.000000000000000000e+00
2.500000000000000139e-02,0.000000000000000000e+00,0.000000000000000000e+00,8.249999999999999556e-01,5.000000000000000278e-02,2.500000000000000139e-02,0.000000000000000000e+00,2.500000000000000139e-02,0.000000000000000000e+00,0.000000000000000000e+00,0.000000000000000000e+00,0.000000000000000000e+00,0.000000000000000000e+00,2.500000000000000139e-02,2.500000000000000139e-02,0.000000000000000000e+00,0.000000000000000000e+00,0.000000000000000000e+00,0.000000000000000000e+00,0.000000000000000000e+00,0.000000000000000000e+00,0.000000000000000000e+00
0.000000000000000000e+00,0.000000000000000000e+00,0.000000000000000000e+00,7.142857142857142461e-02,7.500000000000000000e-01,0.000000000000000000e+00,0.000000000000000000e+00,0.000000000000000000e+00,7.142857142857142461e-02,0.000000000000000000e+00,0.000000000000000000e+00,3.571428571428571230e-02,0.000000000000000000e+00,0.000000000000000000e+00,0.000000000000000000e+00,3.571428571428571230e-02,0.000000000000000000e+00,0.000000000000000000e+00,0.000000000000000000e+00,0.000000000000000000e+00,0.000000000000000000e+00,3.571428571428571230e-02
3.846153846153846367e-02,3.846153846153846367e-02,0.000000000000000000e+00,0.000000000000000000e+00,0.000000000000000000e+00,6.538461538461538547e-01,3.846153846153846367e-02,3.846153846153846367e-02,7.692307692307692735e-02,3.846153846153846367e-02,3.846153846153846367e-02,3.846153846153846367e-02,0.000000000000000000e+00,0.000000000000000000e+00,0.000000000000000000e+00,0.000000000000000000e+00,0.000000000000000000e+00,0.000000000000000000e+00,0.000000000000000000e+00,0.000000000000000000e+00,0.000000000000000000e+00,0.000000000000000000e+00
0.000000000000000000e+00,0.000000000000000000e+00,0.000000000000000000e+00,0.000000000000000000e+00,0.000000000000000000e+00,8.695652173913043237e-02,6.956521739130434590e-01,0.000000000000000000e+00,0.000000000000000000e+00,0.000000000000000000e+00,4.347826086956521618e-02,0.000000000000000000e+00,4.347826086956521618e-02,8.695652173913043237e-02,4.347826086956521618e-02,0.000000000000000000e+00,0.000000000000000000e+00,0.000000000000000000e+00,0.000000000000000000e+00,0.000000000000000000e+00,0.000000000000000000e+00,0.000000000000000000e+00
0.000000000000000000e+00,2.272727272727272790e-02,0.000000000000000000e+00,2.272727272727272790e-02,0.000000000000000000e+00,2.272727272727272790e-02,2.272727272727272790e-02,7.954545454545454142e-01,0.000000000000000000e+00,0.000000000000000000e+00,2.272727272727272790e-02,2.272727272727272790e-02,2.272727272727272790e-02,2.272727272727272790e-02,2.272727272727272790e-02,0.000000000000000000e+00,0.000000000000000000e+00,0.000000000000000000e+00,0.000000000000000000e+00,0.000000000000000000e+00,0.000000000000000000e+00,0.000000000000000000e+00
4.285714285714285754e-02,0.000000000000000000e+00,0.000000000000000000e+00,0.000000000000000000e+00,0.000000000000000000e+00,2.857142857142857054e-02,1.428571428571428527e-02,0.000000000000000000e+00,7.142857142857143016e-01,1.285714285714285587e-01,4.285714285714285754e-02,1.428571428571428527e-02,0.000000000000000000e+00,1.428571428571428527e-02,0.000000000000000000e+00,0.000000000000000000e+00,0.000000000000000000e+00,0.000000000000000000e+00,0.000000000000000000e+00,0.000000000000000000e+00,0.000000000000000000e+00,0.000000000000000000e+00
0.000000000000000000e+00,0.000000000000000000e+00,0.000000000000000000e+00,0.000000000000000000e+00,3.086419753086419582e-03,3.086419753086419582e-03,6.172839506172839164e-03,0.000000000000000000e+00,2.777777777777777624e-02,8.148148148148147696e-01,1.358024691358024616e-01,3.086419753086419582e-03,3.086419753086419582e-03,0.000000000000000000e+00,3.086419753086419582e-03,0.000000000000000000e+00,0.000000000000000000e+00,0.000000000000000000e+00,0.000000000000000000e+00,0.000000000000000000e+00,0.000000000000000000e+00,0.000000000000000000e+00
0.000000000000000000e+00,1.739130434782608760e-03,0.000000000000000000e+00,0.000000000000000000e+00,0.000000000000000000e+00,0.000000000000000000e+00,1.739130434782608760e-03,0.000000000000000000e+00,6.956521739130435041e-03,6.608695652173912638e-02,8.052173913043477738e-01,1.095652173913043426e-01,8.695652173913043584e-03,0.000000000000000000e+00,0.000000000000000000e+00,0.000000000000000000e+00,0.000000000000000000e+00,0.000000000000000000e+00,0.000000000000000000e+00,0.000000000000000000e+00,0.000000000000000000e+00,0.000000000000000000e+00
0.000000000000000000e+00,0.000000000000000000e+00,2.403846153846153980e-03,0.000000000000000000e+00,0.000000000000000000e+00,2.403846153846153980e-03,2.403846153846153980e-03,2.403846153846153980e-03,4.807692307692307959e-03,9.615384615384615918e-03,1.274038461538461453e-01,6.995192307692307265e-01,1.322115384615384637e-01,2.403846153846153980e-03,4.807692307692307959e-03,0.000000000000000000e+00,2.403846153846153980e-03,0.000000000000000000e+00,0.000000000000000000e+00,0.000000000000000000e+00,0.000000000000000000e+00,7.211538461538461939e-03
6.349206349206349201e-03,3.174603174603174600e-03,0.000000000000000000e+00,0.000000000000000000e+00,0.000000000000000000e+00,3.174603174603174600e-03,0.000000000000000000e+00,0.000000000000000000e+00,0.000000000000000000e+00,3.174603174603174600e-03,1.269841269841269840e-02,1.365079365079364948e-01,6.698412698412697930e-01,1.079365079365079416e-01,1.904761904761904934e-02,1.587301587301587213e-02,3.174603174603174600e-03,3.174603174603174600e-03,0.000000000000000000e+00,0.000000000000000000e+00,3.174603174603174600e-03,1.269841269841269840e-02
0.000000000000000000e+00,0.000000000000000000e+00,0.000000000000000000e+00,3.861003861003861094e-03,3.861003861003861094e-03,0.000000000000000000e+00,3.861003861003861094e-03,3.861003861003861094e-03,3.861003861003861094e-03,0.000000000000000000e+00,3.861003861003861094e-03,1.544401544401544438e-02,1.003861003861003798e-01,7.335907335907335680e-01,8.880308880308880604e-02,1.158301158301158242e-02,7.722007722007722189e-03,3.861003861003861094e-03,0.000000000000000000e+00,3.861003861003861094e-03,0.000000000000000000e+00,1.158301158301158242e-02
0.000000000000000000e+00,0.000000000000000000e+00,0.000000000000000000e+00,6.369426751592357008e-03,1.273885350318471402e-02,0.000000000000000000e+00,6.369426751592357008e-03,0.000000000000000000e+00,6.369426751592357008e-03,6.369426751592357008e-03,0.000000000000000000e+00,1.910828025477706929e-02,1.910828025477706929e-02,1.337579617834394885e-01,6.560509554140127042e-01,7.643312101910827716e-02,1.273885350318471402e-02,6.369426751592357008e-03,0.000000000000000000e+00,0.000000000000000000e+00,6.369426751592357008e-03,3.184713375796178331e-02
0.000000000000000000e+00,0.000000000000000000e+00,0.000000000000000000e+00,1.886792452830188607e-02,0.000000000000000000e+00,0.000000000000000000e+00,0.000000000000000000e+00,0.000000000000000000e+00,0.000000000000000000e+00,0.000000000000000000e+00,0.000000000000000000e+00,3.773584905660377214e-02,7.547169811320754429e-02,9.433962264150944077e-02,9.433962264150944077e-02,4.339622641509434109e-01,5.660377358490566169e-02,9.433962264150944077e-02,1.886792452830188607e-02,3.773584905660377214e-02,0.000000000000000000e+00,3.773584905660377214e-02
0.000000000000000000e+00,0.000000000000000000e+00,0.000000000000000000e+00,0.000000000000000000e+00,0.000000000000000000e+00,0.000000000000000000e+00,0.000000000000000000e+00,0.000000000000000000e+00,0.000000000000000000e+00,0.000000000000000000e+00,0.000000000000000000e+00,0.000000000000000000e+00,0.000000000000000000e+00,7.142857142857142461e-02,0.000000000000000000e+00,1.428571428571428492e-01,5.000000000000000000e-01,1.071428571428571369e-01,0.000000000000000000e+00,0.000000000000000000e+00,0.000000000000000000e+00,1.785714285714285754e-01
0.000000000000000000e+00,0.000000000000000000e+00,0.000000000000000000e+00,0.000000000000000000e+00,0.000000000000000000e+00,0.000000000000000000e+00,0.000000000000000000e+00,0.000000000000000000e+00,0.000000000000000000e+00,0.000000000000000000e+00,0.000000000000000000e+00,6.060606060606060774e-02,0.000000000000000000e+00,6.060606060606060774e-02,1.212121212121212155e-01,6.060606060606060774e-02,1.212121212121212155e-01,3.030303030303030387e-01,1.212121212121212155e-01,3.030303030303030387e-02,3.030303030303030387e-02,9.090909090909091161e-02
0.000000000000000000e+00,0.000000000000000000e+00,0.000000000000000000e+00,0.000000000000000000e+00,0.000000000000000000e+00,0.000000000000000000e+00,0.000000000000000000e+00,0.000000000000000000e+00,0.000000000000000000e+00,0.000000000000000000e+00,0.000000000000000000e+00,0.000000000000000000e+00,5.263157894736841813e-02,0.000000000000000000e+00,5.263157894736841813e-02,1.578947368421052544e-01,0.000000000000000000e+00,1.578947368421052544e-01,4.736842105263157632e-01,5.263157894736841813e-02,0.000000000000000000e+00,5.263157894736841813e-02
0.000000000000000000e+00,0.000000000000000000e+00,0.000000000000000000e+00,0.000000000000000000e+00,0.000000000000000000e+00,0.000000000000000000e+00,0.000000000000000000e+00,0.000000000000000000e+00,0.000000000000000000e+00,0.000000000000000000e+00,2.500000000000000000e-01,0.000000000000000000e+00,0.000000000000000000e+00,0.000000000000000000e+00,0.000000000000000000e+00,0.000000000000000000e+00,0.000000000000000000e+00,5.000000000000000000e-01,0.000000000000000000e+00,0.000000000000000000e+00,0.000000000000000000e+00,2.500000000000000000e-01
0.000000000000000000e+00,0.000000000000000000e+00,0.000000000000000000e+00,0.000000000000000000e+00,0.000000000000000000e+00,0.000000000000000000e+00,0.000000000000000000e+00,0.000000000000000000e+00,0.000000000000000000e+00,0.000000000000000000e+00,0.000000000000000000e+00,2.000000000000000111e-01,0.000000000000000000e+00,4.000000000000000222e-01,0.000000000000000000e+00,0.000000000000000000e+00,2.000000000000000111e-01,0.000000000000000000e+00,0.000000000000000000e+00,0.000000000000000000e+00,2.000000000000000111e-01,0.000000000000000000e+00
0.000000000000000000e+00,0.000000000000000000e+00,0.000000000000000000e+00,0.000000000000000000e+00,0.000000000000000000e+00,0.000000000000000000e+00,0.000000000000000000e+00,0.000000000000000000e+00,0.000000000000000000e+00,0.000000000000000000e+00,2.173913043478260809e-02,4.347826086956521618e-02,2.173913043478260809e-02,2.173913043478260809e-02,6.521739130434782428e-02,8.695652173913043237e-02,0.000000000000000000e+00,1.739130434782608647e-01,8.695652173913043237e-02,0.000000000000000000e+00,2.173913043478260809e-02,4.565217391304347561e-01
