6.428571428571429047e-01,3.571428571428571230e-02,0.000000000000000000e+00,3.571428571428571230e-02,0.000000000000000000e+00,0.000000000000000000e+00,3.571428571428571230e-02,0.000000000000000000e+00,3.571428571428571230e-02,0.000000000000000000e+00,1.071428571428571369e-01,0.000000000000000000e+00,7.142857142857142461e-02,3.571428571428571230e-02,0.000000000000000000e+00,0.000000000000000000e+00,0.000000000000000000e+00,0.000000000000000000e+00,0.000000000000000000e+00,0.000000000000000000e+00,0.000000000000000000e+00,0.000000000000000000e+00
7.692307692307692735e-02,9.230769230769231282e-01,0.000000000000000000e+00,0.000000000000000000e+00,0.000000000000000000e+00,0.000000000000000000e+00,0.000000000000000000e+00,0.000000000000000000e+00,0.000000000000000000e+00,0.000000000000000000e+00,0.000000000000000000e+00,0.000000000000000000e+00,0.000000000000000000e+00,0.000000000000000000e+00,0.000000000000000000e+00,0.000000000000000000e+00,0.000000000000000000e+00,0.000000000000000000e+00,0.000000000000000000e+00,0.000000000000000000e+00,0.000000000000000000e+00,0.000000000000000000e+00
4.347826086956521618e-02,0.000000000000000000e+00,9.130434782608695121e-01,0.000000000000000000e+00,0.000000000000000000e+00,0.000000000000000000e+00,0.000000000000000000e+00,0.000000000000000000e+00,0.000000000000000000e+00,0.000000000000000000e+00,0.000000000000000000e+00,0.000000000000000000e+00,4.347826086956521618e-02,0.000000000000000000e+00,0.000000000000000000e+00,0.000000000000000000e+00,0.000000000000000000e+00,0.000000000000000000e+00,0.000000000000000000e+00,0.000000000000000000e+00,0.000000000000000000e+00,0.000000000000000000e+00
5.128205128205128027e-02,0.000000000000000000e+00,0.000000000000000000e+00,8.717948717948718063e-01,2.564102564102564014e-02,0.000000000000000000e+00,0.000000000000000000e+00,0.000000000000000000e+00,0.000000000000000000e+00,0.000000000000000000e+00,2.564102564102564014e-02,0.000000000000000000e+00,0.000000000000000000e+00,2.564102564102564014e-02,0.000000000000000000e+00,0.000000000000000000e+00,0.000000000000000000e+00,0.000000000000000000e+00,0.000000000000000000e+00,0.000000000000000000e+00,0.000000000000000000e+00,0.000000000000000000e+00
2.000000000000000111e-01,0.000000000000000000e+00,0.000000000000000000e+00,1.000000000000000056e-01,2.000000000000000111e-01,2.000000000000000111e-01,1.000000000000000056e-01,1.000000000000000056e-01,0.000000000000000000e+00,0.000000000000000000e+00,0.000000000000000000e+00,0.000000000000000000e+00,1.000000000000000056e-01,0.000000000000000000e+00,0.000000000000000000e+00,0.000000000000000000e+00,0.000000000000000000e+00,0.000000000000000000e+00,0.000000000000000000e+00,0.000000000000000000e+00,0.000000000000000000e+00,0.000000000000000000e+00
3.571428571428571230e-02,0.000000000000000000e+00,0.000000000000000000e+00,3.571428571428571230e-02,3.571428571428571230e-02,6.071428571428570953e-01,1.428571428571428492e-01,3.571428571428571230e-02,3.571428571428571230e-02,0.000000000000000000e+00,0.000000000000000000e+00,0.000000000000000000e+00,0.000000000000000000e+00,0.000000000000000000e+00,0.000000000000000000e+00,3.571428571428571230e-02,0.000000000000000000e+00,3.571428571428571230e-02,0.000000000000000000e+00,0.000000000000000000e+00,0.000000000000000000e+00,0.000000000000000000e+00
0.000000000000000000e+00,0.000000000000000000e+00,0.000000000000000000e+00,0.000000000000000000e+00,0.000000000000000000e+00,7.894736842105262720e-02,6.578947368421053099e-01,2.631578947368420907e-02,2.631578947368420907e-02,2.631578947368420907e-02,5.263157894736841813e-02,0.000000000000000000e+00,7.894736842105262720e-02,0.000000000000000000e+00,2.631578947368420907e-02,0.000000000000000000e+00,2.631578947368420907e-02,0.000000000000000000e+00,0.000000000000000000e+00,0.000000000000000000e+00,0.000000000000000000e+00,0.000000000000000000e+00
0.000000000000000000e+00,0.000000000000000000e+00,0.000000000000000000e+00,0.000000000000000000e+00,0.000000000000000000e+00,1.333333333333333419e-02,1.333333333333333419e-02,8.399999999999999689e-01,4.000000000000000083e-02,0.000000000000000000e+00,1.333333333333333419e-02,1.333333333333333419e-02,1.333333333333333419e-02,2.666666666666666838e-02,0.000000000000000000e+00,1.333333333333333419e-02,0.000000000000000000e+00,0.000000000000000000e+00,1.333333333333333419e-02,0.000000000000000000e+00,0.000000000000000000e+00,0.000000000000000000e+00
7.092198581560283516e-03,0.000000000000000000e+00,0.000000000000000000e+00,0.000000000000000000e+00,0.000000000000000000e+00,7.092198581560283516e-03,1.418439716312056703e-02,2.127659574468085055e-02,7.517730496453900457e-01,1.489361702127659504e-01,2.127659574468085055e-02,7.092198581560283516e-03,0.000000000000000000e+00,1.418439716312056703e-02,0.000000000000000000e+00,0.000000000000000000e+00,0.000000000000000000e+00,0.000000000000000000e+00,0.000000000000000000e+00,0.000000000000000000e+00,0.000000000000000000e+00,7.092198581560283516e-03
0.000000000000000000e+00,0.000000000000000000e+00,0.000000000000000000e+00,0.000000000000000000e+00,0.000000000000000000e+00,3.521126760563380361e-03,3.521126760563380361e-03,3.521126760563380361e-03,4.929577464788732072e-02,7.992957746478873693e-01,1.302816901408450634e-01,1.056338028169014065e-02,0.000000000000000000e+00,0.000000000000000000e+00,0.000000000000000000e+00,0.000000000000000000e+00,0.000000000000000000e+00,0.000000000000000000e+00,0.000000000000000000e+00,0.000000000000000000e+00,0.000000000000000000e+00,0.000000000000000000e+00
1.034482758620689641e-02,0.000000000000000000e+00,1.724137931034482735e-03,0.000000000000000000e+00,0.000000000000000000e+00,0.000000000000000000e+00,0.000000000000000000e+00,1.724137931034482735e-03,1.206896551724137914e-02,5.517241379310344751e-02,7.793103448275862100e-01,1.275862068965517293e-01,5.172413793103448204e-03,3.448275862068965469e-03,1.724137931034482735e-03,1.724137931034482735e-03,0.000000000000000000e+00,0.000000000000000000e+00,0.000000000000000000e+00,0.000000000000000000e+00,0.000000000000000000e+00,0.000000000000000000e+00
5.012531328320801727e-03,0.000000000000000000e+00,0.000000000000000000e+00,0.000000000000000000e+00,2.506265664160400863e-03,5.012531328320801727e-03,5.012531328320801727e-03,5.012531328320801727e-03,2.506265664160400863e-03,1.002506265664160345e-02,1.503759398496240518e-01,7.092731829573934998e-01,7.268170426065162504e-02,1.503759398496240518e-02,7.518796992481202590e-03,0.000000000000000000e+00,5.012531328320801727e-03,0.000000000000000000e+00,0.000000000000000000e+00,0.000000000000000000e+00,2.506265664160400863e-03,2.506265664160400863e-03
3.787878787878787984e-03,0.000000000000000000e+00,3.787878787878787984e-03,0.000000000000000000e+00,1.136363636363636395e-02,0.000000000000000000e+00,3.787878787878787984e-03,0.000000000000000000e+00,3.787878787878787984e-03,3.787878787878787984e-03,1.136363636363636395e-02,1.174242424242424310e-01,7.348484848484848619e-01,8.712121212121212710e-02,7.575757575757575968e-03,7.575757575757575968e-03,0.000000000000000000e+00,0.000000000000000000e+00,0.000000000000000000e+00,0.000000000000000000e+00,0.000000000000000000e+00,3.787878787878787984e-03
0.000000000000000000e+00,0.000000000000000000e+00,0.000000000000000000e+00,0.000000000000000000e+00,4.366812227074235581e-03,4.366812227074235581e-03,4.366812227074235581e-03,8.733624454148471161e-03,8.733624454148471161e-03,4.366812227074235581e-03,2.183406113537117790e-02,1.310043668122270674e-02,9.170305676855895760e-02,7.161572052401746769e-01,7.860262008733624739e-02,2.183406113537117790e-02,0.000000000000000000e+00,8.733624454148471161e-03,0.000000000000000000e+00,4.366812227074235581e-03,0.000000000000000000e+00,8.733624454148471161e-03
1.315789473684210453e-02,0.000000000000000000e+00,0.000000000000000000e+00,6.578947368421052266e-03,0.000000000000000000e+00,0.000000000000000000e+00,0.000000000000000000e+00,0.000000000000000000e+00,0.000000000000000000e+00,0.000000000000000000e+00,1.315789473684210453e-02,1.315789473684210453e-02,2.631578947368420907e-02,1.513157894736842091e-01,6.578947368421053099e-01,7.236842105263158187e-02,1.973684210526315680e-02,6.578947368421052266e-03,6.578947368421052266e-03,0.000000000000000000e+00,1.315789473684210453e-02,0.000000000000000000e+00
0.000000000000000000e+00,0.000000000000000000e+00,0.000000000000000000e+00,0.000000000000000000e+00,0.000000000000000000e+00,0.000000000000000000e+00,0.000000000000000000e+00,1.282051282051282007e-02,0.000000000000000000e+00,0.000000000000000000e+00,1.282051282051282007e-02,3.846153846153846367e-02,2.564102564102564014e-02,7.692307692307692735e-02,1.538461538461538547e-01,5.641025641025640969e-01,1.025641025641025605e-01,0.000000000000000000e+00,0.000000000000000000e+00,1.282051282051282007e-02,0.000000000000000000e+00,0.000000000000000000e+00
3.030303030303030387e-02,0.000000000000000000e+00,0.000000000000000000e+00,0.000000000000000000e+00,0.000000000000000000e+00,0.000000000000000000e+00,0.000000000000000000e+00,0.000000000000000000e+00,0.000000000000000000e+00,0.000000000000000000e+00,0.000000000000000000e+00,0.000000000000000000e+00,0.000000000000000000e+00,0.000000000000000000e+00,9.090909090909091161e-02,9.090909090909091161e-02,3.636363636363636465e-01,3.030303030303030387e-01,3.030303030303030387e-02,0.000000000000000000e+00,3.030303030303030387e-02,6.060606060606060774e-02
0.000000000000000000e+00,0.000000000000000000e+00,0.000000000000000000e+00,0.000000000000000000e+00,0.000000000000000000e+00,3.571428571428571230e-02,0.000000000000000000e+00,0.000000000000000000e+00,0.000000000000000000e+00,0.000000000000000000e+00,0.000000000000000000e+00,3.571428571428571230e-02,7.142857142857142461e-02,3.571428571428571230e-02,3.571428571428571230e-02,7.142857142857142461e-02,2.857142857142856984e-01,3.214285714285714524e-01,3.571428571428571230e-02,0.000000000000000000e+00,0.000000000000000000e+00,7.142857142857142461e-02
0.000000000000000000e+00,0.000000000000000000e+00,0.000000000000000000e+00,0.000000000000000000e+00,0.000000000000000000e+00,0.000000000000000000e+00,0.000000000000000000e+00,1.250000000000000000e-01,0.000000000000000000e+00,0.000000000000000000e+00,0.000000000000000000e+00,3.750000000000000000e-01,0.000000000000000000e+00,1.250000000000000000e-01,0.000000000000000000e+00,0.000000000000000000e+00,0.000000000000000000e+00,1.250000000000000000e-01,0.000000000000000000e+00,1.250000000000000000e-01,0.000000000000000000e+00,1.250000000000000000e-01
0.000000000000000000e+00,0.000000000000000000e+00,0.000000000000000000e+00,0.000000000000000000e+00,0.000000000000000000e+00,0.000000000000000000e+00,0.000000000000000000e+00,0.000000000000000000e+00,0.000000000000000000e+00,0.000000000000000000e+00,0.000000000000000000e+00,0.000000000000000000e+00,0.000000000000000000e+00,0.000000000000000000e+00,0.000000000000000000e+00,2.500000000000000000e-01,0.000000000000000000e+00,0.000000000000000000e+00,0.000000000000000000e+00,0.000000000000000000e+00,0.000000000000000000e+00,7.500000000000000000e-01
0.000000000000000000e+00,0.000000000000000000e+00,0.000000000000000000e+00,0.000000000000000000e+00,0.000000000000000000e+00,0.000000000000000000e+00,0.000000000000000000e+00,0.000000000000000000e+00,0.000000000000000000e+00,0.000000000000000000e+00,0.000000000000000000e+00,0.000000000000000000e+00,0.000000000000000000e+00,0.000000000000000000e+00,1.111111111111111049e-01,1.111111111111111049e-01,0.000000000000000000e+00,0.000000000000000000e+00,0.000000000000000000e+00,0.000000000000000000e+00,4.444444444444444198e-01,3.333333333333333148e-01
2.564102564102564014e-02,0.000000000000000000e+00,0.000000000000000000e+00,0.000000000000000000e+00,0.000000000000000000e+00,0.000000000000000000e+00,0.000000000000000000e+00,0.000000000000000000e+00,0.000000000000000000e+00,0.000000000000000000e+00,5.128205128205128027e-02,0.000000000000000000e+00,2.564102564102564014e-02,5.128205128205128027e-02,2.564102564102564014e-02,5.128205128205128027e-02,5.128205128205128027e-02,5.128205128205128027e-02,7.692307692307692735e-02,0.000000000000000000e+00,5.128205128205128027e-02,5.384615384615384359e-01
