7.868852459016393297e-01,6.557377049180328210e-02,3.278688524590164105e-02,2.459016393442622905e-02,8.196721311475410263e-03,8.196721311475410263e-03,1.639344262295082053e-02,8.196721311475410263e-03,0.000000000000000000e+00,8.196721311475410263e-03,0.000000000000000000e+00,8.196721311475410263e-03,0.000000000000000000e+00,0.000000000000000000e+00,0.000000000000000000e+00,0.000000000000000000e+00,0.000000000000000000e+00,8.196721311475410263e-03,0.000000000000000000e+00,0.000000000000000000e+00,0.000000000000000000e+00,2.459016393442622905e-02
8.064516129032257841e-02,7.096774193548387455e-01,8.064516129032257841e-02,1.612903225806451568e-02,1.612903225806451568e-02,1.612903225806451568e-02,0.000000000000000000e+00,1.612903225806451568e-02,3.225806451612903136e-02,0.000000000000000000e+00,1.612903225806451568e-02,0.000000000000000000e+00,0.000000000000000000e+00,0.000000000000000000e+00,0.000000000000000000e+00,0.000000000000000000e+00,0.000000000000000000e+00,0.000000000000000000e+00,0.000000000000000000e+00,0.000000000000000000e+00,0.000000000000000000e+00,1.612903225806451568e-02
8.064516129032257841e-02,8.064516129032257841e-02,6.451612903225806273e-01,1.129032258064516098e-01,3.225806451612903136e-02,0.000000000000000000e+00,0.000000000000000000e+00,0.000000000000000000e+00,0.000000000000000000e+00,0.000000000000000000e+00,0.000000000000000000e+00,0.000000000000000000e+00,0.000000000000000000e+00,0.000000000000000000e+00,0.000000000000000000e+00,0.000000000000000000e+00,0.000000000000000000e+00,1.612903225806451568e-02,0.000000000000000000e+00,0.000000000000000000e+00,0.000000000000000000e+00,3.225806451612903136e-02
2.469135802469135665e-02,1.234567901234567833e-02,3.703703703703703498e-02,5.308641975308642236e-01,2.592592592592592449e-01,4.938271604938271331e-02,0.000000000000000000e+00,0.000000000000000000e+00,1.234567901234567833e-02,0.000000000000000000e+00,1.234567901234567833e-02,2.469135802469135665e-02,0.000000000000000000e+00,0.000000000000000000e+00,0.000000000000000000e+00,0.000000000000000000e+00,0.000000000000000000e+00,0.000000000000000000e+00,0.000000000000000000e+00,0.000000000000000000e+00,0.000000000000000000e+00,3.703703703703703498e-02
0.000000000000000000e+00,0.000000000000000000e+00,1.626016260162601798e-02,1.056910569105691117e-01,6.666666666666666297e-01,1.463414634146341375e-01,8.130081300813008990e-03,1.626016260162601798e-02,8.130081300813008990e-03,8.130081300813008990e-03,0.000000000000000000e+00,0.000000000000000000e+00,0.000000000000000000e+00,0.000000000000000000e+00,0.000000000000000000e+00,0.000000000000000000e+00,0.000000000000000000e+00,0.000000000000000000e+00,0.000000000000000000e+00,0.000000000000000000e+00,0.000000000000000000e+00,2.439024390243902524e-02
8.620689655172413673e-03,0.000000000000000000e+00,0.000000000000000000e+00,4.310344827586207184e-02,9.482758620689654694e-02,6.379310344827586743e-01,7.758620689655172653e-02,5.172413793103448204e-02,2.586206896551724102e-02,1.724137931034482735e-02,0.000000000000000000e+00,8.620689655172413673e-03,0.000000000000000000e+00,1.724137931034482735e-02,0.000000000000000000e+00,0.000000000000000000e+00,0.000000000000000000e+00,8.620689655172413673e-03,0.000000000000000000e+00,0.000000000000000000e+00,0.000000000000000000e+00,8.620689655172413673e-03
1.030927835051546372e-02,0.000000000000000000e+00,2.061855670103092744e-02,3.092783505154639290e-02,0.000000000000000000e+00,5.154639175257731687e-02,5.876288659793814650e-01,1.546391752577319645e-01,6.185567010309278579e-02,0.000000000000000000e+00,0.000000000000000000e+00,2.061855670103092744e-02,1.030927835051546372e-02,0.000000000000000000e+00,0.000000000000000000e+00,0.000000000000000000e+00,0.000000000000000000e+00,2.061855670103092744e-02,0.000000000000000000e+00,0.000000000000000000e+00,0.000000000000000000e+00,3.092783505154639290e-02
0.000000000000000000e+00,0.000000000000000000e+00,0.000000000000000000e+00,7.042253521126760722e-03,1.408450704225352144e-02,3.521126760563380448e-02,9.154929577464789026e-02,6.126760563380281299e-01,1.126760563380281716e-01,1.408450704225352144e-02,2.816901408450704289e-02,0.000000000000000000e+00,7.042253521126760722e-03,0.000000000000000000e+00,1.408450704225352144e-02,7.042253521126760722e-03,1.408450704225352144e-02,0.000000000000000000e+00,0.000000000000000000e+00,0.000000000000000000e+00,0.000000000000000000e+00,4.225352112676056260e-02
7.874015748031495954e-03,7.874015748031495954e-03,0.000000000000000000e+00,0.000000000000000000e+00,7.874015748031495954e-03,0.000000000000000000e+00,1.574803149606299191e-02,1.023622047244094474e-01,5.905511811023621549e-01,1.102362204724409434e-01,6.299212598425196763e-02,3.149606299212598381e-02,0.000000000000000000e+00,1.574803149606299191e-02,7.874015748031495954e-03,7.874015748031495954e-03,7.874015748031495954e-03,0.000000000000000000e+00,0.000000000000000000e+00,0.000000000000000000e+00,0.000000000000000000e+00,2.362204724409448786e-02
9.090909090909090468e-03,0.000000000000000000e+00,0.000000000000000000e+00,0.000000000000000000e+00,0.000000000000000000e+00,9.090909090909090468e-03,1.818181818181818094e-02,1.818181818181818094e-02,1.000000000000000056e-01,5.636363636363636020e-01,1.000000000000000056e-01,9.090909090909091161e-02,9.090909090909090468e-03,3.636363636363636187e-02,9.090909090909090468e-03,9.090909090909090468e-03,0.000000000000000000e+00,9.090909090909090468e-03,1.818181818181818094e-02,0.000000000000000000e+00,0.000000000000000000e+00,0.000000000000000000e+00
0.000000000000000000e+00,0.000000000000000000e+00,0.000000000000000000e+00,0.000000000000000000e+00,0.000000000000000000e+00,7.092198581560283516e-03,0.000000000000000000e+00,2.127659574468085055e-02,4.964539007092198808e-02,8.510638297872340219e-02,6.170212765957446832e-01,9.929078014184397616e-02,4.964539007092198808e-02,1.418439716312056703e-02,7.092198581560283516e-03,7.092198581560283516e-03,2.127659574468085055e-02,0.000000000000000000e+00,0.000000000000000000e+00,0.000000000000000000e+00,0.000000000000000000e+00,2.127659574468085055e-02
2.380952380952380820e-02,0.000000000000000000e+00,0.000000000000000000e+00,0.000000000000000000e+00,0.000000000000000000e+00,0.000000000000000000e+00,1.190476190476190410e-02,2.380952380952380820e-02,5.952380952380952051e-02,1.071428571428571369e-01,9.523809523809523281e-02,4.523809523809523836e-01,1.071428571428571369e-01,1.190476190476190410e-02,1.190476190476190410e-02,3.571428571428571230e-02,0.000000000000000000e+00,0.000000000000000000e+00,0.000000000000000000e+00,1.190476190476190410e-02,0.000000000000000000e+00,4.761904761904761640e-02
0.000000000000000000e+00,0.000000000000000000e+00,0.000000000000000000e+00,0.000000000000000000e+00,0.000000000000000000e+00,0.000000000000000000e+00,1.724137931034482735e-02,0.000000000000000000e+00,1.724137931034482735e-02,6.896551724137930939e-02,8.620689655172414367e-02,5.172413793103448204e-02,4.482758620689655249e-01,1.551724137931034531e-01,1.724137931034482735e-02,0.000000000000000000e+00,1.724137931034482735e-02,5.172413793103448204e-02,1.724137931034482735e-02,0.000000000000000000e+00,0.000000000000000000e+00,5.172413793103448204e-02
0.000000000000000000e+00,0.000000000000000000e+00,0.000000000000000000e+00,0.000000000000000000e+00,1.886792452830188607e-02,0.000000000000000000e+00,1.886792452830188607e-02,1.886792452830188607e-02,3.773584905660377214e-02,5.660377358490566169e-02,1.886792452830188607e-02,7.547169811320754429e-02,1.320754716981132060e-01,4.339622641509434109e-01,5.660377358490566169e-02,5.660377358490566169e-02,0.000000000000000000e+00,0.000000000000000000e+00,1.886792452830188607e-02,0.000000000000000000e+00,1.886792452830188607e-02,3.773584905660377214e-02
0.000000000000000000e+00,0.000000000000000000e+00,0.000000000000000000e+00,0.000000000000000000e+00,0.000000000000000000e+00,0.000000000000000000e+00,0.000000000000000000e+00,6.060606060606060774e-02,3.030303030303030387e-02,3.030303030303030387e-02,6.060606060606060774e-02,6.060606060606060774e-02,6.060606060606060774e-02,9.090909090909091161e-02,3.939393939393939226e-01,9.090909090909091161e-02,0.000000000000000000e+00,3.030303030303030387e-02,0.000000000000000000e+00,0.000000000000000000e+00,0.000000000000000000e+00,9.090909090909091161e-02
0.000000000000000000e+00,0.000000000000000000e+00,0.000000000000000000e+00,0.000000000000000000e+00,0.000000000000000000e+00,0.000000000000000000e+00,3.030303030303030387e-02,0.000000000000000000e+00,0.000000000000000000e+00,0.000000000000000000e+00,0.000000000000000000e+00,0.000000000000000000e+00,3.030303030303030387e-02,1.212121212121212155e-01,1.515151515151515194e-01,5.151515151515151381e-01,0.000000000000000000e+00,3.030303030303030387e-02,0.000000000000000000e+00,3.030303030303030387e-02,0.000000000000000000e+00,9.090909090909091161e-02
0.000000000000000000e+00,7.142857142857142461e-02,7.142857142857142461e-02,0.000000000000000000e+00,0.000000000000000000e+00,0.000000000000000000e+00,0.000000000000000000e+00,7.142857142857142461e-02,0.000000000000000000e+00,0.000000000000000000e+00,1.428571428571428492e-01,1.428571428571428492e-01,7.142857142857142461e-02,0.000000000000000000e+00,0.000000000000000000e+00,0.000000000000000000e+00,2.857142857142856984e-01,7.142857142857142461e-02,0.000000000000000000e+00,0.000000000000000000e+00,0.000000000000000000e+00,7.142857142857142461e-02
2.941176470588235253e-02,0.000000000000000000e+00,2.941176470588235253e-02,0.000000000000000000e+00,0.000000000000000000e+00,0.000000000000000000e+00,5.882352941176470507e-02,0.000000000000000000e+00,0.000000000000000000e+00,0.000000000000000000e+00,0.000000000000000000e+00,2.941176470588235253e-02,8.823529411764706454e-02,0.000000000000000000e+00,0.000000000000000000e+00,0.000000000000000000e+00,8.823529411764706454e-02,5.294117647058823595e-01,5.882352941176470507e-02,5.882352941176470507e-02,0.000000000000000000e+00,2.941176470588235253e-02
0.000000000000000000e+00,0.000000000000000000e+00,0.000000000000000000e+00,0.000000000000000000e+00,0.000000000000000000e+00,0.000000000000000000e+00,0.000000000000000000e+00,0.000000000000000000e+00,0.000000000000000000e+00,1.000000000000000056e-01,0.000000000000000000e+00,1.000000000000000056e-01,1.000000000000000056e-01,1.000000000000000056e-01,0.000000000000000000e+00,0.000000000000000000e+00,0.000000000000000000e+00,1.000000000000000056e-01,2.999999999999999889e-01,1.000000000000000056e-01,0.000000000000000000e+00,1.000000000000000056e-01
0.000000000000000000e+00,5.263157894736841813e-02,0.000000000000000000e+00,0.000000000000000000e+00,0.000000000000000000e+00,0.000000000000000000e+00,0.000000000000000000e+00,0.000000000000000000e+00,0.000000000000000000e+00,0.000000000000000000e+00,0.000000000000000000e+00,1.052631578947368363e-01,1.052631578947368363e-01,0.000000000000000000e+00,0.000000000000000000e+00,0.000000000000000000e+00,0.000000000000000000e+00,1.052631578947368363e-01,0.000000000000000000e+00,4.210526315789473450e-01,0.000000000000000000e+00,2.105263157894736725e-01
0.000000000000000000e+00,0.000000000000000000e+00,0.000000000000000000e+00,0.000000000000000000e+00,0.000000000000000000e+00,0.000000000000000000e+00,0.000000000000000000e+00,0.000000000000000000e+00,0.000000000000000000e+00,0.000000000000000000e+00,0.000000000000000000e+00,0.000000000000000000e+00,0.000000000000000000e+00,0.000000000000000000e+00,0.000000000000000000e+00,2.500000000000000000e-01,0.000000000000000000e+00,0.000000000000000000e+00,0.000000000000000000e+00,2.500000000000000000e-01,2.500000000000000000e-01,2.500000000000000000e-01
1.234567901234567833e-02,0.000000000000000000e+00,0.000000000000000000e+00,1.234567901234567833e-02,1.234567901234567833e-02,1.234567901234567833e-02,2.469135802469135665e-02,2.469135802469135665e-02,1.234567901234567833e-02,0.000000000000000000e+00,8.641975308641974829e-02,1.234567901234567833e-02,3.703703703703703498e-02,2.469135802469135665e-02,3.703703703703703498e-02,3.703703703703703498e-02,1.234567901234567833e-02,1.234567901234567833e-02,1.234567901234567833e-02,9.876543209876542662e-02,3.703703703703703498e-02,4.814814814814814548e-01
