5.833333333333333703e-01,8.333333333333332871e-02,4.166666666666666435e-02,0.000000000000000000e+00,4.166666666666666435e-02,8.333333333333332871e-02,4.166666666666666435e-02,4.166666666666666435e-02,0.000000000000000000e+00,4.166666666666666435e-02,0.000000000000000000e+00,0.000000000000000000e+00,0.000000000000000000e+00,0.000000000000000000e+00,0.000000000000000000e+00,0.000000000000000000e+00,0.000000000000000000e+00,0.000000000000000000e+00,0.000000000000000000e+00,0.000000000000000000e+00,0.000000000000000000e+00,4.166666666666666435e-02
2.500000000000000000e-01,4.166666666666666852e-01,1.666666666666666574e-01,8.333333333333332871e-02,0.000000000000000000e+00,0.000000000000000000e+00,0.000000000000000000e+00,0.000000000000000000e+00,8.333333333333332871e-02,0.000000000000000000e+00,0.000000000000000000e+00,0.000000000000000000e+00,0.000000000000000000e+00,0.000000000000000000e+00,0.000000000000000000e+00,0.000000000000000000e+00,0.000000000000000000e+00,0.000000000000000000e+00,0.000000000000000000e+00,0.000000000000000000e+00,0.000000000000000000e+00,0.000000000000000000e+00
5.263157894736841813e-02,1.052631578947368363e-01,5.263157894736841813e-01,2.105263157894736725e-01,5.263157894736841813e-02,0.000000000000000000e+00,0.000000000000000000e+00,0.000000000000000000e+00,5.263157894736841813e-02,0.000000000000000000e+00,0.000000000000000000e+00,0.000000000000000000e+00,0.000000000000000000e+00,0.000000000000000000e+00,0.000000000000000000e+00,0.000000000000000000e+00,0.000000000000000000e+00,0.000000000000000000e+00,0.000000000000000000e+00,0.000000000000000000e+00,0.000000000000000000e+00,0.000000000000000000e+00
1.886792452830188607e-02,1.886792452830188607e-02,7.547169811320754429e-02,6.415094339622641195e-01,1.320754716981132060e-01,1.886792452830188607e-02,0.000000000000000000e+00,0.000000000000000000e+00,3.773584905660377214e-02,1.886792452830188607e-02,3.773584905660377214e-02,0.000000000000000000e+00,0.000000000000000000e+00,0.000000000000000000e+00,0.000000000000000000e+00,0.000000000000000000e+00,0.000000000000000000e+00,0.000000000000000000e+00,0.000000000000000000e+00,0.000000000000000000e+00,0.000000000000000000e+00,0.000000000000000000e+00
4.545454545454545581e-02,4.545454545454545581e-02,0.000000000000000000e+00,2.727272727272727071e-01,3.181818181818181768e-01,1.363636363636363535e-01,4.545454545454545581e-02,1.363636363636363535e-01,0.000000000000000000e+00,0.000000000000000000e+00,0.000000000000000000e+00,0.000000000000000000e+00,0.000000000000000000e+00,0.000000000000000000e+00,0.000000000000000000e+00,0.000000000000000000e+00,0.000000000000000000e+00,0.000000000000000000e+00,0.000000000000000000e+00,0.000000000000000000e+00,0.000000000000000000e+00,0.000000000000000000e+00
5.454545454545454281e-02,0.000000000000000000e+00,0.000000000000000000e+00,0.000000000000000000e+00,5.454545454545454281e-02,6.727272727272727293e-01,1.454545454545454475e-01,5.454545454545454281e-02,0.000000000000000000e+00,0.000000000000000000e+00,1.818181818181818094e-02,0.000000000000000000e+00,0.000000000000000000e+00,0.000000000000000000e+00,0.000000000000000000e+00,0.000000000000000000e+00,0.000000000000000000e+00,0.000000000000000000e+00,0.000000000000000000e+00,0.000000000000000000e+00,0.000000000000000000e+00,0.000000000000000000e+00
0.000000000000000000e+00,0.000000000000000000e+00,1.086956521739130405e-02,0.000000000000000000e+00,2.173913043478260809e-02,6.521739130434782428e-02,6.413043478260869179e-01,1.304347826086956486e-01,5.434782608695652023e-02,5.434782608695652023e-02,0.000000000000000000e+00,0.000000000000000000e+00,0.000000000000000000e+00,0.000000000000000000e+00,1.086956521739130405e-02,0.000000000000000000e+00,0.000000000000000000e+00,0.000000000000000000e+00,0.000000000000000000e+00,0.000000000000000000e+00,0.000000000000000000e+00,1.086956521739130405e-02
6.097560975609756309e-03,0.000000000000000000e+00,0.000000000000000000e+00,6.097560975609756309e-03,1.829268292682926719e-02,1.219512195121951262e-02,7.317073170731706877e-02,7.012195121951219079e-01,1.097560975609756101e-01,3.658536585365853439e-02,2.439024390243902524e-02,6.097560975609756309e-03,6.097560975609756309e-03,0.000000000000000000e+00,0.000000000000000000e+00,0.000000000000000000e+00,0.000000000000000000e+00,0.000000000000000000e+00,0.000000000000000000e+00,0.000000000000000000e+00,0.000000000000000000e+00,0.000000000000000000e+00
4.291845493562231745e-03,4.291845493562231745e-03,8.583690987124463490e-03,8.583690987124463490e-03,0.000000000000000000e+00,4.291845493562231745e-03,8.583690987124463490e-03,7.296137339055794313e-02,7.210300429184549609e-01,1.201716738197424889e-01,2.145922746781115872e-02,1.716738197424892698e-02,0.000000000000000000e+00,0.000000000000000000e+00,0.000000000000000000e+00,0.000000000000000000e+00,0.000000000000000000e+00,0.000000000000000000e+00,0.000000000000000000e+00,0.000000000000000000e+00,0.000000000000000000e+00,8.583690987124463490e-03
0.000000000000000000e+00,0.000000000000000000e+00,4.201680672268907381e-03,0.000000000000000000e+00,0.000000000000000000e+00,0.000000000000000000e+00,1.260504201680672301e-02,2.100840336134453951e-02,1.134453781512605036e-01,6.428571428571429047e-01,1.344537815126050362e-01,2.100840336134453951e-02,2.941176470588235253e-02,4.201680672268907381e-03,4.201680672268907381e-03,0.000000000000000000e+00,0.000000000000000000e+00,0.000000000000000000e+00,0.000000000000000000e+00,0.000000000000000000e+00,0.000000000000000000e+00,1.260504201680672301e-02
4.329004329004329001e-03,0.000000000000000000e+00,0.000000000000000000e+00,8.658008658008658001e-03,0.000000000000000000e+00,4.329004329004329001e-03,4.329004329004329001e-03,1.298701298701298787e-02,2.597402597402597574e-02,1.385281385281385280e-01,6.666666666666666297e-01,7.359307359307359908e-02,2.597402597402597574e-02,1.731601731601731600e-02,4.329004329004329001e-03,0.000000000000000000e+00,0.000000000000000000e+00,0.000000000000000000e+00,4.329004329004329001e-03,0.000000000000000000e+00,0.000000000000000000e+00,8.658008658008658001e-03
0.000000000000000000e+00,0.000000000000000000e+00,0.000000000000000000e+00,0.000000000000000000e+00,0.000000000000000000e+00,0.000000000000000000e+00,0.000000000000000000e+00,2.362204724409448786e-02,2.362204724409448786e-02,5.511811023622047168e-02,9.448818897637795144e-02,6.299212598425196763e-01,9.448818897637795144e-02,1.574803149606299191e-02,7.874015748031495954e-03,7.874015748031495954e-03,0.000000000000000000e+00,7.874015748031495954e-03,7.874015748031495954e-03,7.874015748031495954e-03,0.000000000000000000e+00,2.362204724409448786e-02
0.000000000000000000e+00,0.000000000000000000e+00,0.000000000000000000e+00,0.000000000000000000e+00,0.000000000000000000e+00,0.000000000000000000e+00,0.000000000000000000e+00,8.403361344537814762e-03,2.521008403361344602e-02,1.680672268907562952e-02,6.722689075630251809e-02,1.344537815126050362e-01,6.050420168067226490e-01,9.243697478991597105e-02,1.680672268907562952e-02,0.000000000000000000e+00,8.403361344537814762e-03,8.403361344537814762e-03,0.000000000000000000e+00,0.000000000000000000e+00,0.000000000000000000e+00,1.680672268907562952e-02
0.000000000000000000e+00,0.000000000000000000e+00,0.000000000000000000e+00,0.000000000000000000e+00,0.000000000000000000e+00,0.000000000000000000e+00,0.000000000000000000e+00,0.000000000000000000e+00,1.587301587301587213e-02,4.761904761904761640e-02,7.936507936507936067e-02,1.587301587301587213e-02,1.111111111111111049e-01,5.873015873015873245e-01,7.936507936507936067e-02,0.000000000000000000e+00,1.587301587301587213e-02,0.000000000000000000e+00,1.587301587301587213e-02,1.587301587301587213e-02,0.000000000000000000e+00,1.587301587301587213e-02
5.000000000000000278e-02,0.000000000000000000e+00,0.000000000000000000e+00,0.000000000000000000e+00,0.000000000000000000e+00,0.000000000000000000e+00,0.000000000000000000e+00,0.000000000000000000e+00,5.000000000000000278e-02,5.000000000000000278e-02,0.000000000000000000e+00,0.000000000000000000e+00,2.500000000000000000e-01,1.000000000000000056e-01,2.999999999999999889e-01,5.000000000000000278e-02,0.000000000000000000e+00,1.000000000000000056e-01,0.000000000000000000e+00,5.000000000000000278e-02,0.000000000000000000e+00,0.000000000000000000e+00
0.000000000000000000e+00,0.000000000000000000e+00,7.692307692307692735e-02,0.000000000000000000e+00,0.000000000000000000e+00,0.000000000000000000e+00,0.000000000000000000e+00,0.000000000000000000e+00,0.000000000000000000e+00,0.000000000000000000e+00,0.000000000000000000e+00,7.692307692307692735e-02,7.692307692307692735e-02,1.538461538461538547e-01,1.538461538461538547e-01,3.076923076923077094e-01,7.692307692307692735e-02,7.692307692307692735e-02,0.000000000000000000e+00,0.000000000000000000e+00,0.000000000000000000e+00,0.000000000000000000e+00
0.000000000000000000e+00,0.000000000000000000e+00,0.000000000000000000e+00,0.000000000000000000e+00,0.000000000000000000e+00,0.000000000000000000e+00,0.000000000000000000e+00,0.000000000000000000e+00,0.000000000000000000e+00,0.000000000000000000e+00,0.000000000000000000e+00,0.000000000000000000e+00,0.000000000000000000e+00,0.000000000000000000e+00,0.000000000000000000e+00,0.000000000000000000e+00,7.647058823529411242e-01,1.176470588235294101e-01,0.000000000000000000e+00,0.000000000000000000e+00,5.882352941176470507e-02,5.882352941176470507e-02
0.000000000000000000e+00,0.000000000000000000e+00,0.000000000000000000e+00,0.000000000000000000e+00,0.000000000000000000e+00,0.000000000000000000e+00,4.761904761904761640e-02,4.761904761904761640e-02,0.000000000000000000e+00,0.000000000000000000e+00,0.000000000000000000e+00,4.761904761904761640e-02,0.000000000000000000e+00,0.000000000000000000e+00,0.000000000000000000e+00,4.761904761904761640e-02,9.523809523809523281e-02,4.285714285714285476e-01,9.523809523809523281e-02,0.000000000000000000e+00,9.523809523809523281e-02,9.523809523809523281e-02
0.000000000000000000e+00,0.000000000000000000e+00,0.000000000000000000e+00,0.000000000000000000e+00,0.000000000000000000e+00,0.000000000000000000e+00,0.000000000000000000e+00,0.000000000000000000e+00,0.000000000000000000e+00,0.000000000000000000e+00,0.000000000000000000e+00,9.090909090909091161e-02,0.000000000000000000e+00,0.000000000000000000e+00,0.000000000000000000e+00,0.000000000000000000e+00,0.000000000000000000e+00,1.818181818181818232e-01,4.545454545454545303e-01,0.000000000000000000e+00,0.000000000000000000e+00,2.727272727272727071e-01
0.000000000000000000e+00,0.000000000000000000e+00,0.000000000000000000e+00,0.000000000000000000e+00,0.000000000000000000e+00,0.000000000000000000e+00,0.000000000000000000e+00,0.000000000000000000e+00,0.000000000000000000e+00,0.000000000000000000e+00,0.000000000000000000e+00,0.000000000000000000e+00,1.000000000000000056e-01,1.000000000000000056e-01,0.000000000000000000e+00,1.000000000000000056e-01,0.000000000000000000e+00,1.000000000000000056e-01,1.000000000000000056e-01,4.000000000000000222e-01,0.000000000000000000e+00,1.000000000000000056e-01
0.000000000000000000e+00,0.000000000000000000e+00,0.000000000000000000e+00,0.000000000000000000e+00,0.000000000000000000e+00,0.000000000000000000e+00,0.000000000000000000e+00,0.000000000000000000e+00,0.000000000000000000e+00,0.000000000000000000e+00,0.000000000000000000e+00,0.000000000000000000e+00,0.000000000000000000e+00,2.500000000000000000e-01,0.000000000000000000e+00,0.000000000000000000e+00,0.000000000000000000e+00,0.000000000000000000e+00,0.000000000000000000e+00,2.500000000000000000e-01,2.500000000000000000e-01,2.500000000000000000e-01
0.000000000000000000e+00,0.000000000000000000e+00,0.000000000000000000e+00,0.000000000000000000e+00,0.000000000000000000e+00,0.000000000000000000e+00,3.448275862068965469e-02,0.000000000000000000e+00,1.724137931034482735e-02,3.448275862068965469e-02,3.448275862068965469e-02,6.896551724137930939e-02,8.620689655172414367e-02,1.724137931034482735e-02,1.724137931034482735e-02,1.724137931034482735e-02,1.724137931034482735e-02,3.448275862068965469e-02,3.448275862068965469e-02,1.724137931034482735e-02,0.000000000000000000e+00,5.689655172413793371e-01
