5.714285714285713969e-01,9.523809523809523281e-02,0.000000000000000000e+00,0.000000000000000000e+00,4.761904761904761640e-02,0.000000000000000000e+00,1.428571428571428492e-01,0.000000000000000000e+00,0.000000000000000000e+00,0.000000000000000000e+00,0.000000000000000000e+00,9.523809523809523281e-02,0.000000000000000000e+00,0.000000000000000000e+00,0.000000000000000000e+00,0.000000000000000000e+00,0.000000000000000000e+00,0.000000000000000000e+00,0.000000000000000000e+00,0.000000000000000000e+00,4.761904761904761640e-02,0.000000000000000000e+00
4.000000000000000222e-01,4.000000000000000222e-01,0.000000000000000000e+00,0.000000000000000000e+00,0.000000000000000000e+00,0.000000000000000000e+00,0.000000000000000000e+00,1.000000000000000056e-01,0.000000000000000000e+00,0.000000000000000000e+00,0.000000000000000000e+00,0.000000000000000000e+00,0.000000000000000000e+00,0.000000000000000000e+00,0.000000000000000000e+00,0.000000000000000000e+00,0.000000000000000000e+00,0.000000000000000000e+00,0.000000000000000000e+00,1.000000000000000056e-01,0.000000000000000000e+00,0.000000000000000000e+00
0.000000000000000000e+00,2.000000000000000111e-01,1.000000000000000056e-01,2.999999999999999889e-01,0.000000000000000000e+00,0.000000000000000000e+00,1.000000000000000056e-01,0.000000000000000000e+00,0.000000000000000000e+00,1.000000000000000056e-01,0.000000000000000000e+00,1.000000000000000056e-01,1.000000000000000056e-01,0.000000000000000000e+00,0.000000000000000000e+00,0.000000000000000000e+00,0.000000000000000000e+00,0.000000000000000000e+00,0.000000000000000000e+00,0.000000000000000000e+00,0.000000000000000000e+00,0.000000000000000000e+00
4.347826086956521618e-02,0.000000000000000000e+00,8.695652173913043237e-02,3.913043478260869734e-01,1.304347826086956486e-01,4.347826086956521618e-02,4.347826086956521618e-02,4.347826086956521618e-02,8.695652173913043237e-02,0.000000000000000000e+00,4.347826086956521618e-02,4.347826086956521618e-02,0.000000000000000000e+00,0.000000000000000000e+00,4.347826086956521618e-02,0.000000000000000000e+00,0.000000000000000000e+00,0.000000000000000000e+00,0.000000000000000000e+00,0.000000000000000000e+00,0.000000000000000000e+00,0.000000000000000000e+00
2.439024390243902524e-02,4.878048780487805047e-02,2.439024390243902524e-02,1.219512195121951192e-01,3.658536585365853577e-01,7.317073170731706877e-02,9.756097560975610095e-02,2.439024390243902524e-02,4.878048780487805047e-02,2.439024390243902524e-02,2.439024390243902524e-02,4.878048780487805047e-02,0.000000000000000000e+00,0.000000000000000000e+00,0.000000000000000000e+00,0.000000000000000000e+00,0.000000000000000000e+00,2.439024390243902524e-02,0.000000000000000000e+00,0.000000000000000000e+00,2.439024390243902524e-02,2.439024390243902524e-02
2.531645569620253125e-02,0.000000000000000000e+00,0.000000000000000000e+00,2.531645569620253125e-02,6.329113924050633333e-02,6.582278481012657778e-01,1.265822784810126667e-01,1.265822784810126563e-02,0.000000000000000000e+00,1.265822784810126563e-02,3.797468354430379861e-02,2.531645569620253125e-02,0.000000000000000000e+00,0.000000000000000000e+00,0.000000000000000000e+00,0.000000000000000000e+00,0.000000000000000000e+00,1.265822784810126563e-02,0.000000000000000000e+00,0.000000000000000000e+00,0.000000000000000000e+00,0.000000000000000000e+00
1.538461538461538547e-02,0.000000000000000000e+00,0.000000000000000000e+00,0.000000000000000000e+00,9.230769230769231282e-02,1.384615384615384692e-01,4.307692307692307931e-01,9.230769230769231282e-02,9.230769230769231282e-02,4.615384615384615641e-02,3.076923076923077094e-02,3.076923076923077094e-02,3.076923076923077094e-02,0.000000000000000000e+00,0.000000000000000000e+00,0.000000000000000000e+00,0.000000000000000000e+00,0.000000000000000000e+00,0.000000000000000000e+00,0.000000000000000000e+00,0.000000000000000000e+00,0.000000000000000000e+00
6.535947712418300852e-03,0.000000000000000000e+00,6.535947712418300852e-03,6.535947712418300852e-03,2.614379084967320341e-02,2.614379084967320341e-02,5.882352941176470507e-02,5.620915032679738577e-01,1.176470588235294101e-01,9.803921568627450844e-02,5.228758169934640682e-02,1.960784313725490169e-02,0.000000000000000000e+00,0.000000000000000000e+00,6.535947712418300852e-03,0.000000000000000000e+00,0.000000000000000000e+00,0.000000000000000000e+00,0.000000000000000000e+00,0.000000000000000000e+00,0.000000000000000000e+00,1.307189542483660170e-02
0.000000000000000000e+00,0.000000000000000000e+00,0.000000000000000000e+00,0.000000000000000000e+00,1.648351648351648394e-02,5.494505494505494934e-03,3.846153846153846367e-02,1.318681318681318715e-01,5.549450549450549719e-01,1.263736263736263687e-01,7.142857142857142461e-02,3.296703296703296787e-02,1.098901098901098987e-02,5.494505494505494934e-03,5.494505494505494934e-03,0.000000000000000000e+00,0.000000000000000000e+00,0.000000000000000000e+00,0.000000000000000000e+00,0.000000000000000000e+00,0.000000000000000000e+00,0.000000000000000000e+00
0.000000000000000000e+00,0.000000000000000000e+00,0.000000000000000000e+00,0.000000000000000000e+00,0.000000000000000000e+00,1.333333333333333419e-02,1.333333333333333419e-02,6.222222222222222043e-02,1.244444444444444409e-01,5.555555555555555802e-01,1.422222222222222221e-01,3.111111111111111022e-02,3.111111111111111022e-02,8.888888888888888881e-03,4.444444444444444441e-03,4.444444444444444441e-03,0.000000000000000000e+00,0.000000000000000000e+00,0.000000000000000000e+00,0.000000000000000000e+00,0.000000000000000000e+00,8.888888888888888881e-03
0.000000000000000000e+00,0.000000000000000000e+00,0.000000000000000000e+00,0.000000000000000000e+00,2.808988764044943742e-03,0.000000000000000000e+00,2.808988764044943742e-03,3.651685393258426865e-02,3.370786516853932491e-02,1.123595505617977497e-01,6.769662921348315043e-01,6.741573033707864981e-02,2.247191011235954994e-02,2.247191011235954994e-02,8.426966292134831227e-03,8.426966292134831227e-03,0.000000000000000000e+00,2.808988764044943742e-03,0.000000000000000000e+00,0.000000000000000000e+00,0.000000000000000000e+00,2.808988764044943742e-03
0.000000000000000000e+00,0.000000000000000000e+00,5.586592178770949900e-03,0.000000000000000000e+00,0.000000000000000000e+00,0.000000000000000000e+00,5.586592178770949900e-03,5.586592178770949900e-03,2.234636871508379960e-02,6.145251396648044456e-02,2.290502793296089468e-01,5.027932960893854997e-01,1.061452513966480438e-01,1.117318435754189980e-02,5.586592178770949900e-03,1.675977653631284883e-02,1.675977653631284883e-02,0.000000000000000000e+00,0.000000000000000000e+00,5.586592178770949900e-03,0.000000000000000000e+00,5.586592178770949900e-03
0.000000000000000000e+00,0.000000000000000000e+00,0.000000000000000000e+00,0.000000000000000000e+00,0.000000000000000000e+00,0.000000000000000000e+00,1.190476190476190410e-02,0.000000000000000000e+00,2.380952380952380820e-02,5.952380952380952051e-02,1.309523809523809590e-01,3.095238095238095344e-01,2.976190476190476164e-01,5.952380952380952051e-02,2.380952380952380820e-02,1.190476190476190410e-02,2.380952380952380820e-02,1.190476190476190410e-02,1.190476190476190410e-02,0.000000000000000000e+00,0.000000000000000000e+00,2.380952380952380820e-02
0.000000000000000000e+00,0.000000000000000000e+00,0.000000000000000000e+00,0.000000000000000000e+00,0.000000000000000000e+00,0.000000000000000000e+00,0.000000000000000000e+00,0.000000000000000000e+00,1.886792452830188607e-02,5.660377358490566169e-02,7.547169811320754429e-02,9.433962264150944077e-02,1.886792452830188815e-01,4.339622641509434109e-01,0.000000000000000000e+00,3.773584905660377214e-02,0.000000000000000000e+00,0.000000000000000000e+00,0.000000000000000000e+00,3.773584905660377214e-02,3.773584905660377214e-02,1.886792452830188607e-02
0.000000000000000000e+00,0.000000000000000000e+00,0.000000000000000000e+00,0.000000000000000000e+00,0.000000000000000000e+00,0.000000000000000000e+00,0.000000000000000000e+00,0.000000000000000000e+00,0.000000000000000000e+00,3.846153846153846367e-02,1.153846153846153910e-01,1.153846153846153910e-01,1.153846153846153910e-01,1.538461538461538547e-01,3.846153846153846367e-01,7.692307692307692735e-02,0.000000000000000000e+00,0.000000000000000000e+00,0.000000000000000000e+00,0.000000000000000000e+00,0.000000000000000000e+00,0.000000000000000000e+00
0.000000000000000000e+00,0.000000000000000000e+00,0.000000000000000000e+00,0.000000000000000000e+00,0.000000000000000000e+00,0.000000000000000000e+00,0.000000000000000000e+00,0.000000000000000000e+00,3.225806451612903136e-02,0.000000000000000000e+00,9.677419354838709409e-02,3.225806451612903136e-02,1.290322580645161255e-01,1.612903225806451568e-01,9.677419354838709409e-02,3.225806451612903136e-01,6.451612903225806273e-02,3.225806451612903136e-02,0.000000000000000000e+00,0.000000000000000000e+00,0.000000000000000000e+00,3.225806451612903136e-02
0.000000000000000000e+00,0.000000000000000000e+00,0.000000000000000000e+00,0.000000000000000000e+00,8.333333333333332871e-02,0.000000000000000000e+00,0.000000000000000000e+00,0.000000000000000000e+00,8.333333333333332871e-02,0.000000000000000000e+00,8.333333333333332871e-02,1.666666666666666574e-01,1.666666666666666574e-01,0.000000000000000000e+00,8.333333333333332871e-02,1.666666666666666574e-01,1.666666666666666574e-01,0.000000000000000000e+00,0.000000000000000000e+00,0.000000000000000000e+00,0.000000000000000000e+00,0.000000000000000000e+00
0.000000000000000000e+00,0.000000000000000000e+00,0.000000000000000000e+00,0.000000000000000000e+00,0.000000000000000000e+00,0.000000000000000000e+00,0.000000000000000000e+00,0.000000000000000000e+00,0.000000000000000000e+00,0.000000000000000000e+00,0.000000000000000000e+00,1.250000000000000000e-01,0.000000000000000000e+00,2.500000000000000000e-01,1.250000000000000000e-01,1.250000000000000000e-01,0.000000000000000000e+00,2.500000000000000000e-01,0.000000000000000000e+00,0.000000000000000000e+00,0.000000000000000000e+00,1.250000000000000000e-01
0.000000000000000000e+00,0.000000000000000000e+00,0.000000000000000000e+00,0.000000000000000000e+00,0.000000000000000000e+00,0.000000000000000000e+00,0.000000000000000000e+00,0.000000000000000000e+00,0.000000000000000000e+00,0.000000000000000000e+00,0.000000000000000000e+00,2.500000000000000000e-01,0.000000000000000000e+00,0.000000000000000000e+00,2.500000000000000000e-01,0.000000000000000000e+00,0.000000000000000000e+00,0.000000000000000000e+00,0.000000000000000000e+00,0.000000000000000000e+00,0.000000000000000000e+00,5.000000000000000000e-01
0.000000000000000000e+00,0.000000000000000000e+00,0.000000000000000000e+00,0.000000000000000000e+00,0.000000000000000000e+00,0.000000000000000000e+00,0.000000000000000000e+00,0.000000000000000000e+00,0.000000000000000000e+00,0.000000000000000000e+00,0.000000000000000000e+00,4.000000000000000222e-01,0.000000000000000000e+00,0.000000000000000000e+00,0.000000000000000000e+00,0.000000000000000000e+00,2.000000000000000111e-01,0.000000000000000000e+00,0.000000000000000000e+00,0.000000000000000000e+00,2.000000000000000111e-01,2.000000000000000111e-01
0.000000000000000000e+00,0.000000000000000000e+00,0.000000000000000000e+00,0.000000000000000000e+00,0.000000000000000000e+00,0.000000000000000000e+00,0.000000000000000000e+00,0.000000000000000000e+00,0.000000000000000000e+00,0.000000000000000000e+00,0.000000000000000000e+00,5.000000000000000000e-01,0.000000000000000000e+00,0.000000000000000000e+00,0.000000000000000000e+00,2.500000000000000000e-01,0.000000000000000000e+00,0.000000000000000000e+00,0.000000000000000000e+00,0.000000000000000000e+00,0.000000000000000000e+00,2.500000000000000000e-01
0.000000000000000000e+00,0.000000000000000000e+00,0.000000000000000000e+00,0.000000000000000000e+00,2.857142857142857054e-02,0.000000000000000000e+00,0.000000000000000000e+00,0.000000000000000000e+00,2.857142857142857054e-02,5.714285714285714107e-02,5.714285714285714107e-02,2.857142857142857054e-02,5.714285714285714107e-02,8.571428571428571508e-02,2.857142857142857054e-02,5.714285714285714107e-02,0.000000000000000000e+00,5.714285714285714107e-02,5.714285714285714107e-02,5.714285714285714107e-02,0.000000000000000000e+00,4.000000000000000222e-01
