4.000000000000000222e-01,0.000000000000000000e+00,0.000000000000000000e+00,0.000000000000000000e+00,2.000000000000000111e-01,1.000000000000000056e-01,2.000000000000000111e-01,0.000000000000000000e+00,1.000000000000000056e-01,0.000000000000000000e+00,0.000000000000000000e+00,0.000000000000000000e+00,0.000000000000000000e+00,0.000000000000000000e+00,0.000000000000000000e+00,0.000000000000000000e+00,0.000000000000000000e+00,0.000000000000000000e+00,0.000000000000000000e+00,0.000000000000000000e+00,0.000000000000000000e+00,0.000000000000000000e+00
1.000000000000000000e+00,0.000000000000000000e+00,0.000000000000000000e+00,0.000000000000000000e+00,0.000000000000000000e+00,0.000000000000000000e+00,0.000000000000000000e+00,0.000000000000000000e+00,0.000000000000000000e+00,0.000000000000000000e+00,0.000000000000000000e+00,0.000000000000000000e+00,0.000000000000000000e+00,0.000000000000000000e+00,0.000000000000000000e+00,0.000000000000000000e+00,0.000000000000000000e+00,0.000000000000000000e+00,0.000000000000000000e+00,0.000000000000000000e+00,0.000000000000000000e+00,0.000000000000000000e+00
0.000000000000000000e+00,0.000000000000000000e+00,4.000000000000000222e-01,2.000000000000000111e-01,4.000000000000000222e-01,0.000000000000000000e+00,0.000000000000000000e+00,0.000000000000000000e+00,0.000000000000000000e+00,0.000000000000000000e+00,0.000000000000000000e+00,0.000000000000000000e+00,0.000000000000000000e+00,0.000000000000000000e+00,0.000000000000000000e+00,0.000000000000000000e+00,0.000000000000000000e+00,0.000000000000000000e+00,0.000000000000000000e+00,0.000000000000000000e+00,0.000000000000000000e+00,0.000000000000000000e+00
0.000000000000000000e+00,0.000000000000000000e+00,9.090909090909091161e-02,1.818181818181818232e-01,2.727272727272727071e-01,9.090909090909091161e-02,9.090909090909091161e-02,9.090909090909091161e-02,9.090909090909091161e-02,9.090909090909091161e-02,0.000000000000000000e+00,0.000000000000000000e+00,0.000000000000000000e+00,0.000000000000000000e+00,0.000000000000000000e+00,0.000000000000000000e+00,0.000000000000000000e+00,0.000000000000000000e+00,0.000000000000000000e+00,0.000000000000000000e+00,0.000000000000000000e+00,0.000000000000000000e+00
0.000000000000000000e+00,2.380952380952380820e-02,2.380952380952380820e-02,7.142857142857142461e-02,5.952380952380952328e-01,9.523809523809523281e-02,7.142857142857142461e-02,4.761904761904761640e-02,2.380952380952380820e-02,2.380952380952380820e-02,0.000000000000000000e+00,2.380952380952380820e-02,0.000000000000000000e+00,0.000000000000000000e+00,0.000000000000000000e+00,0.000000000000000000e+00,0.000000000000000000e+00,0.000000000000000000e+00,0.000000000000000000e+00,0.000000000000000000e+00,0.000000000000000000e+00,0.000000000000000000e+00
1.818181818181818094e-02,0.000000000000000000e+00,0.000000000000000000e+00,1.818181818181818094e-02,5.454545454545454281e-02,5.636363636363636020e-01,9.090909090909091161e-02,1.272727272727272596e-01,1.818181818181818094e-02,5.454545454545454281e-02,3.636363636363636187e-02,1.818181818181818094e-02,0.000000000000000000e+00,0.000000000000000000e+00,0.000000000000000000e+00,0.000000000000000000e+00,0.000000000000000000e+00,0.000000000000000000e+00,0.000000000000000000e+00,0.000000000000000000e+00,0.000000000000000000e+00,0.000000000000000000e+00
5.263157894736841813e-02,0.000000000000000000e+00,0.000000000000000000e+00,0.000000000000000000e+00,2.631578947368420907e-02,6.578947368421052266e-02,4.736842105263157632e-01,1.842105263157894635e-01,3.947368421052631360e-02,5.263157894736841813e-02,3.947368421052631360e-02,1.315789473684210453e-02,2.631578947368420907e-02,0.000000000000000000e+00,0.000000000000000000e+00,0.000000000000000000e+00,1.315789473684210453e-02,0.000000000000000000e+00,0.000000000000000000e+00,0.000000000000000000e+00,0.000000000000000000e+00,1.315789473684210453e-02
7.518796992481202590e-03,0.000000000000000000e+00,7.518796992481202590e-03,3.007518796992481036e-02,7.518796992481202590e-03,1.503759398496240518e-02,7.518796992481202590e-02,4.736842105263157632e-01,2.330827067669172803e-01,6.766917293233082331e-02,3.007518796992481036e-02,3.759398496240601295e-02,0.000000000000000000e+00,0.000000000000000000e+00,0.000000000000000000e+00,7.518796992481202590e-03,0.000000000000000000e+00,0.000000000000000000e+00,0.000000000000000000e+00,0.000000000000000000e+00,0.000000000000000000e+00,7.518796992481202590e-03
1.169590643274853736e-02,0.000000000000000000e+00,0.000000000000000000e+00,5.847953216374268681e-03,5.847953216374268681e-03,1.754385964912280604e-02,2.339181286549707472e-02,9.941520467836256758e-02,5.146198830409356439e-01,1.929824561403508665e-01,8.771929824561403022e-02,2.339181286549707472e-02,5.847953216374268681e-03,5.847953216374268681e-03,5.847953216374268681e-03,0.000000000000000000e+00,0.000000000000000000e+00,0.000000000000000000e+00,0.000000000000000000e+00,0.000000000000000000e+00,0.000000000000000000e+00,0.000000000000000000e+00
0.000000000000000000e+00,0.000000000000000000e+00,0.000000000000000000e+00,0.000000000000000000e+00,1.694915254237288130e-02,8.474576271186440649e-03,1.271186440677966184e-02,2.966101694915254314e-02,7.203389830508474811e-02,5.211864406779661563e-01,2.372881355932203451e-01,7.203389830508474811e-02,4.237288135593220324e-03,8.474576271186440649e-03,0.000000000000000000e+00,4.237288135593220324e-03,4.237288135593220324e-03,4.237288135593220324e-03,0.000000000000000000e+00,0.000000000000000000e+00,0.000000000000000000e+00,4.237288135593220324e-03
1.079136690647482071e-02,0.000000000000000000e+00,7.194244604316547137e-03,7.194244604316547137e-03,1.798561151079136611e-02,1.798561151079136611e-02,2.158273381294964141e-02,3.237410071942446038e-02,2.877697841726618855e-02,1.151079136690647542e-01,4.964028776978417490e-01,1.762589928057553823e-01,3.237410071942446038e-02,2.158273381294964141e-02,3.597122302158273568e-03,0.000000000000000000e+00,3.597122302158273568e-03,0.000000000000000000e+00,0.000000000000000000e+00,0.000000000000000000e+00,0.000000000000000000e+00,7.194244604316547137e-03
0.000000000000000000e+00,0.000000000000000000e+00,0.000000000000000000e+00,3.759398496240601295e-03,0.000000000000000000e+00,7.518796992481202590e-03,3.759398496240601295e-03,3.007518796992481036e-02,3.383458646616541166e-02,4.887218045112781684e-02,1.240601503759398427e-01,6.052631578947368363e-01,1.127819548872180389e-01,1.127819548872180389e-02,1.127819548872180389e-02,7.518796992481202590e-03,0.000000000000000000e+00,0.000000000000000000e+00,0.000000000000000000e+00,0.000000000000000000e+00,0.000000000000000000e+00,0.000000000000000000e+00
9.433962264150943036e-03,0.000000000000000000e+00,0.000000000000000000e+00,9.433962264150943036e-03,9.433962264150943036e-03,9.433962264150943036e-03,9.433962264150943036e-03,2.830188679245283084e-02,2.830188679245283084e-02,1.886792452830188607e-02,1.320754716981132060e-01,1.037735849056603821e-01,4.528301886792452935e-01,8.490566037735848559e-02,4.716981132075472039e-02,9.433962264150943036e-03,1.886792452830188607e-02,9.433962264150943036e-03,0.000000000000000000e+00,9.433962264150943036e-03,0.000000000000000000e+00,9.433962264150943036e-03
0.000000000000000000e+00,0.000000000000000000e+00,2.380952380952380820e-02,4.761904761904761640e-02,0.000000000000000000e+00,0.000000000000000000e+00,2.380952380952380820e-02,0.000000000000000000e+00,0.000000000000000000e+00,0.000000000000000000e+00,2.380952380952380820e-02,4.761904761904761640e-02,1.190476190476190410e-01,3.571428571428571508e-01,1.428571428571428492e-01,7.142857142857142461e-02,4.761904761904761640e-02,2.380952380952380820e-02,2.380952380952380820e-02,2.380952380952380820e-02,0.000000000000000000e+00,2.380952380952380820e-02
0.000000000000000000e+00,0.000000000000000000e+00,0.000000000000000000e+00,0.000000000000000000e+00,0.000000000000000000e+00,2.222222222222222307e-02,0.000000000000000000e+00,0.000000000000000000e+00,0.000000000000000000e+00,6.666666666666666574e-02,4.444444444444444614e-02,1.111111111111111049e-01,4.444444444444444614e-02,2.222222222222222307e-02,4.888888888888888729e-01,4.444444444444444614e-02,0.000000000000000000e+00,0.000000000000000000e+00,4.444444444444444614e-02,2.222222222222222307e-02,2.222222222222222307e-02,6.666666666666666574e-02
0.000000000000000000e+00,0.000000000000000000e+00,0.000000000000000000e+00,0.000000000000000000e+00,0.000000000000000000e+00,0.000000000000000000e+00,0.000000000000000000e+00,0.000000000000000000e+00,8.695652173913043237e-02,4.347826086956521618e-02,0.000000000000000000e+00,8.695652173913043237e-02,4.347826086956521618e-02,4.347826086956521618e-02,8.695652173913043237e-02,3.043478260869565410e-01,4.347826086956521618e-02,8.695652173913043237e-02,4.347826086956521618e-02,0.000000000000000000e+00,4.347826086956521618e-02,8.695652173913043237e-02
0.000000000000000000e+00,0.000000000000000000e+00,0.000000000000000000e+00,0.000000000000000000e+00,0.000000000000000000e+00,0.000000000000000000e+00,7.692307692307692735e-02,0.000000000000000000e+00,7.692307692307692735e-02,2.307692307692307820e-01,0.000000000000000000e+00,7.692307692307692735e-02,0.000000000000000000e+00,7.692307692307692735e-02,7.692307692307692735e-02,0.000000000000000000e+00,1.538461538461538547e-01,0.000000000000000000e+00,0.000000000000000000e+00,7.692307692307692735e-02,0.000000000000000000e+00,1.538461538461538547e-01
0.000000000000000000e+00,0.000000000000000000e+00,0.000000000000000000e+00,0.000000000000000000e+00,0.000000000000000000e+00,0.000000000000000000e+00,0.000000000000000000e+00,0.000000000000000000e+00,5.882352941176470507e-02,5.882352941176470507e-02,5.882352941176470507e-02,0.000000000000000000e+00,0.000000000000000000e+00,5.882352941176470507e-02,5.882352941176470507e-02,5.882352941176470507e-02,0.000000000000000000e+00,4.117647058823529216e-01,0.000000000000000000e+00,5.882352941176470507e-02,0.000000000000000000e+00,1.764705882352941291e-01
0.000000000000000000e+00,0.000000000000000000e+00,0.000000000000000000e+00,0.000000000000000000e+00,0.000000000000000000e+00,0.000000000000000000e+00,0.000000000000000000e+00,1.666666666666666574e-01,0.000000000000000000e+00,0.000000000000000000e+00,1.666666666666666574e-01,0.000000000000000000e+00,0.000000000000000000e+00,0.000000000000000000e+00,1.666666666666666574e-01,1.666666666666666574e-01,1.666666666666666574e-01,0.000000000000000000e+00,0.000000000000000000e+00,0.000000000000000000e+00,0.000000000000000000e+00,1.666666666666666574e-01
0.000000000000000000e+00,0.000000000000000000e+00,0.000000000000000000e+00,0.000000000000000000e+00,0.000000000000000000e+00,1.666666666666666574e-01,0.000000000000000000e+00,0.000000000000000000e+00,0.000000000000000000e+00,0.000000000000000000e+00,0.000000000000000000e+00,0.000000000000000000e+00,1.666666666666666574e-01,0.000000000000000000e+00,1.666666666666666574e-01,1.666666666666666574e-01,0.000000000000000000e+00,1.666666666666666574e-01,0.000000000000000000e+00,0.000000000000000000e+00,0.000000000000000000e+00,1.666666666666666574e-01
0.000000000000000000e+00,0.000000000000000000e+00,0.000000000000000000e+00,0.000000000000000000e+00,0.000000000000000000e+00,0.000000000000000000e+00,0.000000000000000000e+00,0.000000000000000000e+00,1.666666666666666574e-01,0.000000000000000000e+00,0.000000000000000000e+00,0.000000000000000000e+00,0.000000000000000000e+00,0.000000000000000000e+00,0.000000000000000000e+00,0.000000000000000000e+00,0.000000000000000000e+00,1.666666666666666574e-01,0.000000000000000000e+00,1.666666666666666574e-01,0.000000000000000000e+00,5.000000000000000000e-01
0.000000000000000000e+00,0.000000000000000000e+00,1.724137931034482735e-02,0.000000000000000000e+00,0.000000000000000000e+00,0.000000000000000000e+00,3.448275862068965469e-02,1.724137931034482735e-02,1.724137931034482735e-02,1.724137931034482735e-02,3.448275862068965469e-02,0.000000000000000000e+00,3.448275862068965469e-02,1.724137931034482735e-02,5.172413793103448204e-02,5.172413793103448204e-02,3.448275862068965469e-02,3.448275862068965469e-02,1.724137931034482735e-02,0.000000000000000000e+00,5.172413793103448204e-02,5.689655172413793371e-01
