0.000000000000000000e+00,1.000000000000000000e+00,0.000000000000000000e+00,0.000000000000000000e+00,0.000000000000000000e+00,0.000000000000000000e+00,0.000000000000000000e+00,0.000000000000000000e+00,0.000000000000000000e+00,0.000000000000000000e+00,0.000000000000000000e+00,0.000000000000000000e+00,0.000000000000000000e+00,0.000000000000000000e+00,0.000000000000000000e+00,0.000000000000000000e+00,0.000000000000000000e+00,0.000000000000000000e+00,0.000000000000000000e+00,0.000000000000000000e+00,0.000000000000000000e+00,0.000000000000000000e+00
0.000000000000000000e+00,8.222222222222221877e-01,1.111111111111111049e-01,6.666666666666666574e-02,0.000000000000000000e+00,0.000000000000000000e+00,0.000000000000000000e+00,0.000000000000000000e+00,0.000000000000000000e+00,0.000000000000000000e+00,0.000000000000000000e+00,0.000000000000000000e+00,0.000000000000000000e+00,0.000000000000000000e+00,0.000000000000000000e+00,0.000000000000000000e+00,0.000000000000000000e+00,0.000000000000000000e+00,0.000000000000000000e+00,0.000000000000000000e+00,0.000000000000000000e+00,0.000000000000000000e+00
0.000000000000000000e+00,1.488095238095238013e-02,8.065476190476190688e-01,1.517857142857142738e-01,2.083333333333333218e-02,5.952380952380952051e-03,0.000000000000000000e+00,0.000000000000000000e+00,0.000000000000000000e+00,0.000000000000000000e+00,0.000000000000000000e+00,0.000000000000000000e+00,0.000000000000000000e+00,0.000000000000000000e+00,0.000000000000000000e+00,0.000000000000000000e+00,0.000000000000000000e+00,0.000000000000000000e+00,0.000000000000000000e+00,0.000000000000000000e+00,0.000000000000000000e+00,0.000000000000000000e+00
0.000000000000000000e+00,5.163511187607573542e-03,4.991394148020653759e-02,8.003442340791738774e-01,1.118760757314974236e-01,1.549053356282271976e-02,5.163511187607573542e-03,3.442340791738382217e-03,0.000000000000000000e+00,1.721170395869191109e-03,0.000000000000000000e+00,0.000000000000000000e+00,1.721170395869191109e-03,0.000000000000000000e+00,1.721170395869191109e-03,0.000000000000000000e+00,0.000000000000000000e+00,0.000000000000000000e+00,0.000000000000000000e+00,0.000000000000000000e+00,1.721170395869191109e-03,1.721170395869191109e-03
0.000000000000000000e+00,0.000000000000000000e+00,7.797270955165691575e-03,8.771929824561403022e-02,7.738791423001949443e-01,7.992202729044833864e-02,2.339181286549707472e-02,9.746588693957114469e-03,3.898635477582845787e-03,1.949317738791422894e-03,1.949317738791422894e-03,0.000000000000000000e+00,0.000000000000000000e+00,0.000000000000000000e+00,0.000000000000000000e+00,1.949317738791422894e-03,1.949317738791422894e-03,0.000000000000000000e+00,3.898635477582845787e-03,0.000000000000000000e+00,0.000000000000000000e+00,1.949317738791422894e-03
0.000000000000000000e+00,0.000000000000000000e+00,4.784688995215310818e-03,4.306220095693780170e-02,1.674641148325358986e-01,5.933014354066985518e-01,9.090909090909091161e-02,1.435406698564593332e-02,1.435406698564593332e-02,1.913875598086124327e-02,0.000000000000000000e+00,4.784688995215310818e-03,4.784688995215310818e-03,9.569377990430621636e-03,0.000000000000000000e+00,4.784688995215310818e-03,4.784688995215310818e-03,0.000000000000000000e+00,4.784688995215310818e-03,0.000000000000000000e+00,0.000000000000000000e+00,1.913875598086124327e-02
0.000000000000000000e+00,0.000000000000000000e+00,7.299270072992700489e-03,3.649635036496350071e-02,7.299270072992700142e-02,1.386861313868613110e-01,6.058394160583941979e-01,5.839416058394160391e-02,7.299270072992700489e-03,1.459854014598540098e-02,7.299270072992700489e-03,7.299270072992700489e-03,0.000000000000000000e+00,7.299270072992700489e-03,0.000000000000000000e+00,0.000000000000000000e+00,0.000000000000000000e+00,0.000000000000000000e+00,7.299270072992700489e-03,0.000000000000000000e+00,7.299270072992700489e-03,2.189781021897810320e-02
0.000000000000000000e+00,0.000000000000000000e+00,1.020408163265306041e-02,2.040816326530612082e-02,4.081632653061224164e-02,2.040816326530612082e-02,1.122448979591836732e-01,6.836734693877550839e-01,5.102040816326530726e-02,1.020408163265306041e-02,1.020408163265306041e-02,1.020408163265306041e-02,1.020408163265306041e-02,2.040816326530612082e-02,0.000000000000000000e+00,0.000000000000000000e+00,0.000000000000000000e+00,0.000000000000000000e+00,0.000000000000000000e+00,0.000000000000000000e+00,0.000000000000000000e+00,0.000000000000000000e+00
0.000000000000000000e+00,0.000000000000000000e+00,0.000000000000000000e+00,0.000000000000000000e+00,1.724137931034482735e-02,0.000000000000000000e+00,3.448275862068965469e-02,6.896551724137930939e-02,6.379310344827586743e-01,1.034482758620689641e-01,0.000000000000000000e+00,0.000000000000000000e+00,3.448275862068965469e-02,1.724137931034482735e-02,0.000000000000000000e+00,1.724137931034482735e-02,1.724137931034482735e-02,1.724137931034482735e-02,1.724137931034482735e-02,0.000000000000000000e+00,0.000000000000000000e+00,1.724137931034482735e-02
0.000000000000000000e+00,0.000000000000000000e+00,0.000000000000000000e+00,2.439024390243902524e-02,0.000000000000000000e+00,7.317073170731706877e-02,9.756097560975610095e-02,0.000000000000000000e+00,2.195121951219512202e-01,3.170731707317073211e-01,2.439024390243902524e-02,2.439024390243902524e-02,0.000000000000000000e+00,7.317073170731706877e-02,2.439024390243902524e-02,2.439024390243902524e-02,7.317073170731706877e-02,0.000000000000000000e+00,2.439024390243902524e-02,0.000000000000000000e+00,0.000000000000000000e+00,0.000000000000000000e+00
0.000000000000000000e+00,0.000000000000000000e+00,0.000000000000000000e+00,0.000000000000000000e+00,3.448275862068965469e-02,0.000000000000000000e+00,0.000000000000000000e+00,0.000000000000000000e+00,0.000000000000000000e+00,1.379310344827586188e-01,6.206896551724138122e-01,1.034482758620689641e-01,3.448275862068965469e-02,0.000000000000000000e+00,0.000000000000000000e+00,0.000000000000000000e+00,3.448275862068965469e-02,0.000000000000000000e+00,3.448275862068965469e-02,0.000000000000000000e+00,0.000000000000000000e+00,0.000000000000000000e+00
0.000000000000000000e+00,0.000000000000000000e+00,0.000000000000000000e+00,0.000000000000000000e+00,0.000000000000000000e+00,6.666666666666666574e-02,3.333333333333333287e-02,1.333333333333333315e-01,3.333333333333333287e-02,0.000000000000000000e+00,1.000000000000000056e-01,5.000000000000000000e-01,0.000000000000000000e+00,3.333333333333333287e-02,3.333333333333333287e-02,0.000000000000000000e+00,3.333333333333333287e-02,0.000000000000000000e+00,0.000000000000000000e+00,3.333333333333333287e-02,0.000000000000000000e+00,0.000000000000000000e+00
0.000000000000000000e+00,0.000000000000000000e+00,0.000000000000000000e+00,0.000000000000000000e+00,7.692307692307692735e-02,0.000000000000000000e+00,0.000000000000000000e+00,7.692307692307692735e-02,0.000000000000000000e+00,0.000000000000000000e+00,3.846153846153846367e-02,7.692307692307692735e-02,5.000000000000000000e-01,3.846153846153846367e-02,0.000000000000000000e+00,3.846153846153846367e-02,3.846153846153846367e-02,0.000000000000000000e+00,0.000000000000000000e+00,3.846153846153846367e-02,0.000000000000000000e+00,7.692307692307692735e-02
0.000000000000000000e+00,0.000000000000000000e+00,0.000000000000000000e+00,0.000000000000000000e+00,0.000000000000000000e+00,6.250000000000000000e-02,6.250000000000000000e-02,1.250000000000000000e-01,0.000000000000000000e+00,6.250000000000000000e-02,1.250000000000000000e-01,6.250000000000000000e-02,1.875000000000000000e-01,1.250000000000000000e-01,0.000000000000000000e+00,6.250000000000000000e-02,6.250000000000000000e-02,0.000000000000000000e+00,0.000000000000000000e+00,0.000000000000000000e+00,0.000000000000000000e+00,6.250000000000000000e-02
0.000000000000000000e+00,0.000000000000000000e+00,0.000000000000000000e+00,0.000000000000000000e+00,0.000000000000000000e+00,0.000000000000000000e+00,0.000000000000000000e+00,1.250000000000000000e-01,0.000000000000000000e+00,0.000000000000000000e+00,0.000000000000000000e+00,0.000000000000000000e+00,0.000000000000000000e+00,3.750000000000000000e-01,1.250000000000000000e-01,2.500000000000000000e-01,0.000000000000000000e+00,0.000000000000000000e+00,0.000000000000000000e+00,0.000000000000000000e+00,1.250000000000000000e-01,0.000000000000000000e+00
0.000000000000000000e+00,0.000000000000000000e+00,0.000000000000000000e+00,0.000000000000000000e+00,0.000000000000000000e+00,0.000000000000000000e+00,1.000000000000000056e-01,0.000000000000000000e+00,0.000000000000000000e+00,0.000000000000000000e+00,5.000000000000000278e-02,5.000000000000000278e-02,0.000000000000000000e+00,5.000000000000000278e-02,5.000000000000000278e-02,4.500000000000000111e-01,1.000000000000000056e-01,5.000000000000000278e-02,0.000000000000000000e+00,0.000000000000000000e+00,0.000000000000000000e+00,1.000000000000000056e-01
0.000000000000000000e+00,0.000000000000000000e+00,0.000000000000000000e+00,0.000000000000000000e+00,0.000000000000000000e+00,0.000000000000000000e+00,0.000000000000000000e+00,4.545454545454545581e-02,0.000000000000000000e+00,9.090909090909091161e-02,0.000000000000000000e+00,4.545454545454545581e-02,4.545454545454545581e-02,4.545454545454545581e-02,0.000000000000000000e+00,0.000000000000000000e+00,5.000000000000000000e-01,0.000000000000000000e+00,0.000000000000000000e+00,1.363636363636363535e-01,0.000000000000000000e+00,9.090909090909091161e-02
0.000000000000000000e+00,0.000000000000000000e+00,0.000000000000000000e+00,0.000000000000000000e+00,0.000000000000000000e+00,0.000000000000000000e+00,2.000000000000000111e-01,0.000000000000000000e+00,0.000000000000000000e+00,0.000000000000000000e+00,0.000000000000000000e+00,0.000000000000000000e+00,0.000000000000000000e+00,0.000000000000000000e+00,2.000000000000000111e-01,2.000000000000000111e-01,0.000000000000000000e+00,2.000000000000000111e-01,2.000000000000000111e-01,0.000000000000000000e+00,0.000000000000000000e+00,0.000000000000000000e+00
0.000000000000000000e+00,0.000000000000000000e+00,0.000000000000000000e+00,9.090909090909091161e-02,9.090909090909091161e-02,2.727272727272727071e-01,0.000000000000000000e+00,0.000000000000000000e+00,0.000000000000000000e+00,9.090909090909091161e-02,0.000000000000000000e+00,9.090909090909091161e-02,0.000000000000000000e+00,0.000000000000000000e+00,0.000000000000000000e+00,0.000000000000000000e+00,9.090909090909091161e-02,0.000000000000000000e+00,9.090909090909091161e-02,0.000000000000000000e+00,0.000000000000000000e+00,1.818181818181818232e-01
0.000000000000000000e+00,0.000000000000000000e+00,0.000000000000000000e+00,0.000000000000000000e+00,0.000000000000000000e+00,0.000000000000000000e+00,0.000000000000000000e+00,0.000000000000000000e+00,0.000000000000000000e+00,0.000000000000000000e+00,0.000000000000000000e+00,0.000000000000000000e+00,0.000000000000000000e+00,0.000000000000000000e+00,0.000000000000000000e+00,0.000000000000000000e+00,0.000000000000000000e+00,0.000000000000000000e+00,1.052631578947368363e-01,6.842105263157894912e-01,1.052631578947368363e-01,1.052631578947368363e-01
0.000000000000000000e+00,0.000000000000000000e+00,0.000000000000000000e+00,0.000000000000000000e+00,5.882352941176470507e-02,5.882352941176470507e-02,5.882352941176470507e-02,0.000000000000000000e+00,5.882352941176470507e-02,5.882352941176470507e-02,0.000000000000000000e+00,0.000000000000000000e+00,5.882352941176470507e-02,0.000000000000000000e+00,0.000000000000000000e+00,0.000000000000000000e+00,0.000000000000000000e+00,0.000000000000000000e+00,0.000000000000000000e+00,1.764705882352941291e-01,4.117647058823529216e-01,5.882352941176470507e-02
0.000000000000000000e+00,0.000000000000000000e+00,1.298701298701298787e-02,2.597402597402597574e-02,2.597402597402597574e-02,0.000000000000000000e+00,0.000000000000000000e+00,1.298701298701298787e-02,0.000000000000000000e+00,2.597402597402597574e-02,0.000000000000000000e+00,0.000000000000000000e+00,0.000000000000000000e+00,1.298701298701298787e-02,0.000000000000000000e+00,2.597402597402597574e-02,1.298701298701298787e-02,2.597402597402597574e-02,1.298701298701298787e-02,0.000000000000000000e+00,5.194805194805195148e-02,7.532467532467532756e-01
