5.681818181818182323e-01,7.727272727272727071e-02,4.090909090909090884e-02,9.090909090909090468e-03,0.000000000000000000e+00,9.090909090909090468e-03,0.000000000000000000e+00,0.000000000000000000e+00,0.000000000000000000e+00,0.000000000000000000e+00,4.545454545454545234e-03,0.000000000000000000e+00,4.545454545454545234e-03,0.000000000000000000e+00,0.000000000000000000e+00,0.000000000000000000e+00,4.545454545454545234e-03,1.818181818181818094e-02,1.363636363636363570e-02,2.272727272727272790e-02,2.272727272727272652e-01
2.000000000000000111e-01,4.749999999999999778e-01,6.666666666666666574e-02,1.666666666666666644e-02,0.000000000000000000e+00,0.000000000000000000e+00,0.000000000000000000e+00,0.000000000000000000e+00,1.666666666666666644e-02,8.333333333333333218e-03,4.166666666666666435e-02,0.000000000000000000e+00,0.000000000000000000e+00,0.000000000000000000e+00,0.000000000000000000e+00,0.000000000000000000e+00,0.000000000000000000e+00,8.333333333333333218e-03,8.333333333333333218e-03,2.500000000000000139e-02,1.333333333333333315e-01
9.278350515463917869e-02,1.546391752577319645e-01,4.123711340206185350e-01,1.340206185567010266e-01,2.061855670103092744e-02,0.000000000000000000e+00,2.061855670103092744e-02,0.000000000000000000e+00,1.030927835051546372e-02,1.030927835051546372e-02,4.123711340206185488e-02,1.030927835051546372e-02,0.000000000000000000e+00,0.000000000000000000e+00,0.000000000000000000e+00,0.000000000000000000e+00,0.000000000000000000e+00,0.000000000000000000e+00,3.092783505154639290e-02,1.030927835051546372e-02,5.154639175257731687e-02
6.818181818181817677e-02,2.272727272727272790e-02,1.704545454545454419e-01,4.772727272727272929e-01,7.954545454545454419e-02,0.000000000000000000e+00,1.136363636363636395e-02,2.272727272727272790e-02,1.136363636363636395e-02,0.000000000000000000e+00,6.818181818181817677e-02,0.000000000000000000e+00,0.000000000000000000e+00,0.000000000000000000e+00,0.000000000000000000e+00,0.000000000000000000e+00,1.136363636363636395e-02,1.136363636363636395e-02,2.272727272727272790e-02,0.000000000000000000e+00,2.272727272727272790e-02
2.222222222222222307e-02,0.000000000000000000e+00,6.666666666666666574e-02,1.777777777777777846e-01,5.333333333333333259e-01,4.444444444444444614e-02,2.222222222222222307e-02,0.000000000000000000e+00,0.000000000000000000e+00,0.000000000000000000e+00,8.888888888888889228e-02,0.000000000000000000e+00,0.000000000000000000e+00,0.000000000000000000e+00,0.000000000000000000e+00,0.000000000000000000e+00,0.000000000000000000e+00,0.000000000000000000e+00,0.000000000000000000e+00,4.444444444444444614e-02,0.000000000000000000e+00
5.263157894736841813e-02,5.263157894736841813e-02,0.000000000000000000e+00,1.578947368421052544e-01,0.000000000000000000e+00,5.263157894736841813e-01,5.263157894736841813e-02,0.000000000000000000e+00,0.000000000000000000e+00,0.000000000000000000e+00,1.052631578947368363e-01,0.000000000000000000e+00,0.000000000000000000e+00,0.000000000000000000e+00,0.000000000000000000e+00,0.000000000000000000e+00,0.000000000000000000e+00,0.000000000000000000e+00,0.000000000000000000e+00,0.000000000000000000e+00,5.263157894736841813e-02
0.000000000000000000e+00,0.000000000000000000e+00,6.666666666666666574e-02,6.666666666666666574e-02,6.666666666666666574e-02,6.666666666666666574e-02,4.000000000000000222e-01,6.666666666666666574e-02,6.666666666666666574e-02,6.666666666666666574e-02,1.333333333333333315e-01,0.000000000000000000e+00,0.000000000000000000e+00,0.000000000000000000e+00,0.000000000000000000e+00,0.000000000000000000e+00,0.000000000000000000e+00,0.000000000000000000e+00,0.000000000000000000e+00,0.000000000000000000e+00,0.000000000000000000e+00
0.000000000000000000e+00,0.000000000000000000e+00,1.250000000000000000e-01,0.000000000000000000e+00,6.250000000000000000e-02,0.000000000000000000e+00,0.000000000000000000e+00,5.625000000000000000e-01,6.250000000000000000e-02,6.250000000000000000e-02,6.250000000000000000e-02,0.000000000000000000e+00,0.000000000000000000e+00,0.000000000000000000e+00,0.000000000000000000e+00,0.000000000000000000e+00,0.000000000000000000e+00,0.000000000000000000e+00,0.000000000000000000e+00,0.000000000000000000e+00,6.250000000000000000e-02
4.166666666666666435e-02,0.000000000000000000e+00,4.166666666666666435e-02,1.250000000000000000e-01,4.166666666666666435e-02,4.166666666666666435e-02,4.166666666666666435e-02,0.000000000000000000e+00,3.333333333333333148e-01,8.333333333333332871e-02,1.666666666666666574e-01,0.000000000000000000e+00,0.000000000000000000e+00,0.000000000000000000e+00,0.000000000000000000e+00,0.000000000000000000e+00,0.000000000000000000e+00,0.000000000000000000e+00,0.000000000000000000e+00,4.166666666666666435e-02,4.166666666666666435e-02
0.000000000000000000e+00,9.090909090909091161e-02,1.818181818181818232e-01,0.000000000000000000e+00,0.000000000000000000e+00,0.000000000000000000e+00,0.000000000000000000e+00,0.000000000000000000e+00,9.090909090909091161e-02,2.727272727272727071e-01,2.727272727272727071e-01,0.000000000000000000e+00,0.000000000000000000e+00,0.000000000000000000e+00,0.000000000000000000e+00,0.000000000000000000e+00,0.000000000000000000e+00,0.000000000000000000e+00,0.000000000000000000e+00,9.090909090909091161e-02,0.000000000000000000e+00
1.935483870967742021e-02,1.290322580645161289e-02,3.870967741935484041e-02,2.580645161290322578e-02,1.935483870967742021e-02,2.580645161290322578e-02,6.451612903225806446e-03,3.225806451612903136e-02,1.935483870967742021e-02,1.935483870967742021e-02,7.161290322580645684e-01,0.000000000000000000e+00,0.000000000000000000e+00,0.000000000000000000e+00,0.000000000000000000e+00,0.000000000000000000e+00,0.000000000000000000e+00,0.000000000000000000e+00,6.451612903225806446e-03,1.290322580645161289e-02,4.516129032258064252e-02
0.000000000000000000e+00,4.166666666666666435e-02,4.166666666666666435e-02,0.000000000000000000e+00,0.000000000000000000e+00,0.000000000000000000e+00,0.000000000000000000e+00,0.000000000000000000e+00,0.000000000000000000e+00,0.000000000000000000e+00,0.000000000000000000e+00,7.916666666666666297e-01,8.333333333333332871e-02,0.000000000000000000e+00,0.000000000000000000e+00,4.166666666666666435e-02,0.000000000000000000e+00,0.000000000000000000e+00,0.000000000000000000e+00,0.000000000000000000e+00,0.000000000000000000e+00
0.000000000000000000e+00,0.000000000000000000e+00,0.000000000000000000e+00,0.000000000000000000e+00,0.000000000000000000e+00,0.000000000000000000e+00,0.000000000000000000e+00,0.000000000000000000e+00,7.692307692307692735e-02,0.000000000000000000e+00,0.000000000000000000e+00,7.692307692307692735e-02,3.846153846153846367e-01,7.692307692307692735e-02,1.538461538461538547e-01,7.692307692307692735e-02,0.000000000000000000e+00,7.692307692307692735e-02,0.000000000000000000e+00,0.000000000000000000e+00,7.692307692307692735e-02
0.000000000000000000e+00,0.000000000000000000e+00,4.000000000000000083e-02,0.000000000000000000e+00,4.000000000000000083e-02,0.000000000000000000e+00,0.000000000000000000e+00,0.000000000000000000e+00,0.000000000000000000e+00,0.000000000000000000e+00,0.000000000000000000e+00,0.000000000000000000e+00,4.000000000000000083e-02,5.999999999999999778e-01,2.000000000000000111e-01,0.000000000000000000e+00,0.000000000000000000e+00,4.000000000000000083e-02,0.000000000000000000e+00,0.000000000000000000e+00,4.000000000000000083e-02
0.000000000000000000e+00,0.000000000000000000e+00,0.000000000000000000e+00,0.000000000000000000e+00,0.000000000000000000e+00,0.000000000000000000e+00,0.000000000000000000e+00,0.000000000000000000e+00,0.000000000000000000e+00,0.000000000000000000e+00,0.000000000000000000e+00,0.000000000000000000e+00,3.225806451612903136e-02,1.129032258064516098e-01,7.419354838709677491e-01,8.064516129032257841e-02,1.612903225806451568e-02,1.612903225806451568e-02,0.000000000000000000e+00,0.000000000000000000e+00,0.000000000000000000e+00
0.000000000000000000e+00,0.000000000000000000e+00,0.000000000000000000e+00,3.333333333333333287e-02,0.000000000000000000e+00,0.000000000000000000e+00,3.333333333333333287e-02,0.000000000000000000e+00,0.000000000000000000e+00,0.000000000000000000e+00,0.000000000000000000e+00,0.000000000000000000e+00,0.000000000000000000e+00,0.000000000000000000e+00,1.000000000000000056e-01,5.999999999999999778e-01,1.666666666666666574e-01,3.333333333333333287e-02,0.000000000000000000e+00,3.333333333333333287e-02,0.000000000000000000e+00
1.724137931034482735e-02,0.000000000000000000e+00,0.000000000000000000e+00,0.000000000000000000e+00,1.724137931034482735e-02,0.000000000000000000e+00,1.724137931034482735e-02,0.000000000000000000e+00,0.000000000000000000e+00,0.000000000000000000e+00,3.448275862068965469e-02,1.724137931034482735e-02,0.000000000000000000e+00,0.000000000000000000e+00,3.448275862068965469e-02,6.896551724137930939e-02,6.896551724137931494e-01,6.896551724137930939e-02,1.724137931034482735e-02,0.000000000000000000e+00,1.724137931034482735e-02
1.626016260162601798e-02,0.000000000000000000e+00,0.000000000000000000e+00,1.626016260162601798e-02,0.000000000000000000e+00,0.000000000000000000e+00,0.000000000000000000e+00,0.000000000000000000e+00,0.000000000000000000e+00,0.000000000000000000e+00,0.000000000000000000e+00,0.000000000000000000e+00,0.000000000000000000e+00,8.130081300813008990e-03,8.130081300813008990e-03,0.000000000000000000e+00,4.065040650406503975e-02,6.910569105691056757e-01,1.707317073170731836e-01,1.626016260162601798e-02,3.252032520325203596e-02
1.239669421487603340e-02,1.239669421487603340e-02,8.264462809917355601e-03,1.239669421487603340e-02,0.000000000000000000e+00,0.000000000000000000e+00,4.132231404958677801e-03,0.000000000000000000e+00,0.000000000000000000e+00,0.000000000000000000e+00,1.239669421487603340e-02,0.000000000000000000e+00,0.000000000000000000e+00,0.000000000000000000e+00,0.000000000000000000e+00,4.132231404958677801e-03,8.264462809917355601e-03,8.264462809917355601e-02,6.818181818181817677e-01,1.404958677685950452e-01,2.066115702479338900e-02
6.696428571428571057e-03,6.696428571428571057e-03,4.464285714285714038e-03,2.232142857142857019e-03,4.464285714285714038e-03,0.000000000000000000e+00,0.000000000000000000e+00,0.000000000000000000e+00,0.000000000000000000e+00,0.000000000000000000e+00,6.696428571428571057e-03,0.000000000000000000e+00,0.000000000000000000e+00,0.000000000000000000e+00,0.000000000000000000e+00,0.000000000000000000e+00,4.464285714285714038e-03,4.464285714285714038e-03,8.035714285714286309e-02,7.924107142857143016e-01,8.705357142857142461e-02
7.327586206896551102e-02,3.017241379310344959e-02,1.724137931034482735e-02,2.155172413793103418e-03,4.310344827586206837e-03,2.155172413793103418e-03,0.000000000000000000e+00,0.000000000000000000e+00,2.155172413793103418e-03,2.155172413793103418e-03,8.620689655172413673e-03,0.000000000000000000e+00,4.310344827586206837e-03,0.000000000000000000e+00,0.000000000000000000e+00,0.000000000000000000e+00,8.620689655172413673e-03,0.000000000000000000e+00,1.508620689655172480e-02,1.206896551724137984e-01,7.090517241379310498e-01
