7.073170731707316694e-01,7.317073170731706877e-02,4.878048780487805047e-02,4.878048780487805047e-02,4.878048780487805047e-02,2.439024390243902524e-02,0.000000000000000000e+00,0.000000000000000000e+00,0.000000000000000000e+00,0.000000000000000000e+00,0.000000000000000000e+00,0.000000000000000000e+00,0.000000000000000000e+00,0.000000000000000000e+00,2.439024390243902524e-02,0.000000000000000000e+00,0.000000000000000000e+00,0.000000000000000000e+00,0.000000000000000000e+00,0.000000000000000000e+00,0.000000000000000000e+00,2.439024390243902524e-02
8.333333333333332871e-02,7.500000000000000000e-01,1.111111111111111049e-01,2.777777777777777624e-02,2.777777777777777624e-02,0.000000000000000000e+00,0.000000000000000000e+00,0.000000000000000000e+00,0.000000000000000000e+00,0.000000000000000000e+00,0.000000000000000000e+00,0.000000000000000000e+00,0.000000000000000000e+00,0.000000000000000000e+00,0.000000000000000000e+00,0.000000000000000000e+00,0.000000000000000000e+00,0.000000000000000000e+00,0.000000000000000000e+00,0.000000000000000000e+00,0.000000000000000000e+00,0.000000000000000000e+00
3.333333333333333287e-02,6.666666666666666574e-02,6.333333333333333037e-01,2.333333333333333370e-01,3.333333333333333287e-02,0.000000000000000000e+00,0.000000000000000000e+00,0.000000000000000000e+00,0.000000000000000000e+00,0.000000000000000000e+00,0.000000000000000000e+00,0.000000000000000000e+00,0.000000000000000000e+00,0.000000000000000000e+00,0.000000000000000000e+00,0.000000000000000000e+00,0.000000000000000000e+00,0.000000000000000000e+00,0.000000000000000000e+00,0.000000000000000000e+00,0.000000000000000000e+00,0.000000000000000000e+00
2.439024390243902524e-02,2.439024390243902524e-02,7.317073170731706877e-02,4.878048780487804770e-01,2.195121951219512202e-01,7.317073170731706877e-02,4.878048780487805047e-02,2.439024390243902524e-02,0.000000000000000000e+00,0.000000000000000000e+00,0.000000000000000000e+00,0.000000000000000000e+00,0.000000000000000000e+00,0.000000000000000000e+00,0.000000000000000000e+00,0.000000000000000000e+00,0.000000000000000000e+00,0.000000000000000000e+00,0.000000000000000000e+00,0.000000000000000000e+00,0.000000000000000000e+00,2.439024390243902524e-02
1.282051282051282007e-02,2.564102564102564014e-02,0.000000000000000000e+00,1.282051282051281937e-01,6.153846153846154188e-01,8.974358974358974395e-02,7.692307692307692735e-02,2.564102564102564014e-02,0.000000000000000000e+00,0.000000000000000000e+00,0.000000000000000000e+00,1.282051282051282007e-02,0.000000000000000000e+00,1.282051282051282007e-02,0.000000000000000000e+00,0.000000000000000000e+00,0.000000000000000000e+00,0.000000000000000000e+00,0.000000000000000000e+00,0.000000000000000000e+00,0.000000000000000000e+00,0.000000000000000000e+00
9.345794392523363789e-03,0.000000000000000000e+00,1.869158878504672758e-02,0.000000000000000000e+00,9.345794392523363789e-03,6.542056074766354756e-01,1.495327102803738206e-01,4.672897196261682068e-02,3.738317757009345516e-02,2.803738317757009310e-02,2.803738317757009310e-02,0.000000000000000000e+00,0.000000000000000000e+00,0.000000000000000000e+00,9.345794392523363789e-03,0.000000000000000000e+00,0.000000000000000000e+00,0.000000000000000000e+00,0.000000000000000000e+00,0.000000000000000000e+00,0.000000000000000000e+00,9.345794392523363789e-03
5.494505494505494934e-03,0.000000000000000000e+00,0.000000000000000000e+00,0.000000000000000000e+00,2.197802197802197974e-02,6.593406593406593574e-02,6.813186813186813406e-01,1.373626373626373742e-01,5.494505494505494414e-02,1.648351648351648394e-02,5.494505494505494934e-03,0.000000000000000000e+00,0.000000000000000000e+00,1.098901098901098987e-02,0.000000000000000000e+00,0.000000000000000000e+00,0.000000000000000000e+00,0.000000000000000000e+00,0.000000000000000000e+00,0.000000000000000000e+00,0.000000000000000000e+00,0.000000000000000000e+00
0.000000000000000000e+00,0.000000000000000000e+00,4.219409282700421586e-03,0.000000000000000000e+00,8.438818565400843172e-03,8.438818565400843172e-03,7.172995780590717130e-02,6.751054852320674815e-01,1.814345991561181481e-01,1.687763713080168634e-02,8.438818565400843172e-03,1.265822784810126563e-02,0.000000000000000000e+00,0.000000000000000000e+00,0.000000000000000000e+00,0.000000000000000000e+00,4.219409282700421586e-03,0.000000000000000000e+00,4.219409282700421586e-03,0.000000000000000000e+00,4.219409282700421586e-03,0.000000000000000000e+00
0.000000000000000000e+00,0.000000000000000000e+00,0.000000000000000000e+00,0.000000000000000000e+00,2.695417789757412544e-03,5.390835579514825088e-03,2.156334231805930035e-02,7.816711590296496204e-02,7.304582210242587248e-01,9.703504043126684464e-02,1.886792452830188607e-02,1.886792452830188607e-02,1.886792452830188607e-02,0.000000000000000000e+00,0.000000000000000000e+00,5.390835579514825088e-03,0.000000000000000000e+00,0.000000000000000000e+00,2.695417789757412544e-03,0.000000000000000000e+00,0.000000000000000000e+00,0.000000000000000000e+00
0.000000000000000000e+00,0.000000000000000000e+00,0.000000000000000000e+00,0.000000000000000000e+00,0.000000000000000000e+00,7.246376811594202987e-03,1.449275362318840597e-02,1.086956521739130405e-02,1.086956521739130405e-01,6.920289855072463414e-01,1.159420289855072478e-01,1.811594202898550790e-02,2.898550724637681195e-02,0.000000000000000000e+00,0.000000000000000000e+00,0.000000000000000000e+00,0.000000000000000000e+00,0.000000000000000000e+00,0.000000000000000000e+00,0.000000000000000000e+00,0.000000000000000000e+00,3.623188405797101493e-03
0.000000000000000000e+00,0.000000000000000000e+00,0.000000000000000000e+00,0.000000000000000000e+00,0.000000000000000000e+00,0.000000000000000000e+00,1.401869158878504655e-02,0.000000000000000000e+00,3.271028037383177239e-02,1.261682242990654068e-01,6.261682242990653791e-01,1.074766355140186896e-01,5.140186915887850344e-02,1.401869158878504655e-02,1.401869158878504655e-02,0.000000000000000000e+00,4.672897196261681894e-03,0.000000000000000000e+00,0.000000000000000000e+00,0.000000000000000000e+00,0.000000000000000000e+00,9.345794392523363789e-03
0.000000000000000000e+00,0.000000000000000000e+00,0.000000000000000000e+00,0.000000000000000000e+00,0.000000000000000000e+00,7.575757575757575968e-03,7.575757575757575968e-03,1.515151515151515194e-02,4.545454545454545581e-02,3.787878787878787984e-02,1.666666666666666574e-01,4.469696969696969613e-01,1.515151515151515194e-01,3.030303030303030387e-02,1.515151515151515194e-02,3.030303030303030387e-02,1.515151515151515194e-02,7.575757575757575968e-03,0.000000000000000000e+00,0.000000000000000000e+00,7.575757575757575968e-03,1.515151515151515194e-02
0.000000000000000000e+00,0.000000000000000000e+00,0.000000000000000000e+00,0.000000000000000000e+00,0.000000000000000000e+00,0.000000000000000000e+00,0.000000000000000000e+00,7.751937984496123923e-03,1.550387596899224785e-02,5.426356589147286746e-02,3.875968992248061962e-02,1.472868217054263684e-01,5.348837209302325091e-01,6.976744186046511531e-02,3.875968992248061962e-02,3.100775193798449569e-02,2.325581395348837177e-02,2.325581395348837177e-02,0.000000000000000000e+00,0.000000000000000000e+00,0.000000000000000000e+00,1.550387596899224785e-02
1.190476190476190410e-02,0.000000000000000000e+00,0.000000000000000000e+00,0.000000000000000000e+00,0.000000000000000000e+00,0.000000000000000000e+00,0.000000000000000000e+00,0.000000000000000000e+00,0.000000000000000000e+00,0.000000000000000000e+00,0.000000000000000000e+00,7.142857142857142461e-02,8.333333333333332871e-02,6.071428571428570953e-01,1.309523809523809590e-01,2.380952380952380820e-02,2.380952380952380820e-02,1.190476190476190410e-02,0.000000000000000000e+00,1.190476190476190410e-02,0.000000000000000000e+00,2.380952380952380820e-02
0.000000000000000000e+00,0.000000000000000000e+00,0.000000000000000000e+00,0.000000000000000000e+00,1.449275362318840597e-02,0.000000000000000000e+00,1.449275362318840597e-02,1.449275362318840597e-02,2.898550724637681195e-02,2.898550724637681195e-02,1.449275362318840597e-02,5.797101449275362389e-02,2.898550724637681195e-02,1.014492753623188470e-01,4.927536231884058204e-01,8.695652173913043237e-02,4.347826086956521618e-02,0.000000000000000000e+00,0.000000000000000000e+00,1.449275362318840597e-02,1.449275362318840597e-02,4.347826086956521618e-02
0.000000000000000000e+00,0.000000000000000000e+00,0.000000000000000000e+00,0.000000000000000000e+00,0.000000000000000000e+00,0.000000000000000000e+00,5.405405405405405705e-02,2.702702702702702853e-02,0.000000000000000000e+00,0.000000000000000000e+00,0.000000000000000000e+00,5.405405405405405705e-02,8.108108108108108558e-02,8.108108108108108558e-02,1.351351351351351426e-01,4.324324324324324564e-01,5.405405405405405705e-02,0.000000000000000000e+00,0.000000000000000000e+00,0.000000000000000000e+00,0.000000000000000000e+00,8.108108108108108558e-02
0.000000000000000000e+00,0.000000000000000000e+00,0.000000000000000000e+00,0.000000000000000000e+00,0.000000000000000000e+00,0.000000000000000000e+00,0.000000000000000000e+00,0.000000000000000000e+00,0.000000000000000000e+00,0.000000000000000000e+00,4.166666666666666435e-02,4.166666666666666435e-02,0.000000000000000000e+00,6.250000000000000000e-02,2.083333333333333218e-02,4.166666666666666435e-02,3.958333333333333148e-01,3.125000000000000000e-01,2.083333333333333218e-02,0.000000000000000000e+00,0.000000000000000000e+00,6.250000000000000000e-02
0.000000000000000000e+00,0.000000000000000000e+00,0.000000000000000000e+00,0.000000000000000000e+00,0.000000000000000000e+00,0.000000000000000000e+00,0.000000000000000000e+00,2.500000000000000139e-02,0.000000000000000000e+00,2.500000000000000139e-02,0.000000000000000000e+00,2.500000000000000139e-02,2.500000000000000139e-02,0.000000000000000000e+00,0.000000000000000000e+00,2.500000000000000139e-02,2.250000000000000056e-01,4.000000000000000222e-01,5.000000000000000278e-02,0.000000000000000000e+00,5.000000000000000278e-02,1.499999999999999944e-01
0.000000000000000000e+00,0.000000000000000000e+00,0.000000000000000000e+00,0.000000000000000000e+00,0.000000000000000000e+00,0.000000000000000000e+00,0.000000000000000000e+00,5.555555555555555247e-02,0.000000000000000000e+00,0.000000000000000000e+00,0.000000000000000000e+00,0.000000000000000000e+00,0.000000000000000000e+00,1.111111111111111049e-01,0.000000000000000000e+00,0.000000000000000000e+00,0.000000000000000000e+00,0.000000000000000000e+00,5.555555555555555802e-01,5.555555555555555247e-02,5.555555555555555247e-02,1.666666666666666574e-01
0.000000000000000000e+00,0.000000000000000000e+00,0.000000000000000000e+00,0.000000000000000000e+00,0.000000000000000000e+00,0.000000000000000000e+00,0.000000000000000000e+00,0.000000000000000000e+00,0.000000000000000000e+00,0.000000000000000000e+00,0.000000000000000000e+00,1.428571428571428492e-01,0.000000000000000000e+00,1.428571428571428492e-01,0.000000000000000000e+00,0.000000000000000000e+00,0.000000000000000000e+00,0.000000000000000000e+00,1.428571428571428492e-01,4.285714285714285476e-01,1.428571428571428492e-01,0.000000000000000000e+00
0.000000000000000000e+00,0.000000000000000000e+00,0.000000000000000000e+00,0.000000000000000000e+00,0.000000000000000000e+00,1.000000000000000056e-01,0.000000000000000000e+00,0.000000000000000000e+00,1.000000000000000056e-01,0.000000000000000000e+00,0.000000000000000000e+00,0.000000000000000000e+00,0.000000000000000000e+00,1.000000000000000056e-01,1.000000000000000056e-01,0.000000000000000000e+00,0.000000000000000000e+00,0.000000000000000000e+00,0.000000000000000000e+00,1.000000000000000056e-01,2.999999999999999889e-01,2.000000000000000111e-01
8.928571428571428076e-03,0.000000000000000000e+00,0.000000000000000000e+00,0.000000000000000000e+00,8.928571428571428076e-03,0.000000000000000000e+00,0.000000000000000000e+00,8.928571428571428076e-03,1.785714285714285615e-02,8.928571428571428076e-03,0.000000000000000000e+00,1.785714285714285615e-02,2.678571428571428423e-02,2.678571428571428423e-02,3.571428571428571230e-02,8.928571428571428076e-03,2.678571428571428423e-02,4.464285714285714385e-02,1.785714285714285615e-02,0.000000000000000000e+00,1.785714285714285615e-02,7.232142857142856984e-01
