6.626506024096385783e-01,1.469879518072289282e-01,2.650602409638554147e-02,9.638554216867470728e-03,0.000000000000000000e+00,2.409638554216867682e-03,0.000000000000000000e+00,0.000000000000000000e+00,0.000000000000000000e+00,0.000000000000000000e+00,0.000000000000000000e+00,0.000000000000000000e+00,2.409638554216867682e-03,0.000000000000000000e+00,2.409638554216867682e-03,2.409638554216867682e-03,0.000000000000000000e+00,4.819277108433735364e-03,1.927710843373494146e-02,3.132530120481927943e-02,8.915662650602410033e-02
1.147540983606557402e-01,6.885245901639344135e-01,8.925318761384334887e-02,1.457194899817850636e-02,1.821493624772313295e-03,1.821493624772313295e-03,0.000000000000000000e+00,1.821493624772313295e-03,0.000000000000000000e+00,0.000000000000000000e+00,1.821493624772313295e-03,1.821493624772313295e-03,1.821493624772313295e-03,1.821493624772313295e-03,0.000000000000000000e+00,0.000000000000000000e+00,0.000000000000000000e+00,1.092896174863387977e-02,1.821493624772313469e-02,1.092896174863387977e-02,4.007285974499089076e-02
7.499999999999999722e-02,1.785714285714285754e-01,5.785714285714286254e-01,5.714285714285714107e-02,2.857142857142857054e-02,1.071428571428571438e-02,7.142857142857142634e-03,3.571428571428571317e-03,0.000000000000000000e+00,0.000000000000000000e+00,0.000000000000000000e+00,0.000000000000000000e+00,0.000000000000000000e+00,3.571428571428571317e-03,0.000000000000000000e+00,0.000000000000000000e+00,0.000000000000000000e+00,3.571428571428571317e-03,3.571428571428571317e-03,1.785714285714285615e-02,3.214285714285713969e-02
3.267973856209150513e-02,3.921568627450980338e-02,1.111111111111111049e-01,6.143790849673202992e-01,1.045751633986928136e-01,1.960784313725490169e-02,0.000000000000000000e+00,1.960784313725490169e-02,0.000000000000000000e+00,0.000000000000000000e+00,6.535947712418300852e-03,0.000000000000000000e+00,0.000000000000000000e+00,0.000000000000000000e+00,0.000000000000000000e+00,0.000000000000000000e+00,0.000000000000000000e+00,1.960784313725490169e-02,6.535947712418300852e-03,1.307189542483660170e-02,1.307189542483660170e-02
1.333333333333333419e-02,4.000000000000000083e-02,1.199999999999999956e-01,1.866666666666666752e-01,4.666666666666666741e-01,6.666666666666666574e-02,2.666666666666666838e-02,0.000000000000000000e+00,0.000000000000000000e+00,0.000000000000000000e+00,2.666666666666666838e-02,1.333333333333333419e-02,0.000000000000000000e+00,1.333333333333333419e-02,0.000000000000000000e+00,0.000000000000000000e+00,0.000000000000000000e+00,0.000000000000000000e+00,0.000000000000000000e+00,0.000000000000000000e+00,2.666666666666666838e-02
5.555555555555555247e-02,5.555555555555555247e-02,1.111111111111111049e-01,2.777777777777777624e-02,1.666666666666666574e-01,3.888888888888888951e-01,8.333333333333332871e-02,2.777777777777777624e-02,0.000000000000000000e+00,0.000000000000000000e+00,0.000000000000000000e+00,2.777777777777777624e-02,0.000000000000000000e+00,0.000000000000000000e+00,0.000000000000000000e+00,0.000000000000000000e+00,0.000000000000000000e+00,0.000000000000000000e+00,0.000000000000000000e+00,2.777777777777777624e-02,2.777777777777777624e-02
0.000000000000000000e+00,0.000000000000000000e+00,1.250000000000000000e-01,2.500000000000000000e-01,0.000000000000000000e+00,1.875000000000000000e-01,3.750000000000000000e-01,0.000000000000000000e+00,0.000000000000000000e+00,6.250000000000000000e-02,0.000000000000000000e+00,0.000000000000000000e+00,0.000000000000000000e+00,0.000000000000000000e+00,0.000000000000000000e+00,0.000000000000000000e+00,0.000000000000000000e+00,0.000000000000000000e+00,0.000000000000000000e+00,0.000000000000000000e+00,0.000000000000000000e+00
1.000000000000000056e-01,0.000000000000000000e+00,1.000000000000000056e-01,0.000000000000000000e+00,1.000000000000000056e-01,1.000000000000000056e-01,1.000000000000000056e-01,2.999999999999999889e-01,0.000000000000000000e+00,0.000000000000000000e+00,2.000000000000000111e-01,0.000000000000000000e+00,0.000000000000000000e+00,0.000000000000000000e+00,0.000000000000000000e+00,0.000000000000000000e+00,0.000000000000000000e+00,0.000000000000000000e+00,0.000000000000000000e+00,0.000000000000000000e+00,0.000000000000000000e+00
0.000000000000000000e+00,0.000000000000000000e+00,0.000000000000000000e+00,0.000000000000000000e+00,0.000000000000000000e+00,0.000000000000000000e+00,0.000000000000000000e+00,0.000000000000000000e+00,0.000000000000000000e+00,0.000000000000000000e+00,1.000000000000000000e+00,0.000000000000000000e+00,0.000000000000000000e+00,0.000000000000000000e+00,0.000000000000000000e+00,0.000000000000000000e+00,0.000000000000000000e+00,0.000000000000000000e+00,0.000000000000000000e+00,0.000000000000000000e+00,0.000000000000000000e+00
5.000000000000000000e-01,0.000000000000000000e+00,0.000000000000000000e+00,0.000000000000000000e+00,0.000000000000000000e+00,0.000000000000000000e+00,5.000000000000000000e-01,0.000000000000000000e+00,0.000000000000000000e+00,0.000000000000000000e+00,0.000000000000000000e+00,0.000000000000000000e+00,0.000000000000000000e+00,0.000000000000000000e+00,0.000000000000000000e+00,0.000000000000000000e+00,0.000000000000000000e+00,0.000000000000000000e+00,0.000000000000000000e+00,0.000000000000000000e+00,0.000000000000000000e+00
0.000000000000000000e+00,4.166666666666666435e-02,4.166666666666666435e-02,1.041666666666666713e-01,2.083333333333333218e-02,4.166666666666666435e-02,2.083333333333333218e-02,4.166666666666666435e-02,2.083333333333333218e-02,2.083333333333333218e-02,5.625000000000000000e-01,2.083333333333333218e-02,0.000000000000000000e+00,0.000000000000000000e+00,0.000000000000000000e+00,0.000000000000000000e+00,0.000000000000000000e+00,4.166666666666666435e-02,0.000000000000000000e+00,2.083333333333333218e-02,0.000000000000000000e+00
0.000000000000000000e+00,0.000000000000000000e+00,0.000000000000000000e+00,0.000000000000000000e+00,7.692307692307692735e-02,0.000000000000000000e+00,0.000000000000000000e+00,0.000000000000000000e+00,0.000000000000000000e+00,0.000000000000000000e+00,0.000000000000000000e+00,6.153846153846154188e-01,1.538461538461538547e-01,0.000000000000000000e+00,0.000000000000000000e+00,7.692307692307692735e-02,7.692307692307692735e-02,0.000000000000000000e+00,0.000000000000000000e+00,0.000000000000000000e+00,0.000000000000000000e+00
0.000000000000000000e+00,0.000000000000000000e+00,0.000000000000000000e+00,0.000000000000000000e+00,0.000000000000000000e+00,0.000000000000000000e+00,0.000000000000000000e+00,0.000000000000000000e+00,0.000000000000000000e+00,0.000000000000000000e+00,0.000000000000000000e+00,0.000000000000000000e+00,6.818181818181817677e-01,9.090909090909091161e-02,0.000000000000000000e+00,4.545454545454545581e-02,4.545454545454545581e-02,0.000000000000000000e+00,4.545454545454545581e-02,4.545454545454545581e-02,4.545454545454545581e-02
0.000000000000000000e+00,5.263157894736841813e-02,0.000000000000000000e+00,0.000000000000000000e+00,0.000000000000000000e+00,0.000000000000000000e+00,0.000000000000000000e+00,0.000000000000000000e+00,0.000000000000000000e+00,0.000000000000000000e+00,0.000000000000000000e+00,0.000000000000000000e+00,0.000000000000000000e+00,7.894736842105263275e-01,5.263157894736841813e-02,5.263157894736841813e-02,0.000000000000000000e+00,5.263157894736841813e-02,0.000000000000000000e+00,0.000000000000000000e+00,0.000000000000000000e+00
0.000000000000000000e+00,7.142857142857142461e-02,0.000000000000000000e+00,0.000000000000000000e+00,0.000000000000000000e+00,0.000000000000000000e+00,0.000000000000000000e+00,0.000000000000000000e+00,0.000000000000000000e+00,0.000000000000000000e+00,0.000000000000000000e+00,0.000000000000000000e+00,0.000000000000000000e+00,0.000000000000000000e+00,6.428571428571429047e-01,0.000000000000000000e+00,7.142857142857142461e-02,7.142857142857142461e-02,1.428571428571428492e-01,0.000000000000000000e+00,0.000000000000000000e+00
8.333333333333332871e-02,8.333333333333332871e-02,0.000000000000000000e+00,0.000000000000000000e+00,0.000000000000000000e+00,0.000000000000000000e+00,0.000000000000000000e+00,0.000000000000000000e+00,0.000000000000000000e+00,0.000000000000000000e+00,0.000000000000000000e+00,1.666666666666666574e-01,8.333333333333332871e-02,8.333333333333332871e-02,8.333333333333332871e-02,1.666666666666666574e-01,1.666666666666666574e-01,0.000000000000000000e+00,0.000000000000000000e+00,0.000000000000000000e+00,8.333333333333332871e-02
2.272727272727272790e-02,0.000000000000000000e+00,0.000000000000000000e+00,0.000000000000000000e+00,0.000000000000000000e+00,0.000000000000000000e+00,0.000000000000000000e+00,0.000000000000000000e+00,0.000000000000000000e+00,0.000000000000000000e+00,0.000000000000000000e+00,0.000000000000000000e+00,2.272727272727272790e-02,0.000000000000000000e+00,0.000000000000000000e+00,0.000000000000000000e+00,6.590909090909090606e-01,1.590909090909090884e-01,6.818181818181817677e-02,6.818181818181817677e-02,0.000000000000000000e+00
3.125000000000000000e-02,1.562500000000000000e-02,0.000000000000000000e+00,1.562500000000000000e-02,0.000000000000000000e+00,0.000000000000000000e+00,0.000000000000000000e+00,0.000000000000000000e+00,0.000000000000000000e+00,0.000000000000000000e+00,1.562500000000000000e-02,0.000000000000000000e+00,3.125000000000000000e-02,0.000000000000000000e+00,3.125000000000000000e-02,3.125000000000000000e-02,7.812500000000000000e-02,5.468750000000000000e-01,1.406250000000000000e-01,0.000000000000000000e+00,6.250000000000000000e-02
1.834862385321101019e-02,3.669724770642202039e-02,0.000000000000000000e+00,0.000000000000000000e+00,0.000000000000000000e+00,0.000000000000000000e+00,0.000000000000000000e+00,0.000000000000000000e+00,0.000000000000000000e+00,0.000000000000000000e+00,0.000000000000000000e+00,0.000000000000000000e+00,0.000000000000000000e+00,9.174311926605505096e-03,1.834862385321101019e-02,4.587155963302752548e-02,2.752293577981651529e-02,7.339449541284404077e-02,5.779816513761467656e-01,8.256880733944954587e-02,1.100917431192660612e-01
8.510638297872340219e-02,1.418439716312056703e-02,1.418439716312056703e-02,0.000000000000000000e+00,0.000000000000000000e+00,0.000000000000000000e+00,0.000000000000000000e+00,0.000000000000000000e+00,0.000000000000000000e+00,0.000000000000000000e+00,0.000000000000000000e+00,0.000000000000000000e+00,0.000000000000000000e+00,0.000000000000000000e+00,7.092198581560283516e-03,7.092198581560283516e-03,7.092198581560283516e-03,1.418439716312056703e-02,1.134751773049645363e-01,5.673758865248227368e-01,1.702127659574468044e-01
1.340579710144927661e-01,4.710144927536231985e-02,1.811594202898550790e-02,0.000000000000000000e+00,0.000000000000000000e+00,3.623188405797101493e-03,7.246376811594202987e-03,0.000000000000000000e+00,0.000000000000000000e+00,0.000000000000000000e+00,7.246376811594202987e-03,3.623188405797101493e-03,0.000000000000000000e+00,0.000000000000000000e+00,0.000000000000000000e+00,3.623188405797101493e-03,7.246376811594202987e-03,0.000000000000000000e+00,3.985507246376811252e-02,9.057971014492753603e-02,6.376811594202898004e-01
