8.461538461538461453e-01,0.000000000000000000e+00,0.000000000000000000e+00,7.692307692307692735e-02,0.000000000000000000e+00,0.000000000000000000e+00,0.000000000000000000e+00,0.000000000000000000e+00,0.000000000000000000e+00,0.000000000000000000e+00,0.000000000000000000e+00,0.000000000000000000e+00,0.000000000000000000e+00,7.692307692307692735e-02,0.000000000000000000e+00,0.000000000000000000e+00,0.000000000000000000e+00,0.000000000000000000e+00,0.000000000000000000e+00,0.000000000000000000e+00,0.000000000000000000e+00,0.000000000000000000e+00
8.333333333333332871e-02,9.166666666666666297e-01,0.000000000000000000e+00,0.000000000000000000e+00,0.000000000000000000e+00,0.000000000000000000e+00,0.000000000000000000e+00,0.000000000000000000e+00,0.000000000000000000e+00,0.000000000000000000e+00,0.000000000000000000e+00,0.000000000000000000e+00,0.000000000000000000e+00,0.000000000000000000e+00,0.000000000000000000e+00,0.000000000000000000e+00,0.000000000000000000e+00,0.000000000000000000e+00,0.000000000000000000e+00,0.000000000000000000e+00,0.000000000000000000e+00,0.000000000000000000e+00
0.000000000000000000e+00,0.000000000000000000e+00,7.142857142857143016e-01,7.142857142857142461e-02,2.142857142857142738e-01,0.000000000000000000e+00,0.000000000000000000e+00,0.000000000000000000e+00,0.000000000000000000e+00,0.000000000000000000e+00,0.000000000000000000e+00,0.000000000000000000e+00,0.000000000000000000e+00,0.000000000000000000e+00,0.000000000000000000e+00,0.000000000000000000e+00,0.000000000000000000e+00,0.000000000000000000e+00,0.000000000000000000e+00,0.000000000000000000e+00,0.000000000000000000e+00,0.000000000000000000e+00
0.000000000000000000e+00,0.000000000000000000e+00,0.000000000000000000e+00,5.000000000000000000e-01,2.999999999999999889e-01,1.000000000000000056e-01,0.000000000000000000e+00,0.000000000000000000e+00,0.000000000000000000e+00,1.000000000000000056e-01,0.000000000000000000e+00,0.000000000000000000e+00,0.000000000000000000e+00,0.000000000000000000e+00,0.000000000000000000e+00,0.000000000000000000e+00,0.000000000000000000e+00,0.000000000000000000e+00,0.000000000000000000e+00,0.000000000000000000e+00,0.000000000000000000e+00,0.000000000000000000e+00
0.000000000000000000e+00,1.694915254237288130e-02,3.389830508474576259e-02,5.084745762711864736e-02,7.457627118644067910e-01,1.016949152542372947e-01,3.389830508474576259e-02,0.000000000000000000e+00,0.000000000000000000e+00,0.000000000000000000e+00,1.694915254237288130e-02,0.000000000000000000e+00,0.000000000000000000e+00,0.000000000000000000e+00,0.000000000000000000e+00,0.000000000000000000e+00,0.000000000000000000e+00,0.000000000000000000e+00,0.000000000000000000e+00,0.000000000000000000e+00,0.000000000000000000e+00,0.000000000000000000e+00
0.000000000000000000e+00,0.000000000000000000e+00,0.000000000000000000e+00,4.166666666666666435e-02,1.041666666666666713e-01,6.458333333333333703e-01,1.458333333333333426e-01,2.083333333333333218e-02,0.000000000000000000e+00,0.000000000000000000e+00,0.000000000000000000e+00,0.000000000000000000e+00,0.000000000000000000e+00,0.000000000000000000e+00,2.083333333333333218e-02,2.083333333333333218e-02,0.000000000000000000e+00,0.000000000000000000e+00,0.000000000000000000e+00,0.000000000000000000e+00,0.000000000000000000e+00,0.000000000000000000e+00
0.000000000000000000e+00,0.000000000000000000e+00,9.433962264150943036e-03,0.000000000000000000e+00,2.830188679245283084e-02,8.490566037735848559e-02,7.169811320754716499e-01,1.320754716981132060e-01,2.830188679245283084e-02,0.000000000000000000e+00,0.000000000000000000e+00,0.000000000000000000e+00,0.000000000000000000e+00,0.000000000000000000e+00,0.000000000000000000e+00,0.000000000000000000e+00,0.000000000000000000e+00,0.000000000000000000e+00,0.000000000000000000e+00,0.000000000000000000e+00,0.000000000000000000e+00,0.000000000000000000e+00
0.000000000000000000e+00,0.000000000000000000e+00,0.000000000000000000e+00,0.000000000000000000e+00,0.000000000000000000e+00,9.900990099009901110e-03,7.920792079207920888e-02,6.485148514851485357e-01,1.633663366336633727e-01,4.950495049504950729e-02,9.900990099009901110e-03,9.900990099009901110e-03,9.900990099009901110e-03,0.000000000000000000e+00,9.900990099009901110e-03,0.000000000000000000e+00,4.950495049504950555e-03,0.000000000000000000e+00,0.000000000000000000e+00,0.000000000000000000e+00,0.000000000000000000e+00,4.950495049504950555e-03
0.000000000000000000e+00,0.000000000000000000e+00,0.000000000000000000e+00,0.000000000000000000e+00,2.004008016032063962e-03,2.004008016032063962e-03,1.202404809619238464e-02,9.418837675350701100e-02,7.434869739478957573e-01,8.016032064128256196e-02,2.404809619238476928e-02,1.002004008016032024e-02,1.002004008016032024e-02,4.008016032064127925e-03,2.004008016032063962e-03,0.000000000000000000e+00,2.004008016032063962e-03,2.004008016032063962e-03,0.000000000000000000e+00,2.004008016032063962e-03,0.000000000000000000e+00,1.002004008016032024e-02
0.000000000000000000e+00,0.000000000000000000e+00,2.267573696145124777e-03,0.000000000000000000e+00,0.000000000000000000e+00,0.000000000000000000e+00,4.535147392290249553e-03,1.360544217687074779e-02,1.405895691609977405e-01,6.961451247165533207e-01,8.163265306122448328e-02,2.721088435374149558e-02,1.133786848072562345e-02,4.535147392290249553e-03,2.267573696145124777e-03,4.535147392290249553e-03,0.000000000000000000e+00,2.267573696145124777e-03,2.267573696145124777e-03,0.000000000000000000e+00,0.000000000000000000e+00,6.802721088435373896e-03
6.968641114982578391e-03,0.000000000000000000e+00,0.000000000000000000e+00,0.000000000000000000e+00,0.000000000000000000e+00,3.484320557491289196e-03,6.968641114982578391e-03,3.484320557491289196e-03,3.832752613240417855e-02,1.777003484320557603e-01,6.306620209059233817e-01,6.620209059233449211e-02,2.090592334494773691e-02,1.393728222996515678e-02,3.484320557491289196e-03,1.393728222996515678e-02,3.484320557491289196e-03,0.000000000000000000e+00,0.000000000000000000e+00,0.000000000000000000e+00,0.000000000000000000e+00,1.045296167247386845e-02
0.000000000000000000e+00,0.000000000000000000e+00,0.000000000000000000e+00,0.000000000000000000e+00,0.000000000000000000e+00,0.000000000000000000e+00,0.000000000000000000e+00,1.369863013698630061e-02,4.109589041095890183e-02,1.027397260273972546e-01,1.849315068493150582e-01,4.657534246575342207e-01,1.232876712328767055e-01,1.369863013698630061e-02,1.369863013698630061e-02,0.000000000000000000e+00,6.849315068493150305e-03,6.849315068493150305e-03,1.369863013698630061e-02,6.849315068493150305e-03,0.000000000000000000e+00,6.849315068493150305e-03
0.000000000000000000e+00,0.000000000000000000e+00,0.000000000000000000e+00,0.000000000000000000e+00,0.000000000000000000e+00,0.000000000000000000e+00,1.449275362318840597e-02,7.246376811594202987e-03,2.898550724637681195e-02,4.347826086956521618e-02,7.971014492753622505e-02,1.449275362318840632e-01,5.072463768115942351e-01,7.971014492753622505e-02,2.898550724637681195e-02,0.000000000000000000e+00,2.898550724637681195e-02,0.000000000000000000e+00,1.449275362318840597e-02,0.000000000000000000e+00,7.246376811594202987e-03,1.449275362318840597e-02
0.000000000000000000e+00,0.000000000000000000e+00,0.000000000000000000e+00,0.000000000000000000e+00,0.000000000000000000e+00,0.000000000000000000e+00,0.000000000000000000e+00,1.694915254237288130e-02,1.694915254237288130e-02,1.016949152542372947e-01,3.389830508474576259e-02,5.084745762711864736e-02,2.203389830508474534e-01,2.542372881355932090e-01,8.474576271186440302e-02,5.084745762711864736e-02,6.779661016949152519e-02,0.000000000000000000e+00,3.389830508474576259e-02,1.694915254237288130e-02,0.000000000000000000e+00,5.084745762711864736e-02
0.000000000000000000e+00,0.000000000000000000e+00,0.000000000000000000e+00,0.000000000000000000e+00,2.380952380952380820e-02,0.000000000000000000e+00,0.000000000000000000e+00,0.000000000000000000e+00,0.000000000000000000e+00,4.761904761904761640e-02,0.000000000000000000e+00,7.142857142857142461e-02,1.190476190476190410e-01,9.523809523809523281e-02,2.857142857142856984e-01,9.523809523809523281e-02,0.000000000000000000e+00,4.761904761904761640e-02,2.380952380952380820e-02,2.380952380952380820e-02,4.761904761904761640e-02,1.190476190476190410e-01
1.818181818181818094e-02,0.000000000000000000e+00,0.000000000000000000e+00,0.000000000000000000e+00,0.000000000000000000e+00,0.000000000000000000e+00,0.000000000000000000e+00,0.000000000000000000e+00,3.636363636363636187e-02,3.636363636363636187e-02,1.818181818181818094e-02,1.818181818181818094e-02,1.818181818181818094e-02,1.090909090909090856e-01,1.090909090909090856e-01,5.636363636363636020e-01,5.454545454545454281e-02,1.818181818181818094e-02,0.000000000000000000e+00,0.000000000000000000e+00,0.000000000000000000e+00,0.000000000000000000e+00
0.000000000000000000e+00,0.000000000000000000e+00,0.000000000000000000e+00,0.000000000000000000e+00,0.000000000000000000e+00,0.000000000000000000e+00,0.000000000000000000e+00,4.545454545454545581e-02,9.090909090909091161e-02,4.545454545454545581e-02,0.000000000000000000e+00,4.545454545454545581e-02,9.090909090909091161e-02,2.272727272727272652e-01,0.000000000000000000e+00,1.363636363636363535e-01,1.363636363636363535e-01,0.000000000000000000e+00,0.000000000000000000e+00,0.000000000000000000e+00,0.000000000000000000e+00,1.818181818181818232e-01
0.000000000000000000e+00,0.000000000000000000e+00,0.000000000000000000e+00,0.000000000000000000e+00,0.000000000000000000e+00,0.000000000000000000e+00,0.000000000000000000e+00,0.000000000000000000e+00,0.000000000000000000e+00,0.000000000000000000e+00,0.000000000000000000e+00,1.428571428571428492e-01,0.000000000000000000e+00,7.142857142857142461e-02,0.000000000000000000e+00,7.142857142857142461e-02,1.428571428571428492e-01,3.571428571428571508e-01,7.142857142857142461e-02,7.142857142857142461e-02,7.142857142857142461e-02,0.000000000000000000e+00
0.000000000000000000e+00,0.000000000000000000e+00,0.000000000000000000e+00,0.000000000000000000e+00,0.000000000000000000e+00,0.000000000000000000e+00,5.882352941176470507e-02,0.000000000000000000e+00,0.000000000000000000e+00,5.882352941176470507e-02,1.176470588235294101e-01,5.882352941176470507e-02,0.000000000000000000e+00,0.000000000000000000e+00,5.882352941176470507e-02,0.000000000000000000e+00,0.000000000000000000e+00,1.176470588235294101e-01,2.941176470588235392e-01,5.882352941176470507e-02,5.882352941176470507e-02,1.176470588235294101e-01
0.000000000000000000e+00,0.000000000000000000e+00,0.000000000000000000e+00,0.000000000000000000e+00,0.000000000000000000e+00,0.000000000000000000e+00,0.000000000000000000e+00,0.000000000000000000e+00,0.000000000000000000e+00,3.703703703703703498e-02,0.000000000000000000e+00,0.000000000000000000e+00,7.407407407407406996e-02,0.000000000000000000e+00,3.703703703703703498e-02,3.703703703703703498e-02,0.000000000000000000e+00,0.000000000000000000e+00,7.407407407407406996e-02,5.925925925925925597e-01,0.000000000000000000e+00,1.481481481481481399e-01
0.000000000000000000e+00,0.000000000000000000e+00,0.000000000000000000e+00,0.000000000000000000e+00,0.000000000000000000e+00,0.000000000000000000e+00,0.000000000000000000e+00,0.000000000000000000e+00,0.000000000000000000e+00,8.333333333333332871e-02,0.000000000000000000e+00,8.333333333333332871e-02,0.000000000000000000e+00,8.333333333333332871e-02,0.000000000000000000e+00,0.000000000000000000e+00,8.333333333333332871e-02,0.000000000000000000e+00,8.333333333333332871e-02,1.666666666666666574e-01,2.500000000000000000e-01,1.666666666666666574e-01
0.000000000000000000e+00,0.000000000000000000e+00,0.000000000000000000e+00,1.315789473684210453e-02,0.000000000000000000e+00,0.000000000000000000e+00,0.000000000000000000e+00,2.631578947368420907e-02,1.315789473684210453e-02,3.947368421052631360e-02,2.631578947368420907e-02,3.947368421052631360e-02,1.052631578947368363e-01,3.947368421052631360e-02,6.578947368421052266e-02,5.263157894736841813e-02,1.315789473684210453e-02,0.000000000000000000e+00,0.000000000000000000e+00,2.631578947368420907e-02,5.263157894736841813e-02,4.868421052631579093e-01
