0.000000000000000000e+00,0.000000000000000000e+00,0.000000000000000000e+00,0.000000000000000000e+00,0.000000000000000000e+00,0.000000000000000000e+00,0.000000000000000000e+00,0.000000000000000000e+00,0.000000000000000000e+00,0.000000000000000000e+00,0.000000000000000000e+00,0.000000000000000000e+00,0.000000000000000000e+00,0.000000000000000000e+00,0.000000000000000000e+00,0.000000000000000000e+00,0.000000000000000000e+00,0.000000000000000000e+00,0.000000000000000000e+00,0.000000000000000000e+00,0.000000000000000000e+00,0.000000000000000000e+00
0.000000000000000000e+00,9.777777777777777457e-01,0.000000000000000000e+00,0.000000000000000000e+00,1.111111111111111154e-02,1.111111111111111154e-02,0.000000000000000000e+00,0.000000000000000000e+00,0.000000000000000000e+00,0.000000000000000000e+00,0.000000000000000000e+00,0.000000000000000000e+00,0.000000000000000000e+00,0.000000000000000000e+00,0.000000000000000000e+00,0.000000000000000000e+00,0.000000000000000000e+00,0.000000000000000000e+00,0.000000000000000000e+00,0.000000000000000000e+00,0.000000000000000000e+00,0.000000000000000000e+00
0.000000000000000000e+00,0.000000000000000000e+00,9.150000000000000355e-01,8.500000000000000611e-02,0.000000000000000000e+00,0.000000000000000000e+00,0.000000000000000000e+00,0.000000000000000000e+00,0.000000000000000000e+00,0.000000000000000000e+00,0.000000000000000000e+00,0.000000000000000000e+00,0.000000000000000000e+00,0.000000000000000000e+00,0.000000000000000000e+00,0.000000000000000000e+00,0.000000000000000000e+00,0.000000000000000000e+00,0.000000000000000000e+00,0.000000000000000000e+00,0.000000000000000000e+00,0.000000000000000000e+00
0.000000000000000000e+00,0.000000000000000000e+00,2.592087312414733877e-02,9.045020463847203152e-01,6.002728512960436857e-02,8.185538881309685835e-03,0.000000000000000000e+00,0.000000000000000000e+00,0.000000000000000000e+00,1.364256480218281045e-03,0.000000000000000000e+00,0.000000000000000000e+00,0.000000000000000000e+00,0.000000000000000000e+00,0.000000000000000000e+00,0.000000000000000000e+00,0.000000000000000000e+00,0.000000000000000000e+00,0.000000000000000000e+00,0.000000000000000000e+00,0.000000000000000000e+00,0.000000000000000000e+00
1.517450682852807334e-03,1.517450682852807334e-03,0.000000000000000000e+00,7.738998482549316882e-02,7.966616084977238277e-01,9.104704097116843309e-02,1.365705614567526600e-02,4.552352048558422001e-03,6.069802731411229335e-03,1.517450682852807334e-03,0.000000000000000000e+00,1.517450682852807334e-03,1.517450682852807334e-03,0.000000000000000000e+00,0.000000000000000000e+00,0.000000000000000000e+00,0.000000000000000000e+00,1.517450682852807334e-03,0.000000000000000000e+00,0.000000000000000000e+00,0.000000000000000000e+00,1.517450682852807334e-03
0.000000000000000000e+00,0.000000000000000000e+00,2.695417789757412544e-03,1.886792452830188607e-02,1.590296495956873279e-01,6.981132075471697673e-01,5.660377358490566169e-02,2.425876010781671116e-02,1.078167115902965018e-02,8.086253369272237632e-03,0.000000000000000000e+00,2.695417789757412544e-03,2.695417789757412544e-03,0.000000000000000000e+00,0.000000000000000000e+00,0.000000000000000000e+00,2.695417789757412544e-03,0.000000000000000000e+00,2.695417789757412544e-03,2.695417789757412544e-03,0.000000000000000000e+00,8.086253369272237632e-03
0.000000000000000000e+00,0.000000000000000000e+00,0.000000000000000000e+00,1.666666666666666644e-02,7.499999999999999722e-02,2.083333333333333426e-01,5.000000000000000000e-01,8.333333333333332871e-02,5.833333333333333426e-02,8.333333333333333218e-03,0.000000000000000000e+00,8.333333333333333218e-03,1.666666666666666644e-02,0.000000000000000000e+00,0.000000000000000000e+00,0.000000000000000000e+00,0.000000000000000000e+00,0.000000000000000000e+00,0.000000000000000000e+00,1.666666666666666644e-02,0.000000000000000000e+00,8.333333333333333218e-03
0.000000000000000000e+00,0.000000000000000000e+00,0.000000000000000000e+00,1.694915254237288130e-02,1.016949152542372947e-01,6.779661016949152519e-02,2.033898305084745894e-01,3.559322033898305038e-01,1.355932203389830504e-01,5.084745762711864736e-02,1.694915254237288130e-02,0.000000000000000000e+00,1.694915254237288130e-02,1.694915254237288130e-02,0.000000000000000000e+00,0.000000000000000000e+00,0.000000000000000000e+00,0.000000000000000000e+00,0.000000000000000000e+00,1.694915254237288130e-02,0.000000000000000000e+00,0.000000000000000000e+00
0.000000000000000000e+00,0.000000000000000000e+00,0.000000000000000000e+00,1.369863013698630061e-02,2.739726027397260122e-02,1.095890410958904049e-01,6.849315068493150305e-02,6.849315068493150305e-02,4.383561643835616195e-01,1.369863013698630061e-01,2.739726027397260122e-02,0.000000000000000000e+00,1.369863013698630061e-02,1.369863013698630061e-02,2.739726027397260122e-02,2.739726027397260122e-02,0.000000000000000000e+00,0.000000000000000000e+00,0.000000000000000000e+00,2.739726027397260122e-02,0.000000000000000000e+00,0.000000000000000000e+00
0.000000000000000000e+00,0.000000000000000000e+00,0.000000000000000000e+00,0.000000000000000000e+00,2.197802197802197974e-02,4.395604395604395948e-02,3.296703296703296787e-02,3.296703296703296787e-02,6.593406593406593574e-02,5.824175824175824578e-01,9.890109890109889668e-02,2.197802197802197974e-02,1.098901098901098987e-02,1.098901098901098987e-02,1.098901098901098987e-02,2.197802197802197974e-02,2.197802197802197974e-02,1.098901098901098987e-02,0.000000000000000000e+00,0.000000000000000000e+00,1.098901098901098987e-02,0.000000000000000000e+00
0.000000000000000000e+00,0.000000000000000000e+00,0.000000000000000000e+00,0.000000000000000000e+00,0.000000000000000000e+00,4.545454545454545581e-02,0.000000000000000000e+00,0.000000000000000000e+00,9.090909090909091161e-02,3.181818181818181768e-01,2.272727272727272652e-01,9.090909090909091161e-02,9.090909090909091161e-02,0.000000000000000000e+00,0.000000000000000000e+00,9.090909090909091161e-02,4.545454545454545581e-02,0.000000000000000000e+00,0.000000000000000000e+00,0.000000000000000000e+00,0.000000000000000000e+00,0.000000000000000000e+00
0.000000000000000000e+00,0.000000000000000000e+00,0.000000000000000000e+00,0.000000000000000000e+00,1.176470588235294101e-01,0.000000000000000000e+00,5.882352941176470507e-02,0.000000000000000000e+00,1.764705882352941291e-01,1.764705882352941291e-01,1.176470588235294101e-01,3.529411764705882582e-01,0.000000000000000000e+00,0.000000000000000000e+00,0.000000000000000000e+00,0.000000000000000000e+00,0.000000000000000000e+00,0.000000000000000000e+00,0.000000000000000000e+00,0.000000000000000000e+00,0.000000000000000000e+00,0.000000000000000000e+00
0.000000000000000000e+00,0.000000000000000000e+00,0.000000000000000000e+00,0.000000000000000000e+00,2.142857142857142738e-01,0.000000000000000000e+00,0.000000000000000000e+00,7.142857142857142461e-02,1.428571428571428492e-01,2.142857142857142738e-01,7.142857142857142461e-02,7.142857142857142461e-02,0.000000000000000000e+00,7.142857142857142461e-02,0.000000000000000000e+00,1.428571428571428492e-01,0.000000000000000000e+00,0.000000000000000000e+00,0.000000000000000000e+00,0.000000000000000000e+00,0.000000000000000000e+00,0.000000000000000000e+00
0.000000000000000000e+00,0.000000000000000000e+00,0.000000000000000000e+00,0.000000000000000000e+00,0.000000000000000000e+00,1.666666666666666574e-01,0.000000000000000000e+00,0.000000000000000000e+00,0.000000000000000000e+00,1.666666666666666574e-01,0.000000000000000000e+00,1.666666666666666574e-01,1.666666666666666574e-01,1.666666666666666574e-01,0.000000000000000000e+00,0.000000000000000000e+00,0.000000000000000000e+00,0.000000000000000000e+00,1.666666666666666574e-01,0.000000000000000000e+00,0.000000000000000000e+00,0.000000000000000000e+00
0.000000000000000000e+00,0.000000000000000000e+00,0.000000000000000000e+00,0.000000000000000000e+00,0.000000000000000000e+00,0.000000000000000000e+00,0.000000000000000000e+00,0.000000000000000000e+00,0.000000000000000000e+00,0.000000000000000000e+00,1.111111111111111049e-01,1.111111111111111049e-01,0.000000000000000000e+00,0.000000000000000000e+00,2.222222222222222099e-01,2.222222222222222099e-01,3.333333333333333148e-01,0.000000000000000000e+00,0.000000000000000000e+00,0.000000000000000000e+00,0.000000000000000000e+00,0.000000000000000000e+00
0.000000000000000000e+00,0.000000000000000000e+00,0.000000000000000000e+00,0.000000000000000000e+00,0.000000000000000000e+00,6.250000000000000000e-02,0.000000000000000000e+00,0.000000000000000000e+00,1.250000000000000000e-01,6.250000000000000000e-02,6.250000000000000000e-02,6.250000000000000000e-02,0.000000000000000000e+00,6.250000000000000000e-02,1.250000000000000000e-01,2.500000000000000000e-01,6.250000000000000000e-02,6.250000000000000000e-02,6.250000000000000000e-02,0.000000000000000000e+00,0.000000000000000000e+00,0.000000000000000000e+00
0.000000000000000000e+00,0.000000000000000000e+00,0.000000000000000000e+00,0.000000000000000000e+00,0.000000000000000000e+00,0.000000000000000000e+00,0.000000000000000000e+00,1.111111111111111049e-01,2.222222222222222099e-01,1.111111111111111049e-01,1.111111111111111049e-01,0.000000000000000000e+00,0.000000000000000000e+00,0.000000000000000000e+00,1.111111111111111049e-01,2.222222222222222099e-01,0.000000000000000000e+00,0.000000000000000000e+00,0.000000000000000000e+00,0.000000000000000000e+00,0.000000000000000000e+00,1.111111111111111049e-01
0.000000000000000000e+00,0.000000000000000000e+00,0.000000000000000000e+00,0.000000000000000000e+00,0.000000000000000000e+00,2.500000000000000000e-01,2.500000000000000000e-01,0.000000000000000000e+00,0.000000000000000000e+00,0.000000000000000000e+00,0.000000000000000000e+00,0.000000000000000000e+00,0.000000000000000000e+00,0.000000000000000000e+00,0.000000000000000000e+00,0.000000000000000000e+00,0.000000000000000000e+00,0.000000000000000000e+00,2.500000000000000000e-01,0.000000000000000000e+00,0.000000000000000000e+00,2.500000000000000000e-01
0.000000000000000000e+00,0.000000000000000000e+00,0.000000000000000000e+00,0.000000000000000000e+00,0.000000000000000000e+00,1.111111111111111049e-01,1.111111111111111049e-01,0.000000000000000000e+00,0.000000000000000000e+00,0.000000000000000000e+00,0.000000000000000000e+00,0.000000000000000000e+00,3.333333333333333148e-01,0.000000000000000000e+00,0.000000000000000000e+00,0.000000000000000000e+00,1.111111111111111049e-01,0.000000000000000000e+00,0.000000000000000000e+00,1.111111111111111049e-01,0.000000000000000000e+00,2.222222222222222099e-01
0.000000000000000000e+00,0.000000000000000000e+00,0.000000000000000000e+00,0.000000000000000000e+00,0.000000000000000000e+00,0.000000000000000000e+00,0.000000000000000000e+00,1.250000000000000000e-01,0.000000000000000000e+00,1.250000000000000000e-01,0.000000000000000000e+00,0.000000000000000000e+00,0.000000000000000000e+00,0.000000000000000000e+00,0.000000000000000000e+00,0.000000000000000000e+00,0.000000000000000000e+00,1.250000000000000000e-01,2.500000000000000000e-01,2.500000000000000000e-01,1.250000000000000000e-01,0.000000000000000000e+00
0.000000000000000000e+00,0.000000000000000000e+00,0.000000000000000000e+00,0.000000000000000000e+00,0.000000000000000000e+00,1.666666666666666574e-01,3.333333333333333148e-01,0.000000000000000000e+00,0.000000000000000000e+00,0.000000000000000000e+00,0.000000000000000000e+00,0.000000000000000000e+00,1.666666666666666574e-01,0.000000000000000000e+00,0.000000000000000000e+00,0.000000000000000000e+00,0.000000000000000000e+00,0.000000000000000000e+00,0.000000000000000000e+00,0.000000000000000000e+00,3.333333333333333148e-01,0.000000000000000000e+00
0.000000000000000000e+00,0.000000000000000000e+00,0.000000000000000000e+00,7.142857142857142461e-02,7.142857142857142461e-02,7.142857142857142461e-02,0.000000000000000000e+00,0.000000000000000000e+00,7.142857142857142461e-02,1.428571428571428492e-01,7.142857142857142461e-02,0.000000000000000000e+00,1.428571428571428492e-01,0.000000000000000000e+00,0.000000000000000000e+00,0.000000000000000000e+00,0.000000000000000000e+00,0.000000000000000000e+00,7.142857142857142461e-02,0.000000000000000000e+00,0.000000000000000000e+00,2.857142857142856984e-01
