7.345844504021448174e-01,6.970509383378016566e-02,1.608579088471849897e-02,1.876675603217158039e-02,2.680965147453083161e-03,5.361930294906166322e-03,2.680965147453083161e-03,0.000000000000000000e+00,0.000000000000000000e+00,0.000000000000000000e+00,8.042895442359249483e-03,0.000000000000000000e+00,2.680965147453083161e-03,0.000000000000000000e+00,0.000000000000000000e+00,0.000000000000000000e+00,2.680965147453083161e-03,0.000000000000000000e+00,5.361930294906166322e-03,1.608579088471849897e-02,1.152815013404825673e-01
1.472392638036809920e-01,4.662576687116564145e-01,1.349693251533742311e-01,3.680981595092024800e-02,1.840490797546012400e-02,1.226993865030674875e-02,0.000000000000000000e+00,6.134969325153374377e-03,6.134969325153374377e-03,1.226993865030674875e-02,3.067484662576687102e-02,0.000000000000000000e+00,0.000000000000000000e+00,0.000000000000000000e+00,0.000000000000000000e+00,0.000000000000000000e+00,0.000000000000000000e+00,6.134969325153374377e-03,1.226993865030674875e-02,4.294478527607362150e-02,6.748466257668711554e-02
4.545454545454545581e-02,1.515151515151515194e-01,4.696969696969697239e-01,7.575757575757575968e-02,6.060606060606060774e-02,7.575757575757575968e-03,3.030303030303030387e-02,7.575757575757575968e-03,7.575757575757575968e-03,0.000000000000000000e+00,2.272727272727272790e-02,0.000000000000000000e+00,0.000000000000000000e+00,0.000000000000000000e+00,0.000000000000000000e+00,7.575757575757575968e-03,1.515151515151515194e-02,0.000000000000000000e+00,7.575757575757575968e-03,2.272727272727272790e-02,6.818181818181817677e-02
1.320754716981132060e-01,1.698113207547169712e-01,2.075471698113207641e-01,2.264150943396226467e-01,1.886792452830188607e-02,5.660377358490566169e-02,1.886792452830188607e-02,0.000000000000000000e+00,0.000000000000000000e+00,0.000000000000000000e+00,9.433962264150944077e-02,0.000000000000000000e+00,0.000000000000000000e+00,0.000000000000000000e+00,0.000000000000000000e+00,1.886792452830188607e-02,0.000000000000000000e+00,0.000000000000000000e+00,1.886792452830188607e-02,0.000000000000000000e+00,3.773584905660377214e-02
7.142857142857142461e-02,1.428571428571428492e-01,1.428571428571428492e-01,7.142857142857142461e-02,7.142857142857142461e-02,1.785714285714285754e-01,1.071428571428571369e-01,0.000000000000000000e+00,0.000000000000000000e+00,3.571428571428571230e-02,7.142857142857142461e-02,0.000000000000000000e+00,0.000000000000000000e+00,0.000000000000000000e+00,0.000000000000000000e+00,3.571428571428571230e-02,0.000000000000000000e+00,0.000000000000000000e+00,0.000000000000000000e+00,3.571428571428571230e-02,3.571428571428571230e-02
7.692307692307692735e-02,2.564102564102564014e-02,2.564102564102564014e-02,5.128205128205128027e-02,1.282051282051281937e-01,4.615384615384615641e-01,2.564102564102564014e-02,0.000000000000000000e+00,0.000000000000000000e+00,2.564102564102564014e-02,1.538461538461538547e-01,0.000000000000000000e+00,0.000000000000000000e+00,0.000000000000000000e+00,0.000000000000000000e+00,0.000000000000000000e+00,0.000000000000000000e+00,0.000000000000000000e+00,0.000000000000000000e+00,2.564102564102564014e-02,0.000000000000000000e+00
1.851851851851851749e-01,0.000000000000000000e+00,7.407407407407406996e-02,7.407407407407406996e-02,3.703703703703703498e-02,7.407407407407406996e-02,1.481481481481481399e-01,1.111111111111111049e-01,7.407407407407406996e-02,0.000000000000000000e+00,1.481481481481481399e-01,0.000000000000000000e+00,0.000000000000000000e+00,0.000000000000000000e+00,0.000000000000000000e+00,0.000000000000000000e+00,0.000000000000000000e+00,3.703703703703703498e-02,0.000000000000000000e+00,3.703703703703703498e-02,0.000000000000000000e+00
0.000000000000000000e+00,1.111111111111111049e-01,0.000000000000000000e+00,5.555555555555555247e-02,0.000000000000000000e+00,0.000000000000000000e+00,5.555555555555555247e-02,4.444444444444444198e-01,1.111111111111111049e-01,5.555555555555555247e-02,1.666666666666666574e-01,0.000000000000000000e+00,0.000000000000000000e+00,0.000000000000000000e+00,0.000000000000000000e+00,0.000000000000000000e+00,0.000000000000000000e+00,0.000000000000000000e+00,0.000000000000000000e+00,0.000000000000000000e+00,0.000000000000000000e+00
0.000000000000000000e+00,4.545454545454545581e-02,4.545454545454545581e-02,4.545454545454545581e-02,0.000000000000000000e+00,0.000000000000000000e+00,4.545454545454545581e-02,9.090909090909091161e-02,4.545454545454545303e-01,1.818181818181818232e-01,9.090909090909091161e-02,0.000000000000000000e+00,0.000000000000000000e+00,0.000000000000000000e+00,0.000000000000000000e+00,0.000000000000000000e+00,0.000000000000000000e+00,0.000000000000000000e+00,0.000000000000000000e+00,0.000000000000000000e+00,0.000000000000000000e+00
6.250000000000000000e-02,1.250000000000000000e-01,0.000000000000000000e+00,0.000000000000000000e+00,1.875000000000000000e-01,6.250000000000000000e-02,0.000000000000000000e+00,6.250000000000000000e-02,6.250000000000000000e-02,3.125000000000000000e-01,1.250000000000000000e-01,0.000000000000000000e+00,0.000000000000000000e+00,0.000000000000000000e+00,0.000000000000000000e+00,0.000000000000000000e+00,0.000000000000000000e+00,0.000000000000000000e+00,0.000000000000000000e+00,0.000000000000000000e+00,0.000000000000000000e+00
4.761904761904761640e-02,4.761904761904761640e-02,1.904761904761904934e-02,3.809523809523809867e-02,1.904761904761904934e-02,3.809523809523809867e-02,1.047619047619047644e-01,2.857142857142857054e-02,3.809523809523809867e-02,1.904761904761904934e-02,5.523809523809524169e-01,0.000000000000000000e+00,0.000000000000000000e+00,0.000000000000000000e+00,0.000000000000000000e+00,0.000000000000000000e+00,0.000000000000000000e+00,0.000000000000000000e+00,9.523809523809524669e-03,9.523809523809524669e-03,2.857142857142857054e-02
0.000000000000000000e+00,0.000000000000000000e+00,0.000000000000000000e+00,0.000000000000000000e+00,0.000000000000000000e+00,0.000000000000000000e+00,0.000000000000000000e+00,0.000000000000000000e+00,0.000000000000000000e+00,0.000000000000000000e+00,0.000000000000000000e+00,9.743589743589743390e-01,2.564102564102564014e-02,0.000000000000000000e+00,0.000000000000000000e+00,0.000000000000000000e+00,0.000000000000000000e+00,0.000000000000000000e+00,0.000000000000000000e+00,0.000000000000000000e+00,0.000000000000000000e+00
0.000000000000000000e+00,0.000000000000000000e+00,3.125000000000000000e-02,0.000000000000000000e+00,0.000000000000000000e+00,0.000000000000000000e+00,0.000000000000000000e+00,0.000000000000000000e+00,0.000000000000000000e+00,0.000000000000000000e+00,0.000000000000000000e+00,3.125000000000000000e-02,8.437500000000000000e-01,3.125000000000000000e-02,0.000000000000000000e+00,0.000000000000000000e+00,0.000000000000000000e+00,0.000000000000000000e+00,0.000000000000000000e+00,3.125000000000000000e-02,3.125000000000000000e-02
4.347826086956521618e-02,0.000000000000000000e+00,0.000000000000000000e+00,0.000000000000000000e+00,0.000000000000000000e+00,0.000000000000000000e+00,0.000000000000000000e+00,0.000000000000000000e+00,0.000000000000000000e+00,0.000000000000000000e+00,0.000000000000000000e+00,0.000000000000000000e+00,1.304347826086956486e-01,7.391304347826086474e-01,4.347826086956521618e-02,0.000000000000000000e+00,0.000000000000000000e+00,0.000000000000000000e+00,0.000000000000000000e+00,4.347826086956521618e-02,0.000000000000000000e+00
0.000000000000000000e+00,0.000000000000000000e+00,0.000000000000000000e+00,5.000000000000000278e-02,0.000000000000000000e+00,0.000000000000000000e+00,0.000000000000000000e+00,0.000000000000000000e+00,0.000000000000000000e+00,0.000000000000000000e+00,0.000000000000000000e+00,0.000000000000000000e+00,0.000000000000000000e+00,5.000000000000000278e-02,8.499999999999999778e-01,0.000000000000000000e+00,0.000000000000000000e+00,0.000000000000000000e+00,0.000000000000000000e+00,5.000000000000000278e-02,0.000000000000000000e+00
0.000000000000000000e+00,1.851851851851851749e-02,3.703703703703703498e-02,0.000000000000000000e+00,0.000000000000000000e+00,0.000000000000000000e+00,0.000000000000000000e+00,0.000000000000000000e+00,0.000000000000000000e+00,0.000000000000000000e+00,0.000000000000000000e+00,1.851851851851851749e-02,0.000000000000000000e+00,0.000000000000000000e+00,1.851851851851851749e-02,7.222222222222222099e-01,1.296296296296296224e-01,1.851851851851851749e-02,3.703703703703703498e-02,0.000000000000000000e+00,0.000000000000000000e+00
0.000000000000000000e+00,0.000000000000000000e+00,0.000000000000000000e+00,0.000000000000000000e+00,0.000000000000000000e+00,0.000000000000000000e+00,0.000000000000000000e+00,0.000000000000000000e+00,0.000000000000000000e+00,0.000000000000000000e+00,0.000000000000000000e+00,0.000000000000000000e+00,0.000000000000000000e+00,0.000000000000000000e+00,0.000000000000000000e+00,8.536585365853659180e-02,7.682926829268292845e-01,9.756097560975610095e-02,2.439024390243902524e-02,0.000000000000000000e+00,2.439024390243902524e-02
1.724137931034482735e-02,0.000000000000000000e+00,0.000000000000000000e+00,0.000000000000000000e+00,0.000000000000000000e+00,0.000000000000000000e+00,0.000000000000000000e+00,0.000000000000000000e+00,0.000000000000000000e+00,0.000000000000000000e+00,8.620689655172413673e-03,0.000000000000000000e+00,0.000000000000000000e+00,0.000000000000000000e+00,0.000000000000000000e+00,8.620689655172413673e-03,1.293103448275862155e-01,6.637931034482759118e-01,1.551724137931034531e-01,1.724137931034482735e-02,0.000000000000000000e+00
0.000000000000000000e+00,0.000000000000000000e+00,9.478672985781991245e-03,0.000000000000000000e+00,4.739336492890995622e-03,0.000000000000000000e+00,0.000000000000000000e+00,4.739336492890995622e-03,0.000000000000000000e+00,0.000000000000000000e+00,1.421800947867298513e-02,0.000000000000000000e+00,0.000000000000000000e+00,0.000000000000000000e+00,0.000000000000000000e+00,9.478672985781991245e-03,4.739336492890995622e-03,9.004739336492890989e-02,7.251184834123223233e-01,1.042654028436018898e-01,3.317535545023696936e-02
1.290322580645161289e-02,1.505376344086021591e-02,1.075268817204301161e-02,2.150537634408602149e-03,0.000000000000000000e+00,0.000000000000000000e+00,0.000000000000000000e+00,0.000000000000000000e+00,0.000000000000000000e+00,0.000000000000000000e+00,0.000000000000000000e+00,0.000000000000000000e+00,0.000000000000000000e+00,4.301075268817204297e-03,2.150537634408602149e-03,0.000000000000000000e+00,0.000000000000000000e+00,8.602150537634408595e-03,4.731182795698924554e-02,7.913978494623655768e-01,1.053763440860215062e-01
7.226562500000000000e-02,1.562500000000000000e-02,1.562500000000000000e-02,3.906250000000000000e-03,1.953125000000000000e-03,0.000000000000000000e+00,3.906250000000000000e-03,0.000000000000000000e+00,0.000000000000000000e+00,0.000000000000000000e+00,7.812500000000000000e-03,1.953125000000000000e-03,0.000000000000000000e+00,1.953125000000000000e-03,0.000000000000000000e+00,1.953125000000000000e-03,0.000000000000000000e+00,0.000000000000000000e+00,9.765625000000000000e-03,1.015625000000000000e-01,7.617187500000000000e-01
