9.591836734693877098e-01,0.000000000000000000e+00,0.000000000000000000e+00,2.040816326530612082e-02,2.040816326530612082e-02,0.000000000000000000e+00,0.000000000000000000e+00,0.000000000000000000e+00,0.000000000000000000e+00,0.000000000000000000e+00,0.000000000000000000e+00,0.000000000000000000e+00,0.000000000000000000e+00,0.000000000000000000e+00,0.000000000000000000e+00,0.000000000000000000e+00,0.000000000000000000e+00,0.000000000000000000e+00,0.000000000000000000e+00,0.000000000000000000e+00,0.000000000000000000e+00,0.000000000000000000e+00
0.000000000000000000e+00,5.000000000000000000e-01,0.000000000000000000e+00,0.000000000000000000e+00,5.000000000000000000e-01,0.000000000000000000e+00,0.000000000000000000e+00,0.000000000000000000e+00,0.000000000000000000e+00,0.000000000000000000e+00,0.000000000000000000e+00,0.000000000000000000e+00,0.000000000000000000e+00,0.000000000000000000e+00,0.000000000000000000e+00,0.000000000000000000e+00,0.000000000000000000e+00,0.000000000000000000e+00,0.000000000000000000e+00,0.000000000000000000e+00,0.000000000000000000e+00,0.000000000000000000e+00
0.000000000000000000e+00,0.000000000000000000e+00,0.000000000000000000e+00,0.000000000000000000e+00,0.000000000000000000e+00,0.000000000000000000e+00,0.000000000000000000e+00,0.000000000000000000e+00,1.000000000000000000e+00,0.000000000000000000e+00,0.000000000000000000e+00,0.000000000000000000e+00,0.000000000000000000e+00,0.000000000000000000e+00,0.000000000000000000e+00,0.000000000000000000e+00,0.000000000000000000e+00,0.000000000000000000e+00,0.000000000000000000e+00,0.000000000000000000e+00,0.000000000000000000e+00,0.000000000000000000e+00
0.000000000000000000e+00,0.000000000000000000e+00,0.000000000000000000e+00,2.857142857142856984e-01,2.857142857142856984e-01,0.000000000000000000e+00,0.000000000000000000e+00,0.000000000000000000e+00,2.857142857142856984e-01,1.428571428571428492e-01,0.000000000000000000e+00,0.000000000000000000e+00,0.000000000000000000e+00,0.000000000000000000e+00,0.000000000000000000e+00,0.000000000000000000e+00,0.000000000000000000e+00,0.000000000000000000e+00,0.000000000000000000e+00,0.000000000000000000e+00,0.000000000000000000e+00,0.000000000000000000e+00
6.666666666666666574e-02,0.000000000000000000e+00,0.000000000000000000e+00,0.000000000000000000e+00,7.333333333333332815e-01,1.333333333333333315e-01,0.000000000000000000e+00,0.000000000000000000e+00,0.000000000000000000e+00,6.666666666666666574e-02,0.000000000000000000e+00,0.000000000000000000e+00,0.000000000000000000e+00,0.000000000000000000e+00,0.000000000000000000e+00,0.000000000000000000e+00,0.000000000000000000e+00,0.000000000000000000e+00,0.000000000000000000e+00,0.000000000000000000e+00,0.000000000000000000e+00,0.000000000000000000e+00
3.571428571428571230e-02,0.000000000000000000e+00,0.000000000000000000e+00,3.571428571428571230e-02,0.000000000000000000e+00,6.785714285714286031e-01,1.428571428571428492e-01,3.571428571428571230e-02,3.571428571428571230e-02,3.571428571428571230e-02,0.000000000000000000e+00,0.000000000000000000e+00,0.000000000000000000e+00,0.000000000000000000e+00,0.000000000000000000e+00,0.000000000000000000e+00,0.000000000000000000e+00,0.000000000000000000e+00,0.000000000000000000e+00,0.000000000000000000e+00,0.000000000000000000e+00,0.000000000000000000e+00
0.000000000000000000e+00,0.000000000000000000e+00,0.000000000000000000e+00,0.000000000000000000e+00,0.000000000000000000e+00,2.222222222222222307e-02,5.777777777777777235e-01,2.000000000000000111e-01,1.333333333333333315e-01,2.222222222222222307e-02,2.222222222222222307e-02,2.222222222222222307e-02,0.000000000000000000e+00,0.000000000000000000e+00,0.000000000000000000e+00,0.000000000000000000e+00,0.000000000000000000e+00,0.000000000000000000e+00,0.000000000000000000e+00,0.000000000000000000e+00,0.000000000000000000e+00,0.000000000000000000e+00
0.000000000000000000e+00,0.000000000000000000e+00,0.000000000000000000e+00,0.000000000000000000e+00,5.263157894736841987e-03,0.000000000000000000e+00,4.736842105263158048e-02,7.368421052631578538e-01,1.578947368421052544e-01,5.263157894736841987e-03,3.157894736842105365e-02,0.000000000000000000e+00,0.000000000000000000e+00,0.000000000000000000e+00,0.000000000000000000e+00,0.000000000000000000e+00,0.000000000000000000e+00,0.000000000000000000e+00,0.000000000000000000e+00,0.000000000000000000e+00,0.000000000000000000e+00,1.578947368421052683e-02
0.000000000000000000e+00,3.058103975535168221e-03,0.000000000000000000e+00,0.000000000000000000e+00,0.000000000000000000e+00,0.000000000000000000e+00,2.140672782874617625e-02,6.727828746177369479e-02,7.033639143730886500e-01,1.590214067278287458e-01,1.834862385321101019e-02,9.174311926605505096e-03,0.000000000000000000e+00,6.116207951070336442e-03,0.000000000000000000e+00,3.058103975535168221e-03,0.000000000000000000e+00,0.000000000000000000e+00,0.000000000000000000e+00,0.000000000000000000e+00,3.058103975535168221e-03,6.116207951070336442e-03
0.000000000000000000e+00,0.000000000000000000e+00,0.000000000000000000e+00,3.418803418803418800e-03,0.000000000000000000e+00,1.709401709401709400e-03,1.709401709401709400e-03,6.837606837606837601e-03,7.692307692307692735e-02,7.846153846153846034e-01,9.230769230769231282e-02,1.709401709401709574e-02,5.128205128205128201e-03,3.418803418803418800e-03,0.000000000000000000e+00,0.000000000000000000e+00,1.709401709401709400e-03,0.000000000000000000e+00,0.000000000000000000e+00,0.000000000000000000e+00,0.000000000000000000e+00,5.128205128205128201e-03
0.000000000000000000e+00,0.000000000000000000e+00,0.000000000000000000e+00,0.000000000000000000e+00,0.000000000000000000e+00,0.000000000000000000e+00,0.000000000000000000e+00,9.975062344139650622e-03,1.246882793017456414e-02,1.371571072319202056e-01,6.957605985037406127e-01,7.980049875311720498e-02,2.493765586034912829e-02,9.975062344139650622e-03,2.493765586034912655e-03,4.987531172069825311e-03,0.000000000000000000e+00,2.493765586034912655e-03,0.000000000000000000e+00,0.000000000000000000e+00,2.493765586034912655e-03,1.745635910224438772e-02
0.000000000000000000e+00,0.000000000000000000e+00,0.000000000000000000e+00,0.000000000000000000e+00,0.000000000000000000e+00,0.000000000000000000e+00,4.000000000000000083e-03,0.000000000000000000e+00,2.800000000000000058e-02,2.800000000000000058e-02,1.120000000000000023e-01,6.680000000000000382e-01,8.400000000000000522e-02,4.000000000000000083e-02,1.600000000000000033e-02,8.000000000000000167e-03,0.000000000000000000e+00,4.000000000000000083e-03,0.000000000000000000e+00,0.000000000000000000e+00,0.000000000000000000e+00,8.000000000000000167e-03
0.000000000000000000e+00,0.000000000000000000e+00,0.000000000000000000e+00,0.000000000000000000e+00,0.000000000000000000e+00,0.000000000000000000e+00,0.000000000000000000e+00,0.000000000000000000e+00,9.259259259259258745e-03,4.629629629629629373e-02,8.333333333333332871e-02,1.759259259259259300e-01,5.000000000000000000e-01,9.259259259259258745e-02,2.777777777777777624e-02,1.851851851851851749e-02,0.000000000000000000e+00,0.000000000000000000e+00,1.851851851851851749e-02,0.000000000000000000e+00,0.000000000000000000e+00,2.777777777777777624e-02
0.000000000000000000e+00,0.000000000000000000e+00,0.000000000000000000e+00,0.000000000000000000e+00,0.000000000000000000e+00,0.000000000000000000e+00,0.000000000000000000e+00,0.000000000000000000e+00,1.315789473684210453e-02,3.947368421052631360e-02,6.578947368421052266e-02,9.210526315789473173e-02,1.973684210526315819e-01,5.000000000000000000e-01,2.631578947368420907e-02,2.631578947368420907e-02,0.000000000000000000e+00,0.000000000000000000e+00,0.000000000000000000e+00,0.000000000000000000e+00,0.000000000000000000e+00,3.947368421052631360e-02
0.000000000000000000e+00,0.000000000000000000e+00,0.000000000000000000e+00,0.000000000000000000e+00,0.000000000000000000e+00,0.000000000000000000e+00,0.000000000000000000e+00,0.000000000000000000e+00,3.225806451612903136e-02,0.000000000000000000e+00,9.677419354838709409e-02,1.935483870967741882e-01,6.451612903225806273e-02,1.935483870967741882e-01,2.258064516129032195e-01,3.225806451612903136e-02,6.451612903225806273e-02,0.000000000000000000e+00,3.225806451612903136e-02,0.000000000000000000e+00,0.000000000000000000e+00,6.451612903225806273e-02
0.000000000000000000e+00,0.000000000000000000e+00,0.000000000000000000e+00,0.000000000000000000e+00,0.000000000000000000e+00,0.000000000000000000e+00,0.000000000000000000e+00,0.000000000000000000e+00,0.000000000000000000e+00,0.000000000000000000e+00,1.600000000000000033e-01,8.000000000000000167e-02,1.199999999999999956e-01,4.000000000000000083e-02,4.000000000000000083e-02,4.400000000000000022e-01,0.000000000000000000e+00,4.000000000000000083e-02,0.000000000000000000e+00,4.000000000000000083e-02,0.000000000000000000e+00,4.000000000000000083e-02
0.000000000000000000e+00,0.000000000000000000e+00,0.000000000000000000e+00,0.000000000000000000e+00,0.000000000000000000e+00,0.000000000000000000e+00,0.000000000000000000e+00,0.000000000000000000e+00,0.000000000000000000e+00,0.000000000000000000e+00,8.333333333333332871e-02,8.333333333333332871e-02,8.333333333333332871e-02,8.333333333333332871e-02,3.333333333333333148e-01,0.000000000000000000e+00,1.666666666666666574e-01,8.333333333333332871e-02,0.000000000000000000e+00,0.000000000000000000e+00,8.333333333333332871e-02,0.000000000000000000e+00
0.000000000000000000e+00,0.000000000000000000e+00,0.000000000000000000e+00,0.000000000000000000e+00,0.000000000000000000e+00,0.000000000000000000e+00,0.000000000000000000e+00,0.000000000000000000e+00,0.000000000000000000e+00,0.000000000000000000e+00,0.000000000000000000e+00,7.692307692307692735e-02,0.000000000000000000e+00,7.692307692307692735e-02,7.692307692307692735e-02,7.692307692307692735e-02,1.538461538461538547e-01,3.846153846153846367e-01,0.000000000000000000e+00,0.000000000000000000e+00,7.692307692307692735e-02,7.692307692307692735e-02
0.000000000000000000e+00,0.000000000000000000e+00,0.000000000000000000e+00,0.000000000000000000e+00,0.000000000000000000e+00,0.000000000000000000e+00,0.000000000000000000e+00,0.000000000000000000e+00,0.000000000000000000e+00,0.000000000000000000e+00,0.000000000000000000e+00,0.000000000000000000e+00,0.000000000000000000e+00,7.692307692307692735e-02,7.692307692307692735e-02,0.000000000000000000e+00,7.692307692307692735e-02,0.000000000000000000e+00,6.923076923076922906e-01,0.000000000000000000e+00,0.000000000000000000e+00,7.692307692307692735e-02
0.000000000000000000e+00,0.000000000000000000e+00,0.000000000000000000e+00,0.000000000000000000e+00,0.000000000000000000e+00,0.000000000000000000e+00,0.000000000000000000e+00,0.000000000000000000e+00,0.000000000000000000e+00,0.000000000000000000e+00,2.000000000000000111e-01,2.000000000000000111e-01,0.000000000000000000e+00,0.000000000000000000e+00,0.000000000000000000e+00,0.000000000000000000e+00,0.000000000000000000e+00,0.000000000000000000e+00,0.000000000000000000e+00,2.000000000000000111e-01,0.000000000000000000e+00,4.000000000000000222e-01
0.000000000000000000e+00,0.000000000000000000e+00,0.000000000000000000e+00,0.000000000000000000e+00,0.000000000000000000e+00,0.000000000000000000e+00,0.000000000000000000e+00,0.000000000000000000e+00,0.000000000000000000e+00,0.000000000000000000e+00,0.000000000000000000e+00,0.000000000000000000e+00,0.000000000000000000e+00,0.000000000000000000e+00,0.000000000000000000e+00,2.000000000000000111e-01,2.000000000000000111e-01,0.000000000000000000e+00,0.000000000000000000e+00,0.000000000000000000e+00,2.000000000000000111e-01,4.000000000000000222e-01
0.000000000000000000e+00,0.000000000000000000e+00,0.000000000000000000e+00,0.000000000000000000e+00,0.000000000000000000e+00,0.000000000000000000e+00,0.000000000000000000e+00,0.000000000000000000e+00,2.702702702702702853e-02,0.000000000000000000e+00,4.504504504504504292e-02,3.603603603603603572e-02,4.504504504504504292e-02,2.702702702702702853e-02,2.702702702702702853e-02,9.009009009009008931e-03,9.009009009009008931e-03,2.702702702702702853e-02,9.009009009009008931e-03,1.801801801801801786e-02,9.009009009009008931e-03,7.117117117117116587e-01
