8.030050083472454192e-01,5.008347245409015130e-02,1.502504173622704574e-02,1.502504173622704574e-02,0.000000000000000000e+00,1.669449081803005058e-03,0.000000000000000000e+00,3.338898163606010116e-03,0.000000000000000000e+00,5.008347245409014957e-03,1.335559265442404046e-02,1.669449081803005058e-03,0.000000000000000000e+00,0.000000000000000000e+00,0.000000000000000000e+00,1.669449081803005058e-03,0.000000000000000000e+00,1.669449081803005058e-03,8.347245409015024639e-03,1.836393989983305455e-02,6.176961602671118823e-02
6.140350877192982115e-02,7.807017543859648967e-01,6.140350877192982115e-02,0.000000000000000000e+00,6.578947368421052266e-03,4.385964912280701511e-03,0.000000000000000000e+00,0.000000000000000000e+00,2.192982456140350755e-03,0.000000000000000000e+00,3.508771929824561209e-02,4.385964912280701511e-03,0.000000000000000000e+00,0.000000000000000000e+00,0.000000000000000000e+00,4.385964912280701511e-03,2.192982456140350755e-03,0.000000000000000000e+00,4.385964912280701511e-03,8.771929824561403022e-03,2.412280701754385831e-02
6.122448979591836593e-02,1.904761904761904656e-01,5.714285714285713969e-01,1.360544217687074779e-02,2.721088435374149558e-02,1.360544217687074779e-02,6.802721088435373896e-03,6.802721088435373896e-03,0.000000000000000000e+00,0.000000000000000000e+00,3.401360544217687382e-02,6.802721088435373896e-03,0.000000000000000000e+00,0.000000000000000000e+00,0.000000000000000000e+00,0.000000000000000000e+00,0.000000000000000000e+00,2.040816326530612082e-02,1.360544217687074779e-02,6.802721088435373896e-03,2.721088435374149558e-02
1.132075471698113234e-01,7.547169811320754429e-02,7.547169811320754429e-02,3.396226415094339424e-01,1.132075471698113234e-01,0.000000000000000000e+00,1.886792452830188607e-02,1.886792452830188607e-02,0.000000000000000000e+00,0.000000000000000000e+00,1.132075471698113234e-01,0.000000000000000000e+00,0.000000000000000000e+00,0.000000000000000000e+00,0.000000000000000000e+00,1.886792452830188607e-02,0.000000000000000000e+00,5.660377358490566169e-02,0.000000000000000000e+00,3.773584905660377214e-02,1.886792452830188607e-02
4.651162790697674354e-02,0.000000000000000000e+00,1.162790697674418589e-01,9.302325581395348708e-02,3.953488372093023062e-01,9.302325581395348708e-02,0.000000000000000000e+00,2.325581395348837177e-02,0.000000000000000000e+00,2.325581395348837177e-02,1.162790697674418589e-01,0.000000000000000000e+00,0.000000000000000000e+00,0.000000000000000000e+00,0.000000000000000000e+00,0.000000000000000000e+00,0.000000000000000000e+00,2.325581395348837177e-02,0.000000000000000000e+00,2.325581395348837177e-02,4.651162790697674354e-02
3.571428571428571230e-02,3.571428571428571230e-02,7.142857142857142461e-02,1.071428571428571369e-01,7.142857142857142461e-02,1.428571428571428492e-01,7.142857142857142461e-02,7.142857142857142461e-02,0.000000000000000000e+00,0.000000000000000000e+00,7.142857142857142461e-02,0.000000000000000000e+00,0.000000000000000000e+00,0.000000000000000000e+00,7.142857142857142461e-02,3.571428571428571230e-02,0.000000000000000000e+00,7.142857142857142461e-02,0.000000000000000000e+00,7.142857142857142461e-02,7.142857142857142461e-02
0.000000000000000000e+00,3.333333333333333287e-02,3.333333333333333287e-02,0.000000000000000000e+00,3.333333333333333287e-02,0.000000000000000000e+00,4.666666666666666741e-01,1.000000000000000056e-01,3.333333333333333287e-02,0.000000000000000000e+00,6.666666666666666574e-02,0.000000000000000000e+00,0.000000000000000000e+00,0.000000000000000000e+00,6.666666666666666574e-02,0.000000000000000000e+00,3.333333333333333287e-02,6.666666666666666574e-02,0.000000000000000000e+00,3.333333333333333287e-02,3.333333333333333287e-02
4.000000000000000083e-02,4.000000000000000083e-02,4.000000000000000083e-02,4.000000000000000083e-02,0.000000000000000000e+00,4.000000000000000083e-02,8.000000000000000167e-02,1.600000000000000033e-01,4.000000000000000083e-02,0.000000000000000000e+00,2.000000000000000111e-01,0.000000000000000000e+00,4.000000000000000083e-02,0.000000000000000000e+00,0.000000000000000000e+00,0.000000000000000000e+00,8.000000000000000167e-02,4.000000000000000083e-02,4.000000000000000083e-02,1.199999999999999956e-01,0.000000000000000000e+00
0.000000000000000000e+00,0.000000000000000000e+00,0.000000000000000000e+00,0.000000000000000000e+00,0.000000000000000000e+00,0.000000000000000000e+00,1.666666666666666574e-01,8.333333333333332871e-02,8.333333333333332871e-02,0.000000000000000000e+00,1.666666666666666574e-01,0.000000000000000000e+00,0.000000000000000000e+00,0.000000000000000000e+00,0.000000000000000000e+00,8.333333333333332871e-02,8.333333333333332871e-02,1.666666666666666574e-01,8.333333333333332871e-02,0.000000000000000000e+00,8.333333333333332871e-02
0.000000000000000000e+00,0.000000000000000000e+00,8.333333333333332871e-02,0.000000000000000000e+00,8.333333333333332871e-02,0.000000000000000000e+00,0.000000000000000000e+00,0.000000000000000000e+00,0.000000000000000000e+00,8.333333333333332871e-02,2.500000000000000000e-01,8.333333333333332871e-02,0.000000000000000000e+00,0.000000000000000000e+00,0.000000000000000000e+00,0.000000000000000000e+00,0.000000000000000000e+00,1.666666666666666574e-01,8.333333333333332871e-02,0.000000000000000000e+00,1.666666666666666574e-01
3.030303030303030387e-02,3.703703703703703498e-02,2.693602693602693485e-02,2.356902356902356929e-02,2.020202020202020374e-02,2.020202020202020374e-02,1.683501683501683471e-02,2.693602693602693485e-02,1.010101010101010187e-02,1.346801346801346742e-02,5.286195286195286558e-01,3.030303030303030387e-02,1.346801346801346742e-02,0.000000000000000000e+00,6.734006734006733712e-03,2.020202020202020374e-02,1.010101010101010187e-02,4.040404040404040747e-02,4.040404040404040747e-02,4.040404040404040747e-02,4.377104377104377303e-02
0.000000000000000000e+00,2.192982456140350755e-03,2.192982456140350755e-03,0.000000000000000000e+00,0.000000000000000000e+00,0.000000000000000000e+00,0.000000000000000000e+00,0.000000000000000000e+00,0.000000000000000000e+00,0.000000000000000000e+00,1.973684210526315680e-02,9.100877192982456121e-01,1.973684210526315680e-02,1.754385964912280604e-02,4.385964912280701511e-03,8.771929824561403022e-03,4.385964912280701511e-03,2.192982456140350755e-03,2.192982456140350755e-03,4.385964912280701511e-03,2.192982456140350755e-03
0.000000000000000000e+00,2.040816326530612082e-02,0.000000000000000000e+00,0.000000000000000000e+00,1.020408163265306041e-02,0.000000000000000000e+00,0.000000000000000000e+00,0.000000000000000000e+00,0.000000000000000000e+00,0.000000000000000000e+00,2.040816326530612082e-02,7.142857142857142461e-02,6.428571428571429047e-01,1.428571428571428492e-01,4.081632653061224164e-02,3.061224489795918297e-02,0.000000000000000000e+00,0.000000000000000000e+00,1.020408163265306041e-02,1.020408163265306041e-02,0.000000000000000000e+00
0.000000000000000000e+00,0.000000000000000000e+00,0.000000000000000000e+00,0.000000000000000000e+00,0.000000000000000000e+00,0.000000000000000000e+00,0.000000000000000000e+00,0.000000000000000000e+00,0.000000000000000000e+00,0.000000000000000000e+00,1.639344262295082053e-02,2.732240437158469856e-02,9.836065573770491621e-02,7.158469945355191433e-01,7.103825136612021418e-02,1.639344262295082053e-02,1.092896174863387977e-02,3.278688524590164105e-02,5.464480874316939886e-03,5.464480874316939886e-03,0.000000000000000000e+00
0.000000000000000000e+00,0.000000000000000000e+00,0.000000000000000000e+00,0.000000000000000000e+00,5.714285714285714281e-03,5.714285714285714281e-03,0.000000000000000000e+00,0.000000000000000000e+00,5.714285714285714281e-03,0.000000000000000000e+00,5.714285714285714281e-03,5.714285714285714281e-03,1.714285714285714371e-02,6.857142857142857484e-02,7.257142857142857562e-01,1.199999999999999956e-01,1.142857142857142856e-02,5.714285714285714281e-03,1.142857142857142856e-02,0.000000000000000000e+00,1.142857142857142856e-02
0.000000000000000000e+00,9.259259259259258745e-03,4.629629629629629373e-03,0.000000000000000000e+00,0.000000000000000000e+00,4.629629629629629373e-03,0.000000000000000000e+00,4.629629629629629373e-03,4.629629629629629373e-03,0.000000000000000000e+00,2.777777777777777624e-02,1.851851851851851749e-02,4.629629629629629373e-03,9.259259259259258745e-03,6.481481481481481122e-02,7.222222222222222099e-01,8.796296296296296502e-02,2.314814814814814686e-02,1.388888888888888812e-02,0.000000000000000000e+00,0.000000000000000000e+00
4.405286343612335211e-03,0.000000000000000000e+00,0.000000000000000000e+00,0.000000000000000000e+00,4.405286343612335211e-03,4.405286343612335211e-03,4.405286343612335211e-03,0.000000000000000000e+00,4.405286343612335211e-03,0.000000000000000000e+00,3.083700440528634387e-02,8.810572687224670421e-03,0.000000000000000000e+00,1.321585903083700476e-02,1.762114537444934084e-02,6.167400881057268774e-02,7.444933920704845942e-01,7.488986784140969077e-02,4.405286343612335211e-03,1.762114537444934084e-02,4.405286343612335211e-03
2.257336343115123965e-03,9.029345372460495858e-03,6.772009029345372327e-03,9.029345372460495858e-03,2.257336343115123965e-03,4.514672686230247929e-03,2.257336343115123965e-03,0.000000000000000000e+00,9.029345372460495858e-03,0.000000000000000000e+00,1.580135440180586992e-02,4.514672686230247929e-03,4.514672686230247929e-03,2.257336343115123965e-03,4.514672686230247929e-03,4.514672686230247929e-03,4.740406320541760976e-02,7.697516930022573201e-01,8.126410835214446793e-02,1.128668171557562112e-02,9.029345372460495858e-03
3.929273084479371035e-03,1.964636542239685518e-03,0.000000000000000000e+00,1.964636542239685518e-03,0.000000000000000000e+00,1.964636542239685518e-03,1.964636542239685518e-03,0.000000000000000000e+00,0.000000000000000000e+00,0.000000000000000000e+00,1.768172888015717009e-02,7.858546168958742070e-03,0.000000000000000000e+00,0.000000000000000000e+00,0.000000000000000000e+00,1.964636542239685518e-03,7.858546168958742070e-03,7.465618860510805921e-02,7.701375245579568096e-01,9.037328094302554682e-02,1.768172888015717009e-02
1.833333333333333343e-02,6.666666666666667095e-03,6.666666666666667095e-03,0.000000000000000000e+00,0.000000000000000000e+00,3.333333333333333547e-03,1.666666666666666774e-03,1.666666666666666774e-03,0.000000000000000000e+00,1.666666666666666774e-03,1.499999999999999944e-02,3.333333333333333547e-03,1.666666666666666774e-03,0.000000000000000000e+00,0.000000000000000000e+00,1.666666666666666774e-03,3.333333333333333547e-03,1.000000000000000021e-02,8.666666666666666963e-02,7.700000000000000178e-01,6.833333333333332926e-02
6.392045454545454419e-02,8.522727272727272096e-03,2.840909090909090988e-03,1.420454545454545494e-03,0.000000000000000000e+00,1.420454545454545494e-03,0.000000000000000000e+00,0.000000000000000000e+00,0.000000000000000000e+00,2.840909090909090988e-03,2.130681818181818024e-02,1.420454545454545494e-03,1.420454545454545494e-03,1.420454545454545494e-03,1.420454545454545494e-03,2.840909090909090988e-03,2.840909090909090988e-03,2.840909090909090988e-03,7.102272727272727036e-03,7.954545454545454419e-02,7.968750000000000000e-01
