7.346437346437346694e-01,7.985257985257984692e-02,8.599508599508599513e-03,6.142506142506142137e-03,1.228501228501228471e-03,0.000000000000000000e+00,3.685503685503685629e-03,4.914004914004913883e-03,1.228501228501228471e-03,0.000000000000000000e+00,8.599508599508599513e-03,1.228501228501228471e-03,1.228501228501228471e-03,1.228501228501228471e-03,0.000000000000000000e+00,1.228501228501228471e-03,1.228501228501228471e-03,1.228501228501228471e-03,6.142506142506142137e-03,1.105651105651105602e-02,1.265356265356265275e-01
1.182170542635658933e-01,7.093023255813953876e-01,7.364341085271318421e-02,1.937984496124030981e-02,1.356589147286821687e-02,3.875968992248061962e-03,1.937984496124030981e-03,1.937984496124030981e-03,0.000000000000000000e+00,0.000000000000000000e+00,2.131782945736434079e-02,1.937984496124030981e-03,0.000000000000000000e+00,0.000000000000000000e+00,0.000000000000000000e+00,0.000000000000000000e+00,0.000000000000000000e+00,3.875968992248061962e-03,0.000000000000000000e+00,9.689922480620154904e-03,2.131782945736434079e-02
6.965174129353234045e-02,2.338308457711442689e-01,4.776119402985074536e-01,8.457711442786070011e-02,1.492537313432835792e-02,1.492537313432835792e-02,4.975124378109452641e-03,0.000000000000000000e+00,9.950248756218905283e-03,4.975124378109452641e-03,2.985074626865671585e-02,0.000000000000000000e+00,0.000000000000000000e+00,0.000000000000000000e+00,0.000000000000000000e+00,0.000000000000000000e+00,4.975124378109452641e-03,0.000000000000000000e+00,9.950248756218905283e-03,2.487562189054726494e-02,1.492537313432835792e-02
5.673758865248226813e-02,7.801418439716312214e-02,1.914893617021276584e-01,4.680851063829787329e-01,8.510638297872340219e-02,2.127659574468085055e-02,0.000000000000000000e+00,7.092198581560283516e-03,7.092198581560283516e-03,0.000000000000000000e+00,2.836879432624113406e-02,0.000000000000000000e+00,0.000000000000000000e+00,0.000000000000000000e+00,0.000000000000000000e+00,0.000000000000000000e+00,0.000000000000000000e+00,0.000000000000000000e+00,7.092198581560283516e-03,2.127659574468085055e-02,2.836879432624113406e-02
1.449275362318840597e-02,1.159420289855072478e-01,1.449275362318840632e-01,1.884057971014492794e-01,4.057971014492753881e-01,2.898550724637681195e-02,2.898550724637681195e-02,0.000000000000000000e+00,2.898550724637681195e-02,0.000000000000000000e+00,2.898550724637681195e-02,0.000000000000000000e+00,0.000000000000000000e+00,0.000000000000000000e+00,0.000000000000000000e+00,0.000000000000000000e+00,0.000000000000000000e+00,0.000000000000000000e+00,0.000000000000000000e+00,1.449275362318840597e-02,0.000000000000000000e+00
3.225806451612903136e-02,3.225806451612903136e-02,1.290322580645161255e-01,1.290322580645161255e-01,1.290322580645161255e-01,2.903225806451613100e-01,3.225806451612903136e-02,3.225806451612903136e-02,0.000000000000000000e+00,0.000000000000000000e+00,9.677419354838709409e-02,0.000000000000000000e+00,0.000000000000000000e+00,0.000000000000000000e+00,0.000000000000000000e+00,0.000000000000000000e+00,0.000000000000000000e+00,0.000000000000000000e+00,3.225806451612903136e-02,0.000000000000000000e+00,6.451612903225806273e-02
7.407407407407406996e-02,1.851851851851851749e-01,7.407407407407406996e-02,7.407407407407406996e-02,1.111111111111111049e-01,1.111111111111111049e-01,1.111111111111111049e-01,0.000000000000000000e+00,7.407407407407406996e-02,0.000000000000000000e+00,1.851851851851851749e-01,0.000000000000000000e+00,0.000000000000000000e+00,0.000000000000000000e+00,0.000000000000000000e+00,0.000000000000000000e+00,0.000000000000000000e+00,0.000000000000000000e+00,0.000000000000000000e+00,0.000000000000000000e+00,0.000000000000000000e+00
4.545454545454545581e-02,4.545454545454545581e-02,4.545454545454545581e-02,9.090909090909091161e-02,4.545454545454545581e-02,4.545454545454545581e-02,4.545454545454545581e-02,3.181818181818181768e-01,4.545454545454545581e-02,0.000000000000000000e+00,1.363636363636363535e-01,0.000000000000000000e+00,0.000000000000000000e+00,0.000000000000000000e+00,0.000000000000000000e+00,0.000000000000000000e+00,0.000000000000000000e+00,1.363636363636363535e-01,0.000000000000000000e+00,0.000000000000000000e+00,0.000000000000000000e+00
0.000000000000000000e+00,0.000000000000000000e+00,3.703703703703703498e-02,7.407407407407406996e-02,1.111111111111111049e-01,3.703703703703703498e-02,1.111111111111111049e-01,0.000000000000000000e+00,4.814814814814814548e-01,0.000000000000000000e+00,1.481481481481481399e-01,0.000000000000000000e+00,0.000000000000000000e+00,0.000000000000000000e+00,0.000000000000000000e+00,0.000000000000000000e+00,0.000000000000000000e+00,0.000000000000000000e+00,0.000000000000000000e+00,0.000000000000000000e+00,0.000000000000000000e+00
1.000000000000000056e-01,0.000000000000000000e+00,0.000000000000000000e+00,0.000000000000000000e+00,0.000000000000000000e+00,0.000000000000000000e+00,0.000000000000000000e+00,0.000000000000000000e+00,1.000000000000000056e-01,1.000000000000000056e-01,4.000000000000000222e-01,0.000000000000000000e+00,0.000000000000000000e+00,0.000000000000000000e+00,0.000000000000000000e+00,0.000000000000000000e+00,1.000000000000000056e-01,1.000000000000000056e-01,1.000000000000000056e-01,0.000000000000000000e+00,0.000000000000000000e+00
3.370786516853932491e-02,5.056179775280898736e-02,3.932584269662921239e-02,4.494382022471909988e-02,1.685393258426966245e-02,1.123595505617977497e-02,3.932584269662921239e-02,2.247191011235954994e-02,2.247191011235954994e-02,3.932584269662921239e-02,6.123595505617978052e-01,0.000000000000000000e+00,0.000000000000000000e+00,0.000000000000000000e+00,0.000000000000000000e+00,5.617977528089887485e-03,5.617977528089887485e-03,0.000000000000000000e+00,0.000000000000000000e+00,3.370786516853932491e-02,2.247191011235954994e-02
0.000000000000000000e+00,6.060606060606060601e-03,0.000000000000000000e+00,0.000000000000000000e+00,0.000000000000000000e+00,0.000000000000000000e+00,0.000000000000000000e+00,0.000000000000000000e+00,0.000000000000000000e+00,0.000000000000000000e+00,6.060606060606060601e-03,9.212121212121212599e-01,1.818181818181818094e-02,2.424242424242424240e-02,2.424242424242424240e-02,0.000000000000000000e+00,0.000000000000000000e+00,0.000000000000000000e+00,0.000000000000000000e+00,0.000000000000000000e+00,0.000000000000000000e+00
3.125000000000000000e-02,0.000000000000000000e+00,0.000000000000000000e+00,0.000000000000000000e+00,0.000000000000000000e+00,0.000000000000000000e+00,0.000000000000000000e+00,0.000000000000000000e+00,0.000000000000000000e+00,0.000000000000000000e+00,0.000000000000000000e+00,1.250000000000000000e-01,7.500000000000000000e-01,0.000000000000000000e+00,3.125000000000000000e-02,0.000000000000000000e+00,3.125000000000000000e-02,0.000000000000000000e+00,3.125000000000000000e-02,0.000000000000000000e+00,0.000000000000000000e+00
0.000000000000000000e+00,0.000000000000000000e+00,0.000000000000000000e+00,0.000000000000000000e+00,0.000000000000000000e+00,0.000000000000000000e+00,0.000000000000000000e+00,0.000000000000000000e+00,0.000000000000000000e+00,0.000000000000000000e+00,0.000000000000000000e+00,1.886792452830188607e-02,0.000000000000000000e+00,8.867924528301887044e-01,3.773584905660377214e-02,0.000000000000000000e+00,3.773584905660377214e-02,0.000000000000000000e+00,0.000000000000000000e+00,0.000000000000000000e+00,1.886792452830188607e-02
0.000000000000000000e+00,0.000000000000000000e+00,0.000000000000000000e+00,0.000000000000000000e+00,0.000000000000000000e+00,0.000000000000000000e+00,0.000000000000000000e+00,0.000000000000000000e+00,0.000000000000000000e+00,0.000000000000000000e+00,0.000000000000000000e+00,6.349206349206348854e-02,1.587301587301587213e-02,3.174603174603174427e-02,6.666666666666666297e-01,1.587301587301587213e-01,1.587301587301587213e-02,0.000000000000000000e+00,0.000000000000000000e+00,3.174603174603174427e-02,1.587301587301587213e-02
9.433962264150943036e-03,0.000000000000000000e+00,0.000000000000000000e+00,0.000000000000000000e+00,0.000000000000000000e+00,0.000000000000000000e+00,0.000000000000000000e+00,0.000000000000000000e+00,0.000000000000000000e+00,0.000000000000000000e+00,0.000000000000000000e+00,0.000000000000000000e+00,0.000000000000000000e+00,9.433962264150943036e-03,5.660377358490566169e-02,6.981132075471697673e-01,1.603773584905660299e-01,2.830188679245283084e-02,1.886792452830188607e-02,9.433962264150943036e-03,9.433962264150943036e-03
0.000000000000000000e+00,0.000000000000000000e+00,5.291005291005290712e-03,0.000000000000000000e+00,0.000000000000000000e+00,0.000000000000000000e+00,0.000000000000000000e+00,0.000000000000000000e+00,0.000000000000000000e+00,5.291005291005290712e-03,5.291005291005290712e-03,0.000000000000000000e+00,5.291005291005290712e-03,5.291005291005290712e-03,1.058201058201058142e-02,7.407407407407406996e-02,7.354497354497354644e-01,1.164021164021163957e-01,2.645502645502645356e-02,0.000000000000000000e+00,1.058201058201058142e-02
7.117437722419928461e-03,1.067615658362989356e-02,3.558718861209964231e-03,1.067615658362989356e-02,0.000000000000000000e+00,0.000000000000000000e+00,0.000000000000000000e+00,3.558718861209964231e-03,0.000000000000000000e+00,0.000000000000000000e+00,3.558718861209964231e-03,0.000000000000000000e+00,3.558718861209964231e-03,3.558718861209964231e-03,0.000000000000000000e+00,1.423487544483985692e-02,6.405693950177936136e-02,6.975088967971529996e-01,1.423487544483985900e-01,1.067615658362989356e-02,2.491103202846975048e-02
9.708737864077669061e-03,3.883495145631067798e-03,5.825242718446602130e-03,0.000000000000000000e+00,0.000000000000000000e+00,0.000000000000000000e+00,0.000000000000000000e+00,1.941747572815533899e-03,0.000000000000000000e+00,0.000000000000000000e+00,7.766990291262135596e-03,0.000000000000000000e+00,0.000000000000000000e+00,0.000000000000000000e+00,1.941747572815533899e-03,0.000000000000000000e+00,3.883495145631067798e-03,7.572815533980582769e-02,7.669902912621359148e-01,1.087378640776699018e-01,1.359223300970873773e-02
1.107011070110701031e-02,9.840098400984010132e-03,1.230012300123001267e-03,4.920049200492005066e-03,1.230012300123001267e-03,1.230012300123001267e-03,0.000000000000000000e+00,1.230012300123001267e-03,0.000000000000000000e+00,1.230012300123001267e-03,4.920049200492005066e-03,0.000000000000000000e+00,0.000000000000000000e+00,1.230012300123001267e-03,0.000000000000000000e+00,0.000000000000000000e+00,2.460024600246002533e-03,4.920049200492005066e-03,6.150061500615006116e-02,7.626076260762607584e-01,1.303813038130381408e-01
9.716981132075472316e-02,7.547169811320754776e-03,5.660377358490565648e-03,2.830188679245282824e-03,1.886792452830188694e-03,1.886792452830188694e-03,1.886792452830188694e-03,0.000000000000000000e+00,0.000000000000000000e+00,0.000000000000000000e+00,6.603773584905660646e-03,0.000000000000000000e+00,0.000000000000000000e+00,0.000000000000000000e+00,1.886792452830188694e-03,9.433962264150943470e-04,0.000000000000000000e+00,6.603773584905660646e-03,5.660377358490565648e-03,7.641509433962263842e-02,7.830188679245283501e-01
