9.402985074626866169e-01,7.462686567164178962e-03,0.000000000000000000e+00,1.492537313432835792e-02,7.462686567164178962e-03,0.000000000000000000e+00,7.462686567164178962e-03,1.492537313432835792e-02,0.000000000000000000e+00,0.000000000000000000e+00,0.000000000000000000e+00,7.462686567164178962e-03,0.000000000000000000e+00,0.000000000000000000e+00,0.000000000000000000e+00,0.000000000000000000e+00,0.000000000000000000e+00,0.000000000000000000e+00,0.000000000000000000e+00,0.000000000000000000e+00,0.000000000000000000e+00,0.000000000000000000e+00
3.571428571428571230e-02,8.571428571428570953e-01,7.142857142857142461e-02,0.000000000000000000e+00,0.000000000000000000e+00,3.571428571428571230e-02,0.000000000000000000e+00,0.000000000000000000e+00,0.000000000000000000e+00,0.000000000000000000e+00,0.000000000000000000e+00,0.000000000000000000e+00,0.000000000000000000e+00,0.000000000000000000e+00,0.000000000000000000e+00,0.000000000000000000e+00,0.000000000000000000e+00,0.000000000000000000e+00,0.000000000000000000e+00,0.000000000000000000e+00,0.000000000000000000e+00,0.000000000000000000e+00
0.000000000000000000e+00,1.923076923076923184e-02,9.038461538461538547e-01,5.769230769230769551e-02,0.000000000000000000e+00,0.000000000000000000e+00,0.000000000000000000e+00,0.000000000000000000e+00,0.000000000000000000e+00,0.000000000000000000e+00,0.000000000000000000e+00,0.000000000000000000e+00,0.000000000000000000e+00,0.000000000000000000e+00,0.000000000000000000e+00,0.000000000000000000e+00,0.000000000000000000e+00,0.000000000000000000e+00,0.000000000000000000e+00,0.000000000000000000e+00,0.000000000000000000e+00,1.923076923076923184e-02
1.351351351351351426e-02,0.000000000000000000e+00,4.054054054054054279e-02,8.783783783783783994e-01,4.054054054054054279e-02,1.351351351351351426e-02,1.351351351351351426e-02,0.000000000000000000e+00,0.000000000000000000e+00,0.000000000000000000e+00,0.000000000000000000e+00,0.000000000000000000e+00,0.000000000000000000e+00,0.000000000000000000e+00,0.000000000000000000e+00,0.000000000000000000e+00,0.000000000000000000e+00,0.000000000000000000e+00,0.000000000000000000e+00,0.000000000000000000e+00,0.000000000000000000e+00,0.000000000000000000e+00
1.562500000000000000e-02,0.000000000000000000e+00,0.000000000000000000e+00,1.562500000000000000e-02,6.406250000000000000e-01,1.562500000000000000e-01,6.250000000000000000e-02,1.562500000000000000e-02,1.562500000000000000e-02,1.562500000000000000e-02,0.000000000000000000e+00,0.000000000000000000e+00,0.000000000000000000e+00,1.562500000000000000e-02,0.000000000000000000e+00,0.000000000000000000e+00,0.000000000000000000e+00,1.562500000000000000e-02,0.000000000000000000e+00,0.000000000000000000e+00,0.000000000000000000e+00,3.125000000000000000e-02
0.000000000000000000e+00,8.130081300813008990e-03,0.000000000000000000e+00,0.000000000000000000e+00,8.943089430894309022e-02,7.560975609756097615e-01,1.056910569105691117e-01,8.130081300813008990e-03,8.130081300813008990e-03,8.130081300813008990e-03,0.000000000000000000e+00,8.130081300813008990e-03,0.000000000000000000e+00,0.000000000000000000e+00,0.000000000000000000e+00,0.000000000000000000e+00,0.000000000000000000e+00,0.000000000000000000e+00,0.000000000000000000e+00,0.000000000000000000e+00,0.000000000000000000e+00,8.130081300813008990e-03
0.000000000000000000e+00,0.000000000000000000e+00,0.000000000000000000e+00,6.430868167202572275e-03,1.929260450160771856e-02,4.180064308681671892e-02,7.717041800643086313e-01,9.003215434083601532e-02,1.286173633440514455e-02,6.430868167202572275e-03,1.286173633440514455e-02,0.000000000000000000e+00,6.430868167202572275e-03,3.215434083601286137e-03,0.000000000000000000e+00,0.000000000000000000e+00,0.000000000000000000e+00,0.000000000000000000e+00,0.000000000000000000e+00,0.000000000000000000e+00,9.646302250803859279e-03,1.929260450160771856e-02
1.552795031055900516e-03,1.552795031055900516e-03,0.000000000000000000e+00,0.000000000000000000e+00,0.000000000000000000e+00,3.105590062111801032e-03,3.260869565217391214e-02,8.385093167701863637e-01,9.316770186335403270e-02,1.086956521739130405e-02,1.552795031055900516e-03,0.000000000000000000e+00,1.552795031055900516e-03,0.000000000000000000e+00,4.658385093167701982e-03,0.000000000000000000e+00,0.000000000000000000e+00,0.000000000000000000e+00,0.000000000000000000e+00,3.105590062111801032e-03,0.000000000000000000e+00,7.763975155279503014e-03
0.000000000000000000e+00,0.000000000000000000e+00,0.000000000000000000e+00,0.000000000000000000e+00,0.000000000000000000e+00,2.574002574002573918e-03,3.861003861003861094e-03,6.563706563706563080e-02,7.915057915057914784e-01,9.909909909909909997e-02,6.435006435006434579e-03,9.009009009009008931e-03,6.435006435006434579e-03,0.000000000000000000e+00,2.574002574002573918e-03,0.000000000000000000e+00,0.000000000000000000e+00,1.287001287001286959e-03,1.287001287001286959e-03,0.000000000000000000e+00,2.574002574002573918e-03,7.722007722007722189e-03
0.000000000000000000e+00,0.000000000000000000e+00,0.000000000000000000e+00,0.000000000000000000e+00,1.091703056768558895e-03,0.000000000000000000e+00,2.183406113537117790e-03,3.275109170305676685e-03,6.877729257641920779e-02,7.882096069868995691e-01,1.037117903930131063e-01,7.641921397379912266e-03,5.458515283842794476e-03,3.275109170305676685e-03,1.091703056768558895e-03,1.091703056768558895e-03,1.091703056768558895e-03,1.091703056768558895e-03,1.091703056768558895e-03,1.091703056768558895e-03,0.000000000000000000e+00,9.825327510917030924e-03
0.000000000000000000e+00,0.000000000000000000e+00,0.000000000000000000e+00,0.000000000000000000e+00,0.000000000000000000e+00,9.242144177449168087e-04,9.242144177449168087e-04,9.242144177449168087e-04,8.317929759704250844e-03,6.839186691312384991e-02,8.234750462107208735e-01,7.024029574861367919e-02,6.469500924214418094e-03,2.772643253234750426e-03,9.242144177449168087e-04,1.848428835489833617e-03,0.000000000000000000e+00,0.000000000000000000e+00,9.242144177449168087e-04,0.000000000000000000e+00,0.000000000000000000e+00,1.386321626617375256e-02
0.000000000000000000e+00,0.000000000000000000e+00,0.000000000000000000e+00,0.000000000000000000e+00,0.000000000000000000e+00,0.000000000000000000e+00,3.418803418803418800e-03,3.418803418803418800e-03,8.547008547008547868e-03,1.367521367521367520e-02,9.230769230769231282e-02,7.777777777777777901e-01,7.521367521367521014e-02,8.547008547008547868e-03,3.418803418803418800e-03,3.418803418803418800e-03,1.709401709401709400e-03,1.709401709401709400e-03,0.000000000000000000e+00,0.000000000000000000e+00,0.000000000000000000e+00,6.837606837606837601e-03
0.000000000000000000e+00,0.000000000000000000e+00,0.000000000000000000e+00,0.000000000000000000e+00,0.000000000000000000e+00,5.434782608695652023e-03,5.434782608695652023e-03,5.434782608695652023e-03,2.173913043478260809e-02,1.086956521739130405e-02,3.804347826086956763e-02,2.391304347826087029e-01,5.380434782608695121e-01,8.152173913043478382e-02,5.434782608695652023e-03,5.434782608695652023e-03,0.000000000000000000e+00,5.434782608695652023e-03,1.086956521739130405e-02,0.000000000000000000e+00,0.000000000000000000e+00,2.717391304347826012e-02
0.000000000000000000e+00,0.000000000000000000e+00,0.000000000000000000e+00,0.000000000000000000e+00,0.000000000000000000e+00,0.000000000000000000e+00,0.000000000000000000e+00,0.000000000000000000e+00,1.315789473684210453e-02,3.947368421052631360e-02,3.947368421052631360e-02,7.894736842105262720e-02,1.973684210526315819e-01,5.000000000000000000e-01,3.947368421052631360e-02,0.000000000000000000e+00,0.000000000000000000e+00,0.000000000000000000e+00,0.000000000000000000e+00,0.000000000000000000e+00,2.631578947368420907e-02,6.578947368421052266e-02
0.000000000000000000e+00,0.000000000000000000e+00,0.000000000000000000e+00,0.000000000000000000e+00,0.000000000000000000e+00,0.000000000000000000e+00,0.000000000000000000e+00,6.060606060606060774e-02,3.030303030303030387e-02,3.030303030303030387e-02,9.090909090909091161e-02,3.030303030303030387e-02,1.515151515151515194e-01,1.212121212121212155e-01,3.030303030303030387e-01,9.090909090909091161e-02,0.000000000000000000e+00,0.000000000000000000e+00,0.000000000000000000e+00,0.000000000000000000e+00,3.030303030303030387e-02,6.060606060606060774e-02
0.000000000000000000e+00,0.000000000000000000e+00,0.000000000000000000e+00,0.000000000000000000e+00,0.000000000000000000e+00,0.000000000000000000e+00,1.176470588235294101e-01,0.000000000000000000e+00,1.176470588235294101e-01,5.882352941176470507e-02,5.882352941176470507e-02,5.882352941176470507e-02,5.882352941176470507e-02,0.000000000000000000e+00,1.176470588235294101e-01,2.352941176470588203e-01,1.176470588235294101e-01,0.000000000000000000e+00,5.882352941176470507e-02,0.000000000000000000e+00,0.000000000000000000e+00,0.000000000000000000e+00
0.000000000000000000e+00,0.000000000000000000e+00,0.000000000000000000e+00,0.000000000000000000e+00,0.000000000000000000e+00,0.000000000000000000e+00,0.000000000000000000e+00,1.250000000000000000e-01,0.000000000000000000e+00,0.000000000000000000e+00,2.500000000000000000e-01,0.000000000000000000e+00,0.000000000000000000e+00,0.000000000000000000e+00,3.750000000000000000e-01,0.000000000000000000e+00,1.250000000000000000e-01,0.000000000000000000e+00,0.000000000000000000e+00,0.000000000000000000e+00,0.000000000000000000e+00,1.250000000000000000e-01
0.000000000000000000e+00,0.000000000000000000e+00,0.000000000000000000e+00,0.000000000000000000e+00,0.000000000000000000e+00,0.000000000000000000e+00,0.000000000000000000e+00,0.000000000000000000e+00,1.818181818181818232e-01,9.090909090909091161e-02,0.000000000000000000e+00,9.090909090909091161e-02,9.090909090909091161e-02,0.000000000000000000e+00,9.090909090909091161e-02,0.000000000000000000e+00,0.000000000000000000e+00,2.727272727272727071e-01,0.000000000000000000e+00,0.000000000000000000e+00,9.090909090909091161e-02,9.090909090909091161e-02
0.000000000000000000e+00,0.000000000000000000e+00,0.000000000000000000e+00,0.000000000000000000e+00,0.000000000000000000e+00,0.000000000000000000e+00,1.428571428571428492e-01,2.142857142857142738e-01,0.000000000000000000e+00,0.000000000000000000e+00,1.428571428571428492e-01,0.000000000000000000e+00,0.000000000000000000e+00,0.000000000000000000e+00,0.000000000000000000e+00,0.000000000000000000e+00,0.000000000000000000e+00,7.142857142857142461e-02,3.571428571428571508e-01,7.142857142857142461e-02,0.000000000000000000e+00,0.000000000000000000e+00
0.000000000000000000e+00,0.000000000000000000e+00,0.000000000000000000e+00,0.000000000000000000e+00,0.000000000000000000e+00,0.000000000000000000e+00,0.000000000000000000e+00,1.250000000000000000e-01,1.250000000000000000e-01,2.500000000000000000e-01,1.250000000000000000e-01,0.000000000000000000e+00,0.000000000000000000e+00,0.000000000000000000e+00,0.000000000000000000e+00,1.250000000000000000e-01,0.000000000000000000e+00,0.000000000000000000e+00,0.000000000000000000e+00,1.250000000000000000e-01,0.000000000000000000e+00,1.250000000000000000e-01
0.000000000000000000e+00,0.000000000000000000e+00,0.000000000000000000e+00,0.000000000000000000e+00,0.000000000000000000e+00,0.000000000000000000e+00,0.000000000000000000e+00,0.000000000000000000e+00,2.222222222222222099e-01,1.111111111111111049e-01,0.000000000000000000e+00,0.000000000000000000e+00,0.000000000000000000e+00,1.111111111111111049e-01,0.000000000000000000e+00,0.000000000000000000e+00,0.000000000000000000e+00,0.000000000000000000e+00,0.000000000000000000e+00,0.000000000000000000e+00,0.000000000000000000e+00,5.555555555555555802e-01
0.000000000000000000e+00,0.000000000000000000e+00,0.000000000000000000e+00,6.134969325153374377e-03,1.840490797546012400e-02,1.226993865030674875e-02,1.840490797546012400e-02,3.680981595092024800e-02,2.453987730061349751e-02,5.521472392638036852e-02,6.748466257668711554e-02,3.067484662576687102e-02,2.453987730061349751e-02,2.453987730061349751e-02,2.453987730061349751e-02,1.840490797546012400e-02,1.840490797546012400e-02,6.134969325153374377e-03,1.840490797546012400e-02,2.453987730061349751e-02,1.840490797546012400e-02,5.521472392638037130e-01
