9.100877192982456121e-01,1.973684210526315680e-02,1.754385964912280604e-02,4.385964912280701511e-03,8.771929824561403022e-03,4.385964912280701511e-03,2.192982456140350755e-03,2.192982456140350755e-03,4.385964912280701511e-03,2.192982456140350755e-03,0.000000000000000000e+00,2.192982456140350755e-03,2.192982456140350755e-03,0.000000000000000000e+00,0.000000000000000000e+00,0.000000000000000000e+00,0.000000000000000000e+00,0.000000000000000000e+00,0.000000000000000000e+00,0.000000000000000000e+00,0.000000000000000000e+00,1.973684210526315680e-02
7.142857142857142461e-02,6.428571428571429047e-01,1.428571428571428492e-01,4.081632653061224164e-02,3.061224489795918297e-02,0.000000000000000000e+00,0.000000000000000000e+00,1.020408163265306041e-02,1.020408163265306041e-02,0.000000000000000000e+00,0.000000000000000000e+00,2.040816326530612082e-02,0.000000000000000000e+00,0.000000000000000000e+00,1.020408163265306041e-02,0.000000000000000000e+00,0.000000000000000000e+00,0.000000000000000000e+00,0.000000000000000000e+00,0.000000000000000000e+00,0.000000000000000000e+00,2.040816326530612082e-02
2.732240437158469856e-02,9.836065573770491621e-02,7.158469945355191433e-01,7.103825136612021418e-02,1.639344262295082053e-02,1.092896174863387977e-02,3.278688524590164105e-02,5.464480874316939886e-03,5.464480874316939886e-03,0.000000000000000000e+00,0.000000000000000000e+00,0.000000000000000000e+00,0.000000000000000000e+00,0.000000000000000000e+00,0.000000000000000000e+00,0.000000000000000000e+00,0.000000000000000000e+00,0.000000000000000000e+00,0.000000000000000000e+00,0.000000000000000000e+00,0.000000000000000000e+00,1.639344262295082053e-02
1.136363636363636395e-02,1.704545454545454419e-02,6.818181818181817677e-02,7.215909090909090606e-01,1.193181818181818232e-01,1.136363636363636395e-02,5.681818181818181976e-03,1.136363636363636395e-02,0.000000000000000000e+00,1.136363636363636395e-02,0.000000000000000000e+00,0.000000000000000000e+00,0.000000000000000000e+00,0.000000000000000000e+00,5.681818181818181976e-03,5.681818181818181976e-03,0.000000000000000000e+00,0.000000000000000000e+00,5.681818181818181976e-03,0.000000000000000000e+00,0.000000000000000000e+00,5.681818181818181976e-03
1.395348837209302306e-02,4.651162790697674354e-03,9.302325581395348708e-03,6.511627906976744096e-02,7.255813953488372547e-01,8.837209302325581273e-02,2.325581395348837177e-02,1.395348837209302306e-02,0.000000000000000000e+00,0.000000000000000000e+00,0.000000000000000000e+00,9.302325581395348708e-03,4.651162790697674354e-03,0.000000000000000000e+00,0.000000000000000000e+00,4.651162790697674354e-03,0.000000000000000000e+00,4.651162790697674354e-03,4.651162790697674354e-03,0.000000000000000000e+00,9.302325581395348708e-03,1.860465116279069742e-02
8.810572687224670421e-03,0.000000000000000000e+00,1.321585903083700476e-02,1.762114537444934084e-02,6.167400881057268774e-02,7.444933920704845942e-01,7.488986784140969077e-02,4.405286343612335211e-03,1.762114537444934084e-02,4.405286343612335211e-03,4.405286343612335211e-03,0.000000000000000000e+00,0.000000000000000000e+00,0.000000000000000000e+00,4.405286343612335211e-03,4.405286343612335211e-03,4.405286343612335211e-03,0.000000000000000000e+00,4.405286343612335211e-03,0.000000000000000000e+00,0.000000000000000000e+00,3.083700440528634387e-02
4.514672686230247929e-03,4.514672686230247929e-03,2.257336343115123965e-03,4.514672686230247929e-03,4.514672686230247929e-03,4.740406320541760976e-02,7.697516930022573201e-01,8.126410835214446793e-02,1.128668171557562112e-02,9.029345372460495858e-03,2.257336343115123965e-03,9.029345372460495858e-03,6.772009029345372327e-03,9.029345372460495858e-03,2.257336343115123965e-03,4.514672686230247929e-03,2.257336343115123965e-03,0.000000000000000000e+00,9.029345372460495858e-03,0.000000000000000000e+00,2.257336343115123965e-03,1.354401805869074465e-02
7.858546168958742070e-03,0.000000000000000000e+00,0.000000000000000000e+00,0.000000000000000000e+00,1.964636542239685518e-03,7.858546168958742070e-03,7.465618860510805921e-02,7.701375245579568096e-01,9.037328094302554682e-02,1.768172888015717009e-02,3.929273084479371035e-03,1.964636542239685518e-03,0.000000000000000000e+00,1.964636542239685518e-03,0.000000000000000000e+00,1.964636542239685518e-03,1.964636542239685518e-03,0.000000000000000000e+00,0.000000000000000000e+00,0.000000000000000000e+00,1.964636542239685518e-03,1.571709233791748414e-02
3.327787021630615721e-03,1.663893510815307860e-03,0.000000000000000000e+00,0.000000000000000000e+00,1.663893510815307860e-03,3.327787021630615721e-03,9.983361064891846728e-03,8.652246256239601307e-02,7.687188019966721964e-01,6.988352745424292189e-02,1.830282861896838711e-02,6.655574043261231441e-03,6.655574043261231441e-03,0.000000000000000000e+00,0.000000000000000000e+00,3.327787021630615721e-03,1.663893510815307860e-03,1.663893510815307860e-03,0.000000000000000000e+00,1.663893510815307860e-03,0.000000000000000000e+00,1.497504159733777096e-02
1.420454545454545494e-03,1.420454545454545494e-03,1.420454545454545494e-03,1.420454545454545494e-03,2.840909090909090988e-03,2.840909090909090988e-03,2.840909090909090988e-03,7.102272727272727036e-03,8.096590909090908839e-02,7.954545454545454142e-01,6.392045454545454419e-02,8.522727272727272096e-03,2.840909090909090988e-03,1.420454545454545494e-03,0.000000000000000000e+00,1.420454545454545494e-03,0.000000000000000000e+00,0.000000000000000000e+00,0.000000000000000000e+00,2.840909090909090988e-03,1.420454545454545494e-03,1.988636363636363605e-02
1.672240802675585255e-03,0.000000000000000000e+00,0.000000000000000000e+00,0.000000000000000000e+00,1.672240802675585255e-03,0.000000000000000000e+00,1.672240802675585255e-03,8.361204013377926056e-03,1.839464882943143975e-02,6.187290969899665594e-02,8.026755852842809569e-01,5.016722408026755980e-02,1.505016722408026794e-02,1.505016722408026794e-02,0.000000000000000000e+00,1.672240802675585255e-03,0.000000000000000000e+00,3.344481605351170509e-03,0.000000000000000000e+00,5.016722408026755980e-03,1.672240802675585255e-03,1.170568561872909613e-02
4.376367614879649731e-03,0.000000000000000000e+00,0.000000000000000000e+00,0.000000000000000000e+00,4.376367614879649731e-03,2.188183807439824866e-03,0.000000000000000000e+00,4.376367614879649731e-03,8.752735229759299462e-03,2.407002188183807526e-02,6.126914660831509624e-02,7.811816192560174787e-01,6.126914660831509624e-02,0.000000000000000000e+00,6.564551422319474597e-03,4.376367614879649731e-03,0.000000000000000000e+00,0.000000000000000000e+00,2.188183807439824866e-03,0.000000000000000000e+00,0.000000000000000000e+00,3.501094091903719785e-02
6.849315068493150305e-03,0.000000000000000000e+00,0.000000000000000000e+00,0.000000000000000000e+00,0.000000000000000000e+00,0.000000000000000000e+00,2.054794520547945091e-02,1.369863013698630061e-02,1.369863013698630061e-02,2.054794520547945091e-02,6.164383561643835274e-02,1.917808219178082085e-01,5.684931506849315586e-01,1.369863013698630061e-02,2.739726027397260122e-02,1.369863013698630061e-02,6.849315068493150305e-03,6.849315068493150305e-03,0.000000000000000000e+00,0.000000000000000000e+00,6.849315068493150305e-03,2.739726027397260122e-02
0.000000000000000000e+00,0.000000000000000000e+00,0.000000000000000000e+00,0.000000000000000000e+00,1.886792452830188607e-02,0.000000000000000000e+00,5.660377358490566169e-02,0.000000000000000000e+00,3.773584905660377214e-02,1.886792452830188607e-02,1.132075471698113234e-01,7.547169811320754429e-02,7.547169811320754429e-02,3.396226415094339424e-01,1.132075471698113234e-01,0.000000000000000000e+00,1.886792452830188607e-02,1.886792452830188607e-02,0.000000000000000000e+00,0.000000000000000000e+00,0.000000000000000000e+00,1.132075471698113234e-01
0.000000000000000000e+00,0.000000000000000000e+00,0.000000000000000000e+00,0.000000000000000000e+00,0.000000000000000000e+00,0.000000000000000000e+00,2.325581395348837177e-02,0.000000000000000000e+00,2.325581395348837177e-02,4.651162790697674354e-02,4.651162790697674354e-02,0.000000000000000000e+00,1.162790697674418589e-01,9.302325581395348708e-02,3.953488372093023062e-01,9.302325581395348708e-02,0.000000000000000000e+00,2.325581395348837177e-02,0.000000000000000000e+00,2.325581395348837177e-02,2.325581395348837177e-02,9.302325581395348708e-02
0.000000000000000000e+00,0.000000000000000000e+00,0.000000000000000000e+00,7.142857142857142461e-02,3.571428571428571230e-02,0.000000000000000000e+00,7.142857142857142461e-02,0.000000000000000000e+00,7.142857142857142461e-02,7.142857142857142461e-02,3.571428571428571230e-02,3.571428571428571230e-02,7.142857142857142461e-02,1.071428571428571369e-01,7.142857142857142461e-02,1.428571428571428492e-01,7.142857142857142461e-02,7.142857142857142461e-02,0.000000000000000000e+00,0.000000000000000000e+00,0.000000000000000000e+00,7.142857142857142461e-02
0.000000000000000000e+00,0.000000000000000000e+00,0.000000000000000000e+00,6.666666666666666574e-02,0.000000000000000000e+00,3.333333333333333287e-02,6.666666666666666574e-02,0.000000000000000000e+00,3.333333333333333287e-02,3.333333333333333287e-02,0.000000000000000000e+00,3.333333333333333287e-02,3.333333333333333287e-02,0.000000000000000000e+00,3.333333333333333287e-02,0.000000000000000000e+00,4.666666666666666741e-01,1.000000000000000056e-01,3.333333333333333287e-02,0.000000000000000000e+00,0.000000000000000000e+00,6.666666666666666574e-02
0.000000000000000000e+00,4.000000000000000083e-02,0.000000000000000000e+00,0.000000000000000000e+00,0.000000000000000000e+00,8.000000000000000167e-02,4.000000000000000083e-02,4.000000000000000083e-02,1.199999999999999956e-01,0.000000000000000000e+00,4.000000000000000083e-02,4.000000000000000083e-02,4.000000000000000083e-02,4.000000000000000083e-02,0.000000000000000000e+00,4.000000000000000083e-02,8.000000000000000167e-02,1.600000000000000033e-01,4.000000000000000083e-02,0.000000000000000000e+00,4.000000000000000083e-02,1.600000000000000033e-01
0.000000000000000000e+00,0.000000000000000000e+00,0.000000000000000000e+00,0.000000000000000000e+00,8.333333333333332871e-02,8.333333333333332871e-02,1.666666666666666574e-01,8.333333333333332871e-02,0.000000000000000000e+00,8.333333333333332871e-02,0.000000000000000000e+00,0.000000000000000000e+00,0.000000000000000000e+00,0.000000000000000000e+00,0.000000000000000000e+00,0.000000000000000000e+00,1.666666666666666574e-01,8.333333333333332871e-02,8.333333333333332871e-02,0.000000000000000000e+00,0.000000000000000000e+00,1.666666666666666574e-01
8.333333333333332871e-02,0.000000000000000000e+00,0.000000000000000000e+00,0.000000000000000000e+00,0.000000000000000000e+00,0.000000000000000000e+00,1.666666666666666574e-01,8.333333333333332871e-02,0.000000000000000000e+00,1.666666666666666574e-01,0.000000000000000000e+00,0.000000000000000000e+00,8.333333333333332871e-02,0.000000000000000000e+00,8.333333333333332871e-02,0.000000000000000000e+00,0.000000000000000000e+00,0.000000000000000000e+00,0.000000000000000000e+00,8.333333333333332871e-02,0.000000000000000000e+00,2.500000000000000000e-01
8.333333333333332871e-02,8.333333333333332871e-02,0.000000000000000000e+00,8.333333333333332871e-02,0.000000000000000000e+00,0.000000000000000000e+00,8.333333333333332871e-02,8.333333333333332871e-02,8.333333333333332871e-02,0.000000000000000000e+00,0.000000000000000000e+00,1.666666666666666574e-01,0.000000000000000000e+00,8.333333333333332871e-02,0.000000000000000000e+00,0.000000000000000000e+00,0.000000000000000000e+00,8.333333333333332871e-02,0.000000000000000000e+00,8.333333333333332871e-02,0.000000000000000000e+00,8.333333333333332871e-02
2.807017543859649175e-02,1.052631578947368397e-02,0.000000000000000000e+00,7.017543859649122938e-03,1.754385964912280604e-02,1.052631578947368397e-02,3.859649122807017746e-02,3.859649122807017746e-02,3.859649122807017746e-02,4.561403508771930126e-02,3.157894736842105365e-02,3.157894736842105365e-02,2.807017543859649175e-02,2.105263157894736795e-02,2.105263157894736795e-02,2.105263157894736795e-02,1.754385964912280604e-02,2.456140350877192985e-02,1.052631578947368397e-02,1.052631578947368397e-02,1.052631578947368397e-02,5.368421052631578982e-01
