8.223866790009251027e-01,7.123034227567066889e-02,6.475485661424606500e-03,2.775208140610545705e-03,9.250693802035153072e-04,1.850138760407030614e-03,0.000000000000000000e+00,0.000000000000000000e+00,9.250693802035153072e-04,0.000000000000000000e+00,1.387604070305272809e-02,0.000000000000000000e+00,0.000000000000000000e+00,0.000000000000000000e+00,0.000000000000000000e+00,0.000000000000000000e+00,9.250693802035153072e-04,9.250693802035153072e-04,9.250693802035153072e-04,8.325624421831637548e-03,6.845513413506013056e-02
9.401709401709401615e-02,7.760683760683760868e-01,7.521367521367521014e-02,8.547008547008547868e-03,3.418803418803418800e-03,3.418803418803418800e-03,1.709401709401709400e-03,1.709401709401709400e-03,0.000000000000000000e+00,0.000000000000000000e+00,6.837606837606837601e-03,0.000000000000000000e+00,0.000000000000000000e+00,0.000000000000000000e+00,0.000000000000000000e+00,0.000000000000000000e+00,0.000000000000000000e+00,3.418803418803418800e-03,3.418803418803418800e-03,8.547008547008547868e-03,1.367521367521367520e-02
3.783783783783783994e-02,2.378378378378378510e-01,5.405405405405405705e-01,8.108108108108108558e-02,5.405405405405405705e-03,5.405405405405405705e-03,0.000000000000000000e+00,5.405405405405405705e-03,1.081081081081081141e-02,0.000000000000000000e+00,2.702702702702702853e-02,0.000000000000000000e+00,0.000000000000000000e+00,0.000000000000000000e+00,0.000000000000000000e+00,0.000000000000000000e+00,5.405405405405405705e-03,5.405405405405405705e-03,5.405405405405405705e-03,2.162162162162162282e-02,1.081081081081081141e-02
3.947368421052631360e-02,7.894736842105262720e-02,1.973684210526315819e-01,5.000000000000000000e-01,3.947368421052631360e-02,0.000000000000000000e+00,0.000000000000000000e+00,0.000000000000000000e+00,0.000000000000000000e+00,0.000000000000000000e+00,9.210526315789473173e-02,0.000000000000000000e+00,0.000000000000000000e+00,0.000000000000000000e+00,0.000000000000000000e+00,0.000000000000000000e+00,0.000000000000000000e+00,0.000000000000000000e+00,0.000000000000000000e+00,1.315789473684210453e-02,3.947368421052631360e-02
9.090909090909091161e-02,3.030303030303030387e-02,1.515151515151515194e-01,1.212121212121212155e-01,3.030303030303030387e-01,9.090909090909091161e-02,0.000000000000000000e+00,0.000000000000000000e+00,0.000000000000000000e+00,0.000000000000000000e+00,9.090909090909091161e-02,0.000000000000000000e+00,0.000000000000000000e+00,0.000000000000000000e+00,0.000000000000000000e+00,0.000000000000000000e+00,0.000000000000000000e+00,0.000000000000000000e+00,6.060606060606060774e-02,3.030303030303030387e-02,3.030303030303030387e-02
5.882352941176470507e-02,5.882352941176470507e-02,5.882352941176470507e-02,0.000000000000000000e+00,1.176470588235294101e-01,2.352941176470588203e-01,1.176470588235294101e-01,0.000000000000000000e+00,5.882352941176470507e-02,0.000000000000000000e+00,0.000000000000000000e+00,0.000000000000000000e+00,0.000000000000000000e+00,0.000000000000000000e+00,0.000000000000000000e+00,0.000000000000000000e+00,0.000000000000000000e+00,1.176470588235294101e-01,0.000000000000000000e+00,5.882352941176470507e-02,1.176470588235294101e-01
2.500000000000000000e-01,0.000000000000000000e+00,0.000000000000000000e+00,0.000000000000000000e+00,3.750000000000000000e-01,0.000000000000000000e+00,1.250000000000000000e-01,0.000000000000000000e+00,0.000000000000000000e+00,0.000000000000000000e+00,1.250000000000000000e-01,0.000000000000000000e+00,0.000000000000000000e+00,0.000000000000000000e+00,0.000000000000000000e+00,0.000000000000000000e+00,0.000000000000000000e+00,0.000000000000000000e+00,1.250000000000000000e-01,0.000000000000000000e+00,0.000000000000000000e+00
0.000000000000000000e+00,9.090909090909091161e-02,9.090909090909091161e-02,0.000000000000000000e+00,9.090909090909091161e-02,0.000000000000000000e+00,0.000000000000000000e+00,2.727272727272727071e-01,0.000000000000000000e+00,0.000000000000000000e+00,1.818181818181818232e-01,0.000000000000000000e+00,0.000000000000000000e+00,0.000000000000000000e+00,0.000000000000000000e+00,0.000000000000000000e+00,0.000000000000000000e+00,0.000000000000000000e+00,0.000000000000000000e+00,1.818181818181818232e-01,9.090909090909091161e-02
1.428571428571428492e-01,0.000000000000000000e+00,0.000000000000000000e+00,0.000000000000000000e+00,0.000000000000000000e+00,0.000000000000000000e+00,0.000000000000000000e+00,7.142857142857142461e-02,3.571428571428571508e-01,7.142857142857142461e-02,0.000000000000000000e+00,0.000000000000000000e+00,0.000000000000000000e+00,0.000000000000000000e+00,0.000000000000000000e+00,0.000000000000000000e+00,0.000000000000000000e+00,1.428571428571428492e-01,2.142857142857142738e-01,0.000000000000000000e+00,0.000000000000000000e+00
1.250000000000000000e-01,0.000000000000000000e+00,0.000000000000000000e+00,0.000000000000000000e+00,0.000000000000000000e+00,1.250000000000000000e-01,0.000000000000000000e+00,0.000000000000000000e+00,0.000000000000000000e+00,1.250000000000000000e-01,1.250000000000000000e-01,0.000000000000000000e+00,0.000000000000000000e+00,0.000000000000000000e+00,0.000000000000000000e+00,0.000000000000000000e+00,0.000000000000000000e+00,0.000000000000000000e+00,1.250000000000000000e-01,1.250000000000000000e-01,2.500000000000000000e-01
6.395348837209302584e-02,2.906976744186046471e-02,2.325581395348837177e-02,2.906976744186046471e-02,2.325581395348837177e-02,1.744186046511627883e-02,1.744186046511627883e-02,5.813953488372092943e-03,1.744186046511627883e-02,2.325581395348837177e-02,5.697674418604651292e-01,0.000000000000000000e+00,0.000000000000000000e+00,0.000000000000000000e+00,5.813953488372092943e-03,1.744186046511627883e-02,1.162790697674418589e-02,1.744186046511627883e-02,3.488372093023255766e-02,3.488372093023255766e-02,5.813953488372092943e-02
0.000000000000000000e+00,7.462686567164178962e-03,0.000000000000000000e+00,0.000000000000000000e+00,0.000000000000000000e+00,0.000000000000000000e+00,0.000000000000000000e+00,0.000000000000000000e+00,0.000000000000000000e+00,0.000000000000000000e+00,0.000000000000000000e+00,9.402985074626866169e-01,7.462686567164178962e-03,0.000000000000000000e+00,1.492537313432835792e-02,7.462686567164178962e-03,0.000000000000000000e+00,7.462686567164178962e-03,1.492537313432835792e-02,0.000000000000000000e+00,0.000000000000000000e+00
0.000000000000000000e+00,0.000000000000000000e+00,0.000000000000000000e+00,0.000000000000000000e+00,0.000000000000000000e+00,0.000000000000000000e+00,0.000000000000000000e+00,0.000000000000000000e+00,0.000000000000000000e+00,0.000000000000000000e+00,0.000000000000000000e+00,3.571428571428571230e-02,8.571428571428570953e-01,7.142857142857142461e-02,0.000000000000000000e+00,0.000000000000000000e+00,3.571428571428571230e-02,0.000000000000000000e+00,0.000000000000000000e+00,0.000000000000000000e+00,0.000000000000000000e+00
0.000000000000000000e+00,0.000000000000000000e+00,0.000000000000000000e+00,0.000000000000000000e+00,0.000000000000000000e+00,0.000000000000000000e+00,0.000000000000000000e+00,0.000000000000000000e+00,0.000000000000000000e+00,0.000000000000000000e+00,1.923076923076923184e-02,0.000000000000000000e+00,1.923076923076923184e-02,9.038461538461538547e-01,5.769230769230769551e-02,0.000000000000000000e+00,0.000000000000000000e+00,0.000000000000000000e+00,0.000000000000000000e+00,0.000000000000000000e+00,0.000000000000000000e+00
0.000000000000000000e+00,0.000000000000000000e+00,0.000000000000000000e+00,0.000000000000000000e+00,0.000000000000000000e+00,0.000000000000000000e+00,0.000000000000000000e+00,0.000000000000000000e+00,0.000000000000000000e+00,0.000000000000000000e+00,0.000000000000000000e+00,1.351351351351351426e-02,0.000000000000000000e+00,4.054054054054054279e-02,8.783783783783783994e-01,4.054054054054054279e-02,1.351351351351351426e-02,1.351351351351351426e-02,0.000000000000000000e+00,0.000000000000000000e+00,0.000000000000000000e+00
0.000000000000000000e+00,0.000000000000000000e+00,0.000000000000000000e+00,1.562500000000000000e-02,0.000000000000000000e+00,0.000000000000000000e+00,0.000000000000000000e+00,1.562500000000000000e-02,0.000000000000000000e+00,0.000000000000000000e+00,3.125000000000000000e-02,1.562500000000000000e-02,0.000000000000000000e+00,0.000000000000000000e+00,1.562500000000000000e-02,6.406250000000000000e-01,1.562500000000000000e-01,6.250000000000000000e-02,1.562500000000000000e-02,1.562500000000000000e-02,1.562500000000000000e-02
0.000000000000000000e+00,8.196721311475410263e-03,0.000000000000000000e+00,0.000000000000000000e+00,0.000000000000000000e+00,0.000000000000000000e+00,0.000000000000000000e+00,0.000000000000000000e+00,0.000000000000000000e+00,0.000000000000000000e+00,8.196721311475410263e-03,0.000000000000000000e+00,8.196721311475410263e-03,0.000000000000000000e+00,0.000000000000000000e+00,9.016393442622951115e-02,7.540983606557376540e-01,1.065573770491803213e-01,8.196721311475410263e-03,8.196721311475410263e-03,8.196721311475410263e-03
1.282051282051282007e-02,0.000000000000000000e+00,6.410256410256410034e-03,3.205128205128205017e-03,0.000000000000000000e+00,0.000000000000000000e+00,0.000000000000000000e+00,0.000000000000000000e+00,0.000000000000000000e+00,0.000000000000000000e+00,2.884615384615384776e-02,0.000000000000000000e+00,0.000000000000000000e+00,0.000000000000000000e+00,6.410256410256410034e-03,1.923076923076923184e-02,4.166666666666666435e-02,7.724358974358974672e-01,8.974358974358974395e-02,1.282051282051282007e-02,6.410256410256410034e-03
1.557632398753894037e-03,0.000000000000000000e+00,1.557632398753894037e-03,0.000000000000000000e+00,4.672897196261681894e-03,0.000000000000000000e+00,0.000000000000000000e+00,0.000000000000000000e+00,0.000000000000000000e+00,3.115264797507788074e-03,7.788161993769470402e-03,1.557632398753894037e-03,1.557632398753894037e-03,0.000000000000000000e+00,0.000000000000000000e+00,0.000000000000000000e+00,3.115264797507788074e-03,3.271028037383177239e-02,8.380062305295949976e-01,9.345794392523364136e-02,1.090342679127725804e-02
6.435006435006434579e-03,9.009009009009008931e-03,6.435006435006434579e-03,0.000000000000000000e+00,2.574002574002573918e-03,0.000000000000000000e+00,0.000000000000000000e+00,1.287001287001286959e-03,1.287001287001286959e-03,0.000000000000000000e+00,1.029601029601029567e-02,0.000000000000000000e+00,0.000000000000000000e+00,0.000000000000000000e+00,0.000000000000000000e+00,0.000000000000000000e+00,2.574002574002573918e-03,3.861003861003861094e-03,6.563706563706563080e-02,7.915057915057914784e-01,9.909909909909909997e-02
1.034858387799564294e-01,7.625272331154684183e-03,5.446623093681917521e-03,3.267973856209150426e-03,1.089324618736383548e-03,1.089324618736383548e-03,1.089324618736383548e-03,1.089324618736383548e-03,1.089324618736383548e-03,1.089324618736383548e-03,9.803921568627450844e-03,0.000000000000000000e+00,0.000000000000000000e+00,0.000000000000000000e+00,0.000000000000000000e+00,1.089324618736383548e-03,0.000000000000000000e+00,2.178649237472767095e-03,3.267973856209150426e-03,6.971677559912854705e-02,7.875816993464052063e-01
