7.912023460410557707e-01,1.131964809384164161e-01,5.865102639296187678e-03,4.692082111436950143e-03,1.759530791788856303e-03,5.865102639296187678e-04,0.000000000000000000e+00,5.865102639296187678e-04,0.000000000000000000e+00,0.000000000000000000e+00,2.932551319648093839e-03,1.173020527859237536e-03,0.000000000000000000e+00,1.173020527859237536e-03,5.865102639296187678e-04,0.000000000000000000e+00,5.865102639296187678e-04,1.759530791788856303e-03,5.278592375366568910e-03,1.055718475073313782e-02,5.806451612903226062e-02
1.059907834101382479e-01,7.498354180381829881e-01,9.677419354838709409e-02,9.874917709019092119e-03,3.949967083607636847e-03,1.974983541803818424e-03,6.583278472679394023e-04,0.000000000000000000e+00,0.000000000000000000e+00,0.000000000000000000e+00,3.949967083607636847e-03,1.316655694535878805e-03,6.583278472679394023e-04,1.974983541803818424e-03,1.316655694535878805e-03,6.583278472679394023e-04,0.000000000000000000e+00,1.316655694535878805e-03,6.583278472679394023e-04,3.949967083607636847e-03,1.514154048716260734e-02
1.734693877551020391e-02,1.255102040816326592e-01,7.173469387755102566e-01,8.673469387755101956e-02,1.428571428571428527e-02,3.061224489795918210e-03,1.020408163265306214e-03,0.000000000000000000e+00,0.000000000000000000e+00,1.020408163265306214e-03,5.102040816326530205e-03,2.040816326530612429e-03,0.000000000000000000e+00,0.000000000000000000e+00,8.163265306122449716e-03,2.040816326530612429e-03,2.040816326530612429e-03,1.020408163265306214e-03,2.040816326530612429e-03,5.102040816326530205e-03,6.122448979591836420e-03
8.787346221441125552e-03,3.514938488576450221e-02,1.230228471001757473e-01,6.871704745166959949e-01,8.435852372583479974e-02,2.460456942003514877e-02,5.272407732864674984e-03,1.757469244288224850e-03,0.000000000000000000e+00,0.000000000000000000e+00,8.787346221441125552e-03,3.514938488576449700e-03,0.000000000000000000e+00,0.000000000000000000e+00,3.514938488576449700e-03,3.514938488576449700e-03,1.757469244288224850e-03,5.272407732864674984e-03,0.000000000000000000e+00,1.757469244288224850e-03,1.757469244288224850e-03
3.436426116838487907e-03,2.061855670103092744e-02,4.467353951890034452e-02,1.134020618556701027e-01,6.185567010309278579e-01,1.271477663230240474e-01,1.030927835051546372e-02,1.374570446735395163e-02,6.872852233676975814e-03,3.436426116838487907e-03,1.374570446735395163e-02,0.000000000000000000e+00,0.000000000000000000e+00,0.000000000000000000e+00,6.872852233676975814e-03,6.872852233676975814e-03,0.000000000000000000e+00,3.436426116838487907e-03,3.436426116838487907e-03,0.000000000000000000e+00,3.436426116838487907e-03
1.456310679611650533e-02,2.912621359223301065e-02,1.941747572815533812e-02,5.339805825242718157e-02,1.213592233009708754e-01,5.873786407766989903e-01,6.310679611650485410e-02,2.912621359223301065e-02,9.708737864077669061e-03,0.000000000000000000e+00,3.883495145631067624e-02,4.854368932038834530e-03,0.000000000000000000e+00,0.000000000000000000e+00,0.000000000000000000e+00,4.854368932038834530e-03,0.000000000000000000e+00,4.854368932038834530e-03,0.000000000000000000e+00,4.854368932038834530e-03,1.456310679611650533e-02
0.000000000000000000e+00,3.846153846153846367e-02,3.846153846153846367e-02,9.615384615384615918e-02,7.692307692307692735e-02,1.923076923076923184e-01,2.692307692307692180e-01,5.769230769230769551e-02,3.846153846153846367e-02,3.846153846153846367e-02,1.538461538461538547e-01,0.000000000000000000e+00,0.000000000000000000e+00,0.000000000000000000e+00,0.000000000000000000e+00,0.000000000000000000e+00,0.000000000000000000e+00,0.000000000000000000e+00,0.000000000000000000e+00,0.000000000000000000e+00,0.000000000000000000e+00
3.125000000000000000e-02,0.000000000000000000e+00,3.125000000000000000e-02,6.250000000000000000e-02,9.375000000000000000e-02,9.375000000000000000e-02,1.250000000000000000e-01,2.187500000000000000e-01,1.562500000000000000e-01,9.375000000000000000e-02,6.250000000000000000e-02,0.000000000000000000e+00,0.000000000000000000e+00,0.000000000000000000e+00,0.000000000000000000e+00,0.000000000000000000e+00,0.000000000000000000e+00,0.000000000000000000e+00,0.000000000000000000e+00,3.125000000000000000e-02,0.000000000000000000e+00
0.000000000000000000e+00,0.000000000000000000e+00,3.571428571428571230e-02,3.571428571428571230e-02,0.000000000000000000e+00,1.428571428571428492e-01,0.000000000000000000e+00,2.142857142857142738e-01,3.928571428571428492e-01,3.571428571428571230e-02,1.428571428571428492e-01,0.000000000000000000e+00,0.000000000000000000e+00,0.000000000000000000e+00,0.000000000000000000e+00,0.000000000000000000e+00,0.000000000000000000e+00,0.000000000000000000e+00,0.000000000000000000e+00,0.000000000000000000e+00,0.000000000000000000e+00
0.000000000000000000e+00,0.000000000000000000e+00,0.000000000000000000e+00,3.846153846153846367e-02,7.692307692307692735e-02,7.692307692307692735e-02,3.846153846153846367e-02,7.692307692307692735e-02,7.692307692307692735e-02,4.615384615384615641e-01,1.538461538461538547e-01,0.000000000000000000e+00,0.000000000000000000e+00,0.000000000000000000e+00,0.000000000000000000e+00,0.000000000000000000e+00,0.000000000000000000e+00,0.000000000000000000e+00,0.000000000000000000e+00,0.000000000000000000e+00,0.000000000000000000e+00
2.777777777777777624e-02,5.555555555555555768e-03,1.666666666666666644e-02,2.777777777777777624e-02,1.111111111111111154e-02,6.111111111111110911e-02,2.777777777777777624e-02,5.555555555555555768e-03,3.333333333333333287e-02,3.888888888888888951e-02,6.999999999999999556e-01,5.555555555555555768e-03,0.000000000000000000e+00,0.000000000000000000e+00,1.111111111111111154e-02,0.000000000000000000e+00,0.000000000000000000e+00,0.000000000000000000e+00,5.555555555555555768e-03,0.000000000000000000e+00,2.222222222222222307e-02
1.234567901234567833e-02,6.172839506172839164e-03,6.172839506172839164e-03,1.851851851851851749e-02,6.172839506172839164e-03,6.172839506172839164e-03,0.000000000000000000e+00,0.000000000000000000e+00,0.000000000000000000e+00,0.000000000000000000e+00,0.000000000000000000e+00,8.395061728395061262e-01,6.172839506172839164e-03,1.234567901234567833e-02,2.469135802469135665e-02,3.703703703703703498e-02,6.172839506172839164e-03,0.000000000000000000e+00,6.172839506172839164e-03,6.172839506172839164e-03,6.172839506172839164e-03
3.703703703703703498e-02,7.407407407407406996e-02,0.000000000000000000e+00,0.000000000000000000e+00,0.000000000000000000e+00,0.000000000000000000e+00,0.000000000000000000e+00,0.000000000000000000e+00,0.000000000000000000e+00,0.000000000000000000e+00,3.703703703703703498e-02,7.407407407407406996e-02,5.185185185185184897e-01,7.407407407407406996e-02,3.703703703703703498e-02,7.407407407407406996e-02,0.000000000000000000e+00,0.000000000000000000e+00,3.703703703703703498e-02,0.000000000000000000e+00,3.703703703703703498e-02
2.272727272727272790e-02,6.818181818181817677e-02,0.000000000000000000e+00,0.000000000000000000e+00,0.000000000000000000e+00,0.000000000000000000e+00,0.000000000000000000e+00,0.000000000000000000e+00,0.000000000000000000e+00,0.000000000000000000e+00,0.000000000000000000e+00,6.818181818181817677e-02,6.818181818181817677e-02,6.590909090909090606e-01,9.090909090909091161e-02,0.000000000000000000e+00,0.000000000000000000e+00,2.272727272727272790e-02,0.000000000000000000e+00,0.000000000000000000e+00,0.000000000000000000e+00
0.000000000000000000e+00,1.098901098901098987e-02,3.296703296703296787e-02,3.296703296703296787e-02,0.000000000000000000e+00,0.000000000000000000e+00,0.000000000000000000e+00,0.000000000000000000e+00,0.000000000000000000e+00,0.000000000000000000e+00,0.000000000000000000e+00,2.197802197802197974e-02,0.000000000000000000e+00,6.593406593406593574e-02,6.483516483516483797e-01,5.494505494505494414e-02,3.296703296703296787e-02,2.197802197802197974e-02,4.395604395604395948e-02,2.197802197802197974e-02,1.098901098901098987e-02
1.010101010101010187e-02,1.010101010101010187e-02,2.020202020202020374e-02,2.020202020202020374e-02,2.020202020202020374e-02,0.000000000000000000e+00,0.000000000000000000e+00,0.000000000000000000e+00,0.000000000000000000e+00,0.000000000000000000e+00,0.000000000000000000e+00,4.040404040404040747e-02,1.010101010101010187e-02,0.000000000000000000e+00,2.020202020202020374e-02,7.575757575757575690e-01,2.020202020202020374e-02,2.020202020202020374e-02,0.000000000000000000e+00,2.020202020202020374e-02,3.030303030303030387e-02
1.694915254237288130e-02,1.694915254237288130e-02,0.000000000000000000e+00,1.694915254237288130e-02,1.694915254237288130e-02,0.000000000000000000e+00,0.000000000000000000e+00,0.000000000000000000e+00,0.000000000000000000e+00,0.000000000000000000e+00,0.000000000000000000e+00,0.000000000000000000e+00,0.000000000000000000e+00,1.694915254237288130e-02,1.694915254237288130e-02,0.000000000000000000e+00,7.288135593220338437e-01,1.186440677966101725e-01,3.389830508474576259e-02,1.694915254237288130e-02,0.000000000000000000e+00
2.395209580838323499e-02,1.197604790419161749e-02,5.988023952095808747e-03,1.197604790419161749e-02,1.197604790419161749e-02,5.988023952095808747e-03,0.000000000000000000e+00,0.000000000000000000e+00,0.000000000000000000e+00,0.000000000000000000e+00,5.988023952095808747e-03,0.000000000000000000e+00,0.000000000000000000e+00,0.000000000000000000e+00,5.988023952095808747e-03,0.000000000000000000e+00,1.796407185628742451e-02,6.886227544910179521e-01,1.616766467065868240e-01,2.395209580838323499e-02,2.395209580838323499e-02
4.166666666666666435e-02,1.250000000000000069e-02,1.250000000000000069e-02,0.000000000000000000e+00,4.166666666666666609e-03,4.166666666666666609e-03,0.000000000000000000e+00,0.000000000000000000e+00,0.000000000000000000e+00,0.000000000000000000e+00,0.000000000000000000e+00,0.000000000000000000e+00,4.166666666666666609e-03,0.000000000000000000e+00,1.666666666666666644e-02,4.166666666666666609e-03,1.250000000000000069e-02,8.333333333333332871e-02,6.250000000000000000e-01,1.375000000000000111e-01,4.166666666666666435e-02
2.610441767068272939e-02,1.606425702811244832e-02,1.204819277108433798e-02,0.000000000000000000e+00,0.000000000000000000e+00,2.008032128514056040e-03,2.008032128514056040e-03,0.000000000000000000e+00,0.000000000000000000e+00,0.000000000000000000e+00,6.024096385542168988e-03,2.008032128514056040e-03,0.000000000000000000e+00,0.000000000000000000e+00,4.016064257028112081e-03,4.016064257028112081e-03,0.000000000000000000e+00,1.204819277108433798e-02,4.618473895582329153e-02,6.807228915662650870e-01,1.867469879518072196e-01
1.317535545023696686e-01,2.085308056872037935e-02,2.843601895734597026e-03,2.843601895734597026e-03,1.895734597156398162e-03,0.000000000000000000e+00,1.895734597156398162e-03,0.000000000000000000e+00,0.000000000000000000e+00,0.000000000000000000e+00,1.895734597156398162e-03,2.843601895734597026e-03,1.895734597156398162e-03,0.000000000000000000e+00,0.000000000000000000e+00,9.478672985781990811e-04,9.478672985781990811e-04,2.843601895734597026e-03,1.137440758293838811e-02,5.592417061611374557e-02,7.592417061611373974e-01
