6.851851851851852304e-01,4.629629629629629373e-02,2.777777777777777624e-02,4.629629629629629373e-02,9.259259259259258745e-03,9.259259259259258745e-03,9.259259259259258745e-03,9.259259259259258745e-03,0.000000000000000000e+00,3.703703703703703498e-02,3.703703703703703498e-02,1.851851851851851749e-02,1.851851851851851749e-02,1.851851851851851749e-02,0.000000000000000000e+00,1.851851851851851749e-02,0.000000000000000000e+00,0.000000000000000000e+00,0.000000000000000000e+00,0.000000000000000000e+00,9.259259259259258745e-03,0.000000000000000000e+00
2.647058823529411797e-01,5.000000000000000000e-01,2.941176470588235253e-02,0.000000000000000000e+00,0.000000000000000000e+00,5.882352941176470507e-02,2.941176470588235253e-02,2.941176470588235253e-02,2.941176470588235253e-02,2.941176470588235253e-02,2.941176470588235253e-02,0.000000000000000000e+00,0.000000000000000000e+00,0.000000000000000000e+00,0.000000000000000000e+00,0.000000000000000000e+00,0.000000000000000000e+00,0.000000000000000000e+00,0.000000000000000000e+00,0.000000000000000000e+00,0.000000000000000000e+00,0.000000000000000000e+00
1.851851851851851749e-02,3.703703703703703498e-02,5.925925925925925597e-01,3.703703703703703498e-02,5.555555555555555247e-02,1.851851851851851749e-02,1.851851851851851749e-02,5.555555555555555247e-02,3.703703703703703498e-02,1.851851851851851749e-02,3.703703703703703498e-02,1.851851851851851749e-02,3.703703703703703498e-02,0.000000000000000000e+00,1.851851851851851749e-02,0.000000000000000000e+00,0.000000000000000000e+00,0.000000000000000000e+00,0.000000000000000000e+00,0.000000000000000000e+00,0.000000000000000000e+00,0.000000000000000000e+00
9.433962264150943036e-03,9.433962264150943036e-03,2.830188679245283084e-02,7.452830188679244738e-01,1.886792452830188607e-02,2.830188679245283084e-02,3.773584905660377214e-02,2.830188679245283084e-02,1.886792452830188607e-02,0.000000000000000000e+00,0.000000000000000000e+00,9.433962264150943036e-03,4.716981132075472039e-02,9.433962264150943036e-03,0.000000000000000000e+00,0.000000000000000000e+00,0.000000000000000000e+00,0.000000000000000000e+00,9.433962264150943036e-03,0.000000000000000000e+00,0.000000000000000000e+00,0.000000000000000000e+00
3.409090909090908839e-02,1.136363636363636395e-02,0.000000000000000000e+00,2.272727272727272790e-02,7.500000000000000000e-01,4.545454545454545581e-02,1.136363636363636395e-02,1.136363636363636395e-02,0.000000000000000000e+00,1.136363636363636395e-02,3.409090909090908839e-02,1.136363636363636395e-02,1.136363636363636395e-02,1.136363636363636395e-02,1.136363636363636395e-02,1.136363636363636395e-02,0.000000000000000000e+00,0.000000000000000000e+00,0.000000000000000000e+00,0.000000000000000000e+00,0.000000000000000000e+00,1.136363636363636395e-02
1.538461538461538547e-02,3.076923076923077094e-02,1.538461538461538547e-02,1.538461538461538547e-02,6.153846153846154188e-02,6.153846153846154188e-01,9.230769230769231282e-02,1.538461538461538547e-02,3.076923076923077094e-02,4.615384615384615641e-02,1.538461538461538547e-02,1.538461538461538547e-02,0.000000000000000000e+00,1.538461538461538547e-02,0.000000000000000000e+00,0.000000000000000000e+00,0.000000000000000000e+00,0.000000000000000000e+00,0.000000000000000000e+00,1.538461538461538547e-02,0.000000000000000000e+00,0.000000000000000000e+00
1.886792452830188607e-02,0.000000000000000000e+00,0.000000000000000000e+00,1.257861635220125854e-02,6.289308176100629269e-03,6.289308176100628922e-02,6.729559748427672572e-01,8.176100628930817182e-02,5.660377358490566169e-02,2.515723270440251708e-02,0.000000000000000000e+00,1.257861635220125854e-02,1.257861635220125854e-02,3.144654088050314461e-02,6.289308176100629269e-03,0.000000000000000000e+00,0.000000000000000000e+00,0.000000000000000000e+00,0.000000000000000000e+00,0.000000000000000000e+00,0.000000000000000000e+00,0.000000000000000000e+00
0.000000000000000000e+00,0.000000000000000000e+00,0.000000000000000000e+00,9.433962264150943036e-03,0.000000000000000000e+00,0.000000000000000000e+00,4.716981132075472039e-02,7.688679245283018826e-01,9.433962264150944077e-02,1.415094339622641542e-02,2.830188679245283084e-02,9.433962264150943036e-03,1.886792452830188607e-02,4.716981132075471518e-03,0.000000000000000000e+00,0.000000000000000000e+00,0.000000000000000000e+00,0.000000000000000000e+00,0.000000000000000000e+00,0.000000000000000000e+00,0.000000000000000000e+00,4.716981132075471518e-03
4.866180048661800615e-03,2.433090024330900308e-03,0.000000000000000000e+00,2.433090024330900308e-03,4.866180048661800615e-03,9.732360097323601231e-03,1.459854014598540098e-02,4.866180048661800789e-02,6.861313868613139189e-01,1.605839416058394142e-01,2.919708029197080196e-02,1.459854014598540098e-02,1.216545012165450197e-02,4.866180048661800615e-03,0.000000000000000000e+00,0.000000000000000000e+00,2.433090024330900308e-03,0.000000000000000000e+00,0.000000000000000000e+00,0.000000000000000000e+00,0.000000000000000000e+00,2.433090024330900308e-03
3.577817531305903416e-03,1.788908765652951708e-03,8.944543828264758540e-04,8.944543828264758540e-04,0.000000000000000000e+00,1.788908765652951708e-03,4.472271914132379053e-03,8.944543828264758540e-04,5.813953488372092943e-02,7.915921288014311497e-01,1.064400715563506294e-01,1.252236135957066239e-02,8.050089445438283337e-03,3.577817531305903416e-03,0.000000000000000000e+00,8.944543828264758540e-04,0.000000000000000000e+00,8.944543828264758540e-04,0.000000000000000000e+00,8.944543828264758540e-04,0.000000000000000000e+00,2.683363148479427345e-03
5.271481286241434154e-04,0.000000000000000000e+00,1.054296257248286831e-03,0.000000000000000000e+00,5.271481286241434154e-04,5.271481286241434154e-04,1.054296257248286831e-03,2.635740643120716969e-03,4.217185028993147324e-03,5.956773853452820150e-02,8.239325250395360678e-01,8.487084870848708718e-02,1.054296257248286788e-02,5.798629414865577245e-03,3.162888771744860276e-03,0.000000000000000000e+00,5.271481286241434154e-04,0.000000000000000000e+00,0.000000000000000000e+00,0.000000000000000000e+00,0.000000000000000000e+00,1.054296257248286831e-03
1.388888888888888942e-03,6.944444444444444709e-04,1.388888888888888942e-03,2.083333333333333304e-03,2.777777777777777884e-03,6.944444444444444709e-04,1.388888888888888942e-03,6.944444444444444709e-04,2.083333333333333304e-03,1.180555555555555525e-02,1.041666666666666713e-01,7.604166666666666297e-01,9.027777777777777624e-02,1.250000000000000069e-02,2.083333333333333304e-03,2.083333333333333304e-03,6.944444444444444709e-04,0.000000000000000000e+00,0.000000000000000000e+00,0.000000000000000000e+00,0.000000000000000000e+00,2.777777777777777884e-03
3.484320557491289196e-03,0.000000000000000000e+00,0.000000000000000000e+00,2.322880371660859464e-03,1.161440185830429732e-03,2.322880371660859464e-03,1.161440185830429732e-03,2.322880371660859464e-03,4.645760743321718927e-03,5.807200929152148659e-03,2.439024390243902524e-02,1.335656213704994322e-01,6.875725900116144151e-01,1.010452961672473893e-01,1.045296167247386845e-02,3.484320557491289196e-03,2.322880371660859464e-03,2.322880371660859464e-03,1.161440185830429732e-03,1.161440185830429732e-03,0.000000000000000000e+00,9.291521486643437855e-03
1.639344262295081966e-03,0.000000000000000000e+00,1.639344262295081966e-03,0.000000000000000000e+00,1.639344262295081966e-03,0.000000000000000000e+00,6.557377049180327863e-03,1.639344262295081966e-03,3.278688524590163932e-03,4.918032786885246331e-03,8.196721311475410263e-03,4.262295081967212851e-02,1.377049180327868938e-01,6.508196721311475530e-01,1.000000000000000056e-01,1.311475409836065573e-02,1.147540983606557333e-02,1.147540983606557333e-02,0.000000000000000000e+00,0.000000000000000000e+00,0.000000000000000000e+00,3.278688524590163932e-03
2.604166666666666522e-03,2.604166666666666522e-03,0.000000000000000000e+00,5.208333333333333044e-03,2.604166666666666522e-03,0.000000000000000000e+00,2.604166666666666522e-03,2.604166666666666522e-03,0.000000000000000000e+00,2.604166666666666522e-03,1.041666666666666609e-02,2.083333333333333218e-02,2.343750000000000000e-02,1.692708333333333426e-01,6.536458333333333703e-01,6.250000000000000000e-02,1.302083333333333391e-02,0.000000000000000000e+00,2.604166666666666522e-03,0.000000000000000000e+00,7.812500000000000000e-03,1.562500000000000000e-02
6.578947368421052266e-03,0.000000000000000000e+00,0.000000000000000000e+00,0.000000000000000000e+00,6.578947368421052266e-03,1.315789473684210453e-02,0.000000000000000000e+00,0.000000000000000000e+00,0.000000000000000000e+00,0.000000000000000000e+00,6.578947368421052266e-03,1.973684210526315680e-02,2.631578947368420907e-02,5.921052631578947040e-02,1.842105263157894635e-01,4.934210526315789269e-01,1.052631578947368363e-01,6.578947368421052266e-03,1.973684210526315680e-02,6.578947368421052266e-03,1.315789473684210453e-02,3.289473684210526133e-02
0.000000000000000000e+00,0.000000000000000000e+00,0.000000000000000000e+00,0.000000000000000000e+00,0.000000000000000000e+00,0.000000000000000000e+00,0.000000000000000000e+00,0.000000000000000000e+00,0.000000000000000000e+00,0.000000000000000000e+00,3.658536585365853439e-02,2.439024390243902524e-02,6.097560975609755962e-02,6.097560975609755962e-02,9.756097560975610095e-02,1.829268292682926789e-01,3.902439024390244038e-01,8.536585365853659180e-02,2.439024390243902524e-02,2.439024390243902524e-02,0.000000000000000000e+00,1.219512195121951262e-02
2.380952380952380820e-02,0.000000000000000000e+00,0.000000000000000000e+00,0.000000000000000000e+00,0.000000000000000000e+00,0.000000000000000000e+00,0.000000000000000000e+00,0.000000000000000000e+00,4.761904761904761640e-02,0.000000000000000000e+00,2.380952380952380820e-02,2.380952380952380820e-02,4.761904761904761640e-02,4.761904761904761640e-02,9.523809523809523281e-02,9.523809523809523281e-02,1.190476190476190410e-01,2.142857142857142738e-01,9.523809523809523281e-02,4.761904761904761640e-02,4.761904761904761640e-02,7.142857142857142461e-02
0.000000000000000000e+00,0.000000000000000000e+00,0.000000000000000000e+00,0.000000000000000000e+00,0.000000000000000000e+00,0.000000000000000000e+00,0.000000000000000000e+00,0.000000000000000000e+00,0.000000000000000000e+00,0.000000000000000000e+00,0.000000000000000000e+00,0.000000000000000000e+00,0.000000000000000000e+00,0.000000000000000000e+00,3.448275862068965469e-02,6.896551724137930939e-02,1.379310344827586188e-01,1.724137931034482873e-01,4.827586206896551935e-01,0.000000000000000000e+00,3.448275862068965469e-02,6.896551724137930939e-02
0.000000000000000000e+00,0.000000000000000000e+00,0.000000000000000000e+00,0.000000000000000000e+00,0.000000000000000000e+00,0.000000000000000000e+00,0.000000000000000000e+00,0.000000000000000000e+00,0.000000000000000000e+00,0.000000000000000000e+00,0.000000000000000000e+00,0.000000000000000000e+00,0.000000000000000000e+00,0.000000000000000000e+00,0.000000000000000000e+00,2.500000000000000000e-01,1.666666666666666574e-01,0.000000000000000000e+00,0.000000000000000000e+00,5.000000000000000000e-01,4.166666666666666435e-02,4.166666666666666435e-02
0.000000000000000000e+00,0.000000000000000000e+00,0.000000000000000000e+00,0.000000000000000000e+00,0.000000000000000000e+00,0.000000000000000000e+00,0.000000000000000000e+00,0.000000000000000000e+00,0.000000000000000000e+00,0.000000000000000000e+00,0.000000000000000000e+00,7.142857142857142461e-02,0.000000000000000000e+00,0.000000000000000000e+00,1.428571428571428492e-01,0.000000000000000000e+00,7.142857142857142461e-02,7.142857142857142461e-02,7.142857142857142461e-02,1.428571428571428492e-01,3.571428571428571508e-01,7.142857142857142461e-02
7.142857142857142634e-03,0.000000000000000000e+00,0.000000000000000000e+00,0.000000000000000000e+00,0.000000000000000000e+00,0.000000000000000000e+00,7.142857142857142634e-03,0.000000000000000000e+00,0.000000000000000000e+00,7.142857142857142634e-03,1.428571428571428527e-02,1.428571428571428527e-02,2.857142857142857054e-02,2.857142857142857054e-02,2.142857142857142877e-02,5.714285714285714107e-02,4.285714285714285754e-02,3.571428571428571230e-02,3.571428571428571230e-02,2.142857142857142877e-02,1.428571428571428527e-02,6.642857142857142572e-01
