7.536231884057971175e-01,4.347826086956521618e-02,0.000000000000000000e+00,2.898550724637681195e-02,1.449275362318840597e-02,4.347826086956521618e-02,1.449275362318840597e-02,0.000000000000000000e+00,1.449275362318840597e-02,2.898550724637681195e-02,1.449275362318840597e-02,4.347826086956521618e-02,0.000000000000000000e+00,0.000000000000000000e+00,0.000000000000000000e+00,0.000000000000000000e+00,0.000000000000000000e+00,0.000000000000000000e+00,0.000000000000000000e+00,0.000000000000000000e+00,0.000000000000000000e+00,0.000000000000000000e+00
2.666666666666666630e-01,3.333333333333333148e-01,1.333333333333333315e-01,0.000000000000000000e+00,6.666666666666666574e-02,0.000000000000000000e+00,0.000000000000000000e+00,6.666666666666666574e-02,0.000000000000000000e+00,6.666666666666666574e-02,6.666666666666666574e-02,0.000000000000000000e+00,0.000000000000000000e+00,0.000000000000000000e+00,0.000000000000000000e+00,0.000000000000000000e+00,0.000000000000000000e+00,0.000000000000000000e+00,0.000000000000000000e+00,0.000000000000000000e+00,0.000000000000000000e+00,0.000000000000000000e+00
9.523809523809523281e-02,1.428571428571428492e-01,2.380952380952380820e-01,1.428571428571428492e-01,4.761904761904761640e-02,0.000000000000000000e+00,9.523809523809523281e-02,0.000000000000000000e+00,4.761904761904761640e-02,0.000000000000000000e+00,1.428571428571428492e-01,0.000000000000000000e+00,0.000000000000000000e+00,4.761904761904761640e-02,0.000000000000000000e+00,0.000000000000000000e+00,0.000000000000000000e+00,0.000000000000000000e+00,0.000000000000000000e+00,0.000000000000000000e+00,0.000000000000000000e+00,0.000000000000000000e+00
6.896551724137930939e-02,0.000000000000000000e+00,1.724137931034482735e-02,4.310344827586206629e-01,1.034482758620689641e-01,1.724137931034482735e-02,5.172413793103448204e-02,8.620689655172414367e-02,6.896551724137930939e-02,6.896551724137930939e-02,3.448275862068965469e-02,3.448275862068965469e-02,1.724137931034482735e-02,0.000000000000000000e+00,0.000000000000000000e+00,0.000000000000000000e+00,0.000000000000000000e+00,0.000000000000000000e+00,0.000000000000000000e+00,0.000000000000000000e+00,0.000000000000000000e+00,0.000000000000000000e+00
2.985074626865671585e-02,1.492537313432835792e-02,0.000000000000000000e+00,7.462686567164178442e-02,3.432835820895522305e-01,5.970149253731343170e-02,5.970149253731343170e-02,2.985074626865671585e-02,2.985074626865671585e-02,1.194029850746268634e-01,4.477611940298507204e-02,4.477611940298507204e-02,8.955223880597014408e-02,2.985074626865671585e-02,1.492537313432835792e-02,0.000000000000000000e+00,0.000000000000000000e+00,1.492537313432835792e-02,0.000000000000000000e+00,0.000000000000000000e+00,0.000000000000000000e+00,0.000000000000000000e+00
2.054794520547945091e-02,0.000000000000000000e+00,1.369863013698630061e-02,6.849315068493150305e-03,5.479452054794520244e-02,6.780821917808219634e-01,6.164383561643835274e-02,3.424657534246575152e-02,6.849315068493150305e-03,2.054794520547945091e-02,3.424657534246575152e-02,4.794520547945205213e-02,2.054794520547945091e-02,0.000000000000000000e+00,0.000000000000000000e+00,0.000000000000000000e+00,0.000000000000000000e+00,0.000000000000000000e+00,0.000000000000000000e+00,0.000000000000000000e+00,0.000000000000000000e+00,0.000000000000000000e+00
1.666666666666666644e-02,0.000000000000000000e+00,8.333333333333333218e-03,8.333333333333333218e-03,2.500000000000000139e-02,5.833333333333333426e-02,4.749999999999999778e-01,8.333333333333332871e-02,5.833333333333333426e-02,6.666666666666666574e-02,5.000000000000000278e-02,4.166666666666666435e-02,7.499999999999999722e-02,8.333333333333333218e-03,1.666666666666666644e-02,8.333333333333333218e-03,0.000000000000000000e+00,0.000000000000000000e+00,0.000000000000000000e+00,0.000000000000000000e+00,0.000000000000000000e+00,0.000000000000000000e+00
0.000000000000000000e+00,0.000000000000000000e+00,8.130081300813008990e-03,1.626016260162601798e-02,0.000000000000000000e+00,2.032520325203251987e-02,2.845528455284552713e-02,5.447154471544715104e-01,1.219512195121951192e-01,8.130081300813007950e-02,4.878048780487805047e-02,5.284552845528455584e-02,2.032520325203251987e-02,3.658536585365853439e-02,4.065040650406504495e-03,4.065040650406504495e-03,0.000000000000000000e+00,0.000000000000000000e+00,0.000000000000000000e+00,4.065040650406504495e-03,0.000000000000000000e+00,8.130081300813008990e-03
2.808988764044943742e-03,0.000000000000000000e+00,0.000000000000000000e+00,2.808988764044943742e-03,2.808988764044943742e-03,2.808988764044943742e-03,1.404494382022471871e-02,9.269662921348315043e-02,5.758426966292135019e-01,1.376404494382022503e-01,6.741573033707864981e-02,3.932584269662921239e-02,3.089887640449438116e-02,1.404494382022471871e-02,8.426966292134831227e-03,5.617977528089887485e-03,2.808988764044943742e-03,0.000000000000000000e+00,0.000000000000000000e+00,0.000000000000000000e+00,0.000000000000000000e+00,0.000000000000000000e+00
2.873563218390804558e-03,0.000000000000000000e+00,0.000000000000000000e+00,1.436781609195402279e-03,4.310344827586206837e-03,5.747126436781609116e-03,1.149425287356321823e-02,2.586206896551724102e-02,9.339080459770114639e-02,6.149425287356321546e-01,1.652298850574712707e-01,5.316091954022988258e-02,8.620689655172413673e-03,1.005747126436781595e-02,1.436781609195402279e-03,0.000000000000000000e+00,0.000000000000000000e+00,0.000000000000000000e+00,0.000000000000000000e+00,0.000000000000000000e+00,0.000000000000000000e+00,1.436781609195402279e-03
0.000000000000000000e+00,6.756756756756757132e-04,6.756756756756757132e-04,1.351351351351351426e-03,4.729729729729729992e-03,2.027027027027027140e-03,2.702702702702702853e-03,1.216216216216216284e-02,2.027027027027027140e-02,8.716216216216216006e-02,6.986486486486486180e-01,1.155405405405405400e-01,2.837837837837837995e-02,1.418918918918918998e-02,6.756756756756757132e-03,3.378378378378378566e-03,0.000000000000000000e+00,0.000000000000000000e+00,0.000000000000000000e+00,0.000000000000000000e+00,0.000000000000000000e+00,1.351351351351351426e-03
1.126126126126126116e-03,5.630630630630630582e-04,0.000000000000000000e+00,5.630630630630630582e-04,1.126126126126126116e-03,3.941441441441441082e-03,4.504504504504504465e-03,2.252252252252252233e-03,6.756756756756757132e-03,1.970720720720720714e-02,1.120495495495495430e-01,7.229729729729730270e-01,1.036036036036036001e-01,1.238738738738738750e-02,5.630630630630630365e-03,1.689189189189189283e-03,0.000000000000000000e+00,0.000000000000000000e+00,0.000000000000000000e+00,0.000000000000000000e+00,0.000000000000000000e+00,1.126126126126126116e-03
0.000000000000000000e+00,0.000000000000000000e+00,1.443001443001443000e-03,7.215007215007215001e-04,7.215007215007215001e-04,2.886002886002886000e-03,3.607503607503607500e-03,5.772005772005772001e-03,7.215007215007215001e-03,1.226551226551226594e-02,3.102453102453102407e-02,1.580086580086580150e-01,6.847041847041847040e-01,7.070707070707070441e-02,8.658008658008658001e-03,5.772005772005772001e-03,2.886002886002886000e-03,7.215007215007215001e-04,7.215007215007215001e-04,0.000000000000000000e+00,7.215007215007215001e-04,1.443001443001443000e-03
0.000000000000000000e+00,0.000000000000000000e+00,1.256281407035175898e-03,1.256281407035175898e-03,3.768844221105527477e-03,2.512562814070351796e-03,1.256281407035175898e-03,1.130653266331658330e-02,3.768844221105527477e-03,6.281407035175879706e-03,2.010050251256281437e-02,2.889447236180904544e-02,1.683417085427135751e-01,6.746231155778894539e-01,6.407035175879396971e-02,5.025125628140703592e-03,5.025125628140703592e-03,1.256281407035175898e-03,0.000000000000000000e+00,0.000000000000000000e+00,0.000000000000000000e+00,1.256281407035175898e-03
0.000000000000000000e+00,0.000000000000000000e+00,0.000000000000000000e+00,2.369668246445497811e-03,4.739336492890995622e-03,0.000000000000000000e+00,0.000000000000000000e+00,2.369668246445497811e-03,1.421800947867298513e-02,7.109004739336492566e-03,1.658767772511848468e-02,9.478672985781991245e-03,3.317535545023696936e-02,1.587677725118483429e-01,6.895734597156397694e-01,4.739336492890994929e-02,7.109004739336492566e-03,2.369668246445497811e-03,2.369668246445497811e-03,0.000000000000000000e+00,0.000000000000000000e+00,2.369668246445497811e-03
0.000000000000000000e+00,0.000000000000000000e+00,0.000000000000000000e+00,0.000000000000000000e+00,0.000000000000000000e+00,0.000000000000000000e+00,0.000000000000000000e+00,7.633587786259541687e-03,1.526717557251908337e-02,7.633587786259541687e-03,3.053435114503816675e-02,1.526717557251908337e-02,1.526717557251908337e-02,8.396946564885496289e-02,2.137404580152671707e-01,5.419847328244274953e-01,5.343511450381679267e-02,0.000000000000000000e+00,7.633587786259541687e-03,0.000000000000000000e+00,0.000000000000000000e+00,7.633587786259541687e-03
0.000000000000000000e+00,0.000000000000000000e+00,0.000000000000000000e+00,0.000000000000000000e+00,0.000000000000000000e+00,0.000000000000000000e+00,0.000000000000000000e+00,0.000000000000000000e+00,0.000000000000000000e+00,0.000000000000000000e+00,1.666666666666666644e-02,0.000000000000000000e+00,3.333333333333333287e-02,8.333333333333332871e-02,3.333333333333333287e-02,1.833333333333333204e-01,5.333333333333333259e-01,6.666666666666666574e-02,0.000000000000000000e+00,1.666666666666666644e-02,0.000000000000000000e+00,3.333333333333333287e-02
0.000000000000000000e+00,0.000000000000000000e+00,0.000000000000000000e+00,0.000000000000000000e+00,0.000000000000000000e+00,0.000000000000000000e+00,0.000000000000000000e+00,0.000000000000000000e+00,2.564102564102564014e-02,0.000000000000000000e+00,0.000000000000000000e+00,0.000000000000000000e+00,0.000000000000000000e+00,2.564102564102564014e-02,7.692307692307692735e-02,2.564102564102564014e-02,1.025641025641025605e-01,6.410256410256410797e-01,2.564102564102564014e-02,0.000000000000000000e+00,0.000000000000000000e+00,7.692307692307692735e-02
0.000000000000000000e+00,0.000000000000000000e+00,0.000000000000000000e+00,0.000000000000000000e+00,0.000000000000000000e+00,0.000000000000000000e+00,0.000000000000000000e+00,0.000000000000000000e+00,0.000000000000000000e+00,6.666666666666666574e-02,0.000000000000000000e+00,0.000000000000000000e+00,0.000000000000000000e+00,6.666666666666666574e-02,6.666666666666666574e-02,0.000000000000000000e+00,1.333333333333333315e-01,1.333333333333333315e-01,4.000000000000000222e-01,0.000000000000000000e+00,6.666666666666666574e-02,6.666666666666666574e-02
0.000000000000000000e+00,0.000000000000000000e+00,0.000000000000000000e+00,0.000000000000000000e+00,5.263157894736841813e-02,0.000000000000000000e+00,0.000000000000000000e+00,0.000000000000000000e+00,0.000000000000000000e+00,0.000000000000000000e+00,0.000000000000000000e+00,0.000000000000000000e+00,0.000000000000000000e+00,0.000000000000000000e+00,0.000000000000000000e+00,0.000000000000000000e+00,5.263157894736841813e-02,5.263157894736841813e-02,0.000000000000000000e+00,3.684210526315789269e-01,1.052631578947368363e-01,3.684210526315789269e-01
0.000000000000000000e+00,0.000000000000000000e+00,0.000000000000000000e+00,0.000000000000000000e+00,0.000000000000000000e+00,0.000000000000000000e+00,0.000000000000000000e+00,0.000000000000000000e+00,0.000000000000000000e+00,0.000000000000000000e+00,0.000000000000000000e+00,0.000000000000000000e+00,0.000000000000000000e+00,0.000000000000000000e+00,0.000000000000000000e+00,0.000000000000000000e+00,0.000000000000000000e+00,6.666666666666666574e-02,0.000000000000000000e+00,2.000000000000000111e-01,6.666666666666666297e-01,6.666666666666666574e-02
0.000000000000000000e+00,0.000000000000000000e+00,0.000000000000000000e+00,0.000000000000000000e+00,0.000000000000000000e+00,0.000000000000000000e+00,0.000000000000000000e+00,0.000000000000000000e+00,1.030927835051546372e-02,1.030927835051546372e-02,1.030927835051546372e-02,1.030927835051546372e-02,0.000000000000000000e+00,2.061855670103092744e-02,2.061855670103092744e-02,0.000000000000000000e+00,1.030927835051546372e-02,3.092783505154639290e-02,2.061855670103092744e-02,7.216494845360824084e-02,1.030927835051546372e-02,7.731958762886598224e-01
