7.434491163924435986e-01,1.127361365021328499e-01,1.157830591102985973e-02,1.218769043266301104e-03,1.218769043266301104e-03,0.000000000000000000e+00,0.000000000000000000e+00,0.000000000000000000e+00,6.093845216331505521e-04,0.000000000000000000e+00,6.093845216331505521e-04,6.093845216331505521e-04,6.093845216331505521e-04,1.218769043266301104e-03,6.093845216331505521e-04,6.093845216331505521e-04,1.218769043266301104e-03,5.484460694698354427e-03,3.046922608165752652e-03,1.340645947592931063e-02,1.017672151127361341e-01
1.226158038147139029e-01,7.411444141689372822e-01,8.664850136239782286e-02,1.144414168937329772e-02,4.904632152588556289e-03,1.634877384196185357e-03,5.449591280653951191e-04,1.634877384196185357e-03,0.000000000000000000e+00,0.000000000000000000e+00,3.814713896457765617e-03,0.000000000000000000e+00,5.449591280653951191e-04,0.000000000000000000e+00,1.089918256130790238e-03,1.089918256130790238e-03,5.449591280653951191e-04,1.089918256130790238e-03,3.814713896457765617e-03,4.359673024523160953e-03,1.307901907356948286e-02
1.009316770186335400e-02,1.614906832298136641e-01,7.329192546583851442e-01,5.745341614906832040e-02,1.242236024844720413e-02,3.881987577639751507e-03,1.552795031055900516e-03,7.763975155279502580e-04,0.000000000000000000e+00,0.000000000000000000e+00,2.329192546583850991e-03,7.763975155279502580e-04,0.000000000000000000e+00,0.000000000000000000e+00,7.763975155279502580e-04,1.552795031055900516e-03,7.763975155279502580e-04,1.552795031055900516e-03,1.552795031055900516e-03,4.658385093167701982e-03,5.434782608695652023e-03
2.024291497975708523e-03,3.441295546558704316e-02,2.206477732793522273e-01,6.113360323886639636e-01,7.692307692307692735e-02,6.072874493927125569e-03,4.048582995951417046e-03,4.048582995951417046e-03,0.000000000000000000e+00,4.048582995951417046e-03,1.214574898785425114e-02,0.000000000000000000e+00,0.000000000000000000e+00,0.000000000000000000e+00,0.000000000000000000e+00,0.000000000000000000e+00,4.048582995951417046e-03,2.024291497975708523e-03,1.012145748987854262e-02,4.048582995951417046e-03,4.048582995951417046e-03
1.428571428571428527e-02,7.142857142857142634e-03,4.642857142857143016e-02,2.035714285714285698e-01,5.928571428571428603e-01,7.499999999999999722e-02,1.785714285714285615e-02,3.571428571428571317e-03,3.571428571428571317e-03,0.000000000000000000e+00,7.142857142857142634e-03,0.000000000000000000e+00,0.000000000000000000e+00,7.142857142857142634e-03,0.000000000000000000e+00,0.000000000000000000e+00,0.000000000000000000e+00,1.071428571428571438e-02,0.000000000000000000e+00,3.571428571428571317e-03,7.142857142857142634e-03
6.622516556291390723e-03,6.622516556291390723e-03,3.973509933774834607e-02,2.649006622516556289e-02,1.854304635761589437e-01,5.827814569536423628e-01,3.973509933774834607e-02,6.622516556291390723e-03,1.324503311258278145e-02,0.000000000000000000e+00,3.311258278145695622e-02,0.000000000000000000e+00,0.000000000000000000e+00,0.000000000000000000e+00,6.622516556291390723e-03,0.000000000000000000e+00,0.000000000000000000e+00,0.000000000000000000e+00,1.324503311258278145e-02,1.324503311258278145e-02,2.649006622516556289e-02
0.000000000000000000e+00,0.000000000000000000e+00,8.333333333333332871e-02,8.333333333333332871e-02,1.666666666666666574e-01,1.944444444444444475e-01,2.500000000000000000e-01,1.111111111111111049e-01,2.777777777777777624e-02,0.000000000000000000e+00,8.333333333333332871e-02,0.000000000000000000e+00,0.000000000000000000e+00,0.000000000000000000e+00,0.000000000000000000e+00,0.000000000000000000e+00,0.000000000000000000e+00,0.000000000000000000e+00,0.000000000000000000e+00,0.000000000000000000e+00,0.000000000000000000e+00
0.000000000000000000e+00,3.846153846153846367e-02,3.846153846153846367e-02,0.000000000000000000e+00,1.153846153846153910e-01,7.692307692307692735e-02,1.538461538461538547e-01,3.461538461538461453e-01,1.153846153846153910e-01,0.000000000000000000e+00,1.153846153846153910e-01,0.000000000000000000e+00,0.000000000000000000e+00,0.000000000000000000e+00,0.000000000000000000e+00,0.000000000000000000e+00,0.000000000000000000e+00,0.000000000000000000e+00,0.000000000000000000e+00,0.000000000000000000e+00,0.000000000000000000e+00
4.166666666666666435e-02,0.000000000000000000e+00,4.166666666666666435e-02,0.000000000000000000e+00,2.083333333333333426e-01,0.000000000000000000e+00,4.166666666666666435e-02,1.250000000000000000e-01,3.333333333333333148e-01,0.000000000000000000e+00,4.166666666666666435e-02,0.000000000000000000e+00,0.000000000000000000e+00,0.000000000000000000e+00,0.000000000000000000e+00,0.000000000000000000e+00,0.000000000000000000e+00,0.000000000000000000e+00,8.333333333333332871e-02,4.166666666666666435e-02,4.166666666666666435e-02
0.000000000000000000e+00,0.000000000000000000e+00,0.000000000000000000e+00,0.000000000000000000e+00,0.000000000000000000e+00,2.500000000000000000e-01,0.000000000000000000e+00,0.000000000000000000e+00,0.000000000000000000e+00,2.500000000000000000e-01,5.000000000000000000e-01,0.000000000000000000e+00,0.000000000000000000e+00,0.000000000000000000e+00,0.000000000000000000e+00,0.000000000000000000e+00,0.000000000000000000e+00,0.000000000000000000e+00,0.000000000000000000e+00,0.000000000000000000e+00,0.000000000000000000e+00
2.380952380952380820e-02,1.190476190476190410e-02,3.571428571428571230e-02,1.190476190476190410e-02,2.380952380952380820e-02,4.761904761904761640e-02,7.142857142857142461e-02,4.761904761904761640e-02,5.952380952380952051e-02,1.190476190476190410e-02,6.309523809523809312e-01,0.000000000000000000e+00,0.000000000000000000e+00,0.000000000000000000e+00,0.000000000000000000e+00,0.000000000000000000e+00,1.190476190476190410e-02,0.000000000000000000e+00,1.190476190476190410e-02,0.000000000000000000e+00,0.000000000000000000e+00
1.298701298701298787e-02,0.000000000000000000e+00,2.597402597402597574e-02,0.000000000000000000e+00,0.000000000000000000e+00,0.000000000000000000e+00,0.000000000000000000e+00,0.000000000000000000e+00,0.000000000000000000e+00,0.000000000000000000e+00,0.000000000000000000e+00,6.753246753246753276e-01,9.090909090909091161e-02,5.194805194805195148e-02,3.896103896103896014e-02,3.896103896103896014e-02,1.298701298701298787e-02,1.298701298701298787e-02,2.597402597402597574e-02,1.298701298701298787e-02,0.000000000000000000e+00
2.941176470588235253e-02,2.941176470588235253e-02,0.000000000000000000e+00,0.000000000000000000e+00,0.000000000000000000e+00,0.000000000000000000e+00,0.000000000000000000e+00,2.941176470588235253e-02,0.000000000000000000e+00,0.000000000000000000e+00,0.000000000000000000e+00,1.764705882352941291e-01,3.529411764705882582e-01,1.176470588235294101e-01,8.823529411764706454e-02,2.941176470588235253e-02,2.941176470588235253e-02,1.176470588235294101e-01,0.000000000000000000e+00,0.000000000000000000e+00,0.000000000000000000e+00
2.127659574468085055e-02,4.255319148936170109e-02,0.000000000000000000e+00,0.000000000000000000e+00,4.255319148936170109e-02,0.000000000000000000e+00,0.000000000000000000e+00,0.000000000000000000e+00,0.000000000000000000e+00,0.000000000000000000e+00,0.000000000000000000e+00,6.382978723404254817e-02,8.510638297872340219e-02,4.680851063829787329e-01,1.063829787234042562e-01,0.000000000000000000e+00,0.000000000000000000e+00,6.382978723404254817e-02,4.255319148936170109e-02,2.127659574468085055e-02,4.255319148936170109e-02
4.838709677419354704e-02,0.000000000000000000e+00,3.225806451612903136e-02,0.000000000000000000e+00,0.000000000000000000e+00,0.000000000000000000e+00,0.000000000000000000e+00,0.000000000000000000e+00,0.000000000000000000e+00,0.000000000000000000e+00,0.000000000000000000e+00,4.838709677419354704e-02,0.000000000000000000e+00,6.451612903225806273e-02,5.483870967741935054e-01,1.612903225806451568e-02,1.612903225806451568e-02,4.838709677419354704e-02,6.451612903225806273e-02,6.451612903225806273e-02,4.838709677419354704e-02
2.298850574712643646e-02,0.000000000000000000e+00,3.448275862068965469e-02,0.000000000000000000e+00,0.000000000000000000e+00,0.000000000000000000e+00,1.149425287356321823e-02,0.000000000000000000e+00,0.000000000000000000e+00,0.000000000000000000e+00,0.000000000000000000e+00,2.298850574712643646e-02,2.298850574712643646e-02,0.000000000000000000e+00,2.298850574712643646e-02,7.356321839080459668e-01,8.045977011494252762e-02,0.000000000000000000e+00,1.149425287356321823e-02,2.298850574712643646e-02,1.149425287356321823e-02
1.869158878504672758e-02,1.869158878504672758e-02,0.000000000000000000e+00,9.345794392523363789e-03,0.000000000000000000e+00,0.000000000000000000e+00,1.869158878504672758e-02,0.000000000000000000e+00,0.000000000000000000e+00,0.000000000000000000e+00,0.000000000000000000e+00,9.345794392523363789e-03,1.869158878504672758e-02,1.869158878504672758e-02,1.869158878504672758e-02,4.672897196261682068e-02,6.261682242990653791e-01,9.345794392523364136e-02,5.607476635514018620e-02,1.869158878504672758e-02,2.803738317757009310e-02
2.884615384615384776e-02,2.403846153846153980e-02,1.442307692307692388e-02,4.807692307692307959e-03,4.807692307692307959e-03,4.807692307692307959e-03,0.000000000000000000e+00,0.000000000000000000e+00,4.807692307692307959e-03,0.000000000000000000e+00,0.000000000000000000e+00,0.000000000000000000e+00,4.807692307692307959e-03,9.615384615384615918e-03,1.442307692307692388e-02,9.615384615384615918e-03,4.807692307692307959e-02,6.538461538461538547e-01,8.173076923076923184e-02,4.807692307692307959e-02,4.326923076923076816e-02
3.296703296703296787e-02,3.296703296703296787e-02,2.197802197802197974e-02,7.326007326007326001e-03,3.663003663003663000e-03,7.326007326007326001e-03,0.000000000000000000e+00,0.000000000000000000e+00,3.663003663003663000e-03,0.000000000000000000e+00,0.000000000000000000e+00,3.663003663003663000e-03,3.663003663003663000e-03,7.326007326007326001e-03,7.326007326007326001e-03,7.326007326007326001e-03,1.098901098901098987e-02,7.692307692307692735e-02,6.153846153846154188e-01,1.062271062271062244e-01,5.128205128205128027e-02
4.883720930232558072e-02,4.651162790697674354e-02,9.302325581395348708e-03,4.651162790697674354e-03,0.000000000000000000e+00,2.325581395348837177e-03,0.000000000000000000e+00,0.000000000000000000e+00,0.000000000000000000e+00,0.000000000000000000e+00,0.000000000000000000e+00,4.651162790697674354e-03,2.325581395348837177e-03,0.000000000000000000e+00,6.976744186046511531e-03,2.325581395348837177e-03,6.976744186046511531e-03,1.395348837209302306e-02,9.302325581395348708e-02,6.139534883720930702e-01,1.441860465116279189e-01
1.377672209026128136e-01,3.206650831353919512e-02,1.543942992874109202e-02,7.125890736342043071e-03,1.187648456057007178e-03,2.375296912114014357e-03,0.000000000000000000e+00,0.000000000000000000e+00,0.000000000000000000e+00,1.187648456057007178e-03,2.375296912114014357e-03,1.187648456057007178e-03,1.187648456057007178e-03,2.375296912114014357e-03,2.375296912114014357e-03,1.187648456057007178e-03,3.562945368171021535e-03,5.938242280285035458e-03,2.019002375296912247e-02,9.619952494061757842e-02,6.662707838479809963e-01
