7.706422018348624281e-01,3.669724770642202039e-02,4.587155963302752548e-02,0.000000000000000000e+00,6.422018348623853568e-02,9.174311926605505096e-03,0.000000000000000000e+00,0.000000000000000000e+00,1.834862385321101019e-02,0.000000000000000000e+00,9.174311926605505096e-03,9.174311926605505096e-03,9.174311926605505096e-03,1.834862385321101019e-02,0.000000000000000000e+00,0.000000000000000000e+00,0.000000000000000000e+00,9.174311926605505096e-03,0.000000000000000000e+00,0.000000000000000000e+00,0.000000000000000000e+00,0.000000000000000000e+00
4.000000000000000222e-01,1.333333333333333315e-01,3.333333333333333148e-01,6.666666666666666574e-02,0.000000000000000000e+00,0.000000000000000000e+00,0.000000000000000000e+00,0.000000000000000000e+00,0.000000000000000000e+00,0.000000000000000000e+00,6.666666666666666574e-02,0.000000000000000000e+00,0.000000000000000000e+00,0.000000000000000000e+00,0.000000000000000000e+00,0.000000000000000000e+00,0.000000000000000000e+00,0.000000000000000000e+00,0.000000000000000000e+00,0.000000000000000000e+00,0.000000000000000000e+00,0.000000000000000000e+00
1.025641025641025605e-01,7.692307692307692735e-02,5.641025641025640969e-01,7.692307692307692735e-02,5.128205128205128027e-02,2.564102564102564014e-02,0.000000000000000000e+00,0.000000000000000000e+00,0.000000000000000000e+00,0.000000000000000000e+00,2.564102564102564014e-02,2.564102564102564014e-02,2.564102564102564014e-02,0.000000000000000000e+00,0.000000000000000000e+00,0.000000000000000000e+00,0.000000000000000000e+00,0.000000000000000000e+00,0.000000000000000000e+00,0.000000000000000000e+00,0.000000000000000000e+00,2.564102564102564014e-02
2.857142857142857054e-02,0.000000000000000000e+00,4.285714285714285754e-02,6.571428571428571397e-01,7.142857142857142461e-02,1.428571428571428527e-02,4.285714285714285754e-02,5.714285714285714107e-02,2.857142857142857054e-02,0.000000000000000000e+00,0.000000000000000000e+00,0.000000000000000000e+00,4.285714285714285754e-02,0.000000000000000000e+00,0.000000000000000000e+00,0.000000000000000000e+00,0.000000000000000000e+00,0.000000000000000000e+00,0.000000000000000000e+00,0.000000000000000000e+00,0.000000000000000000e+00,1.428571428571428527e-02
3.636363636363636187e-02,9.090909090909090468e-03,1.818181818181818094e-02,3.636363636363636187e-02,6.090909090909091272e-01,1.000000000000000056e-01,4.545454545454545581e-02,1.818181818181818094e-02,0.000000000000000000e+00,9.090909090909090468e-03,9.090909090909090468e-03,2.727272727272727140e-02,1.818181818181818094e-02,3.636363636363636187e-02,1.818181818181818094e-02,0.000000000000000000e+00,0.000000000000000000e+00,0.000000000000000000e+00,0.000000000000000000e+00,9.090909090909090468e-03,0.000000000000000000e+00,0.000000000000000000e+00
8.695652173913043584e-03,0.000000000000000000e+00,8.695652173913043584e-03,1.739130434782608717e-02,4.347826086956521618e-02,6.347826086956521729e-01,1.565217391304347949e-01,1.739130434782608717e-02,2.608695652173912902e-02,2.608695652173912902e-02,2.608695652173912902e-02,8.695652173913043584e-03,0.000000000000000000e+00,0.000000000000000000e+00,0.000000000000000000e+00,0.000000000000000000e+00,0.000000000000000000e+00,0.000000000000000000e+00,0.000000000000000000e+00,0.000000000000000000e+00,8.695652173913043584e-03,1.739130434782608717e-02
1.739130434782608717e-02,0.000000000000000000e+00,8.695652173913043584e-03,8.695652173913043584e-03,5.217391304347825803e-02,9.565217391304348116e-02,4.608695652173913082e-01,1.217391304347826136e-01,6.086956521739130682e-02,5.217391304347825803e-02,3.478260869565217434e-02,2.608695652173912902e-02,4.347826086956521618e-02,8.695652173913043584e-03,0.000000000000000000e+00,0.000000000000000000e+00,0.000000000000000000e+00,0.000000000000000000e+00,0.000000000000000000e+00,0.000000000000000000e+00,0.000000000000000000e+00,8.695652173913043584e-03
4.347826086956521792e-03,0.000000000000000000e+00,0.000000000000000000e+00,8.695652173913043584e-03,8.695652173913043584e-03,8.695652173913043584e-03,5.652173913043478243e-02,6.782608695652173614e-01,1.130434782608695649e-01,5.217391304347825803e-02,2.608695652173912902e-02,1.304347826086956451e-02,1.304347826086956451e-02,8.695652173913043584e-03,8.695652173913043584e-03,0.000000000000000000e+00,0.000000000000000000e+00,0.000000000000000000e+00,0.000000000000000000e+00,0.000000000000000000e+00,0.000000000000000000e+00,0.000000000000000000e+00
0.000000000000000000e+00,4.273504273504273934e-03,0.000000000000000000e+00,4.273504273504273934e-03,4.273504273504273934e-03,4.273504273504273934e-03,1.282051282051282007e-02,4.059829059829059977e-02,6.837606837606837740e-01,1.388888888888888951e-01,5.982905982905983161e-02,1.923076923076923184e-02,1.068376068376068397e-02,4.273504273504273934e-03,2.136752136752136967e-03,4.273504273504273934e-03,2.136752136752136967e-03,0.000000000000000000e+00,0.000000000000000000e+00,0.000000000000000000e+00,2.136752136752136967e-03,2.136752136752136967e-03
0.000000000000000000e+00,0.000000000000000000e+00,1.092896174863387977e-03,1.092896174863387977e-03,1.092896174863387977e-03,4.371584699453551909e-03,5.464480874316939886e-03,1.202185792349726862e-02,5.573770491803278770e-02,6.896174863387978249e-01,1.737704918032786927e-01,3.606557377049180585e-02,9.836065573770492662e-03,5.464480874316939886e-03,3.278688524590163932e-03,0.000000000000000000e+00,0.000000000000000000e+00,0.000000000000000000e+00,0.000000000000000000e+00,0.000000000000000000e+00,1.092896174863387977e-03,0.000000000000000000e+00
0.000000000000000000e+00,0.000000000000000000e+00,0.000000000000000000e+00,6.027727546714888290e-04,2.411091018685955316e-03,6.027727546714888290e-04,2.411091018685955316e-03,4.219409282700421586e-03,1.627486437613019990e-02,7.293550331525014419e-02,7.474382157926461323e-01,1.229656419529837202e-01,1.868595539481615261e-02,4.822182037371910632e-03,1.808318264014466487e-03,1.205545509342977658e-03,6.027727546714888290e-04,6.027727546714888290e-04,0.000000000000000000e+00,6.027727546714888290e-04,0.000000000000000000e+00,1.808318264014466487e-03
5.834305717619602764e-04,0.000000000000000000e+00,5.834305717619602764e-04,0.000000000000000000e+00,2.917152858809801599e-03,0.000000000000000000e+00,1.166861143523920553e-03,1.750291715285881046e-03,7.584597432905484243e-03,1.983663943990665243e-02,9.801633605600933163e-02,7.374562427071178483e-01,1.073512252042007065e-01,1.225204200700116645e-02,3.500583430571762092e-03,5.834305717619602764e-04,1.166861143523920553e-03,0.000000000000000000e+00,0.000000000000000000e+00,1.750291715285881046e-03,5.834305717619602764e-04,2.917152858809801599e-03
8.841732979664013690e-04,1.768346595932802738e-03,8.841732979664013690e-04,0.000000000000000000e+00,1.768346595932802738e-03,1.768346595932802738e-03,4.420866489832007279e-03,8.841732979664013690e-04,5.305039787798408214e-03,1.503094606542882371e-02,3.801945181255526190e-02,1.450044208664898193e-01,6.887709991158267320e-01,7.073386383731211646e-02,1.237842617152962003e-02,4.420866489832007279e-03,2.652519893899204107e-03,8.841732979664013690e-04,2.652519893899204107e-03,0.000000000000000000e+00,0.000000000000000000e+00,1.768346595932802738e-03
3.816793893129770843e-03,0.000000000000000000e+00,0.000000000000000000e+00,0.000000000000000000e+00,5.725190839694656482e-03,0.000000000000000000e+00,1.908396946564885422e-03,5.725190839694656482e-03,3.816793893129770843e-03,1.145038167938931296e-02,1.717557251908397031e-02,4.580152671755725186e-02,1.545801526717557328e-01,6.412213740458014843e-01,8.969465648854961504e-02,7.633587786259541687e-03,1.908396946564885422e-03,0.000000000000000000e+00,0.000000000000000000e+00,0.000000000000000000e+00,1.908396946564885422e-03,7.633587786259541687e-03
5.763688760806916049e-03,0.000000000000000000e+00,0.000000000000000000e+00,8.645533141210375375e-03,5.763688760806916049e-03,8.645533141210375375e-03,0.000000000000000000e+00,5.763688760806916049e-03,2.881844380403458025e-03,0.000000000000000000e+00,1.152737752161383210e-02,2.305475504322766420e-02,3.458213256484150150e-02,1.181556195965417916e-01,6.512968299711815456e-01,8.357348703170028315e-02,1.152737752161383210e-02,1.152737752161383210e-02,8.645533141210375375e-03,2.881844380403458025e-03,0.000000000000000000e+00,5.763688760806916049e-03
5.617977528089887485e-03,0.000000000000000000e+00,0.000000000000000000e+00,0.000000000000000000e+00,0.000000000000000000e+00,0.000000000000000000e+00,1.123595505617977497e-02,0.000000000000000000e+00,0.000000000000000000e+00,0.000000000000000000e+00,1.685393258426966245e-02,5.617977528089887485e-03,1.123595505617977497e-02,5.617977528089887485e-02,1.516853932584269760e-01,6.179775280898875955e-01,3.932584269662921239e-02,3.932584269662921239e-02,5.617977528089887485e-03,1.123595505617977497e-02,5.617977528089887485e-03,2.247191011235954994e-02
0.000000000000000000e+00,0.000000000000000000e+00,0.000000000000000000e+00,0.000000000000000000e+00,0.000000000000000000e+00,0.000000000000000000e+00,0.000000000000000000e+00,1.785714285714285615e-02,0.000000000000000000e+00,0.000000000000000000e+00,0.000000000000000000e+00,3.571428571428571230e-02,5.357142857142856845e-02,5.357142857142856845e-02,1.428571428571428492e-01,1.250000000000000000e-01,4.642857142857143016e-01,3.571428571428571230e-02,0.000000000000000000e+00,0.000000000000000000e+00,0.000000000000000000e+00,7.142857142857142461e-02
0.000000000000000000e+00,0.000000000000000000e+00,0.000000000000000000e+00,0.000000000000000000e+00,0.000000000000000000e+00,0.000000000000000000e+00,0.000000000000000000e+00,0.000000000000000000e+00,0.000000000000000000e+00,2.040816326530612082e-02,2.040816326530612082e-02,0.000000000000000000e+00,0.000000000000000000e+00,2.040816326530612082e-02,8.163265306122448328e-02,1.836734693877551117e-01,8.163265306122448328e-02,4.285714285714285476e-01,2.040816326530612082e-02,6.122448979591836593e-02,0.000000000000000000e+00,8.163265306122448328e-02
0.000000000000000000e+00,0.000000000000000000e+00,0.000000000000000000e+00,0.000000000000000000e+00,0.000000000000000000e+00,0.000000000000000000e+00,0.000000000000000000e+00,7.692307692307692735e-02,0.000000000000000000e+00,7.692307692307692735e-02,7.692307692307692735e-02,0.000000000000000000e+00,7.692307692307692735e-02,1.538461538461538547e-01,7.692307692307692735e-02,0.000000000000000000e+00,0.000000000000000000e+00,2.307692307692307820e-01,1.538461538461538547e-01,0.000000000000000000e+00,0.000000000000000000e+00,7.692307692307692735e-02
0.000000000000000000e+00,0.000000000000000000e+00,3.571428571428571230e-02,0.000000000000000000e+00,0.000000000000000000e+00,0.000000000000000000e+00,0.000000000000000000e+00,0.000000000000000000e+00,0.000000000000000000e+00,3.571428571428571230e-02,3.571428571428571230e-02,0.000000000000000000e+00,3.571428571428571230e-02,3.571428571428571230e-02,1.071428571428571369e-01,1.071428571428571369e-01,0.000000000000000000e+00,3.571428571428571230e-02,7.142857142857142461e-02,2.500000000000000000e-01,3.571428571428571230e-02,2.142857142857142738e-01
0.000000000000000000e+00,0.000000000000000000e+00,0.000000000000000000e+00,0.000000000000000000e+00,0.000000000000000000e+00,5.882352941176470507e-02,0.000000000000000000e+00,0.000000000000000000e+00,5.882352941176470507e-02,5.882352941176470507e-02,0.000000000000000000e+00,1.176470588235294101e-01,0.000000000000000000e+00,0.000000000000000000e+00,0.000000000000000000e+00,0.000000000000000000e+00,0.000000000000000000e+00,5.882352941176470507e-02,1.176470588235294101e-01,1.176470588235294101e-01,1.764705882352941291e-01,2.352941176470588203e-01
0.000000000000000000e+00,7.812500000000000000e-03,0.000000000000000000e+00,7.812500000000000000e-03,0.000000000000000000e+00,0.000000000000000000e+00,7.812500000000000000e-03,0.000000000000000000e+00,0.000000000000000000e+00,2.343750000000000000e-02,7.812500000000000000e-03,2.343750000000000000e-02,4.687500000000000000e-02,3.125000000000000000e-02,7.812500000000000000e-03,2.343750000000000000e-02,3.125000000000000000e-02,2.343750000000000000e-02,1.562500000000000000e-02,6.250000000000000000e-02,4.687500000000000000e-02,6.328125000000000000e-01
