8.992805755395683054e-01,3.597122302158273222e-02,1.438848920863309427e-02,0.000000000000000000e+00,0.000000000000000000e+00,7.194244604316547137e-03,7.194244604316547137e-03,0.000000000000000000e+00,0.000000000000000000e+00,0.000000000000000000e+00,0.000000000000000000e+00,0.000000000000000000e+00,0.000000000000000000e+00,0.000000000000000000e+00,0.000000000000000000e+00,7.194244604316547137e-03,0.000000000000000000e+00,0.000000000000000000e+00,0.000000000000000000e+00,0.000000000000000000e+00,0.000000000000000000e+00,2.877697841726618855e-02
1.000000000000000056e-01,5.500000000000000444e-01,1.250000000000000000e-01,5.000000000000000278e-02,7.499999999999999722e-02,2.500000000000000139e-02,0.000000000000000000e+00,0.000000000000000000e+00,0.000000000000000000e+00,2.500000000000000139e-02,0.000000000000000000e+00,0.000000000000000000e+00,0.000000000000000000e+00,2.500000000000000139e-02,0.000000000000000000e+00,0.000000000000000000e+00,0.000000000000000000e+00,0.000000000000000000e+00,0.000000000000000000e+00,0.000000000000000000e+00,0.000000000000000000e+00,2.500000000000000139e-02
1.020408163265306041e-02,4.081632653061224164e-02,7.346938775510204467e-01,1.020408163265306145e-01,4.081632653061224164e-02,2.040816326530612082e-02,1.020408163265306041e-02,1.020408163265306041e-02,1.020408163265306041e-02,0.000000000000000000e+00,1.020408163265306041e-02,0.000000000000000000e+00,0.000000000000000000e+00,0.000000000000000000e+00,0.000000000000000000e+00,0.000000000000000000e+00,0.000000000000000000e+00,1.020408163265306041e-02,0.000000000000000000e+00,0.000000000000000000e+00,0.000000000000000000e+00,0.000000000000000000e+00
0.000000000000000000e+00,1.111111111111111154e-02,1.111111111111111049e-01,6.555555555555555580e-01,1.444444444444444309e-01,0.000000000000000000e+00,1.111111111111111154e-02,3.333333333333333287e-02,1.111111111111111154e-02,0.000000000000000000e+00,0.000000000000000000e+00,0.000000000000000000e+00,0.000000000000000000e+00,0.000000000000000000e+00,1.111111111111111154e-02,0.000000000000000000e+00,0.000000000000000000e+00,1.111111111111111154e-02,0.000000000000000000e+00,0.000000000000000000e+00,0.000000000000000000e+00,0.000000000000000000e+00
1.234567901234567833e-02,1.851851851851851749e-02,0.000000000000000000e+00,6.790123456790123080e-02,6.666666666666666297e-01,1.234567901234567833e-01,4.320987654320987414e-02,6.172839506172839164e-03,3.703703703703703498e-02,0.000000000000000000e+00,0.000000000000000000e+00,6.172839506172839164e-03,0.000000000000000000e+00,0.000000000000000000e+00,0.000000000000000000e+00,6.172839506172839164e-03,0.000000000000000000e+00,6.172839506172839164e-03,0.000000000000000000e+00,0.000000000000000000e+00,0.000000000000000000e+00,6.172839506172839164e-03
8.064516129032257841e-03,4.032258064516128920e-03,4.032258064516128920e-03,1.209677419354838676e-02,5.241935483870967943e-02,6.693548387096773800e-01,1.774193548387096864e-01,3.225806451612903136e-02,1.209677419354838676e-02,0.000000000000000000e+00,4.032258064516128920e-03,4.032258064516128920e-03,4.032258064516128920e-03,0.000000000000000000e+00,0.000000000000000000e+00,0.000000000000000000e+00,0.000000000000000000e+00,4.032258064516128920e-03,0.000000000000000000e+00,4.032258064516128920e-03,0.000000000000000000e+00,8.064516129032257841e-03
0.000000000000000000e+00,7.653061224489795741e-03,5.102040816326530205e-03,0.000000000000000000e+00,7.653061224489795741e-03,1.096938775510204050e-01,6.403061224489795533e-01,1.658163265306122347e-01,2.040816326530612082e-02,2.040816326530612082e-02,2.551020408163265103e-03,5.102040816326530205e-03,0.000000000000000000e+00,2.551020408163265103e-03,0.000000000000000000e+00,2.551020408163265103e-03,0.000000000000000000e+00,0.000000000000000000e+00,0.000000000000000000e+00,0.000000000000000000e+00,0.000000000000000000e+00,1.020408163265306041e-02
0.000000000000000000e+00,1.557632398753894037e-03,1.557632398753894037e-03,1.557632398753894037e-03,1.557632398753894037e-03,6.230529595015576148e-03,7.320872274143301606e-02,6.900311526479750990e-01,1.370716510903426666e-01,4.205607476635513792e-02,1.246105919003115230e-02,4.672897196261681894e-03,3.115264797507788074e-03,4.672897196261681894e-03,3.115264797507788074e-03,3.115264797507788074e-03,0.000000000000000000e+00,0.000000000000000000e+00,1.557632398753894037e-03,0.000000000000000000e+00,0.000000000000000000e+00,1.246105919003115230e-02
0.000000000000000000e+00,1.091703056768558895e-03,0.000000000000000000e+00,0.000000000000000000e+00,7.641921397379912266e-03,2.183406113537117790e-03,9.825327510917030924e-03,7.969432314410480889e-02,7.117903930131004309e-01,1.211790393013100486e-01,3.711790393013100764e-02,7.641921397379912266e-03,5.458515283842794476e-03,3.275109170305676685e-03,1.091703056768558895e-03,2.183406113537117790e-03,0.000000000000000000e+00,0.000000000000000000e+00,0.000000000000000000e+00,1.091703056768558895e-03,0.000000000000000000e+00,8.733624454148471161e-03
0.000000000000000000e+00,0.000000000000000000e+00,0.000000000000000000e+00,0.000000000000000000e+00,0.000000000000000000e+00,1.011122345803842307e-03,4.044489383215369230e-03,2.426693629929221538e-02,1.081900910010111239e-01,6.956521739130434590e-01,1.102123356926188041e-01,1.011122345803842221e-02,1.213346814964610769e-02,6.066734074823053845e-03,3.033367037411526922e-03,1.011122345803842307e-03,1.011122345803842307e-03,0.000000000000000000e+00,1.011122345803842307e-03,2.022244691607684615e-03,2.022244691607684615e-03,1.820020222446916067e-02
1.461988304093567170e-03,0.000000000000000000e+00,0.000000000000000000e+00,0.000000000000000000e+00,0.000000000000000000e+00,0.000000000000000000e+00,1.461988304093567170e-03,1.023391812865497019e-02,2.631578947368420907e-02,1.578947368421052544e-01,6.330409356725146264e-01,8.625730994152046305e-02,2.923976608187134341e-02,4.385964912280701511e-03,5.847953216374268681e-03,8.771929824561403022e-03,4.385964912280701511e-03,1.461988304093567170e-03,2.923976608187134341e-03,1.461988304093567170e-03,0.000000000000000000e+00,2.485380116959064190e-02
0.000000000000000000e+00,0.000000000000000000e+00,0.000000000000000000e+00,0.000000000000000000e+00,1.102941176470588307e-02,0.000000000000000000e+00,7.352941176470588133e-03,1.102941176470588307e-02,2.573529411764705760e-02,6.250000000000000000e-02,1.838235294117647189e-01,4.632352941176470784e-01,8.088235294117647467e-02,4.411764705882353227e-02,2.573529411764705760e-02,7.352941176470588133e-03,1.470588235294117627e-02,1.470588235294117627e-02,7.352941176470588133e-03,3.676470588235294067e-03,0.000000000000000000e+00,3.676470588235294240e-02
0.000000000000000000e+00,0.000000000000000000e+00,0.000000000000000000e+00,0.000000000000000000e+00,0.000000000000000000e+00,0.000000000000000000e+00,1.376146788990825764e-02,1.834862385321101019e-02,1.376146788990825764e-02,4.128440366972477293e-02,7.339449541284404077e-02,1.100917431192660612e-01,5.045871559633027248e-01,9.633027522935780351e-02,2.293577981651376274e-02,9.174311926605505096e-03,4.587155963302752548e-03,9.174311926605505096e-03,4.587155963302752548e-03,0.000000000000000000e+00,1.376146788990825764e-02,6.422018348623853568e-02
0.000000000000000000e+00,0.000000000000000000e+00,0.000000000000000000e+00,0.000000000000000000e+00,0.000000000000000000e+00,0.000000000000000000e+00,1.923076923076923184e-02,9.615384615384615918e-03,5.769230769230769551e-02,6.730769230769230449e-02,6.730769230769230449e-02,1.250000000000000000e-01,2.115384615384615363e-01,2.692307692307692180e-01,5.769230769230769551e-02,1.923076923076923184e-02,1.923076923076923184e-02,9.615384615384615918e-03,9.615384615384615918e-03,9.615384615384615918e-03,0.000000000000000000e+00,4.807692307692307959e-02
0.000000000000000000e+00,0.000000000000000000e+00,0.000000000000000000e+00,1.315789473684210453e-02,0.000000000000000000e+00,0.000000000000000000e+00,0.000000000000000000e+00,1.315789473684210453e-02,1.315789473684210453e-02,1.052631578947368363e-01,7.894736842105262720e-02,7.894736842105262720e-02,6.578947368421052266e-02,1.315789473684210453e-01,2.368421052631578816e-01,9.210526315789473173e-02,2.631578947368420907e-02,2.631578947368420907e-02,1.315789473684210453e-02,5.263157894736841813e-02,2.631578947368420907e-02,2.631578947368420907e-02
0.000000000000000000e+00,0.000000000000000000e+00,0.000000000000000000e+00,1.162790697674418589e-02,0.000000000000000000e+00,2.325581395348837177e-02,0.000000000000000000e+00,2.325581395348837177e-02,2.325581395348837177e-02,1.162790697674418589e-02,6.976744186046511531e-02,2.325581395348837177e-02,3.488372093023255766e-02,1.162790697674418589e-02,8.139534883720930813e-02,3.953488372093023062e-01,6.976744186046511531e-02,3.488372093023255766e-02,4.651162790697674354e-02,1.162790697674418589e-02,1.162790697674418589e-02,1.162790697674418589e-01
1.694915254237288130e-02,0.000000000000000000e+00,0.000000000000000000e+00,0.000000000000000000e+00,0.000000000000000000e+00,0.000000000000000000e+00,0.000000000000000000e+00,1.694915254237288130e-02,0.000000000000000000e+00,0.000000000000000000e+00,5.084745762711864736e-02,6.779661016949152519e-02,6.779661016949152519e-02,3.389830508474576259e-02,5.084745762711864736e-02,1.355932203389830504e-01,3.220338983050847204e-01,8.474576271186440302e-02,0.000000000000000000e+00,3.389830508474576259e-02,0.000000000000000000e+00,1.186440677966101725e-01
1.333333333333333419e-02,0.000000000000000000e+00,0.000000000000000000e+00,0.000000000000000000e+00,0.000000000000000000e+00,1.333333333333333419e-02,1.333333333333333419e-02,0.000000000000000000e+00,0.000000000000000000e+00,2.666666666666666838e-02,0.000000000000000000e+00,5.333333333333333676e-02,9.333333333333333759e-02,1.333333333333333419e-02,1.333333333333333419e-02,2.666666666666666838e-02,8.000000000000000167e-02,4.666666666666666741e-01,5.333333333333333676e-02,4.000000000000000083e-02,0.000000000000000000e+00,9.333333333333333759e-02
0.000000000000000000e+00,0.000000000000000000e+00,0.000000000000000000e+00,0.000000000000000000e+00,0.000000000000000000e+00,0.000000000000000000e+00,2.380952380952380820e-02,0.000000000000000000e+00,0.000000000000000000e+00,0.000000000000000000e+00,2.380952380952380820e-02,4.761904761904761640e-02,2.380952380952380820e-02,2.380952380952380820e-02,4.761904761904761640e-02,4.761904761904761640e-02,4.761904761904761640e-02,1.190476190476190410e-01,3.571428571428571508e-01,4.761904761904761640e-02,2.380952380952380820e-02,1.666666666666666574e-01
0.000000000000000000e+00,0.000000000000000000e+00,0.000000000000000000e+00,0.000000000000000000e+00,0.000000000000000000e+00,0.000000000000000000e+00,0.000000000000000000e+00,0.000000000000000000e+00,4.761904761904761640e-02,0.000000000000000000e+00,2.380952380952380820e-02,4.761904761904761640e-02,7.142857142857142461e-02,2.380952380952380820e-02,4.761904761904761640e-02,2.380952380952380820e-02,4.761904761904761640e-02,4.761904761904761640e-02,9.523809523809523281e-02,2.857142857142856984e-01,7.142857142857142461e-02,1.666666666666666574e-01
0.000000000000000000e+00,0.000000000000000000e+00,3.448275862068965469e-02,0.000000000000000000e+00,0.000000000000000000e+00,0.000000000000000000e+00,0.000000000000000000e+00,0.000000000000000000e+00,0.000000000000000000e+00,0.000000000000000000e+00,3.448275862068965469e-02,3.448275862068965469e-02,3.448275862068965469e-02,0.000000000000000000e+00,6.896551724137930939e-02,0.000000000000000000e+00,0.000000000000000000e+00,3.448275862068965469e-02,0.000000000000000000e+00,1.724137931034482873e-01,2.413793103448275967e-01,3.448275862068965747e-01
1.219512195121951262e-02,0.000000000000000000e+00,0.000000000000000000e+00,0.000000000000000000e+00,0.000000000000000000e+00,6.097560975609756309e-03,1.219512195121951262e-02,3.048780487804878155e-03,3.048780487804877981e-02,1.219512195121951262e-02,3.658536585365853439e-02,2.743902439024390252e-02,2.743902439024390252e-02,3.048780487804877981e-02,2.134146341463414795e-02,3.658536585365853439e-02,2.134146341463414795e-02,3.353658536585366057e-02,2.743902439024390252e-02,3.048780487804877981e-02,2.134146341463414795e-02,6.097560975609755962e-01
