6.350364963503649651e-01,8.613138686131387167e-02,2.919708029197080196e-02,4.379562043795620814e-03,5.839416058394160218e-03,8.759124087591241628e-03,4.379562043795620814e-03,1.459854014598540055e-03,2.919708029197080109e-03,1.459854014598540055e-03,2.481751824817518201e-02,1.459854014598540055e-03,0.000000000000000000e+00,0.000000000000000000e+00,0.000000000000000000e+00,0.000000000000000000e+00,0.000000000000000000e+00,1.459854014598540055e-03,1.021897810218978103e-02,2.627737226277372315e-02,1.562043795620438047e-01
1.838235294117647189e-01,4.632352941176470784e-01,8.088235294117647467e-02,4.411764705882353227e-02,2.573529411764705760e-02,7.352941176470588133e-03,1.470588235294117627e-02,1.470588235294117627e-02,7.352941176470588133e-03,3.676470588235294067e-03,3.676470588235294240e-02,0.000000000000000000e+00,0.000000000000000000e+00,0.000000000000000000e+00,0.000000000000000000e+00,1.102941176470588307e-02,0.000000000000000000e+00,7.352941176470588133e-03,1.102941176470588307e-02,2.573529411764705760e-02,6.250000000000000000e-02
7.339449541284404077e-02,1.100917431192660612e-01,5.045871559633027248e-01,9.633027522935780351e-02,2.293577981651376274e-02,9.174311926605505096e-03,4.587155963302752548e-03,9.174311926605505096e-03,4.587155963302752548e-03,0.000000000000000000e+00,7.798165137614679332e-02,0.000000000000000000e+00,0.000000000000000000e+00,0.000000000000000000e+00,0.000000000000000000e+00,0.000000000000000000e+00,0.000000000000000000e+00,1.376146788990825764e-02,1.834862385321101019e-02,1.376146788990825764e-02,4.128440366972477293e-02
6.730769230769230449e-02,1.250000000000000000e-01,2.115384615384615363e-01,2.692307692307692180e-01,5.769230769230769551e-02,1.923076923076923184e-02,1.923076923076923184e-02,9.615384615384615918e-03,9.615384615384615918e-03,9.615384615384615918e-03,4.807692307692307959e-02,0.000000000000000000e+00,0.000000000000000000e+00,0.000000000000000000e+00,0.000000000000000000e+00,0.000000000000000000e+00,0.000000000000000000e+00,1.923076923076923184e-02,9.615384615384615918e-03,5.769230769230769551e-02,6.730769230769230449e-02
8.000000000000000167e-02,8.000000000000000167e-02,6.666666666666666574e-02,1.333333333333333315e-01,2.133333333333333470e-01,1.066666666666666735e-01,2.666666666666666838e-02,2.666666666666666838e-02,1.333333333333333419e-02,5.333333333333333676e-02,5.333333333333333676e-02,0.000000000000000000e+00,0.000000000000000000e+00,0.000000000000000000e+00,1.333333333333333419e-02,0.000000000000000000e+00,0.000000000000000000e+00,0.000000000000000000e+00,1.333333333333333419e-02,1.333333333333333419e-02,1.066666666666666735e-01
6.896551724137930939e-02,2.298850574712643646e-02,3.448275862068965469e-02,1.149425287356321823e-02,9.195402298850574585e-02,3.908045977011494476e-01,6.896551724137930939e-02,3.448275862068965469e-02,4.597701149425287293e-02,1.149425287356321823e-02,1.264367816091954144e-01,0.000000000000000000e+00,0.000000000000000000e+00,0.000000000000000000e+00,1.149425287356321823e-02,0.000000000000000000e+00,2.298850574712643646e-02,0.000000000000000000e+00,2.298850574712643646e-02,2.298850574712643646e-02,1.149425287356321823e-02
5.172413793103448204e-02,6.896551724137930939e-02,6.896551724137930939e-02,3.448275862068965469e-02,5.172413793103448204e-02,1.379310344827586188e-01,3.275862068965517127e-01,6.896551724137930939e-02,0.000000000000000000e+00,3.448275862068965469e-02,1.206896551724137984e-01,1.724137931034482735e-02,0.000000000000000000e+00,0.000000000000000000e+00,0.000000000000000000e+00,0.000000000000000000e+00,0.000000000000000000e+00,0.000000000000000000e+00,1.724137931034482735e-02,0.000000000000000000e+00,0.000000000000000000e+00
0.000000000000000000e+00,5.263157894736841813e-02,9.210526315789473173e-02,1.315789473684210453e-02,1.315789473684210453e-02,2.631578947368420907e-02,6.578947368421052266e-02,4.868421052631579093e-01,5.263157894736841813e-02,3.947368421052631360e-02,9.210526315789473173e-02,1.315789473684210453e-02,0.000000000000000000e+00,0.000000000000000000e+00,0.000000000000000000e+00,0.000000000000000000e+00,1.315789473684210453e-02,1.315789473684210453e-02,0.000000000000000000e+00,0.000000000000000000e+00,2.631578947368420907e-02
2.380952380952380820e-02,4.761904761904761640e-02,2.380952380952380820e-02,2.380952380952380820e-02,4.761904761904761640e-02,4.761904761904761640e-02,4.761904761904761640e-02,1.190476190476190410e-01,3.571428571428571508e-01,4.761904761904761640e-02,1.904761904761904656e-01,0.000000000000000000e+00,0.000000000000000000e+00,0.000000000000000000e+00,0.000000000000000000e+00,0.000000000000000000e+00,0.000000000000000000e+00,2.380952380952380820e-02,0.000000000000000000e+00,0.000000000000000000e+00,0.000000000000000000e+00
2.380952380952380820e-02,4.761904761904761640e-02,7.142857142857142461e-02,2.380952380952380820e-02,4.761904761904761640e-02,2.380952380952380820e-02,4.761904761904761640e-02,4.761904761904761640e-02,9.523809523809523281e-02,2.857142857142856984e-01,2.380952380952380820e-01,0.000000000000000000e+00,0.000000000000000000e+00,0.000000000000000000e+00,0.000000000000000000e+00,0.000000000000000000e+00,0.000000000000000000e+00,0.000000000000000000e+00,0.000000000000000000e+00,4.761904761904761640e-02,0.000000000000000000e+00
3.641456582633053468e-02,2.801120448179271819e-02,2.801120448179271819e-02,2.801120448179271819e-02,2.521008403361344602e-02,3.361344537815125905e-02,1.960784313725490169e-02,3.361344537815125905e-02,2.521008403361344602e-02,4.201680672268907901e-02,6.274509803921568540e-01,1.120448179271708693e-02,0.000000000000000000e+00,2.801120448179271732e-03,0.000000000000000000e+00,0.000000000000000000e+00,5.602240896358543464e-03,1.120448179271708693e-02,2.801120448179271732e-03,2.801120448179271819e-02,1.120448179271708693e-02
0.000000000000000000e+00,0.000000000000000000e+00,0.000000000000000000e+00,0.000000000000000000e+00,0.000000000000000000e+00,7.194244604316547137e-03,0.000000000000000000e+00,0.000000000000000000e+00,0.000000000000000000e+00,0.000000000000000000e+00,2.877697841726618855e-02,8.992805755395683054e-01,3.597122302158273222e-02,1.438848920863309427e-02,0.000000000000000000e+00,0.000000000000000000e+00,7.194244604316547137e-03,7.194244604316547137e-03,0.000000000000000000e+00,0.000000000000000000e+00,0.000000000000000000e+00
0.000000000000000000e+00,0.000000000000000000e+00,0.000000000000000000e+00,2.500000000000000139e-02,0.000000000000000000e+00,0.000000000000000000e+00,0.000000000000000000e+00,0.000000000000000000e+00,0.000000000000000000e+00,0.000000000000000000e+00,2.500000000000000139e-02,1.000000000000000056e-01,5.500000000000000444e-01,1.250000000000000000e-01,5.000000000000000278e-02,7.499999999999999722e-02,2.500000000000000139e-02,0.000000000000000000e+00,0.000000000000000000e+00,0.000000000000000000e+00,2.500000000000000139e-02
1.020408163265306041e-02,0.000000000000000000e+00,0.000000000000000000e+00,0.000000000000000000e+00,0.000000000000000000e+00,0.000000000000000000e+00,0.000000000000000000e+00,1.020408163265306041e-02,0.000000000000000000e+00,0.000000000000000000e+00,0.000000000000000000e+00,1.020408163265306041e-02,4.081632653061224164e-02,7.346938775510204467e-01,1.020408163265306145e-01,4.081632653061224164e-02,2.040816326530612082e-02,1.020408163265306041e-02,1.020408163265306041e-02,1.020408163265306041e-02,0.000000000000000000e+00
0.000000000000000000e+00,0.000000000000000000e+00,0.000000000000000000e+00,0.000000000000000000e+00,1.111111111111111154e-02,0.000000000000000000e+00,0.000000000000000000e+00,1.111111111111111154e-02,0.000000000000000000e+00,0.000000000000000000e+00,0.000000000000000000e+00,0.000000000000000000e+00,1.111111111111111154e-02,1.111111111111111049e-01,6.555555555555555580e-01,1.444444444444444309e-01,0.000000000000000000e+00,1.111111111111111154e-02,3.333333333333333287e-02,1.111111111111111154e-02,0.000000000000000000e+00
0.000000000000000000e+00,6.172839506172839164e-03,0.000000000000000000e+00,0.000000000000000000e+00,0.000000000000000000e+00,6.172839506172839164e-03,0.000000000000000000e+00,6.172839506172839164e-03,0.000000000000000000e+00,0.000000000000000000e+00,6.172839506172839164e-03,1.234567901234567833e-02,1.851851851851851749e-02,0.000000000000000000e+00,6.790123456790123080e-02,6.666666666666666297e-01,1.234567901234567833e-01,4.320987654320987414e-02,6.172839506172839164e-03,3.703703703703703498e-02,0.000000000000000000e+00
4.032258064516128920e-03,4.032258064516128920e-03,4.032258064516128920e-03,0.000000000000000000e+00,0.000000000000000000e+00,0.000000000000000000e+00,0.000000000000000000e+00,4.032258064516128920e-03,0.000000000000000000e+00,4.032258064516128920e-03,8.064516129032257841e-03,8.064516129032257841e-03,4.032258064516128920e-03,4.032258064516128920e-03,1.209677419354838676e-02,5.241935483870967943e-02,6.693548387096773800e-01,1.774193548387096864e-01,3.225806451612903136e-02,1.209677419354838676e-02,0.000000000000000000e+00
2.564102564102564100e-03,5.128205128205128201e-03,0.000000000000000000e+00,2.564102564102564100e-03,0.000000000000000000e+00,2.564102564102564100e-03,0.000000000000000000e+00,0.000000000000000000e+00,0.000000000000000000e+00,0.000000000000000000e+00,1.025641025641025640e-02,0.000000000000000000e+00,7.692307692307692735e-03,5.128205128205128201e-03,0.000000000000000000e+00,7.692307692307692735e-03,1.102564102564102533e-01,6.358974358974358587e-01,1.692307692307692402e-01,2.051282051282051280e-02,2.051282051282051280e-02
1.242236024844720413e-02,4.658385093167701982e-03,3.105590062111801032e-03,4.658385093167701982e-03,3.105590062111801032e-03,3.105590062111801032e-03,0.000000000000000000e+00,0.000000000000000000e+00,1.552795031055900516e-03,0.000000000000000000e+00,1.242236024844720413e-02,0.000000000000000000e+00,1.552795031055900516e-03,1.552795031055900516e-03,1.552795031055900516e-03,1.552795031055900516e-03,6.211180124223602064e-03,7.453416149068323171e-02,6.894409937888198447e-01,1.366459627329192628e-01,4.192546583850931957e-02
3.715846994535518949e-02,7.650273224043715840e-03,5.464480874316939886e-03,3.278688524590163932e-03,0.000000000000000000e+00,2.185792349726775954e-03,0.000000000000000000e+00,0.000000000000000000e+00,0.000000000000000000e+00,1.092896174863387977e-03,8.743169398907103818e-03,0.000000000000000000e+00,1.092896174863387977e-03,0.000000000000000000e+00,0.000000000000000000e+00,7.650273224043715840e-03,2.185792349726775954e-03,9.836065573770492662e-03,7.978142076502732494e-02,7.114754098360656087e-01,1.224043715846994534e-01
1.092012133468149709e-01,1.011122345803842221e-02,1.213346814964610769e-02,6.066734074823053845e-03,4.044489383215369230e-03,1.011122345803842307e-03,1.011122345803842307e-03,0.000000000000000000e+00,1.011122345803842307e-03,2.022244691607684615e-03,2.022244691607684441e-02,0.000000000000000000e+00,0.000000000000000000e+00,0.000000000000000000e+00,0.000000000000000000e+00,0.000000000000000000e+00,1.011122345803842307e-03,4.044489383215369230e-03,2.426693629929221538e-02,1.081900910010111239e-01,6.956521739130434590e-01
