2.142857142857142738e-01,7.142857142857142461e-02,0.000000000000000000e+00,0.000000000000000000e+00,0.000000000000000000e+00,0.000000000000000000e+00,7.142857142857142461e-02,2.142857142857142738e-01,0.000000000000000000e+00,1.428571428571428492e-01,7.142857142857142461e-02,7.142857142857142461e-02,0.000000000000000000e+00,0.000000000000000000e+00,7.142857142857142461e-02,0.000000000000000000e+00,0.000000000000000000e+00,0.000000000000000000e+00,0.000000000000000000e+00,0.000000000000000000e+00,0.000000000000000000e+00,7.142857142857142461e-02
1.428571428571428492e-01,0.000000000000000000e+00,1.428571428571428492e-01,0.000000000000000000e+00,1.428571428571428492e-01,0.000000000000000000e+00,0.000000000000000000e+00,0.000000000000000000e+00,1.428571428571428492e-01,0.000000000000000000e+00,2.857142857142856984e-01,0.000000000000000000e+00,0.000000000000000000e+00,1.428571428571428492e-01,0.000000000000000000e+00,0.000000000000000000e+00,0.000000000000000000e+00,0.000000000000000000e+00,0.000000000000000000e+00,0.000000000000000000e+00,0.000000000000000000e+00,0.000000000000000000e+00
0.000000000000000000e+00,0.000000000000000000e+00,5.882352941176470784e-01,0.000000000000000000e+00,0.000000000000000000e+00,0.000000000000000000e+00,5.882352941176470507e-02,1.176470588235294101e-01,5.882352941176470507e-02,5.882352941176470507e-02,0.000000000000000000e+00,1.176470588235294101e-01,0.000000000000000000e+00,0.000000000000000000e+00,0.000000000000000000e+00,0.000000000000000000e+00,0.000000000000000000e+00,0.000000000000000000e+00,0.000000000000000000e+00,0.000000000000000000e+00,0.000000000000000000e+00,0.000000000000000000e+00
6.250000000000000000e-02,0.000000000000000000e+00,0.000000000000000000e+00,1.250000000000000000e-01,0.000000000000000000e+00,0.000000000000000000e+00,0.000000000000000000e+00,1.875000000000000000e-01,0.000000000000000000e+00,2.500000000000000000e-01,2.500000000000000000e-01,1.250000000000000000e-01,0.000000000000000000e+00,0.000000000000000000e+00,0.000000000000000000e+00,0.000000000000000000e+00,0.000000000000000000e+00,0.000000000000000000e+00,0.000000000000000000e+00,0.000000000000000000e+00,0.000000000000000000e+00,0.000000000000000000e+00
0.000000000000000000e+00,0.000000000000000000e+00,0.000000000000000000e+00,2.941176470588235253e-02,5.000000000000000000e-01,2.941176470588235253e-02,5.882352941176470507e-02,0.000000000000000000e+00,2.941176470588235253e-02,5.882352941176470507e-02,1.764705882352941291e-01,2.941176470588235253e-02,0.000000000000000000e+00,2.941176470588235253e-02,0.000000000000000000e+00,0.000000000000000000e+00,0.000000000000000000e+00,0.000000000000000000e+00,2.941176470588235253e-02,0.000000000000000000e+00,0.000000000000000000e+00,2.941176470588235253e-02
0.000000000000000000e+00,0.000000000000000000e+00,0.000000000000000000e+00,1.020408163265306041e-02,4.081632653061224164e-02,7.244897959183673741e-01,1.020408163265306041e-02,3.061224489795918297e-02,5.102040816326530726e-02,7.142857142857142461e-02,2.040816326530612082e-02,1.020408163265306041e-02,3.061224489795918297e-02,0.000000000000000000e+00,0.000000000000000000e+00,0.000000000000000000e+00,0.000000000000000000e+00,0.000000000000000000e+00,0.000000000000000000e+00,0.000000000000000000e+00,0.000000000000000000e+00,0.000000000000000000e+00
0.000000000000000000e+00,0.000000000000000000e+00,0.000000000000000000e+00,9.345794392523363789e-03,9.345794392523363789e-03,4.672897196261682068e-02,4.485981308411214896e-01,3.738317757009345516e-02,1.121495327102803724e-01,1.121495327102803724e-01,7.476635514018691031e-02,1.028037383177570069e-01,1.869158878504672758e-02,0.000000000000000000e+00,2.803738317757009310e-02,0.000000000000000000e+00,0.000000000000000000e+00,0.000000000000000000e+00,0.000000000000000000e+00,0.000000000000000000e+00,0.000000000000000000e+00,0.000000000000000000e+00
8.733624454148471161e-03,0.000000000000000000e+00,0.000000000000000000e+00,4.366812227074235581e-03,4.366812227074235581e-03,1.746724890829694232e-02,5.676855895196506602e-02,5.807860262008733843e-01,1.048034934497816539e-01,6.550218340611353718e-02,7.860262008733624739e-02,4.366812227074235581e-02,2.183406113537117790e-02,8.733624454148471161e-03,0.000000000000000000e+00,0.000000000000000000e+00,4.366812227074235581e-03,0.000000000000000000e+00,0.000000000000000000e+00,0.000000000000000000e+00,0.000000000000000000e+00,0.000000000000000000e+00
0.000000000000000000e+00,0.000000000000000000e+00,0.000000000000000000e+00,2.309468822170900656e-03,2.309468822170900656e-03,1.154734411085450371e-02,2.771362586605080960e-02,5.773672055427251509e-02,5.612009237875288381e-01,1.547344110854503574e-01,8.545034642032332817e-02,5.311778290993071638e-02,2.771362586605080960e-02,9.237875288683602623e-03,2.309468822170900656e-03,0.000000000000000000e+00,0.000000000000000000e+00,0.000000000000000000e+00,0.000000000000000000e+00,0.000000000000000000e+00,0.000000000000000000e+00,4.618937644341801312e-03
1.293661060802069962e-03,1.293661060802069962e-03,1.293661060802069962e-03,1.293661060802069962e-03,1.293661060802069962e-03,3.880983182406209670e-03,1.164294954721862944e-02,3.751617076326002609e-02,9.314359637774903555e-02,6.131953428201810663e-01,1.655886157826649552e-01,3.622250970245795287e-02,1.940491591203104618e-02,3.880983182406209670e-03,1.293661060802069962e-03,3.880983182406209670e-03,0.000000000000000000e+00,0.000000000000000000e+00,0.000000000000000000e+00,0.000000000000000000e+00,0.000000000000000000e+00,3.880983182406209670e-03
0.000000000000000000e+00,0.000000000000000000e+00,0.000000000000000000e+00,1.265022137887413054e-03,1.265022137887413054e-03,1.265022137887413054e-03,4.427577482605945906e-03,8.855154965211891813e-03,2.783048703352308806e-02,9.993674889310562304e-02,7.229601518026564921e-01,9.993674889310562304e-02,2.087286527514231604e-02,5.692599620493358527e-03,3.162555344718532419e-03,1.265022137887413054e-03,0.000000000000000000e+00,6.325110689437065271e-04,6.325110689437065271e-04,0.000000000000000000e+00,0.000000000000000000e+00,0.000000000000000000e+00
0.000000000000000000e+00,0.000000000000000000e+00,0.000000000000000000e+00,0.000000000000000000e+00,7.434944237918215482e-04,2.973977695167286193e-03,2.973977695167286193e-03,1.115241635687732290e-02,1.189591078066914477e-02,2.081784386617100205e-02,1.479553903345725008e-01,7.122676579925650842e-01,6.765799256505576620e-02,9.665427509293680886e-03,2.973977695167286193e-03,7.434944237918215482e-04,2.973977695167286193e-03,0.000000000000000000e+00,1.486988847583643096e-03,7.434944237918215482e-04,0.000000000000000000e+00,2.973977695167286193e-03
1.620745542949756810e-03,0.000000000000000000e+00,0.000000000000000000e+00,1.620745542949756810e-03,0.000000000000000000e+00,4.862236628849271082e-03,3.241491085899513621e-03,4.862236628849271082e-03,8.103727714748784269e-03,6.482982171799027242e-03,3.241491085899513708e-02,2.171799027552674122e-01,6.158833063209075975e-01,6.645056726094003552e-02,6.482982171799027242e-03,8.103727714748784269e-03,4.862236628849271082e-03,8.103727714748784269e-03,1.620745542949756810e-03,0.000000000000000000e+00,0.000000000000000000e+00,8.103727714748784269e-03
0.000000000000000000e+00,0.000000000000000000e+00,0.000000000000000000e+00,0.000000000000000000e+00,0.000000000000000000e+00,1.047120418848167603e-02,0.000000000000000000e+00,0.000000000000000000e+00,0.000000000000000000e+00,5.235602094240838014e-03,5.235602094240837667e-02,9.424083769633508079e-02,2.879581151832460995e-01,4.136125654450261702e-01,4.712041884816754039e-02,3.664921465968586090e-02,0.000000000000000000e+00,1.047120418848167603e-02,1.570680628272251231e-02,5.235602094240838014e-03,0.000000000000000000e+00,2.094240837696335206e-02
0.000000000000000000e+00,0.000000000000000000e+00,0.000000000000000000e+00,0.000000000000000000e+00,0.000000000000000000e+00,0.000000000000000000e+00,0.000000000000000000e+00,0.000000000000000000e+00,0.000000000000000000e+00,1.666666666666666644e-02,3.333333333333333287e-02,8.333333333333332871e-02,1.499999999999999944e-01,2.500000000000000000e-01,3.166666666666666519e-01,6.666666666666666574e-02,1.666666666666666644e-02,0.000000000000000000e+00,3.333333333333333287e-02,0.000000000000000000e+00,0.000000000000000000e+00,3.333333333333333287e-02
0.000000000000000000e+00,0.000000000000000000e+00,2.083333333333333218e-02,0.000000000000000000e+00,0.000000000000000000e+00,0.000000000000000000e+00,2.083333333333333218e-02,0.000000000000000000e+00,0.000000000000000000e+00,0.000000000000000000e+00,0.000000000000000000e+00,6.250000000000000000e-02,6.250000000000000000e-02,1.250000000000000000e-01,1.458333333333333426e-01,3.541666666666666852e-01,1.250000000000000000e-01,4.166666666666666435e-02,0.000000000000000000e+00,0.000000000000000000e+00,0.000000000000000000e+00,4.166666666666666435e-02
0.000000000000000000e+00,0.000000000000000000e+00,0.000000000000000000e+00,0.000000000000000000e+00,0.000000000000000000e+00,2.941176470588235253e-02,0.000000000000000000e+00,2.941176470588235253e-02,0.000000000000000000e+00,0.000000000000000000e+00,0.000000000000000000e+00,8.823529411764706454e-02,1.470588235294117696e-01,2.941176470588235253e-02,2.941176470588235253e-02,1.176470588235294101e-01,3.529411764705882582e-01,2.941176470588235253e-02,2.941176470588235253e-02,2.941176470588235253e-02,2.941176470588235253e-02,5.882352941176470507e-02
0.000000000000000000e+00,0.000000000000000000e+00,0.000000000000000000e+00,0.000000000000000000e+00,0.000000000000000000e+00,0.000000000000000000e+00,0.000000000000000000e+00,0.000000000000000000e+00,0.000000000000000000e+00,0.000000000000000000e+00,4.347826086956521618e-02,8.695652173913043237e-02,1.739130434782608647e-01,8.695652173913043237e-02,8.695652173913043237e-02,8.695652173913043237e-02,4.347826086956521618e-02,2.173913043478260809e-01,0.000000000000000000e+00,4.347826086956521618e-02,4.347826086956521618e-02,8.695652173913043237e-02
0.000000000000000000e+00,0.000000000000000000e+00,0.000000000000000000e+00,0.000000000000000000e+00,0.000000000000000000e+00,0.000000000000000000e+00,0.000000000000000000e+00,0.000000000000000000e+00,0.000000000000000000e+00,0.000000000000000000e+00,0.000000000000000000e+00,5.882352941176470507e-02,1.764705882352941291e-01,5.882352941176470507e-02,5.882352941176470507e-02,5.882352941176470507e-02,1.176470588235294101e-01,5.882352941176470507e-02,1.176470588235294101e-01,0.000000000000000000e+00,0.000000000000000000e+00,2.941176470588235392e-01
0.000000000000000000e+00,0.000000000000000000e+00,0.000000000000000000e+00,0.000000000000000000e+00,0.000000000000000000e+00,0.000000000000000000e+00,0.000000000000000000e+00,0.000000000000000000e+00,0.000000000000000000e+00,0.000000000000000000e+00,0.000000000000000000e+00,0.000000000000000000e+00,0.000000000000000000e+00,0.000000000000000000e+00,0.000000000000000000e+00,0.000000000000000000e+00,1.818181818181818232e-01,9.090909090909091161e-02,9.090909090909091161e-02,2.727272727272727071e-01,0.000000000000000000e+00,3.636363636363636465e-01
0.000000000000000000e+00,0.000000000000000000e+00,0.000000000000000000e+00,0.000000000000000000e+00,0.000000000000000000e+00,0.000000000000000000e+00,0.000000000000000000e+00,0.000000000000000000e+00,0.000000000000000000e+00,0.000000000000000000e+00,0.000000000000000000e+00,0.000000000000000000e+00,0.000000000000000000e+00,0.000000000000000000e+00,0.000000000000000000e+00,0.000000000000000000e+00,0.000000000000000000e+00,4.000000000000000222e-01,0.000000000000000000e+00,0.000000000000000000e+00,2.000000000000000111e-01,4.000000000000000222e-01
0.000000000000000000e+00,0.000000000000000000e+00,0.000000000000000000e+00,0.000000000000000000e+00,1.408450704225352144e-02,0.000000000000000000e+00,0.000000000000000000e+00,0.000000000000000000e+00,0.000000000000000000e+00,2.816901408450704289e-02,0.000000000000000000e+00,5.633802816901408578e-02,4.225352112676056260e-02,2.816901408450704289e-02,1.408450704225352144e-02,0.000000000000000000e+00,5.633802816901408578e-02,8.450704225352112520e-02,2.816901408450704289e-02,8.450704225352112520e-02,2.816901408450704289e-02,5.352112676056337559e-01
