6.823687752355316327e-01,1.500672947510094113e-01,1.547779273216689025e-02,3.364737550471063286e-03,2.018842530282637972e-03,6.729475100942126573e-04,0.000000000000000000e+00,0.000000000000000000e+00,0.000000000000000000e+00,0.000000000000000000e+00,6.056527590847913915e-03,1.345895020188425315e-03,6.729475100942126573e-04,0.000000000000000000e+00,0.000000000000000000e+00,0.000000000000000000e+00,6.729475100942126573e-04,4.037685060565275944e-03,4.710632570659488601e-03,2.086137281292059151e-02,1.076716016150740252e-01
1.227906976744186085e-01,6.781395348837209180e-01,1.097674418604651231e-01,1.860465116279069742e-02,4.651162790697674354e-03,4.651162790697674354e-03,9.302325581395349359e-04,0.000000000000000000e+00,0.000000000000000000e+00,0.000000000000000000e+00,7.441860465116279487e-03,0.000000000000000000e+00,0.000000000000000000e+00,0.000000000000000000e+00,0.000000000000000000e+00,0.000000000000000000e+00,9.302325581395349359e-04,9.302325581395349359e-04,4.651162790697674354e-03,8.372093023255814531e-03,3.813953488372093248e-02
5.857740585774058595e-02,1.443514644351464316e-01,6.276150627615062483e-01,8.368200836820083310e-02,1.464435146443514649e-02,6.276150627615062656e-03,2.092050209205020741e-03,8.368200836820082963e-03,4.184100418410041482e-03,2.092050209205020741e-03,1.255230125523012531e-02,2.092050209205020741e-03,0.000000000000000000e+00,0.000000000000000000e+00,0.000000000000000000e+00,4.184100418410041482e-03,2.092050209205020741e-03,0.000000000000000000e+00,4.184100418410041482e-03,1.255230125523012531e-02,1.046025104602510414e-02
5.185185185185185036e-02,1.925925925925925930e-01,1.185185185185185230e-01,4.074074074074073848e-01,8.888888888888889228e-02,3.703703703703703498e-02,2.962962962962963076e-02,0.000000000000000000e+00,0.000000000000000000e+00,7.407407407407407690e-03,3.703703703703703498e-02,0.000000000000000000e+00,0.000000000000000000e+00,0.000000000000000000e+00,0.000000000000000000e+00,0.000000000000000000e+00,7.407407407407407690e-03,0.000000000000000000e+00,0.000000000000000000e+00,0.000000000000000000e+00,2.222222222222222307e-02
8.695652173913043237e-02,7.246376811594203160e-02,1.014492753623188470e-01,1.304347826086956486e-01,3.623188405797101441e-01,1.159420289855072478e-01,4.347826086956521618e-02,0.000000000000000000e+00,0.000000000000000000e+00,0.000000000000000000e+00,4.347826086956521618e-02,0.000000000000000000e+00,0.000000000000000000e+00,0.000000000000000000e+00,0.000000000000000000e+00,0.000000000000000000e+00,0.000000000000000000e+00,0.000000000000000000e+00,0.000000000000000000e+00,1.449275362318840597e-02,2.898550724637681195e-02
1.162790697674418589e-01,2.325581395348837177e-02,2.325581395348837177e-02,9.302325581395348708e-02,1.395348837209302306e-01,2.558139534883721034e-01,6.976744186046511531e-02,9.302325581395348708e-02,4.651162790697674354e-02,4.651162790697674354e-02,4.651162790697674354e-02,0.000000000000000000e+00,0.000000000000000000e+00,0.000000000000000000e+00,0.000000000000000000e+00,0.000000000000000000e+00,0.000000000000000000e+00,0.000000000000000000e+00,2.325581395348837177e-02,0.000000000000000000e+00,2.325581395348837177e-02
1.111111111111111049e-01,1.111111111111111049e-01,7.407407407407406996e-02,7.407407407407406996e-02,0.000000000000000000e+00,7.407407407407406996e-02,2.222222222222222099e-01,3.703703703703703498e-02,3.703703703703703498e-02,3.703703703703703498e-02,1.481481481481481399e-01,0.000000000000000000e+00,0.000000000000000000e+00,0.000000000000000000e+00,0.000000000000000000e+00,0.000000000000000000e+00,3.703703703703703498e-02,3.703703703703703498e-02,0.000000000000000000e+00,0.000000000000000000e+00,0.000000000000000000e+00
1.000000000000000056e-01,5.000000000000000278e-02,5.000000000000000278e-02,1.499999999999999944e-01,5.000000000000000278e-02,0.000000000000000000e+00,5.000000000000000278e-02,1.000000000000000056e-01,0.000000000000000000e+00,0.000000000000000000e+00,2.500000000000000000e-01,0.000000000000000000e+00,0.000000000000000000e+00,0.000000000000000000e+00,0.000000000000000000e+00,5.000000000000000278e-02,0.000000000000000000e+00,0.000000000000000000e+00,5.000000000000000278e-02,0.000000000000000000e+00,1.000000000000000056e-01
1.333333333333333315e-01,0.000000000000000000e+00,6.666666666666666574e-02,6.666666666666666574e-02,1.333333333333333315e-01,6.666666666666666574e-02,6.666666666666666574e-02,6.666666666666666574e-02,1.333333333333333315e-01,1.333333333333333315e-01,6.666666666666666574e-02,0.000000000000000000e+00,0.000000000000000000e+00,0.000000000000000000e+00,0.000000000000000000e+00,0.000000000000000000e+00,0.000000000000000000e+00,0.000000000000000000e+00,0.000000000000000000e+00,0.000000000000000000e+00,6.666666666666666574e-02
0.000000000000000000e+00,1.333333333333333315e-01,6.666666666666666574e-02,0.000000000000000000e+00,0.000000000000000000e+00,6.666666666666666574e-02,6.666666666666666574e-02,6.666666666666666574e-02,6.666666666666666574e-02,3.333333333333333148e-01,2.000000000000000111e-01,0.000000000000000000e+00,0.000000000000000000e+00,0.000000000000000000e+00,0.000000000000000000e+00,0.000000000000000000e+00,0.000000000000000000e+00,0.000000000000000000e+00,0.000000000000000000e+00,0.000000000000000000e+00,0.000000000000000000e+00
3.846153846153846367e-02,3.846153846153846367e-02,2.307692307692307820e-02,7.692307692307692735e-03,3.076923076923077094e-02,3.846153846153846367e-02,4.615384615384615641e-02,3.846153846153846367e-02,4.615384615384615641e-02,3.076923076923077094e-02,6.076923076923076428e-01,7.692307692307692735e-03,0.000000000000000000e+00,7.692307692307692735e-03,0.000000000000000000e+00,0.000000000000000000e+00,0.000000000000000000e+00,0.000000000000000000e+00,7.692307692307692735e-03,7.692307692307692735e-03,2.307692307692307820e-02
3.333333333333333287e-02,0.000000000000000000e+00,0.000000000000000000e+00,0.000000000000000000e+00,0.000000000000000000e+00,0.000000000000000000e+00,0.000000000000000000e+00,0.000000000000000000e+00,0.000000000000000000e+00,0.000000000000000000e+00,0.000000000000000000e+00,6.333333333333333037e-01,6.666666666666666574e-02,1.000000000000000056e-01,6.666666666666666574e-02,3.333333333333333287e-02,3.333333333333333287e-02,0.000000000000000000e+00,3.333333333333333287e-02,0.000000000000000000e+00,0.000000000000000000e+00
0.000000000000000000e+00,0.000000000000000000e+00,0.000000000000000000e+00,0.000000000000000000e+00,0.000000000000000000e+00,0.000000000000000000e+00,0.000000000000000000e+00,0.000000000000000000e+00,0.000000000000000000e+00,0.000000000000000000e+00,0.000000000000000000e+00,2.857142857142856984e-01,0.000000000000000000e+00,0.000000000000000000e+00,1.428571428571428492e-01,4.285714285714285476e-01,0.000000000000000000e+00,0.000000000000000000e+00,1.428571428571428492e-01,0.000000000000000000e+00,0.000000000000000000e+00
0.000000000000000000e+00,0.000000000000000000e+00,0.000000000000000000e+00,0.000000000000000000e+00,0.000000000000000000e+00,0.000000000000000000e+00,0.000000000000000000e+00,0.000000000000000000e+00,0.000000000000000000e+00,0.000000000000000000e+00,1.000000000000000056e-01,1.000000000000000056e-01,0.000000000000000000e+00,1.000000000000000056e-01,4.000000000000000222e-01,1.000000000000000056e-01,0.000000000000000000e+00,1.000000000000000056e-01,0.000000000000000000e+00,1.000000000000000056e-01,0.000000000000000000e+00
2.857142857142857054e-02,0.000000000000000000e+00,0.000000000000000000e+00,0.000000000000000000e+00,0.000000000000000000e+00,0.000000000000000000e+00,0.000000000000000000e+00,0.000000000000000000e+00,0.000000000000000000e+00,0.000000000000000000e+00,0.000000000000000000e+00,0.000000000000000000e+00,0.000000000000000000e+00,0.000000000000000000e+00,5.142857142857142350e-01,8.571428571428571508e-02,1.428571428571428492e-01,0.000000000000000000e+00,1.428571428571428492e-01,5.714285714285714107e-02,2.857142857142857054e-02
3.030303030303030387e-02,1.515151515151515194e-02,0.000000000000000000e+00,0.000000000000000000e+00,0.000000000000000000e+00,0.000000000000000000e+00,0.000000000000000000e+00,1.515151515151515194e-02,0.000000000000000000e+00,0.000000000000000000e+00,0.000000000000000000e+00,1.515151515151515194e-02,1.515151515151515194e-02,1.515151515151515194e-02,4.545454545454545581e-02,5.454545454545454142e-01,9.090909090909091161e-02,9.090909090909091161e-02,3.030303030303030387e-02,6.060606060606060774e-02,3.030303030303030387e-02
0.000000000000000000e+00,1.785714285714285615e-02,0.000000000000000000e+00,0.000000000000000000e+00,0.000000000000000000e+00,8.928571428571428076e-03,0.000000000000000000e+00,0.000000000000000000e+00,0.000000000000000000e+00,0.000000000000000000e+00,8.928571428571428076e-03,8.928571428571428076e-03,8.928571428571428076e-03,8.928571428571428076e-03,8.928571428571428076e-03,8.928571428571428076e-03,6.517857142857143016e-01,1.160714285714285754e-01,4.464285714285714385e-02,8.035714285714286309e-02,2.678571428571428423e-02
4.511278195488721554e-02,0.000000000000000000e+00,0.000000000000000000e+00,0.000000000000000000e+00,0.000000000000000000e+00,0.000000000000000000e+00,0.000000000000000000e+00,0.000000000000000000e+00,0.000000000000000000e+00,0.000000000000000000e+00,0.000000000000000000e+00,0.000000000000000000e+00,0.000000000000000000e+00,0.000000000000000000e+00,7.518796992481202590e-03,3.759398496240601295e-02,3.759398496240601295e-02,4.586466165413533580e-01,1.654135338345864570e-01,1.729323308270676596e-01,7.518796992481202590e-02
6.632653061224490221e-02,1.020408163265306041e-02,1.530612244897959148e-02,0.000000000000000000e+00,0.000000000000000000e+00,5.102040816326530205e-03,5.102040816326530205e-03,0.000000000000000000e+00,0.000000000000000000e+00,0.000000000000000000e+00,5.102040816326530205e-03,0.000000000000000000e+00,0.000000000000000000e+00,5.102040816326530205e-03,0.000000000000000000e+00,5.102040816326530205e-03,2.551020408163265363e-02,6.122448979591836593e-02,4.489795918367346927e-01,2.448979591836734637e-01,1.020408163265306145e-01
7.295373665480427150e-02,1.067615658362989356e-02,1.779359430604982115e-03,1.779359430604982115e-03,0.000000000000000000e+00,1.779359430604982115e-03,0.000000000000000000e+00,0.000000000000000000e+00,0.000000000000000000e+00,0.000000000000000000e+00,3.558718861209964231e-03,3.558718861209964231e-03,0.000000000000000000e+00,0.000000000000000000e+00,1.779359430604982115e-03,3.558718861209964231e-03,3.558718861209964231e-03,1.779359430604982376e-02,4.092526690391459082e-02,5.800711743772242190e-01,2.562277580071174454e-01
2.309107635694572225e-01,2.667893284268629123e-02,8.279668813247469811e-03,1.839926402943882228e-03,1.839926402943882228e-03,9.199632014719411142e-04,0.000000000000000000e+00,1.839926402943882228e-03,0.000000000000000000e+00,0.000000000000000000e+00,1.839926402943882228e-03,0.000000000000000000e+00,0.000000000000000000e+00,0.000000000000000000e+00,0.000000000000000000e+00,9.199632014719411142e-04,1.839926402943882228e-03,2.759889604415823559e-03,1.011959521619135161e-02,6.347746090156393406e-02,6.467341306347745844e-01
