1.666666666666666574e-01,3.333333333333333148e-01,0.000000000000000000e+00,1.666666666666666574e-01,3.333333333333333148e-01,0.000000000000000000e+00,0.000000000000000000e+00,0.000000000000000000e+00,0.000000000000000000e+00,0.000000000000000000e+00,0.000000000000000000e+00,0.000000000000000000e+00,0.000000000000000000e+00,0.000000000000000000e+00,0.000000000000000000e+00,0.000000000000000000e+00,0.000000000000000000e+00,0.000000000000000000e+00,0.000000000000000000e+00,0.000000000000000000e+00,0.000000000000000000e+00,0.000000000000000000e+00
7.299270072992700489e-03,8.686131386861314363e-01,7.299270072992700142e-02,2.189781021897810320e-02,2.189781021897810320e-02,7.299270072992700489e-03,0.000000000000000000e+00,0.000000000000000000e+00,0.000000000000000000e+00,0.000000000000000000e+00,0.000000000000000000e+00,0.000000000000000000e+00,0.000000000000000000e+00,0.000000000000000000e+00,0.000000000000000000e+00,0.000000000000000000e+00,0.000000000000000000e+00,0.000000000000000000e+00,0.000000000000000000e+00,0.000000000000000000e+00,0.000000000000000000e+00,0.000000000000000000e+00
2.710027100271002708e-03,2.710027100271002881e-02,7.940379403794037838e-01,1.598915989159891693e-01,1.355013550135501441e-02,2.710027100271002708e-03,0.000000000000000000e+00,0.000000000000000000e+00,0.000000000000000000e+00,0.000000000000000000e+00,0.000000000000000000e+00,0.000000000000000000e+00,0.000000000000000000e+00,0.000000000000000000e+00,0.000000000000000000e+00,0.000000000000000000e+00,0.000000000000000000e+00,0.000000000000000000e+00,0.000000000000000000e+00,0.000000000000000000e+00,0.000000000000000000e+00,0.000000000000000000e+00
5.022601707684581094e-04,2.009040683073832437e-03,3.314917127071823066e-02,8.653942742340532401e-01,8.739326971371169650e-02,7.533902561526871315e-03,1.004520341536916219e-03,0.000000000000000000e+00,5.022601707684581094e-04,0.000000000000000000e+00,5.022601707684581094e-04,0.000000000000000000e+00,0.000000000000000000e+00,0.000000000000000000e+00,0.000000000000000000e+00,0.000000000000000000e+00,0.000000000000000000e+00,0.000000000000000000e+00,5.022601707684581094e-04,5.022601707684581094e-04,0.000000000000000000e+00,1.004520341536916219e-03
3.303964757709251191e-03,5.506607929515419013e-04,1.651982378854625596e-03,9.085903083700440364e-02,8.028634361233479844e-01,7.709251101321586142e-02,7.158590308370044175e-03,3.854625550660792984e-03,2.202643171806167605e-03,5.506607929515419013e-04,5.506607929515419013e-04,0.000000000000000000e+00,5.506607929515419013e-04,1.101321585903083803e-03,5.506607929515419013e-04,0.000000000000000000e+00,1.101321585903083803e-03,0.000000000000000000e+00,5.506607929515419013e-04,0.000000000000000000e+00,1.101321585903083803e-03,4.405286343612335211e-03
0.000000000000000000e+00,0.000000000000000000e+00,2.518891687657430663e-03,2.518891687657430836e-02,1.863979848866498812e-01,6.939546599496221324e-01,4.659949622166247030e-02,1.763224181360201551e-02,7.556675062972291988e-03,5.037783375314861326e-03,0.000000000000000000e+00,3.778337531486145994e-03,1.259445843828715331e-03,1.259445843828715331e-03,0.000000000000000000e+00,0.000000000000000000e+00,0.000000000000000000e+00,1.259445843828715331e-03,0.000000000000000000e+00,1.259445843828715331e-03,0.000000000000000000e+00,6.297229219143577091e-03
6.756756756756757132e-03,0.000000000000000000e+00,6.756756756756757132e-03,6.756756756756757132e-03,1.283783783783783716e-01,2.500000000000000000e-01,4.459459459459459429e-01,8.108108108108108558e-02,2.027027027027027140e-02,6.756756756756757132e-03,0.000000000000000000e+00,0.000000000000000000e+00,0.000000000000000000e+00,0.000000000000000000e+00,0.000000000000000000e+00,0.000000000000000000e+00,1.351351351351351426e-02,6.756756756756757132e-03,6.756756756756757132e-03,6.756756756756757132e-03,0.000000000000000000e+00,1.351351351351351426e-02
0.000000000000000000e+00,0.000000000000000000e+00,0.000000000000000000e+00,1.769911504424778736e-02,4.424778761061946841e-02,1.769911504424778736e-01,1.415929203539822989e-01,4.690265486725663791e-01,4.424778761061946841e-02,3.539823008849557473e-02,2.654867256637168105e-02,0.000000000000000000e+00,8.849557522123893682e-03,0.000000000000000000e+00,0.000000000000000000e+00,8.849557522123893682e-03,0.000000000000000000e+00,0.000000000000000000e+00,0.000000000000000000e+00,0.000000000000000000e+00,0.000000000000000000e+00,2.654867256637168105e-02
0.000000000000000000e+00,0.000000000000000000e+00,0.000000000000000000e+00,2.083333333333333218e-02,0.000000000000000000e+00,1.250000000000000000e-01,1.250000000000000000e-01,2.500000000000000000e-01,2.708333333333333148e-01,6.250000000000000000e-02,0.000000000000000000e+00,2.083333333333333218e-02,0.000000000000000000e+00,2.083333333333333218e-02,0.000000000000000000e+00,2.083333333333333218e-02,2.083333333333333218e-02,0.000000000000000000e+00,0.000000000000000000e+00,0.000000000000000000e+00,2.083333333333333218e-02,4.166666666666666435e-02
0.000000000000000000e+00,0.000000000000000000e+00,0.000000000000000000e+00,0.000000000000000000e+00,1.428571428571428492e-01,7.142857142857142461e-02,1.071428571428571369e-01,1.071428571428571369e-01,1.428571428571428492e-01,3.571428571428571508e-01,3.571428571428571230e-02,0.000000000000000000e+00,0.000000000000000000e+00,0.000000000000000000e+00,0.000000000000000000e+00,0.000000000000000000e+00,0.000000000000000000e+00,0.000000000000000000e+00,0.000000000000000000e+00,0.000000000000000000e+00,0.000000000000000000e+00,3.571428571428571230e-02
0.000000000000000000e+00,0.000000000000000000e+00,0.000000000000000000e+00,0.000000000000000000e+00,1.000000000000000056e-01,2.999999999999999889e-01,0.000000000000000000e+00,1.000000000000000056e-01,0.000000000000000000e+00,1.000000000000000056e-01,1.000000000000000056e-01,1.000000000000000056e-01,2.000000000000000111e-01,0.000000000000000000e+00,0.000000000000000000e+00,0.000000000000000000e+00,0.000000000000000000e+00,0.000000000000000000e+00,0.000000000000000000e+00,0.000000000000000000e+00,0.000000000000000000e+00,0.000000000000000000e+00
0.000000000000000000e+00,0.000000000000000000e+00,0.000000000000000000e+00,0.000000000000000000e+00,1.000000000000000056e-01,0.000000000000000000e+00,1.000000000000000056e-01,1.000000000000000056e-01,2.000000000000000111e-01,0.000000000000000000e+00,1.000000000000000056e-01,1.000000000000000056e-01,2.000000000000000111e-01,0.000000000000000000e+00,1.000000000000000056e-01,0.000000000000000000e+00,0.000000000000000000e+00,0.000000000000000000e+00,0.000000000000000000e+00,0.000000000000000000e+00,0.000000000000000000e+00,0.000000000000000000e+00
0.000000000000000000e+00,0.000000000000000000e+00,0.000000000000000000e+00,0.000000000000000000e+00,0.000000000000000000e+00,3.030303030303030387e-02,3.030303030303030387e-02,9.090909090909091161e-02,0.000000000000000000e+00,0.000000000000000000e+00,0.000000000000000000e+00,1.212121212121212155e-01,5.454545454545454142e-01,1.515151515151515194e-01,3.030303030303030387e-02,0.000000000000000000e+00,0.000000000000000000e+00,0.000000000000000000e+00,0.000000000000000000e+00,0.000000000000000000e+00,0.000000000000000000e+00,0.000000000000000000e+00
0.000000000000000000e+00,0.000000000000000000e+00,0.000000000000000000e+00,0.000000000000000000e+00,0.000000000000000000e+00,2.564102564102564014e-02,2.564102564102564014e-02,0.000000000000000000e+00,5.128205128205128027e-02,2.564102564102564014e-02,0.000000000000000000e+00,0.000000000000000000e+00,1.538461538461538547e-01,5.641025641025640969e-01,5.128205128205128027e-02,0.000000000000000000e+00,5.128205128205128027e-02,0.000000000000000000e+00,0.000000000000000000e+00,2.564102564102564014e-02,0.000000000000000000e+00,2.564102564102564014e-02
0.000000000000000000e+00,0.000000000000000000e+00,0.000000000000000000e+00,0.000000000000000000e+00,0.000000000000000000e+00,0.000000000000000000e+00,0.000000000000000000e+00,0.000000000000000000e+00,0.000000000000000000e+00,0.000000000000000000e+00,0.000000000000000000e+00,0.000000000000000000e+00,0.000000000000000000e+00,8.571428571428571508e-02,6.571428571428571397e-01,1.428571428571428492e-01,0.000000000000000000e+00,0.000000000000000000e+00,0.000000000000000000e+00,0.000000000000000000e+00,0.000000000000000000e+00,1.142857142857142821e-01
0.000000000000000000e+00,0.000000000000000000e+00,0.000000000000000000e+00,0.000000000000000000e+00,0.000000000000000000e+00,5.555555555555555247e-02,0.000000000000000000e+00,1.111111111111111049e-01,1.111111111111111049e-01,0.000000000000000000e+00,0.000000000000000000e+00,0.000000000000000000e+00,5.555555555555555247e-02,5.555555555555555247e-02,2.222222222222222099e-01,3.333333333333333148e-01,0.000000000000000000e+00,0.000000000000000000e+00,0.000000000000000000e+00,0.000000000000000000e+00,0.000000000000000000e+00,5.555555555555555247e-02
0.000000000000000000e+00,0.000000000000000000e+00,0.000000000000000000e+00,0.000000000000000000e+00,4.545454545454545581e-02,9.090909090909091161e-02,0.000000000000000000e+00,0.000000000000000000e+00,0.000000000000000000e+00,4.545454545454545581e-02,0.000000000000000000e+00,0.000000000000000000e+00,0.000000000000000000e+00,4.545454545454545581e-02,0.000000000000000000e+00,4.545454545454545581e-02,5.000000000000000000e-01,4.545454545454545581e-02,0.000000000000000000e+00,0.000000000000000000e+00,4.545454545454545581e-02,1.363636363636363535e-01
0.000000000000000000e+00,0.000000000000000000e+00,0.000000000000000000e+00,0.000000000000000000e+00,0.000000000000000000e+00,0.000000000000000000e+00,0.000000000000000000e+00,0.000000000000000000e+00,0.000000000000000000e+00,0.000000000000000000e+00,0.000000000000000000e+00,0.000000000000000000e+00,0.000000000000000000e+00,0.000000000000000000e+00,0.000000000000000000e+00,0.000000000000000000e+00,0.000000000000000000e+00,6.363636363636363535e-01,0.000000000000000000e+00,9.090909090909091161e-02,9.090909090909091161e-02,1.818181818181818232e-01
0.000000000000000000e+00,0.000000000000000000e+00,0.000000000000000000e+00,0.000000000000000000e+00,0.000000000000000000e+00,0.000000000000000000e+00,0.000000000000000000e+00,0.000000000000000000e+00,1.111111111111111049e-01,0.000000000000000000e+00,0.000000000000000000e+00,0.000000000000000000e+00,0.000000000000000000e+00,0.000000000000000000e+00,0.000000000000000000e+00,0.000000000000000000e+00,1.111111111111111049e-01,1.111111111111111049e-01,3.333333333333333148e-01,1.111111111111111049e-01,0.000000000000000000e+00,2.222222222222222099e-01
0.000000000000000000e+00,0.000000000000000000e+00,0.000000000000000000e+00,0.000000000000000000e+00,0.000000000000000000e+00,9.090909090909091161e-02,0.000000000000000000e+00,0.000000000000000000e+00,0.000000000000000000e+00,0.000000000000000000e+00,0.000000000000000000e+00,0.000000000000000000e+00,0.000000000000000000e+00,0.000000000000000000e+00,0.000000000000000000e+00,1.818181818181818232e-01,0.000000000000000000e+00,0.000000000000000000e+00,9.090909090909091161e-02,2.727272727272727071e-01,1.818181818181818232e-01,1.818181818181818232e-01
0.000000000000000000e+00,0.000000000000000000e+00,0.000000000000000000e+00,0.000000000000000000e+00,0.000000000000000000e+00,1.250000000000000000e-01,0.000000000000000000e+00,1.250000000000000000e-01,0.000000000000000000e+00,0.000000000000000000e+00,0.000000000000000000e+00,0.000000000000000000e+00,1.250000000000000000e-01,1.250000000000000000e-01,0.000000000000000000e+00,0.000000000000000000e+00,1.250000000000000000e-01,0.000000000000000000e+00,2.500000000000000000e-01,1.250000000000000000e-01,0.000000000000000000e+00,0.000000000000000000e+00
0.000000000000000000e+00,0.000000000000000000e+00,0.000000000000000000e+00,0.000000000000000000e+00,2.666666666666666838e-02,8.000000000000000167e-02,4.000000000000000083e-02,4.000000000000000083e-02,8.000000000000000167e-02,2.666666666666666838e-02,1.333333333333333419e-02,1.333333333333333419e-02,0.000000000000000000e+00,1.333333333333333419e-02,1.333333333333333419e-02,5.333333333333333676e-02,2.666666666666666838e-02,0.000000000000000000e+00,1.333333333333333419e-02,2.666666666666666838e-02,4.000000000000000083e-02,4.933333333333333459e-01
