7.547169811320755262e-01,7.547169811320754429e-02,1.886792452830188607e-02,0.000000000000000000e+00,1.886792452830188607e-02,0.000000000000000000e+00,3.773584905660377214e-02,1.886792452830188607e-02,0.000000000000000000e+00,0.000000000000000000e+00,1.886792452830188607e-02,0.000000000000000000e+00,0.000000000000000000e+00,3.773584905660377214e-02,0.000000000000000000e+00,0.000000000000000000e+00,0.000000000000000000e+00,0.000000000000000000e+00,0.000000000000000000e+00,0.000000000000000000e+00,0.000000000000000000e+00,1.886792452830188607e-02
1.724137931034482873e-01,5.517241379310344751e-01,2.068965517241379282e-01,0.000000000000000000e+00,0.000000000000000000e+00,0.000000000000000000e+00,0.000000000000000000e+00,0.000000000000000000e+00,0.000000000000000000e+00,6.896551724137930939e-02,0.000000000000000000e+00,0.000000000000000000e+00,0.000000000000000000e+00,0.000000000000000000e+00,0.000000000000000000e+00,0.000000000000000000e+00,0.000000000000000000e+00,0.000000000000000000e+00,0.000000000000000000e+00,0.000000000000000000e+00,0.000000000000000000e+00,0.000000000000000000e+00
3.076923076923077094e-02,3.076923076923077094e-02,8.153846153846153744e-01,7.692307692307692735e-02,1.538461538461538547e-02,1.538461538461538547e-02,1.538461538461538547e-02,0.000000000000000000e+00,0.000000000000000000e+00,0.000000000000000000e+00,0.000000000000000000e+00,0.000000000000000000e+00,0.000000000000000000e+00,0.000000000000000000e+00,0.000000000000000000e+00,0.000000000000000000e+00,0.000000000000000000e+00,0.000000000000000000e+00,0.000000000000000000e+00,0.000000000000000000e+00,0.000000000000000000e+00,0.000000000000000000e+00
0.000000000000000000e+00,3.703703703703703498e-02,7.407407407407406996e-02,7.037037037037037202e-01,7.407407407407406996e-02,3.703703703703703498e-02,0.000000000000000000e+00,0.000000000000000000e+00,0.000000000000000000e+00,3.703703703703703498e-02,3.703703703703703498e-02,0.000000000000000000e+00,0.000000000000000000e+00,0.000000000000000000e+00,0.000000000000000000e+00,0.000000000000000000e+00,0.000000000000000000e+00,0.000000000000000000e+00,0.000000000000000000e+00,0.000000000000000000e+00,0.000000000000000000e+00,0.000000000000000000e+00
0.000000000000000000e+00,0.000000000000000000e+00,2.040816326530612082e-02,0.000000000000000000e+00,6.938775510204081565e-01,1.224489795918367319e-01,1.020408163265306145e-01,0.000000000000000000e+00,4.081632653061224164e-02,0.000000000000000000e+00,0.000000000000000000e+00,2.040816326530612082e-02,0.000000000000000000e+00,0.000000000000000000e+00,0.000000000000000000e+00,0.000000000000000000e+00,0.000000000000000000e+00,0.000000000000000000e+00,0.000000000000000000e+00,0.000000000000000000e+00,0.000000000000000000e+00,0.000000000000000000e+00
0.000000000000000000e+00,1.369863013698630061e-02,0.000000000000000000e+00,1.369863013698630061e-02,6.849315068493150305e-02,6.027397260273972268e-01,1.917808219178082085e-01,4.109589041095890183e-02,2.739726027397260122e-02,0.000000000000000000e+00,1.369863013698630061e-02,1.369863013698630061e-02,0.000000000000000000e+00,0.000000000000000000e+00,0.000000000000000000e+00,0.000000000000000000e+00,0.000000000000000000e+00,0.000000000000000000e+00,0.000000000000000000e+00,0.000000000000000000e+00,0.000000000000000000e+00,1.369863013698630061e-02
8.000000000000000167e-03,8.000000000000000167e-03,1.600000000000000033e-02,0.000000000000000000e+00,4.800000000000000100e-02,8.000000000000000167e-02,5.600000000000000533e-01,1.280000000000000027e-01,6.400000000000000133e-02,4.800000000000000100e-02,1.600000000000000033e-02,1.600000000000000033e-02,0.000000000000000000e+00,0.000000000000000000e+00,0.000000000000000000e+00,0.000000000000000000e+00,0.000000000000000000e+00,0.000000000000000000e+00,0.000000000000000000e+00,0.000000000000000000e+00,0.000000000000000000e+00,8.000000000000000167e-03
2.652519893899204107e-03,0.000000000000000000e+00,2.652519893899204107e-03,0.000000000000000000e+00,2.652519893899204107e-03,5.305039787798408214e-03,3.448275862068965469e-02,7.135278514588859755e-01,1.697612732095490629e-01,3.713527851458885837e-02,1.591511936339522551e-02,1.061007957559681643e-02,2.652519893899204107e-03,0.000000000000000000e+00,0.000000000000000000e+00,0.000000000000000000e+00,0.000000000000000000e+00,0.000000000000000000e+00,2.652519893899204107e-03,0.000000000000000000e+00,0.000000000000000000e+00,0.000000000000000000e+00
0.000000000000000000e+00,0.000000000000000000e+00,0.000000000000000000e+00,1.109877913429522774e-03,0.000000000000000000e+00,1.109877913429522774e-03,1.109877913429522731e-02,6.659267480577137077e-02,7.558268590455049507e-01,1.320754716981132060e-01,1.664816870144284269e-02,5.549389567147613653e-03,1.109877913429522774e-03,1.109877913429522774e-03,1.109877913429522774e-03,0.000000000000000000e+00,0.000000000000000000e+00,0.000000000000000000e+00,0.000000000000000000e+00,0.000000000000000000e+00,0.000000000000000000e+00,6.659267480577136210e-03
2.079002079002079117e-03,2.079002079002079117e-03,6.930006930006930030e-04,6.930006930006930030e-04,0.000000000000000000e+00,6.930006930006930030e-04,2.772002772002772012e-03,1.386001386001385963e-02,6.930006930006929466e-02,7.560637560637560872e-01,1.198891198891198911e-01,1.386001386001385963e-02,5.544005544005544024e-03,4.158004158004158235e-03,0.000000000000000000e+00,0.000000000000000000e+00,2.772002772002772012e-03,0.000000000000000000e+00,6.930006930006930030e-04,0.000000000000000000e+00,0.000000000000000000e+00,4.851004851004850696e-03
0.000000000000000000e+00,0.000000000000000000e+00,7.390983000739098294e-04,0.000000000000000000e+00,0.000000000000000000e+00,7.390983000739098294e-04,2.217294900221729488e-03,3.695491500369549147e-03,2.069475240206947522e-02,1.263858093126385695e-01,7.413155949741315753e-01,6.873614190687361847e-02,8.869179600886917952e-03,9.608277900960828649e-03,7.390983000739098294e-04,3.695491500369549147e-03,2.217294900221729488e-03,2.217294900221729488e-03,2.217294900221729488e-03,7.390983000739098294e-04,0.000000000000000000e+00,5.173688100517368806e-03
0.000000000000000000e+00,0.000000000000000000e+00,0.000000000000000000e+00,0.000000000000000000e+00,0.000000000000000000e+00,0.000000000000000000e+00,0.000000000000000000e+00,1.652892561983471034e-03,4.958677685950413534e-03,4.793388429752066388e-02,1.685950413223140376e-01,6.512396694214875881e-01,7.272727272727272374e-02,1.487603305785123974e-02,1.157024793388429680e-02,9.917355371900827068e-03,1.652892561983471034e-03,1.652892561983471034e-03,3.305785123966942067e-03,3.305785123966942067e-03,0.000000000000000000e+00,6.611570247933884134e-03
0.000000000000000000e+00,0.000000000000000000e+00,0.000000000000000000e+00,0.000000000000000000e+00,0.000000000000000000e+00,0.000000000000000000e+00,5.208333333333333044e-03,5.208333333333333044e-03,1.562500000000000000e-02,6.250000000000000000e-02,8.854166666666667129e-02,2.343750000000000000e-01,4.062500000000000000e-01,7.291666666666667129e-02,1.562500000000000000e-02,4.687500000000000000e-02,5.208333333333333044e-03,0.000000000000000000e+00,0.000000000000000000e+00,5.208333333333333044e-03,0.000000000000000000e+00,3.645833333333333565e-02
0.000000000000000000e+00,0.000000000000000000e+00,0.000000000000000000e+00,0.000000000000000000e+00,0.000000000000000000e+00,0.000000000000000000e+00,0.000000000000000000e+00,0.000000000000000000e+00,1.960784313725490169e-02,6.862745098039216285e-02,8.823529411764706454e-02,1.372549019607843257e-01,1.176470588235294101e-01,3.137254901960784270e-01,1.078431372549019662e-01,6.862745098039216285e-02,0.000000000000000000e+00,0.000000000000000000e+00,1.960784313725490169e-02,0.000000000000000000e+00,0.000000000000000000e+00,5.882352941176470507e-02
1.612903225806451568e-02,0.000000000000000000e+00,0.000000000000000000e+00,1.612903225806451568e-02,0.000000000000000000e+00,0.000000000000000000e+00,0.000000000000000000e+00,0.000000000000000000e+00,1.612903225806451568e-02,1.612903225806451568e-02,1.290322580645161255e-01,1.129032258064516098e-01,1.290322580645161255e-01,1.129032258064516098e-01,2.741935483870967527e-01,1.129032258064516098e-01,0.000000000000000000e+00,0.000000000000000000e+00,0.000000000000000000e+00,1.612903225806451568e-02,0.000000000000000000e+00,4.838709677419354704e-02
0.000000000000000000e+00,0.000000000000000000e+00,0.000000000000000000e+00,0.000000000000000000e+00,0.000000000000000000e+00,0.000000000000000000e+00,0.000000000000000000e+00,1.694915254237288130e-02,0.000000000000000000e+00,3.389830508474576259e-02,1.355932203389830504e-01,8.474576271186440302e-02,1.016949152542372947e-01,6.779661016949152519e-02,1.355932203389830504e-01,3.050847457627118842e-01,1.694915254237288130e-02,1.694915254237288130e-02,0.000000000000000000e+00,0.000000000000000000e+00,0.000000000000000000e+00,8.474576271186440302e-02
0.000000000000000000e+00,0.000000000000000000e+00,0.000000000000000000e+00,0.000000000000000000e+00,0.000000000000000000e+00,0.000000000000000000e+00,0.000000000000000000e+00,0.000000000000000000e+00,0.000000000000000000e+00,1.176470588235294101e-01,1.176470588235294101e-01,5.882352941176470507e-02,1.764705882352941291e-01,1.176470588235294101e-01,5.882352941176470507e-02,0.000000000000000000e+00,1.176470588235294101e-01,5.882352941176470507e-02,0.000000000000000000e+00,0.000000000000000000e+00,0.000000000000000000e+00,1.764705882352941291e-01
0.000000000000000000e+00,0.000000000000000000e+00,0.000000000000000000e+00,0.000000000000000000e+00,0.000000000000000000e+00,0.000000000000000000e+00,0.000000000000000000e+00,0.000000000000000000e+00,6.250000000000000000e-02,0.000000000000000000e+00,6.250000000000000000e-02,0.000000000000000000e+00,0.000000000000000000e+00,6.250000000000000000e-02,6.250000000000000000e-02,1.875000000000000000e-01,0.000000000000000000e+00,1.250000000000000000e-01,6.250000000000000000e-02,0.000000000000000000e+00,6.250000000000000000e-02,3.125000000000000000e-01
0.000000000000000000e+00,0.000000000000000000e+00,0.000000000000000000e+00,0.000000000000000000e+00,0.000000000000000000e+00,0.000000000000000000e+00,0.000000000000000000e+00,0.000000000000000000e+00,0.000000000000000000e+00,8.695652173913043237e-02,0.000000000000000000e+00,8.695652173913043237e-02,1.304347826086956486e-01,4.347826086956521618e-02,4.347826086956521618e-02,4.347826086956521618e-02,4.347826086956521618e-02,8.695652173913043237e-02,3.043478260869565410e-01,4.347826086956521618e-02,0.000000000000000000e+00,8.695652173913043237e-02
0.000000000000000000e+00,0.000000000000000000e+00,0.000000000000000000e+00,0.000000000000000000e+00,0.000000000000000000e+00,0.000000000000000000e+00,0.000000000000000000e+00,0.000000000000000000e+00,0.000000000000000000e+00,0.000000000000000000e+00,1.250000000000000000e-01,6.250000000000000000e-02,0.000000000000000000e+00,6.250000000000000000e-02,0.000000000000000000e+00,6.250000000000000000e-02,0.000000000000000000e+00,0.000000000000000000e+00,1.875000000000000000e-01,3.125000000000000000e-01,6.250000000000000000e-02,1.250000000000000000e-01
0.000000000000000000e+00,0.000000000000000000e+00,0.000000000000000000e+00,0.000000000000000000e+00,0.000000000000000000e+00,0.000000000000000000e+00,0.000000000000000000e+00,0.000000000000000000e+00,0.000000000000000000e+00,0.000000000000000000e+00,0.000000000000000000e+00,8.333333333333332871e-02,0.000000000000000000e+00,0.000000000000000000e+00,8.333333333333332871e-02,8.333333333333332871e-02,1.666666666666666574e-01,8.333333333333332871e-02,8.333333333333332871e-02,8.333333333333332871e-02,3.333333333333333148e-01,0.000000000000000000e+00
0.000000000000000000e+00,0.000000000000000000e+00,7.575757575757575968e-03,0.000000000000000000e+00,0.000000000000000000e+00,7.575757575757575968e-03,7.575757575757575968e-03,0.000000000000000000e+00,1.515151515151515194e-02,1.515151515151515194e-02,1.515151515151515194e-02,1.515151515151515194e-02,6.818181818181817677e-02,5.303030303030303177e-02,3.787878787878787984e-02,2.272727272727272790e-02,3.787878787878787984e-02,3.030303030303030387e-02,2.272727272727272790e-02,3.030303030303030387e-02,3.030303030303030387e-02,5.833333333333333703e-01
