7.084664536741214214e-01,7.987220447284344715e-02,1.757188498402555837e-02,1.198083067092651707e-02,6.389776357827475772e-03,2.396166134185303415e-03,0.000000000000000000e+00,3.194888178913737886e-03,7.987220447284344715e-04,2.396166134185303415e-03,7.987220447284344715e-03,0.000000000000000000e+00,0.000000000000000000e+00,7.987220447284344715e-04,7.987220447284344715e-04,7.987220447284344715e-04,1.597444089456868943e-03,5.591054313099041301e-03,1.118210862619808260e-02,2.795527156549520650e-02,1.102236421725239640e-01
1.553719008264462798e-01,5.636363636363636020e-01,1.090909090909090856e-01,3.140495867768595267e-02,1.818181818181818094e-02,6.611570247933884134e-03,3.305785123966942067e-03,0.000000000000000000e+00,8.264462809917355601e-03,3.305785123966942067e-03,2.975206611570247947e-02,4.958677685950413534e-03,0.000000000000000000e+00,0.000000000000000000e+00,1.652892561983471034e-03,1.652892561983471034e-03,8.264462809917355601e-03,8.264462809917355601e-03,3.305785123966942067e-03,9.917355371900827068e-03,3.305785123966942241e-02
5.655526992287917415e-02,1.670951156812339466e-01,5.655526992287918109e-01,7.969151670951156452e-02,2.570694087403599046e-02,1.799485861182519367e-02,2.570694087403598786e-03,7.712082262210796790e-03,5.141388174807197571e-03,2.570694087403598786e-03,1.542416452442159358e-02,2.570694087403598786e-03,0.000000000000000000e+00,0.000000000000000000e+00,0.000000000000000000e+00,2.570694087403598786e-03,0.000000000000000000e+00,5.141388174807197571e-03,7.712082262210796790e-03,1.285347043701799523e-02,2.313624678663239037e-02
4.633204633204632966e-02,7.335907335907336513e-02,7.722007722007721842e-02,4.826254826254826047e-01,1.042471042471042469e-01,2.702702702702702853e-02,5.405405405405405705e-02,1.544401544401544438e-02,1.158301158301158242e-02,3.861003861003861094e-03,4.247104247104246944e-02,0.000000000000000000e+00,0.000000000000000000e+00,0.000000000000000000e+00,0.000000000000000000e+00,0.000000000000000000e+00,3.861003861003861094e-03,0.000000000000000000e+00,1.544401544401544438e-02,3.861003861003861094e-03,3.861003861003860921e-02
3.398058252427184345e-02,3.398058252427184345e-02,5.825242718446602130e-02,9.223300970873786475e-02,4.611650485436893376e-01,8.252427184466019916e-02,5.339805825242718157e-02,2.912621359223301065e-02,4.854368932038834530e-03,9.708737864077669061e-03,5.825242718446602130e-02,0.000000000000000000e+00,0.000000000000000000e+00,4.854368932038834530e-03,0.000000000000000000e+00,0.000000000000000000e+00,0.000000000000000000e+00,9.708737864077669061e-03,1.456310679611650533e-02,9.708737864077669061e-03,4.368932038834951598e-02
9.259259259259258745e-03,4.629629629629629373e-02,5.555555555555555247e-02,5.555555555555555247e-02,1.666666666666666574e-01,3.611111111111111049e-01,1.111111111111111049e-01,5.555555555555555247e-02,1.851851851851851749e-02,9.259259259259258745e-03,4.629629629629629373e-02,0.000000000000000000e+00,0.000000000000000000e+00,0.000000000000000000e+00,0.000000000000000000e+00,0.000000000000000000e+00,0.000000000000000000e+00,9.259259259259258745e-03,0.000000000000000000e+00,0.000000000000000000e+00,5.555555555555555247e-02
2.597402597402597574e-02,2.597402597402597574e-02,2.597402597402597574e-02,1.038961038961039030e-01,2.597402597402597574e-02,1.298701298701298579e-01,3.636363636363636465e-01,2.597402597402597574e-02,0.000000000000000000e+00,1.298701298701298787e-02,1.558441558441558406e-01,0.000000000000000000e+00,0.000000000000000000e+00,1.298701298701298787e-02,0.000000000000000000e+00,0.000000000000000000e+00,0.000000000000000000e+00,1.298701298701298787e-02,1.298701298701298787e-02,2.597402597402597574e-02,3.896103896103896014e-02
0.000000000000000000e+00,3.773584905660377214e-02,5.660377358490566169e-02,5.660377358490566169e-02,1.886792452830188607e-02,3.773584905660377214e-02,0.000000000000000000e+00,2.264150943396226467e-01,3.773584905660377214e-02,7.547169811320754429e-02,2.452830188679245293e-01,0.000000000000000000e+00,0.000000000000000000e+00,0.000000000000000000e+00,0.000000000000000000e+00,3.773584905660377214e-02,0.000000000000000000e+00,0.000000000000000000e+00,3.773584905660377214e-02,3.773584905660377214e-02,9.433962264150944077e-02
1.612903225806451568e-02,0.000000000000000000e+00,4.838709677419354704e-02,3.225806451612903136e-02,9.677419354838709409e-02,3.225806451612903136e-02,3.225806451612903136e-02,3.225806451612903136e-02,4.516129032258064391e-01,1.612903225806451568e-02,2.096774193548387177e-01,0.000000000000000000e+00,0.000000000000000000e+00,1.612903225806451568e-02,0.000000000000000000e+00,1.612903225806451568e-02,0.000000000000000000e+00,0.000000000000000000e+00,0.000000000000000000e+00,0.000000000000000000e+00,0.000000000000000000e+00
6.122448979591836593e-02,4.081632653061224164e-02,2.040816326530612082e-02,8.163265306122448328e-02,1.020408163265306145e-01,4.081632653061224164e-02,2.040816326530612082e-02,4.081632653061224164e-02,8.163265306122448328e-02,3.061224489795918435e-01,8.163265306122448328e-02,0.000000000000000000e+00,0.000000000000000000e+00,0.000000000000000000e+00,4.081632653061224164e-02,0.000000000000000000e+00,0.000000000000000000e+00,0.000000000000000000e+00,2.040816326530612082e-02,0.000000000000000000e+00,6.122448979591836593e-02
2.526315789473684154e-02,3.578947368421052377e-02,2.315789473684210648e-02,2.947368421052631512e-02,3.368421052631578871e-02,6.315789473684210384e-03,8.421052631578947179e-03,1.684210526315789436e-02,2.105263157894736795e-02,2.947368421052631512e-02,7.242105263157895267e-01,6.315789473684210384e-03,2.105263157894736795e-03,2.105263157894736795e-03,0.000000000000000000e+00,2.105263157894736795e-03,0.000000000000000000e+00,6.315789473684210384e-03,1.052631578947368397e-02,6.315789473684210384e-03,1.052631578947368397e-02
0.000000000000000000e+00,2.688172043010752903e-03,0.000000000000000000e+00,0.000000000000000000e+00,0.000000000000000000e+00,2.688172043010752903e-03,2.688172043010752903e-03,0.000000000000000000e+00,0.000000000000000000e+00,0.000000000000000000e+00,1.612903225806451568e-02,8.897849462365591267e-01,5.107526881720430428e-02,8.064516129032257841e-03,2.688172043010752903e-03,0.000000000000000000e+00,0.000000000000000000e+00,2.688172043010752903e-03,8.064516129032257841e-03,0.000000000000000000e+00,1.344086021505376365e-02
0.000000000000000000e+00,0.000000000000000000e+00,0.000000000000000000e+00,0.000000000000000000e+00,0.000000000000000000e+00,0.000000000000000000e+00,0.000000000000000000e+00,0.000000000000000000e+00,0.000000000000000000e+00,0.000000000000000000e+00,0.000000000000000000e+00,1.271186440677966045e-01,6.694915254237288060e-01,1.271186440677966045e-01,1.694915254237288130e-02,1.694915254237288130e-02,0.000000000000000000e+00,3.389830508474576259e-02,0.000000000000000000e+00,0.000000000000000000e+00,8.474576271186440649e-03
0.000000000000000000e+00,0.000000000000000000e+00,2.150537634408602322e-02,0.000000000000000000e+00,0.000000000000000000e+00,0.000000000000000000e+00,0.000000000000000000e+00,1.075268817204301161e-02,0.000000000000000000e+00,0.000000000000000000e+00,1.075268817204301161e-02,3.225806451612903136e-02,1.075268817204301092e-01,6.021505376344086224e-01,9.677419354838709409e-02,5.376344086021505458e-02,2.150537634408602322e-02,3.225806451612903136e-02,0.000000000000000000e+00,0.000000000000000000e+00,1.075268817204301161e-02
0.000000000000000000e+00,0.000000000000000000e+00,5.952380952380952051e-03,0.000000000000000000e+00,0.000000000000000000e+00,0.000000000000000000e+00,0.000000000000000000e+00,0.000000000000000000e+00,0.000000000000000000e+00,0.000000000000000000e+00,0.000000000000000000e+00,2.380952380952380820e-02,1.190476190476190410e-02,2.976190476190476025e-02,7.619047619047618625e-01,6.547619047619047949e-02,4.761904761904761640e-02,3.571428571428571230e-02,1.190476190476190410e-02,0.000000000000000000e+00,5.952380952380952051e-03
0.000000000000000000e+00,0.000000000000000000e+00,0.000000000000000000e+00,0.000000000000000000e+00,5.347593582887700224e-03,5.347593582887700224e-03,0.000000000000000000e+00,5.347593582887700224e-03,0.000000000000000000e+00,0.000000000000000000e+00,5.347593582887700224e-03,5.347593582887700224e-03,2.673796791443850199e-02,2.139037433155080090e-02,4.812834224598930288e-02,6.844919786096256287e-01,1.069518716577540079e-01,5.347593582887700397e-02,5.347593582887700224e-03,1.069518716577540045e-02,1.604278074866310327e-02
3.322259136212624663e-03,3.322259136212624663e-03,0.000000000000000000e+00,3.322259136212624663e-03,0.000000000000000000e+00,0.000000000000000000e+00,0.000000000000000000e+00,0.000000000000000000e+00,0.000000000000000000e+00,3.322259136212624663e-03,0.000000000000000000e+00,6.644518272425249325e-03,3.322259136212624663e-03,1.328903654485049865e-02,1.328903654485049865e-02,6.976744186046511531e-02,7.142857142857143016e-01,1.362126245847176120e-01,1.993355481727574624e-02,3.322259136212624663e-03,6.644518272425249325e-03
1.165048543689320426e-02,7.766990291262135596e-03,1.941747572815533899e-03,0.000000000000000000e+00,1.941747572815533899e-03,0.000000000000000000e+00,0.000000000000000000e+00,1.941747572815533899e-03,0.000000000000000000e+00,0.000000000000000000e+00,5.825242718446602130e-03,1.941747572815533899e-03,3.883495145631067798e-03,5.825242718446602130e-03,1.553398058252427119e-02,1.941747572815533812e-02,6.601941747572816210e-02,6.815533980582524354e-01,1.300970873786407855e-01,2.912621359223301065e-02,1.553398058252427119e-02
1.439790575916230324e-02,6.544502617801047084e-03,0.000000000000000000e+00,1.308900523560209504e-03,0.000000000000000000e+00,2.617801047120419007e-03,0.000000000000000000e+00,0.000000000000000000e+00,0.000000000000000000e+00,0.000000000000000000e+00,7.853403141361256154e-03,7.853403141361256154e-03,2.617801047120419007e-03,0.000000000000000000e+00,2.617801047120419007e-03,2.617801047120419007e-03,1.570680628272251231e-02,7.198952879581152486e-02,7.068062827225131128e-01,1.387434554973822065e-01,1.832460732984293045e-02
2.910052910052909891e-02,2.645502645502645356e-03,4.409171075837742260e-03,3.527336860670193808e-03,1.763668430335096904e-03,2.645502645502645356e-03,1.763668430335096904e-03,1.763668430335096904e-03,8.818342151675484519e-04,1.763668430335096904e-03,4.409171075837742260e-03,8.818342151675484519e-04,8.818342151675484519e-04,0.000000000000000000e+00,2.645502645502645356e-03,8.818342151675484519e-04,3.527336860670193808e-03,1.499118165784832368e-02,8.906525573192239364e-02,7.389770723104056582e-01,9.347442680776013590e-02
9.469964664310953628e-02,1.625441696113074166e-02,5.653710247349823075e-03,3.533568904593639530e-03,3.533568904593639530e-03,7.067137809187278843e-04,0.000000000000000000e+00,0.000000000000000000e+00,0.000000000000000000e+00,1.413427561837455769e-03,6.360424028268551501e-03,1.413427561837455769e-03,7.067137809187278843e-04,1.413427561837455769e-03,0.000000000000000000e+00,2.120141342756183545e-03,2.120141342756183545e-03,7.067137809187279060e-03,1.625441696113074166e-02,7.067137809187279407e-02,7.660777385159011077e-01
