6.360879454131918020e-01,8.263836239575435283e-02,2.274450341167551237e-02,1.288855193328278942e-02,9.855951478392721218e-03,6.823351023502653885e-03,2.274450341167551150e-03,3.790750568612585251e-03,1.516300227445034100e-03,1.516300227445034100e-03,1.971190295678544244e-02,0.000000000000000000e+00,0.000000000000000000e+00,0.000000000000000000e+00,0.000000000000000000e+00,1.516300227445034100e-03,1.516300227445034100e-03,5.307050796057619785e-03,8.339651250947687985e-03,2.956785443517816539e-02,1.539044730856709564e-01
1.914008321775312049e-01,5.436893203883494952e-01,9.153952843273231721e-02,4.022191400832177827e-02,1.803051317614424304e-02,1.109570041608876588e-02,8.321775312066573976e-03,5.547850208044382940e-03,0.000000000000000000e+00,0.000000000000000000e+00,1.941747572815533812e-02,0.000000000000000000e+00,0.000000000000000000e+00,0.000000000000000000e+00,0.000000000000000000e+00,0.000000000000000000e+00,0.000000000000000000e+00,4.160887656033286988e-03,1.248266296809986096e-02,1.248266296809986096e-02,4.160887656033287335e-02
8.894230769230769551e-02,2.019230769230769273e-01,4.519230769230769273e-01,7.451923076923076816e-02,2.403846153846153980e-02,1.923076923076923184e-02,1.682692307692307612e-02,9.615384615384615918e-03,7.211538461538461939e-03,2.403846153846153980e-03,2.163461538461538408e-02,0.000000000000000000e+00,0.000000000000000000e+00,0.000000000000000000e+00,0.000000000000000000e+00,0.000000000000000000e+00,7.211538461538461939e-03,4.807692307692307959e-03,0.000000000000000000e+00,2.403846153846153980e-02,4.567307692307692041e-02
8.627450980392156743e-02,9.803921568627450844e-02,1.411764705882352922e-01,4.901960784313725283e-01,2.352941176470588203e-02,7.843137254901960675e-03,2.745098039215686236e-02,1.568627450980392135e-02,3.921568627450980338e-03,3.921568627450980338e-03,3.921568627450980338e-02,0.000000000000000000e+00,0.000000000000000000e+00,0.000000000000000000e+00,0.000000000000000000e+00,0.000000000000000000e+00,0.000000000000000000e+00,0.000000000000000000e+00,0.000000000000000000e+00,3.137254901960784270e-02,3.137254901960784270e-02
7.142857142857142461e-02,7.738095238095238360e-02,1.130952380952380959e-01,9.523809523809523281e-02,4.642857142857143016e-01,2.380952380952380820e-02,4.166666666666666435e-02,1.785714285714285615e-02,1.190476190476190410e-02,5.952380952380952051e-03,2.976190476190476025e-02,0.000000000000000000e+00,0.000000000000000000e+00,0.000000000000000000e+00,0.000000000000000000e+00,0.000000000000000000e+00,5.952380952380952051e-03,0.000000000000000000e+00,0.000000000000000000e+00,1.785714285714285615e-02,2.380952380952380820e-02
4.411764705882353227e-02,2.941176470588235253e-02,1.029411764705882304e-01,7.352941176470588480e-02,1.323529411764705899e-01,2.205882352941176405e-01,1.323529411764705899e-01,1.470588235294117627e-02,1.470588235294117627e-02,1.470588235294117627e-02,1.176470588235294101e-01,0.000000000000000000e+00,0.000000000000000000e+00,0.000000000000000000e+00,0.000000000000000000e+00,0.000000000000000000e+00,0.000000000000000000e+00,0.000000000000000000e+00,1.470588235294117627e-02,5.882352941176470507e-02,2.941176470588235253e-02
7.407407407407406996e-02,6.172839506172839164e-02,7.407407407407406996e-02,8.641975308641974829e-02,4.938271604938271331e-02,9.876543209876542662e-02,2.962962962962962798e-01,6.172839506172839164e-02,1.234567901234567833e-02,0.000000000000000000e+00,7.407407407407406996e-02,0.000000000000000000e+00,0.000000000000000000e+00,0.000000000000000000e+00,0.000000000000000000e+00,1.234567901234567833e-02,0.000000000000000000e+00,0.000000000000000000e+00,0.000000000000000000e+00,2.469135802469135665e-02,7.407407407407406996e-02
8.333333333333332871e-02,8.333333333333332871e-02,6.250000000000000000e-02,0.000000000000000000e+00,8.333333333333332871e-02,4.166666666666666435e-02,6.250000000000000000e-02,2.708333333333333148e-01,6.250000000000000000e-02,0.000000000000000000e+00,1.458333333333333426e-01,0.000000000000000000e+00,0.000000000000000000e+00,0.000000000000000000e+00,0.000000000000000000e+00,0.000000000000000000e+00,0.000000000000000000e+00,0.000000000000000000e+00,2.083333333333333218e-02,0.000000000000000000e+00,8.333333333333332871e-02
8.163265306122448328e-02,4.081632653061224164e-02,1.020408163265306145e-01,2.040816326530612082e-02,4.081632653061224164e-02,1.020408163265306145e-01,6.122448979591836593e-02,2.040816326530612082e-02,3.673469387755102233e-01,4.081632653061224164e-02,8.163265306122448328e-02,0.000000000000000000e+00,0.000000000000000000e+00,0.000000000000000000e+00,0.000000000000000000e+00,2.040816326530612082e-02,0.000000000000000000e+00,0.000000000000000000e+00,0.000000000000000000e+00,0.000000000000000000e+00,2.040816326530612082e-02
9.090909090909091161e-02,9.090909090909091161e-02,6.060606060606060774e-02,0.000000000000000000e+00,6.060606060606060774e-02,0.000000000000000000e+00,0.000000000000000000e+00,0.000000000000000000e+00,6.060606060606060774e-02,3.636363636363636465e-01,2.727272727272727071e-01,0.000000000000000000e+00,0.000000000000000000e+00,0.000000000000000000e+00,0.000000000000000000e+00,0.000000000000000000e+00,0.000000000000000000e+00,0.000000000000000000e+00,0.000000000000000000e+00,0.000000000000000000e+00,0.000000000000000000e+00
6.872852233676976508e-02,3.780068728522336524e-02,3.780068728522336524e-02,4.467353951890034452e-02,2.405498281786941708e-02,2.061855670103092744e-02,2.749140893470790326e-02,1.030927835051546372e-02,2.405498281786941708e-02,3.436426116838488254e-02,5.635738831615120237e-01,0.000000000000000000e+00,0.000000000000000000e+00,0.000000000000000000e+00,3.436426116838487907e-03,0.000000000000000000e+00,0.000000000000000000e+00,2.061855670103092744e-02,6.872852233676975814e-03,3.436426116838488254e-02,4.123711340206185488e-02
5.319148936170212637e-03,0.000000000000000000e+00,5.319148936170212637e-03,5.319148936170212637e-03,0.000000000000000000e+00,0.000000000000000000e+00,0.000000000000000000e+00,0.000000000000000000e+00,0.000000000000000000e+00,5.319148936170212637e-03,1.063829787234042527e-02,8.404255319148936643e-01,3.191489361702127409e-02,1.595744680851063704e-02,2.659574468085106405e-02,0.000000000000000000e+00,1.063829787234042527e-02,1.595744680851063704e-02,5.319148936170212637e-03,1.595744680851063704e-02,5.319148936170212637e-03
0.000000000000000000e+00,0.000000000000000000e+00,0.000000000000000000e+00,0.000000000000000000e+00,0.000000000000000000e+00,0.000000000000000000e+00,0.000000000000000000e+00,0.000000000000000000e+00,0.000000000000000000e+00,0.000000000000000000e+00,7.894736842105262720e-02,3.157894736842105088e-01,3.947368421052631637e-01,5.263157894736841813e-02,7.894736842105262720e-02,0.000000000000000000e+00,0.000000000000000000e+00,2.631578947368420907e-02,0.000000000000000000e+00,5.263157894736841813e-02,0.000000000000000000e+00
0.000000000000000000e+00,0.000000000000000000e+00,0.000000000000000000e+00,1.960784313725490169e-02,0.000000000000000000e+00,0.000000000000000000e+00,0.000000000000000000e+00,0.000000000000000000e+00,0.000000000000000000e+00,0.000000000000000000e+00,9.803921568627450844e-03,5.882352941176470507e-02,6.862745098039216285e-02,6.862745098039215730e-01,3.921568627450980338e-02,4.901960784313725422e-02,1.960784313725490169e-02,2.941176470588235253e-02,1.960784313725490169e-02,0.000000000000000000e+00,0.000000000000000000e+00
0.000000000000000000e+00,0.000000000000000000e+00,0.000000000000000000e+00,6.756756756756757132e-03,6.756756756756757132e-03,0.000000000000000000e+00,0.000000000000000000e+00,0.000000000000000000e+00,0.000000000000000000e+00,0.000000000000000000e+00,6.756756756756757132e-03,3.378378378378378566e-02,1.351351351351351426e-02,6.081081081081081419e-02,6.554054054054053724e-01,8.783783783783784271e-02,6.756756756756757132e-02,6.756756756756757132e-03,1.351351351351351426e-02,2.702702702702702853e-02,1.351351351351351426e-02
1.863354037267080793e-02,6.211180124223602064e-03,0.000000000000000000e+00,0.000000000000000000e+00,0.000000000000000000e+00,6.211180124223602064e-03,0.000000000000000000e+00,6.211180124223602064e-03,0.000000000000000000e+00,0.000000000000000000e+00,1.242236024844720413e-02,6.211180124223602064e-03,1.242236024844720413e-02,1.863354037267080793e-02,1.366459627329192628e-01,5.652173913043477826e-01,1.055900621118012472e-01,4.347826086956521618e-02,1.863354037267080793e-02,1.863354037267080793e-02,2.484472049689440826e-02
1.214574898785425114e-02,2.024291497975708523e-02,8.097165991902834092e-03,8.097165991902834092e-03,4.048582995951417046e-03,4.048582995951417046e-03,0.000000000000000000e+00,0.000000000000000000e+00,0.000000000000000000e+00,0.000000000000000000e+00,8.097165991902834092e-03,0.000000000000000000e+00,8.097165991902834092e-03,1.619433198380566818e-02,4.048582995951417046e-02,1.214574898785425044e-01,5.991902834008097090e-01,6.882591093117408632e-02,4.048582995951417046e-02,3.238866396761133637e-02,8.097165991902834092e-03
6.787330316742081621e-03,4.524886877828054703e-03,4.524886877828054703e-03,2.262443438914027351e-03,4.524886877828054703e-03,0.000000000000000000e+00,2.262443438914027351e-03,4.524886877828054703e-03,0.000000000000000000e+00,0.000000000000000000e+00,9.049773755656109406e-03,6.787330316742081621e-03,0.000000000000000000e+00,6.787330316742081621e-03,2.262443438914027351e-03,1.809954751131221881e-02,8.144796380090497945e-02,6.628959276018099311e-01,1.357466063348416185e-01,3.393665158371040463e-02,1.357466063348416324e-02
1.196172248803827748e-02,4.784688995215310818e-03,3.588516746411483330e-03,2.392344497607655409e-03,1.196172248803827705e-03,0.000000000000000000e+00,2.392344497607655409e-03,0.000000000000000000e+00,0.000000000000000000e+00,1.196172248803827705e-03,1.076555023923445042e-02,1.196172248803827705e-03,1.196172248803827705e-03,1.196172248803827705e-03,1.196172248803827705e-03,1.196172248803827705e-03,1.315789473684210453e-02,9.210526315789473173e-02,6.854066985645933530e-01,1.303827751196172113e-01,3.468899521531100538e-02
2.033405954974582333e-02,9.440813362381990023e-03,1.307189542483660170e-02,5.083514887436455833e-03,3.631082062454611681e-03,2.178649237472767095e-03,2.178649237472767095e-03,7.262164124909222928e-04,7.262164124909222928e-04,1.452432824981844586e-03,1.161946259985475668e-02,2.178649237472767095e-03,2.178649237472767095e-03,1.452432824981844586e-03,1.452432824981844586e-03,1.452432824981844586e-03,4.357298474945534190e-03,1.089324618736383504e-02,1.060275962236746500e-01,6.986201888162671958e-01,1.009440813362381950e-01
9.107806691449814307e-02,2.664188351920693948e-02,1.672862453531598348e-02,9.913258983890954265e-03,3.717472118959107633e-03,3.097893432465923316e-03,6.195786864931846416e-04,1.239157372986369283e-03,3.097893432465923316e-03,1.239157372986369283e-03,9.913258983890954265e-03,1.239157372986369283e-03,0.000000000000000000e+00,0.000000000000000000e+00,6.195786864931846416e-04,1.858736059479553816e-03,4.337050805452292816e-03,1.858736059479553816e-03,1.425030978934324621e-02,1.127633209417596011e-01,6.957868649318463827e-01
