2.934782608695652439e-01,2.826086956521738913e-01,2.391304347826087029e-01,8.695652173913043237e-02,2.173913043478260809e-02,3.260869565217391214e-02,0.000000000000000000e+00,1.086956521739130405e-02,0.000000000000000000e+00,0.000000000000000000e+00,0.000000000000000000e+00,0.000000000000000000e+00,0.000000000000000000e+00,0.000000000000000000e+00,0.000000000000000000e+00,0.000000000000000000e+00,0.000000000000000000e+00,0.000000000000000000e+00,1.086956521739130405e-02,0.000000000000000000e+00,0.000000000000000000e+00,2.173913043478260809e-02
5.263157894736841813e-02,7.596017069701280766e-01,1.308677098150782259e-01,3.840682788051209134e-02,1.137980085348506455e-02,4.267425320056899424e-03,1.422475106685633069e-03,1.422475106685633069e-03,0.000000000000000000e+00,0.000000000000000000e+00,0.000000000000000000e+00,0.000000000000000000e+00,0.000000000000000000e+00,0.000000000000000000e+00,0.000000000000000000e+00,0.000000000000000000e+00,0.000000000000000000e+00,0.000000000000000000e+00,0.000000000000000000e+00,0.000000000000000000e+00,0.000000000000000000e+00,0.000000000000000000e+00
6.238003838771592757e-03,5.998080614203454841e-02,7.773512476007677918e-01,1.338771593090211098e-01,1.103646833013435628e-02,3.838771593090210994e-03,3.838771593090210994e-03,9.596928982725527486e-04,4.798464491362763743e-04,4.798464491362763743e-04,0.000000000000000000e+00,0.000000000000000000e+00,0.000000000000000000e+00,0.000000000000000000e+00,0.000000000000000000e+00,0.000000000000000000e+00,0.000000000000000000e+00,0.000000000000000000e+00,0.000000000000000000e+00,0.000000000000000000e+00,0.000000000000000000e+00,1.919385796545105497e-03
9.428032683846637556e-04,5.028284098051540030e-03,9.553739786297925363e-02,8.104965430546825500e-01,6.379635449402891456e-02,1.288497800125707089e-02,5.342551854179760848e-03,1.257071024512885007e-03,1.257071024512885007e-03,6.285355122564425037e-04,6.285355122564425037e-04,6.285355122564425037e-04,0.000000000000000000e+00,3.142677561282212519e-04,3.142677561282212519e-04,0.000000000000000000e+00,0.000000000000000000e+00,0.000000000000000000e+00,0.000000000000000000e+00,0.000000000000000000e+00,0.000000000000000000e+00,9.428032683846637556e-04
0.000000000000000000e+00,2.915451895043731732e-03,9.475218658892128887e-03,1.741982507288629689e-01,6.946064139941691140e-01,7.142857142857142461e-02,2.332361516034985385e-02,1.239067055393586018e-02,1.457725947521865866e-03,2.915451895043731732e-03,1.457725947521865866e-03,7.288629737609329329e-04,2.186588921282798907e-03,7.288629737609329329e-04,0.000000000000000000e+00,0.000000000000000000e+00,0.000000000000000000e+00,0.000000000000000000e+00,0.000000000000000000e+00,0.000000000000000000e+00,0.000000000000000000e+00,2.186588921282798907e-03
0.000000000000000000e+00,0.000000000000000000e+00,1.237113402061855612e-02,8.453608247422680910e-02,2.309278350515464040e-01,5.381443298969071920e-01,5.773195876288660100e-02,3.505154639175257769e-02,1.030927835051546372e-02,1.030927835051546372e-02,6.185567010309278059e-03,0.000000000000000000e+00,0.000000000000000000e+00,2.061855670103092831e-03,0.000000000000000000e+00,0.000000000000000000e+00,4.123711340206185662e-03,0.000000000000000000e+00,0.000000000000000000e+00,4.123711340206185662e-03,0.000000000000000000e+00,4.123711340206185662e-03
0.000000000000000000e+00,4.237288135593220324e-03,2.966101694915254314e-02,7.627118644067797104e-02,8.474576271186440302e-02,1.779661016949152519e-01,4.830508474576271083e-01,5.084745762711864736e-02,3.389830508474576259e-02,1.271186440677966184e-02,8.474576271186440649e-03,4.237288135593220324e-03,0.000000000000000000e+00,8.474576271186440649e-03,0.000000000000000000e+00,0.000000000000000000e+00,0.000000000000000000e+00,0.000000000000000000e+00,0.000000000000000000e+00,0.000000000000000000e+00,4.237288135593220324e-03,2.118644067796610075e-02
0.000000000000000000e+00,0.000000000000000000e+00,1.030927835051546372e-02,5.154639175257731687e-02,1.030927835051546337e-01,2.371134020618556604e-01,2.268041237113402053e-01,2.371134020618556604e-01,2.061855670103092744e-02,3.092783505154639290e-02,1.030927835051546372e-02,4.123711340206185488e-02,0.000000000000000000e+00,1.030927835051546372e-02,0.000000000000000000e+00,0.000000000000000000e+00,0.000000000000000000e+00,0.000000000000000000e+00,1.030927835051546372e-02,0.000000000000000000e+00,0.000000000000000000e+00,1.030927835051546372e-02
1.408450704225352144e-02,0.000000000000000000e+00,1.408450704225352144e-02,8.450704225352112520e-02,7.042253521126760896e-02,9.859154929577464144e-02,1.690140845070422504e-01,1.126760563380281716e-01,2.957746478873239382e-01,5.633802816901408578e-02,1.408450704225352144e-02,4.225352112676056260e-02,0.000000000000000000e+00,1.408450704225352144e-02,0.000000000000000000e+00,0.000000000000000000e+00,0.000000000000000000e+00,0.000000000000000000e+00,0.000000000000000000e+00,0.000000000000000000e+00,0.000000000000000000e+00,1.408450704225352144e-02
0.000000000000000000e+00,0.000000000000000000e+00,0.000000000000000000e+00,6.976744186046511531e-02,6.976744186046511531e-02,9.302325581395348708e-02,2.325581395348837177e-02,2.325581395348837177e-02,3.023255813953488191e-01,1.860465116279069742e-01,9.302325581395348708e-02,2.325581395348837177e-02,6.976744186046511531e-02,0.000000000000000000e+00,2.325581395348837177e-02,0.000000000000000000e+00,0.000000000000000000e+00,0.000000000000000000e+00,0.000000000000000000e+00,0.000000000000000000e+00,0.000000000000000000e+00,2.325581395348837177e-02
0.000000000000000000e+00,0.000000000000000000e+00,0.000000000000000000e+00,0.000000000000000000e+00,6.896551724137930939e-02,3.448275862068965469e-02,6.896551724137930939e-02,1.034482758620689641e-01,6.896551724137930939e-02,1.034482758620689641e-01,3.103448275862069061e-01,6.896551724137930939e-02,1.034482758620689641e-01,0.000000000000000000e+00,0.000000000000000000e+00,0.000000000000000000e+00,3.448275862068965469e-02,0.000000000000000000e+00,0.000000000000000000e+00,0.000000000000000000e+00,0.000000000000000000e+00,3.448275862068965469e-02
0.000000000000000000e+00,0.000000000000000000e+00,1.960784313725490169e-02,0.000000000000000000e+00,3.921568627450980338e-02,0.000000000000000000e+00,1.960784313725490169e-02,3.921568627450980338e-02,5.882352941176470507e-02,1.176470588235294101e-01,5.882352941176470507e-02,4.117647058823529216e-01,7.843137254901960675e-02,1.960784313725490169e-02,3.921568627450980338e-02,1.960784313725490169e-02,3.921568627450980338e-02,0.000000000000000000e+00,0.000000000000000000e+00,0.000000000000000000e+00,0.000000000000000000e+00,3.921568627450980338e-02
0.000000000000000000e+00,0.000000000000000000e+00,0.000000000000000000e+00,0.000000000000000000e+00,7.407407407407406996e-02,0.000000000000000000e+00,3.703703703703703498e-02,0.000000000000000000e+00,0.000000000000000000e+00,7.407407407407406996e-02,3.703703703703703498e-02,2.962962962962962798e-01,4.444444444444444198e-01,0.000000000000000000e+00,3.703703703703703498e-02,0.000000000000000000e+00,0.000000000000000000e+00,0.000000000000000000e+00,0.000000000000000000e+00,0.000000000000000000e+00,0.000000000000000000e+00,0.000000000000000000e+00
0.000000000000000000e+00,0.000000000000000000e+00,2.439024390243902524e-02,0.000000000000000000e+00,4.878048780487805047e-02,2.439024390243902524e-02,4.878048780487805047e-02,7.317073170731706877e-02,0.000000000000000000e+00,0.000000000000000000e+00,2.439024390243902524e-02,4.878048780487805047e-02,4.878048780487805047e-02,5.121951219512195230e-01,4.878048780487805047e-02,2.439024390243902524e-02,2.439024390243902524e-02,0.000000000000000000e+00,2.439024390243902524e-02,0.000000000000000000e+00,0.000000000000000000e+00,2.439024390243902524e-02
0.000000000000000000e+00,0.000000000000000000e+00,6.666666666666666574e-02,3.333333333333333287e-02,3.333333333333333287e-02,3.333333333333333287e-02,3.333333333333333287e-02,3.333333333333333287e-02,0.000000000000000000e+00,3.333333333333333287e-02,3.333333333333333287e-02,3.333333333333333287e-02,3.333333333333333287e-02,1.666666666666666574e-01,4.666666666666666741e-01,0.000000000000000000e+00,0.000000000000000000e+00,0.000000000000000000e+00,0.000000000000000000e+00,0.000000000000000000e+00,0.000000000000000000e+00,0.000000000000000000e+00
0.000000000000000000e+00,0.000000000000000000e+00,0.000000000000000000e+00,0.000000000000000000e+00,0.000000000000000000e+00,0.000000000000000000e+00,0.000000000000000000e+00,0.000000000000000000e+00,0.000000000000000000e+00,0.000000000000000000e+00,0.000000000000000000e+00,1.666666666666666574e-01,1.666666666666666574e-01,1.666666666666666574e-01,1.666666666666666574e-01,1.666666666666666574e-01,0.000000000000000000e+00,0.000000000000000000e+00,0.000000000000000000e+00,0.000000000000000000e+00,0.000000000000000000e+00,1.666666666666666574e-01
0.000000000000000000e+00,0.000000000000000000e+00,0.000000000000000000e+00,1.428571428571428492e-01,0.000000000000000000e+00,1.428571428571428492e-01,0.000000000000000000e+00,0.000000000000000000e+00,4.285714285714285476e-01,0.000000000000000000e+00,0.000000000000000000e+00,1.428571428571428492e-01,0.000000000000000000e+00,0.000000000000000000e+00,0.000000000000000000e+00,1.428571428571428492e-01,0.000000000000000000e+00,0.000000000000000000e+00,0.000000000000000000e+00,0.000000000000000000e+00,0.000000000000000000e+00,0.000000000000000000e+00
0.000000000000000000e+00,0.000000000000000000e+00,0.000000000000000000e+00,1.000000000000000000e+00,0.000000000000000000e+00,0.000000000000000000e+00,0.000000000000000000e+00,0.000000000000000000e+00,0.000000000000000000e+00,0.000000000000000000e+00,0.000000000000000000e+00,0.000000000000000000e+00,0.000000000000000000e+00,0.000000000000000000e+00,0.000000000000000000e+00,0.000000000000000000e+00,0.000000000000000000e+00,0.000000000000000000e+00,0.000000000000000000e+00,0.000000000000000000e+00,0.000000000000000000e+00,0.000000000000000000e+00
0.000000000000000000e+00,0.000000000000000000e+00,0.000000000000000000e+00,0.000000000000000000e+00,0.000000000000000000e+00,0.000000000000000000e+00,1.111111111111111049e-01,1.111111111111111049e-01,0.000000000000000000e+00,0.000000000000000000e+00,0.000000000000000000e+00,0.000000000000000000e+00,1.111111111111111049e-01,0.000000000000000000e+00,0.000000000000000000e+00,0.000000000000000000e+00,1.111111111111111049e-01,0.000000000000000000e+00,4.444444444444444198e-01,1.111111111111111049e-01,0.000000000000000000e+00,0.000000000000000000e+00
0.000000000000000000e+00,0.000000000000000000e+00,0.000000000000000000e+00,0.000000000000000000e+00,4.000000000000000222e-01,0.000000000000000000e+00,0.000000000000000000e+00,0.000000000000000000e+00,0.000000000000000000e+00,0.000000000000000000e+00,2.000000000000000111e-01,0.000000000000000000e+00,0.000000000000000000e+00,0.000000000000000000e+00,0.000000000000000000e+00,0.000000000000000000e+00,0.000000000000000000e+00,0.000000000000000000e+00,4.000000000000000222e-01,0.000000000000000000e+00,0.000000000000000000e+00,0.000000000000000000e+00
0.000000000000000000e+00,0.000000000000000000e+00,0.000000000000000000e+00,0.000000000000000000e+00,0.000000000000000000e+00,0.000000000000000000e+00,0.000000000000000000e+00,0.000000000000000000e+00,0.000000000000000000e+00,0.000000000000000000e+00,0.000000000000000000e+00,0.000000000000000000e+00,0.000000000000000000e+00,0.000000000000000000e+00,0.000000000000000000e+00,0.000000000000000000e+00,0.000000000000000000e+00,0.000000000000000000e+00,0.000000000000000000e+00,1.000000000000000000e+00,0.000000000000000000e+00,0.000000000000000000e+00
0.000000000000000000e+00,0.000000000000000000e+00,6.896551724137930939e-02,1.724137931034482873e-01,2.413793103448275967e-01,1.034482758620689641e-01,3.448275862068965469e-02,6.896551724137930939e-02,3.448275862068965469e-02,0.000000000000000000e+00,0.000000000000000000e+00,3.448275862068965469e-02,0.000000000000000000e+00,0.000000000000000000e+00,1.034482758620689641e-01,0.000000000000000000e+00,0.000000000000000000e+00,0.000000000000000000e+00,0.000000000000000000e+00,0.000000000000000000e+00,0.000000000000000000e+00,1.379310344827586188e-01
