6.930455635491606925e-01,1.023181454836131071e-01,1.998401278976818379e-02,7.194244604316547137e-03,9.592326139088728360e-03,2.398081534772182090e-03,1.598721023181454799e-03,3.197442046362909598e-03,1.598721023181454799e-03,0.000000000000000000e+00,7.993605115907274211e-03,0.000000000000000000e+00,0.000000000000000000e+00,0.000000000000000000e+00,7.993605115907273994e-04,0.000000000000000000e+00,7.993605115907273994e-04,7.993605115907273994e-04,6.394884092725819195e-03,2.158273381294964141e-02,1.207034372501998437e-01
1.689922480620155154e-01,5.674418604651162434e-01,1.116279069767441845e-01,3.100775193798449569e-02,1.395348837209302306e-02,6.201550387596899139e-03,1.550387596899224785e-03,4.651162790697674354e-03,1.550387596899224785e-03,3.100775193798449569e-03,1.240310077519379828e-02,0.000000000000000000e+00,0.000000000000000000e+00,0.000000000000000000e+00,0.000000000000000000e+00,0.000000000000000000e+00,1.550387596899224785e-03,4.651162790697674354e-03,3.100775193798449569e-03,1.705426356589147263e-02,5.116279069767441789e-02
8.035714285714286309e-02,1.845238095238095344e-01,4.732142857142856984e-01,7.440476190476190410e-02,2.976190476190476025e-02,1.488095238095238013e-02,1.190476190476190410e-02,5.952380952380952051e-03,0.000000000000000000e+00,5.952380952380952051e-03,2.678571428571428423e-02,0.000000000000000000e+00,0.000000000000000000e+00,0.000000000000000000e+00,0.000000000000000000e+00,0.000000000000000000e+00,2.976190476190476025e-03,2.976190476190476025e-03,1.190476190476190410e-02,3.273809523809523975e-02,4.166666666666666435e-02
5.172413793103448204e-02,6.465517241379310776e-02,1.422413793103448343e-01,5.517241379310344751e-01,7.327586206896551102e-02,2.155172413793103592e-02,4.310344827586206837e-03,0.000000000000000000e+00,8.620689655172413673e-03,4.310344827586206837e-03,2.586206896551724102e-02,0.000000000000000000e+00,0.000000000000000000e+00,0.000000000000000000e+00,0.000000000000000000e+00,0.000000000000000000e+00,4.310344827586206837e-03,0.000000000000000000e+00,1.724137931034482735e-02,1.293103448275862051e-02,1.724137931034482735e-02
4.316546762589928282e-02,8.633093525179856564e-02,7.194244604316546443e-02,1.007194244604316530e-01,5.251798561151078681e-01,4.316546762589928282e-02,7.194244604316547137e-03,1.438848920863309427e-02,1.438848920863309427e-02,0.000000000000000000e+00,4.316546762589928282e-02,0.000000000000000000e+00,0.000000000000000000e+00,0.000000000000000000e+00,0.000000000000000000e+00,0.000000000000000000e+00,0.000000000000000000e+00,0.000000000000000000e+00,7.194244604316547137e-03,1.438848920863309427e-02,2.877697841726618855e-02
1.320754716981132060e-01,5.660377358490566169e-02,1.132075471698113234e-01,1.132075471698113234e-01,3.773584905660377214e-02,2.264150943396226467e-01,1.886792452830188607e-02,1.886792452830188607e-02,0.000000000000000000e+00,0.000000000000000000e+00,1.320754716981132060e-01,0.000000000000000000e+00,0.000000000000000000e+00,0.000000000000000000e+00,0.000000000000000000e+00,1.886792452830188607e-02,0.000000000000000000e+00,0.000000000000000000e+00,1.886792452830188607e-02,3.773584905660377214e-02,7.547169811320754429e-02
0.000000000000000000e+00,3.225806451612903136e-02,6.451612903225806273e-02,6.451612903225806273e-02,9.677419354838709409e-02,1.290322580645161255e-01,2.258064516129032195e-01,6.451612903225806273e-02,3.225806451612903136e-02,3.225806451612903136e-02,1.290322580645161255e-01,0.000000000000000000e+00,0.000000000000000000e+00,0.000000000000000000e+00,0.000000000000000000e+00,0.000000000000000000e+00,0.000000000000000000e+00,0.000000000000000000e+00,0.000000000000000000e+00,6.451612903225806273e-02,6.451612903225806273e-02
5.882352941176470507e-02,0.000000000000000000e+00,1.176470588235294101e-01,5.882352941176470507e-02,5.882352941176470507e-02,5.882352941176470507e-02,1.176470588235294101e-01,1.764705882352941291e-01,5.882352941176470507e-02,0.000000000000000000e+00,2.352941176470588203e-01,0.000000000000000000e+00,0.000000000000000000e+00,0.000000000000000000e+00,0.000000000000000000e+00,0.000000000000000000e+00,0.000000000000000000e+00,0.000000000000000000e+00,0.000000000000000000e+00,0.000000000000000000e+00,5.882352941176470507e-02
2.857142857142857054e-02,5.714285714285714107e-02,2.857142857142857054e-02,8.571428571428571508e-02,5.714285714285714107e-02,5.714285714285714107e-02,5.714285714285714107e-02,2.857142857142857054e-02,3.714285714285714413e-01,2.857142857142857054e-02,1.714285714285714302e-01,0.000000000000000000e+00,0.000000000000000000e+00,0.000000000000000000e+00,0.000000000000000000e+00,0.000000000000000000e+00,0.000000000000000000e+00,0.000000000000000000e+00,0.000000000000000000e+00,0.000000000000000000e+00,2.857142857142857054e-02
0.000000000000000000e+00,2.500000000000000000e-01,0.000000000000000000e+00,0.000000000000000000e+00,8.333333333333332871e-02,0.000000000000000000e+00,8.333333333333332871e-02,0.000000000000000000e+00,2.500000000000000000e-01,8.333333333333332871e-02,1.666666666666666574e-01,0.000000000000000000e+00,0.000000000000000000e+00,0.000000000000000000e+00,0.000000000000000000e+00,0.000000000000000000e+00,0.000000000000000000e+00,0.000000000000000000e+00,0.000000000000000000e+00,0.000000000000000000e+00,8.333333333333332871e-02
3.314917127071823066e-02,4.972375690607734600e-02,2.762430939226519222e-02,6.629834254143646133e-02,2.209944751381215378e-02,3.867403314917126911e-02,3.867403314917126911e-02,1.657458563535911533e-02,4.972375690607734600e-02,2.762430939226519222e-02,5.635359116022099490e-01,0.000000000000000000e+00,0.000000000000000000e+00,0.000000000000000000e+00,0.000000000000000000e+00,5.524861878453038444e-03,5.524861878453038444e-03,0.000000000000000000e+00,5.524861878453038444e-03,2.762430939226519222e-02,2.209944751381215378e-02
8.849557522123893682e-03,0.000000000000000000e+00,0.000000000000000000e+00,8.849557522123893682e-03,0.000000000000000000e+00,0.000000000000000000e+00,0.000000000000000000e+00,0.000000000000000000e+00,0.000000000000000000e+00,0.000000000000000000e+00,1.769911504424778736e-02,6.991150442477875870e-01,5.309734513274336209e-02,4.424778761061946841e-02,2.654867256637168105e-02,5.309734513274336209e-02,3.539823008849557473e-02,4.424778761061946841e-02,8.849557522123893682e-03,0.000000000000000000e+00,0.000000000000000000e+00
0.000000000000000000e+00,1.351351351351351426e-02,0.000000000000000000e+00,0.000000000000000000e+00,0.000000000000000000e+00,0.000000000000000000e+00,0.000000000000000000e+00,0.000000000000000000e+00,0.000000000000000000e+00,0.000000000000000000e+00,0.000000000000000000e+00,1.621621621621621712e-01,5.945945945945946276e-01,9.459459459459459985e-02,2.702702702702702853e-02,5.405405405405405705e-02,2.702702702702702853e-02,1.351351351351351426e-02,0.000000000000000000e+00,0.000000000000000000e+00,1.351351351351351426e-02
0.000000000000000000e+00,0.000000000000000000e+00,0.000000000000000000e+00,6.711409395973154217e-03,0.000000000000000000e+00,0.000000000000000000e+00,0.000000000000000000e+00,0.000000000000000000e+00,0.000000000000000000e+00,0.000000000000000000e+00,0.000000000000000000e+00,2.013422818791946178e-02,6.040268456375839229e-02,7.919463087248321820e-01,6.711409395973154390e-02,1.342281879194630843e-02,2.684563758389261687e-02,6.711409395973154217e-03,6.711409395973154217e-03,0.000000000000000000e+00,0.000000000000000000e+00
0.000000000000000000e+00,6.410256410256410034e-03,0.000000000000000000e+00,0.000000000000000000e+00,0.000000000000000000e+00,0.000000000000000000e+00,6.410256410256410034e-03,0.000000000000000000e+00,0.000000000000000000e+00,0.000000000000000000e+00,1.282051282051282007e-02,6.410256410256410034e-03,1.282051282051282007e-02,3.846153846153846367e-02,7.564102564102563875e-01,1.089743589743589758e-01,6.410256410256410034e-03,2.564102564102564014e-02,1.282051282051282007e-02,0.000000000000000000e+00,6.410256410256410034e-03
1.481481481481481538e-02,1.481481481481481538e-02,0.000000000000000000e+00,0.000000000000000000e+00,0.000000000000000000e+00,0.000000000000000000e+00,0.000000000000000000e+00,0.000000000000000000e+00,0.000000000000000000e+00,0.000000000000000000e+00,1.481481481481481538e-02,4.444444444444444614e-02,2.222222222222222307e-02,1.481481481481481538e-02,8.148148148148148806e-02,5.925925925925925597e-01,1.037037037037037007e-01,5.185185185185185036e-02,2.962962962962963076e-02,7.407407407407407690e-03,7.407407407407407690e-03
0.000000000000000000e+00,4.237288135593220324e-03,0.000000000000000000e+00,0.000000000000000000e+00,4.237288135593220324e-03,0.000000000000000000e+00,4.237288135593220324e-03,0.000000000000000000e+00,0.000000000000000000e+00,4.237288135593220324e-03,4.237288135593220324e-03,2.118644067796610075e-02,8.474576271186440649e-03,1.271186440677966184e-02,8.474576271186440649e-03,4.661016949152542443e-02,7.203389830508474256e-01,1.101694915254237267e-01,3.813559322033898552e-02,4.237288135593220324e-03,8.474576271186440649e-03
5.698005698005698290e-03,1.139601139601139658e-02,2.849002849002849145e-03,2.849002849002849145e-03,2.849002849002849145e-03,2.849002849002849145e-03,2.849002849002849145e-03,0.000000000000000000e+00,0.000000000000000000e+00,0.000000000000000000e+00,2.849002849002849145e-03,8.547008547008547868e-03,2.849002849002849145e-03,0.000000000000000000e+00,8.547008547008547868e-03,1.424501424501424529e-02,4.843304843304842983e-02,6.552706552706553111e-01,1.766381766381766305e-01,2.849002849002849058e-02,2.279202279202279316e-02
9.523809523809524669e-03,9.523809523809524669e-03,2.116402116402116545e-03,1.058201058201058272e-03,0.000000000000000000e+00,3.174603174603174600e-03,1.058201058201058272e-03,0.000000000000000000e+00,0.000000000000000000e+00,1.058201058201058272e-03,5.291005291005290712e-03,3.174603174603174600e-03,1.058201058201058272e-03,1.058201058201058272e-03,0.000000000000000000e+00,4.232804232804233090e-03,3.174603174603174600e-03,6.137566137566137503e-02,7.470899470899471373e-01,1.291005291005291045e-01,1.693121693121693236e-02
1.613944480309877430e-02,1.162040025823111652e-02,3.873466752743705797e-03,1.291155584247901788e-03,1.936733376371852899e-03,1.936733376371852899e-03,0.000000000000000000e+00,6.455777921239508940e-04,0.000000000000000000e+00,0.000000000000000000e+00,5.810200129115558262e-03,1.291155584247901788e-03,6.455777921239508940e-04,6.455777921239508940e-04,0.000000000000000000e+00,1.936733376371852899e-03,2.582311168495803576e-03,9.038089089735313816e-03,6.649451258876694359e-02,7.430600387346675273e-01,1.310522918011620408e-01
1.034658511722731933e-01,1.376146788990825764e-02,8.664627930682976265e-03,3.058103975535168221e-03,3.058103975535168221e-03,1.019367991845056146e-03,0.000000000000000000e+00,5.096839959225280730e-04,1.019367991845056146e-03,0.000000000000000000e+00,6.116207951070336442e-03,0.000000000000000000e+00,5.096839959225280730e-04,0.000000000000000000e+00,1.019367991845056146e-03,0.000000000000000000e+00,1.019367991845056146e-03,3.058103975535168221e-03,1.070336391437308812e-02,8.817533129459735608e-02,7.548419979612640551e-01
