6.926210955183340623e-01,1.444092349479402515e-01,1.539157990040742469e-02,2.716161158895427988e-03,1.810774105930285181e-03,9.053870529651425903e-04,4.526935264825712952e-04,0.000000000000000000e+00,4.526935264825712952e-04,0.000000000000000000e+00,0.000000000000000000e+00,3.621548211860570361e-03,4.526935264825712952e-04,4.526935264825712952e-04,4.526935264825712952e-04,2.716161158895427988e-03,5.432322317790855976e-03,8.601177003168853849e-03,1.629696695337256793e-02,3.214124038026255903e-02,7.107288365776369410e-02
1.068249258160237358e-01,7.091988130563797732e-01,7.291225095379398613e-02,1.144552776600254312e-02,5.510809665112336060e-03,8.478168715557439592e-04,4.239084357778719796e-04,0.000000000000000000e+00,0.000000000000000000e+00,0.000000000000000000e+00,1.271725307333616047e-03,2.543450614667232094e-03,2.119542178889359790e-03,2.119542178889359790e-03,2.543450614667232094e-03,1.271725307333616047e-03,2.119542178889359790e-03,5.934718100890207931e-03,1.229334463755828687e-02,2.840186519711742144e-02,3.221704111911827262e-02
6.022845275181723523e-02,1.381100726895119479e-01,6.562824506749740383e-01,5.088265835929387665e-02,7.268951194184839273e-03,4.153686396677050766e-03,2.076843198338525383e-03,3.115264797507788074e-03,0.000000000000000000e+00,0.000000000000000000e+00,3.115264797507788074e-03,2.076843198338525383e-03,2.076843198338525383e-03,1.038421599169262691e-03,1.038421599169262691e-03,3.115264797507788074e-03,6.230529595015576148e-03,7.268951194184839273e-03,9.345794392523363789e-03,1.973001038421599157e-02,2.284527518172378008e-02
4.629629629629629373e-02,6.481481481481481122e-02,1.481481481481481399e-01,5.493827160493827133e-01,8.641975308641974829e-02,1.234567901234567833e-02,6.172839506172839164e-03,0.000000000000000000e+00,6.172839506172839164e-03,0.000000000000000000e+00,3.086419753086419582e-03,9.259259259259258745e-03,0.000000000000000000e+00,6.172839506172839164e-03,3.086419753086419582e-03,0.000000000000000000e+00,0.000000000000000000e+00,0.000000000000000000e+00,1.543209876543209791e-02,1.234567901234567833e-02,3.086419753086419582e-02
2.721088435374149558e-02,4.761904761904761640e-02,7.482993197278911546e-02,1.428571428571428492e-01,5.374149659863945994e-01,5.442176870748299117e-02,1.360544217687074779e-02,1.360544217687074779e-02,1.360544217687074779e-02,6.802721088435373896e-03,0.000000000000000000e+00,2.040816326530612082e-02,0.000000000000000000e+00,0.000000000000000000e+00,0.000000000000000000e+00,0.000000000000000000e+00,6.802721088435373896e-03,6.802721088435373896e-03,1.360544217687074779e-02,0.000000000000000000e+00,2.040816326530612082e-02
2.777777777777777624e-02,2.777777777777777624e-02,4.629629629629629373e-02,3.703703703703703498e-02,3.703703703703703498e-02,6.388888888888888395e-01,7.407407407407406996e-02,1.851851851851851749e-02,0.000000000000000000e+00,0.000000000000000000e+00,2.777777777777777624e-02,0.000000000000000000e+00,9.259259259259258745e-03,0.000000000000000000e+00,0.000000000000000000e+00,9.259259259259258745e-03,1.851851851851851749e-02,0.000000000000000000e+00,9.259259259259258745e-03,1.851851851851851749e-02,0.000000000000000000e+00
1.818181818181818094e-02,3.636363636363636187e-02,7.272727272727272374e-02,5.454545454545454281e-02,3.636363636363636187e-02,9.090909090909091161e-02,5.272727272727272263e-01,7.272727272727272374e-02,3.636363636363636187e-02,0.000000000000000000e+00,5.454545454545454281e-02,0.000000000000000000e+00,0.000000000000000000e+00,0.000000000000000000e+00,0.000000000000000000e+00,0.000000000000000000e+00,0.000000000000000000e+00,0.000000000000000000e+00,0.000000000000000000e+00,0.000000000000000000e+00,0.000000000000000000e+00
0.000000000000000000e+00,0.000000000000000000e+00,1.212121212121212155e-01,3.030303030303030387e-02,3.030303030303030387e-02,3.030303030303030387e-02,1.212121212121212155e-01,4.242424242424242542e-01,3.030303030303030387e-02,3.030303030303030387e-02,1.212121212121212155e-01,0.000000000000000000e+00,0.000000000000000000e+00,0.000000000000000000e+00,0.000000000000000000e+00,3.030303030303030387e-02,0.000000000000000000e+00,3.030303030303030387e-02,0.000000000000000000e+00,0.000000000000000000e+00,0.000000000000000000e+00
9.090909090909091161e-02,0.000000000000000000e+00,9.090909090909091161e-02,0.000000000000000000e+00,0.000000000000000000e+00,9.090909090909091161e-02,9.090909090909091161e-02,1.818181818181818232e-01,9.090909090909091161e-02,1.818181818181818232e-01,1.818181818181818232e-01,0.000000000000000000e+00,0.000000000000000000e+00,0.000000000000000000e+00,0.000000000000000000e+00,0.000000000000000000e+00,0.000000000000000000e+00,0.000000000000000000e+00,0.000000000000000000e+00,0.000000000000000000e+00,0.000000000000000000e+00
0.000000000000000000e+00,0.000000000000000000e+00,0.000000000000000000e+00,1.111111111111111049e-01,0.000000000000000000e+00,1.111111111111111049e-01,1.111111111111111049e-01,1.111111111111111049e-01,0.000000000000000000e+00,3.333333333333333148e-01,2.222222222222222099e-01,0.000000000000000000e+00,0.000000000000000000e+00,0.000000000000000000e+00,0.000000000000000000e+00,0.000000000000000000e+00,0.000000000000000000e+00,0.000000000000000000e+00,0.000000000000000000e+00,0.000000000000000000e+00,0.000000000000000000e+00
1.694915254237288130e-02,5.084745762711864736e-02,0.000000000000000000e+00,1.694915254237288130e-02,1.694915254237288130e-02,3.389830508474576259e-02,5.084745762711864736e-02,5.084745762711864736e-02,1.694915254237288130e-02,0.000000000000000000e+00,5.423728813559322015e-01,6.779661016949152519e-02,1.694915254237288130e-02,0.000000000000000000e+00,0.000000000000000000e+00,1.694915254237288130e-02,1.694915254237288130e-02,3.389830508474576259e-02,0.000000000000000000e+00,1.694915254237288130e-02,3.389830508474576259e-02
4.347826086956521618e-02,0.000000000000000000e+00,0.000000000000000000e+00,4.347826086956521618e-02,0.000000000000000000e+00,0.000000000000000000e+00,0.000000000000000000e+00,0.000000000000000000e+00,0.000000000000000000e+00,0.000000000000000000e+00,0.000000000000000000e+00,6.521739130434782705e-01,0.000000000000000000e+00,0.000000000000000000e+00,4.347826086956521618e-02,4.347826086956521618e-02,4.347826086956521618e-02,4.347826086956521618e-02,0.000000000000000000e+00,8.695652173913043237e-02,0.000000000000000000e+00
5.555555555555555247e-02,5.555555555555555247e-02,0.000000000000000000e+00,0.000000000000000000e+00,0.000000000000000000e+00,0.000000000000000000e+00,0.000000000000000000e+00,0.000000000000000000e+00,0.000000000000000000e+00,0.000000000000000000e+00,0.000000000000000000e+00,0.000000000000000000e+00,7.222222222222222099e-01,0.000000000000000000e+00,5.555555555555555247e-02,0.000000000000000000e+00,0.000000000000000000e+00,0.000000000000000000e+00,0.000000000000000000e+00,1.111111111111111049e-01,0.000000000000000000e+00
0.000000000000000000e+00,0.000000000000000000e+00,0.000000000000000000e+00,1.428571428571428492e-01,0.000000000000000000e+00,0.000000000000000000e+00,0.000000000000000000e+00,0.000000000000000000e+00,0.000000000000000000e+00,0.000000000000000000e+00,0.000000000000000000e+00,0.000000000000000000e+00,0.000000000000000000e+00,2.857142857142856984e-01,1.428571428571428492e-01,1.428571428571428492e-01,0.000000000000000000e+00,1.428571428571428492e-01,0.000000000000000000e+00,0.000000000000000000e+00,1.428571428571428492e-01
0.000000000000000000e+00,0.000000000000000000e+00,0.000000000000000000e+00,0.000000000000000000e+00,0.000000000000000000e+00,0.000000000000000000e+00,0.000000000000000000e+00,0.000000000000000000e+00,0.000000000000000000e+00,0.000000000000000000e+00,0.000000000000000000e+00,0.000000000000000000e+00,0.000000000000000000e+00,4.347826086956521618e-02,5.217391304347825942e-01,1.304347826086956486e-01,4.347826086956521618e-02,0.000000000000000000e+00,8.695652173913043237e-02,1.304347826086956486e-01,4.347826086956521618e-02
2.702702702702702853e-02,0.000000000000000000e+00,2.702702702702702853e-02,0.000000000000000000e+00,0.000000000000000000e+00,0.000000000000000000e+00,0.000000000000000000e+00,0.000000000000000000e+00,0.000000000000000000e+00,0.000000000000000000e+00,0.000000000000000000e+00,2.702702702702702853e-02,0.000000000000000000e+00,0.000000000000000000e+00,5.405405405405405705e-02,6.486486486486486847e-01,1.351351351351351426e-01,0.000000000000000000e+00,5.405405405405405705e-02,0.000000000000000000e+00,2.702702702702702853e-02
8.396946564885496289e-02,7.633587786259541687e-03,0.000000000000000000e+00,0.000000000000000000e+00,0.000000000000000000e+00,0.000000000000000000e+00,0.000000000000000000e+00,0.000000000000000000e+00,0.000000000000000000e+00,0.000000000000000000e+00,0.000000000000000000e+00,0.000000000000000000e+00,0.000000000000000000e+00,0.000000000000000000e+00,7.633587786259541687e-03,3.053435114503816675e-02,6.946564885496183672e-01,5.343511450381679267e-02,3.053435114503816675e-02,6.870229007633588125e-02,2.290076335877862593e-02
8.219178082191780366e-02,7.534246575342465335e-02,1.369863013698630061e-02,0.000000000000000000e+00,0.000000000000000000e+00,0.000000000000000000e+00,0.000000000000000000e+00,0.000000000000000000e+00,0.000000000000000000e+00,0.000000000000000000e+00,0.000000000000000000e+00,0.000000000000000000e+00,0.000000000000000000e+00,1.369863013698630061e-02,6.849315068493150305e-03,6.849315068493150305e-03,3.424657534246575152e-02,5.890410958904109817e-01,4.109589041095890183e-02,3.424657534246575152e-02,1.027397260273972546e-01
6.338028169014084390e-02,3.521126760563380448e-02,1.056338028169014065e-02,1.056338028169014065e-02,0.000000000000000000e+00,0.000000000000000000e+00,0.000000000000000000e+00,0.000000000000000000e+00,0.000000000000000000e+00,0.000000000000000000e+00,0.000000000000000000e+00,1.056338028169014065e-02,3.521126760563380361e-03,3.521126760563380361e-03,7.042253521126760722e-03,0.000000000000000000e+00,7.042253521126760722e-03,1.760563380281690224e-02,5.809859154929577496e-01,1.549295774647887203e-01,9.507042253521126585e-02
9.538461538461538713e-02,4.000000000000000083e-02,2.153846153846153758e-02,3.076923076923076920e-03,0.000000000000000000e+00,3.076923076923076920e-03,0.000000000000000000e+00,0.000000000000000000e+00,0.000000000000000000e+00,0.000000000000000000e+00,1.538461538461538460e-03,4.615384615384615814e-03,7.692307692307692735e-03,1.538461538461538460e-03,0.000000000000000000e+00,0.000000000000000000e+00,1.384615384615384658e-02,9.230769230769231629e-03,4.307692307692307515e-02,6.292307692307692601e-01,1.261538461538461442e-01
1.789264413518886765e-01,5.467196819085486797e-02,1.093439363817097498e-02,5.964214711729622087e-03,9.940357852882702756e-04,9.940357852882702756e-04,0.000000000000000000e+00,0.000000000000000000e+00,0.000000000000000000e+00,0.000000000000000000e+00,0.000000000000000000e+00,0.000000000000000000e+00,0.000000000000000000e+00,0.000000000000000000e+00,1.988071570576540551e-03,2.982107355864811044e-03,3.976143141153081102e-03,1.590457256461232441e-02,2.882703777335984124e-02,6.759443339960238828e-02,6.262425447316103400e-01
