8.897849462365591267e-01,5.913978494623656212e-02,2.688172043010752903e-03,2.688172043010752903e-03,8.064516129032257841e-03,1.344086021505376365e-02,2.688172043010752903e-03,0.000000000000000000e+00,5.376344086021505805e-03,0.000000000000000000e+00,0.000000000000000000e+00,1.612903225806451568e-02
8.530805687203792120e-02,7.582938388625591886e-01,8.530805687203792120e-02,4.265402843601896060e-02,0.000000000000000000e+00,9.478672985781991245e-03,9.478672985781991245e-03,0.000000000000000000e+00,0.000000000000000000e+00,4.739336492890995622e-03,0.000000000000000000e+00,4.739336492890995622e-03
1.408450704225352144e-02,4.507042253521127001e-02,7.774647887323943296e-01,1.239436619718309873e-01,1.408450704225352144e-02,1.126760563380281750e-02,2.816901408450704376e-03,2.816901408450704376e-03,2.816901408450704376e-03,2.816901408450704376e-03,0.000000000000000000e+00,2.816901408450704376e-03
3.671970624235006229e-03,1.223990208078335439e-02,5.263157894736841813e-02,7.845777233782129656e-01,1.089351285189718438e-01,2.203182374541003824e-02,7.343941248470012458e-03,2.447980416156670530e-03,0.000000000000000000e+00,1.223990208078335265e-03,1.223990208078335265e-03,3.671970624235006229e-03
3.690036900369003583e-03,1.581444385872430138e-03,4.217185028993147324e-03,4.638903531892461796e-02,8.355297838692672396e-01,8.592514496573537552e-02,6.852925672113863859e-03,3.690036900369003583e-03,3.690036900369003583e-03,1.581444385872430138e-03,1.054296257248286831e-03,5.798629414865577245e-03
7.490636704119850485e-04,1.498127340823970097e-03,1.872659176029962567e-03,8.239700374531835209e-03,6.441947565543071352e-02,8.408239700374532388e-01,5.767790262172284299e-02,1.235955056179775281e-02,1.498127340823970097e-03,1.872659176029962567e-03,2.621722846441947724e-03,6.367041198501872425e-03
4.036326942482341106e-03,0.000000000000000000e+00,3.027245206861755612e-03,1.210898082744702245e-02,1.614530776992936442e-02,1.473259334006054577e-01,6.942482341069626806e-01,7.164480322906155441e-02,1.412714429868819344e-02,1.009081735620585320e-02,4.036326942482341106e-03,2.320887991927346114e-02
0.000000000000000000e+00,2.141327623126338450e-03,0.000000000000000000e+00,6.423982869379014915e-03,2.141327623126338189e-02,8.137044967880086022e-02,1.241970021413276171e-01,5.781584582441113840e-01,1.006423982869378980e-01,2.997858672376873743e-02,1.284796573875802983e-02,4.282655246252676379e-02
0.000000000000000000e+00,5.464480874316939886e-03,0.000000000000000000e+00,1.092896174863387977e-02,1.639344262295082053e-02,6.557377049180328210e-02,8.196721311475409222e-02,1.748633879781420764e-01,4.863387978142076351e-01,5.464480874316939712e-02,3.278688524590164105e-02,7.103825136612021418e-02
0.000000000000000000e+00,8.695652173913043584e-03,2.608695652173912902e-02,0.000000000000000000e+00,3.478260869565217434e-02,5.217391304347825803e-02,6.956521739130434867e-02,1.043478260869565161e-01,5.217391304347825803e-02,3.826086956521739246e-01,6.086956521739130682e-02,2.086956521739130321e-01
0.000000000000000000e+00,0.000000000000000000e+00,2.352941176470588203e-02,0.000000000000000000e+00,1.176470588235294101e-02,8.235294117647058709e-02,5.882352941176470507e-02,1.411764705882352922e-01,3.529411764705882304e-02,1.058823529411764691e-01,4.117647058823529216e-01,1.294117647058823650e-01
6.833712984054669815e-03,4.555808656036446254e-03,2.277904328018223127e-03,9.111617312072892508e-03,1.594533029612756406e-02,3.644646924829157003e-02,5.922551252847380737e-02,6.150341685649202833e-02,1.594533029612756406e-02,3.416856492027334907e-02,4.100227790432801889e-02,7.129840546697038262e-01
