8.360655737704918433e-01,5.737704918032787010e-02,8.196721311475410263e-03,1.639344262295082053e-02,0.000000000000000000e+00,1.639344262295082053e-02,8.196721311475410263e-03,1.639344262295082053e-02,1.639344262295082053e-02,8.196721311475410263e-03,8.196721311475410263e-03,0.000000000000000000e+00,8.196721311475410263e-03,0.000000000000000000e+00,0.000000000000000000e+00,0.000000000000000000e+00,0.000000000000000000e+00,0.000000000000000000e+00,0.000000000000000000e+00,0.000000000000000000e+00,0.000000000000000000e+00,0.000000000000000000e+00
2.000000000000000111e-01,6.500000000000000222e-01,2.500000000000000139e-02,5.000000000000000278e-02,2.500000000000000139e-02,2.500000000000000139e-02,2.500000000000000139e-02,0.000000000000000000e+00,0.000000000000000000e+00,0.000000000000000000e+00,0.000000000000000000e+00,0.000000000000000000e+00,0.000000000000000000e+00,0.000000000000000000e+00,0.000000000000000000e+00,0.000000000000000000e+00,0.000000000000000000e+00,0.000000000000000000e+00,0.000000000000000000e+00,0.000000000000000000e+00,0.000000000000000000e+00,0.000000000000000000e+00
2.777777777777777624e-02,2.777777777777777624e-02,7.500000000000000000e-01,8.333333333333332871e-02,0.000000000000000000e+00,5.555555555555555247e-02,0.000000000000000000e+00,1.388888888888888812e-02,1.388888888888888812e-02,1.388888888888888812e-02,0.000000000000000000e+00,0.000000000000000000e+00,0.000000000000000000e+00,0.000000000000000000e+00,0.000000000000000000e+00,0.000000000000000000e+00,0.000000000000000000e+00,0.000000000000000000e+00,0.000000000000000000e+00,0.000000000000000000e+00,0.000000000000000000e+00,1.388888888888888812e-02
0.000000000000000000e+00,0.000000000000000000e+00,3.149606299212598381e-02,7.480314960629921295e-01,1.496062992125984370e-01,7.874015748031495954e-03,2.362204724409448786e-02,1.574803149606299191e-02,7.874015748031495954e-03,0.000000000000000000e+00,0.000000000000000000e+00,0.000000000000000000e+00,0.000000000000000000e+00,0.000000000000000000e+00,0.000000000000000000e+00,0.000000000000000000e+00,0.000000000000000000e+00,0.000000000000000000e+00,0.000000000000000000e+00,0.000000000000000000e+00,0.000000000000000000e+00,1.574803149606299191e-02
1.388888888888888812e-02,6.944444444444444059e-03,6.944444444444444059e-03,7.638888888888889506e-02,6.388888888888888395e-01,1.597222222222222099e-01,4.166666666666666435e-02,3.472222222222222376e-02,6.944444444444444059e-03,0.000000000000000000e+00,0.000000000000000000e+00,6.944444444444444059e-03,0.000000000000000000e+00,0.000000000000000000e+00,0.000000000000000000e+00,0.000000000000000000e+00,6.944444444444444059e-03,0.000000000000000000e+00,0.000000000000000000e+00,0.000000000000000000e+00,0.000000000000000000e+00,0.000000000000000000e+00
0.000000000000000000e+00,0.000000000000000000e+00,4.329004329004329001e-03,2.164502164502164414e-02,6.926406926406926401e-02,6.883116883116883189e-01,1.255411255411255367e-01,3.896103896103896014e-02,2.597402597402597574e-02,1.298701298701298787e-02,4.329004329004329001e-03,8.658008658008658001e-03,0.000000000000000000e+00,0.000000000000000000e+00,0.000000000000000000e+00,0.000000000000000000e+00,0.000000000000000000e+00,0.000000000000000000e+00,0.000000000000000000e+00,0.000000000000000000e+00,0.000000000000000000e+00,0.000000000000000000e+00
0.000000000000000000e+00,2.525252525252525467e-03,1.515151515151515194e-02,1.515151515151515194e-02,1.262626262626262603e-02,5.050505050505050414e-02,7.297979797979797789e-01,1.136363636363636326e-01,1.767676767676767610e-02,1.515151515151515194e-02,1.515151515151515194e-02,2.525252525252525467e-03,2.525252525252525467e-03,5.050505050505050934e-03,0.000000000000000000e+00,2.525252525252525467e-03,0.000000000000000000e+00,0.000000000000000000e+00,0.000000000000000000e+00,0.000000000000000000e+00,0.000000000000000000e+00,0.000000000000000000e+00
2.677376171352074865e-03,0.000000000000000000e+00,0.000000000000000000e+00,1.338688085676037432e-03,5.354752342704149730e-03,1.606425702811244832e-02,5.622489959839357260e-02,7.550200803212850920e-01,1.218206157965194131e-01,1.338688085676037476e-02,1.204819277108433798e-02,6.693440428380187379e-03,1.338688085676037432e-03,0.000000000000000000e+00,2.677376171352074865e-03,0.000000000000000000e+00,0.000000000000000000e+00,1.338688085676037432e-03,0.000000000000000000e+00,0.000000000000000000e+00,0.000000000000000000e+00,4.016064257028112081e-03
7.955449482895783977e-04,0.000000000000000000e+00,7.955449482895783977e-04,0.000000000000000000e+00,1.591089896579156795e-03,3.182179793158313591e-03,1.193317422434367510e-02,7.398568019093078318e-02,7.430389817024661836e-01,1.344470962609387310e-01,1.272871917263325436e-02,5.568814638027048784e-03,3.977724741447891989e-03,7.955449482895783977e-04,1.591089896579156795e-03,7.955449482895783977e-04,7.955449482895783977e-04,0.000000000000000000e+00,0.000000000000000000e+00,0.000000000000000000e+00,0.000000000000000000e+00,3.977724741447891989e-03
1.005025125628140805e-03,0.000000000000000000e+00,5.025125628140704025e-04,0.000000000000000000e+00,0.000000000000000000e+00,1.005025125628140805e-03,2.512562814070351796e-03,1.005025125628140718e-02,7.437185929648240656e-02,7.839195979899497013e-01,9.145728643216080589e-02,1.356783919597989892e-02,8.040201005025126441e-03,5.025125628140703592e-03,5.025125628140704025e-04,5.025125628140704025e-04,1.005025125628140805e-03,1.005025125628140805e-03,1.005025125628140805e-03,0.000000000000000000e+00,5.025125628140704025e-04,4.020100502512563220e-03
0.000000000000000000e+00,6.684491978609625280e-04,6.684491978609625280e-04,0.000000000000000000e+00,6.684491978609625280e-04,1.336898395721925056e-03,2.005347593582887909e-03,4.010695187165775819e-03,1.804812834224598858e-02,1.156417112299465283e-01,7.326203208556150148e-01,8.288770053475935651e-02,1.804812834224598858e-02,6.684491978609625497e-03,2.673796791443850112e-03,2.673796791443850112e-03,1.336898395721925056e-03,2.005347593582887909e-03,1.336898395721925056e-03,6.684491978609625280e-04,0.000000000000000000e+00,6.016042780748662860e-03
0.000000000000000000e+00,0.000000000000000000e+00,0.000000000000000000e+00,0.000000000000000000e+00,1.410437235543018312e-03,1.410437235543018312e-03,5.641748942172073247e-03,2.820874471086036624e-03,1.692524682651622148e-02,3.667136812411847524e-02,1.480959097320169171e-01,6.248236953455571507e-01,1.071932299012693934e-01,2.115655853314527338e-02,8.462623413258110738e-03,2.820874471086036624e-03,1.410437235543018312e-03,5.641748942172073247e-03,1.410437235543018312e-03,1.410437235543018312e-03,0.000000000000000000e+00,1.269393511988716437e-02
2.159827213822894301e-03,0.000000000000000000e+00,0.000000000000000000e+00,0.000000000000000000e+00,0.000000000000000000e+00,0.000000000000000000e+00,2.159827213822894301e-03,6.479481641468682468e-03,1.295896328293736494e-02,2.807775377969762287e-02,7.559395248380129662e-02,1.144708423326133845e-01,6.177105831533477032e-01,5.615550755939524574e-02,3.671706263498920181e-02,1.727861771058315440e-02,2.159827213822894301e-03,4.319654427645788601e-03,6.479481641468682468e-03,0.000000000000000000e+00,0.000000000000000000e+00,1.727861771058315440e-02
0.000000000000000000e+00,0.000000000000000000e+00,0.000000000000000000e+00,0.000000000000000000e+00,4.629629629629629373e-03,0.000000000000000000e+00,0.000000000000000000e+00,0.000000000000000000e+00,0.000000000000000000e+00,1.851851851851851749e-02,3.240740740740740561e-02,6.481481481481481122e-02,9.722222222222222376e-02,5.833333333333333703e-01,9.722222222222222376e-02,1.851851851851851749e-02,4.629629629629629373e-03,4.629629629629629373e-03,9.259259259259258745e-03,1.851851851851851749e-02,0.000000000000000000e+00,4.629629629629629373e-02
0.000000000000000000e+00,0.000000000000000000e+00,0.000000000000000000e+00,0.000000000000000000e+00,5.780346820809248269e-03,5.780346820809248269e-03,0.000000000000000000e+00,0.000000000000000000e+00,2.312138728323699308e-02,3.468208092485548788e-02,3.468208092485548788e-02,4.046242774566474049e-02,4.624277456647398615e-02,8.092485549132948097e-02,6.069364161849710726e-01,3.468208092485548788e-02,5.780346820809248269e-03,2.312138728323699308e-02,0.000000000000000000e+00,5.780346820809248269e-03,5.780346820809248269e-03,4.624277456647398615e-02
0.000000000000000000e+00,0.000000000000000000e+00,0.000000000000000000e+00,0.000000000000000000e+00,1.428571428571428527e-02,0.000000000000000000e+00,0.000000000000000000e+00,0.000000000000000000e+00,2.857142857142857054e-02,2.857142857142857054e-02,7.142857142857142461e-02,7.142857142857142461e-02,8.571428571428571508e-02,2.857142857142857054e-02,1.285714285714285587e-01,3.857142857142857317e-01,1.428571428571428527e-02,2.857142857142857054e-02,0.000000000000000000e+00,0.000000000000000000e+00,0.000000000000000000e+00,1.142857142857142821e-01
0.000000000000000000e+00,0.000000000000000000e+00,0.000000000000000000e+00,0.000000000000000000e+00,0.000000000000000000e+00,0.000000000000000000e+00,0.000000000000000000e+00,0.000000000000000000e+00,2.083333333333333218e-02,6.250000000000000000e-02,8.333333333333332871e-02,4.166666666666666435e-02,2.083333333333333218e-02,8.333333333333332871e-02,2.083333333333333218e-02,6.250000000000000000e-02,3.750000000000000000e-01,0.000000000000000000e+00,4.166666666666666435e-02,0.000000000000000000e+00,0.000000000000000000e+00,1.875000000000000000e-01
0.000000000000000000e+00,0.000000000000000000e+00,0.000000000000000000e+00,0.000000000000000000e+00,0.000000000000000000e+00,0.000000000000000000e+00,3.703703703703703498e-02,0.000000000000000000e+00,0.000000000000000000e+00,0.000000000000000000e+00,1.111111111111111049e-01,2.222222222222222099e-01,0.000000000000000000e+00,3.703703703703703498e-02,1.481481481481481399e-01,0.000000000000000000e+00,3.703703703703703498e-02,2.222222222222222099e-01,1.111111111111111049e-01,0.000000000000000000e+00,0.000000000000000000e+00,7.407407407407406996e-02
0.000000000000000000e+00,0.000000000000000000e+00,0.000000000000000000e+00,0.000000000000000000e+00,0.000000000000000000e+00,0.000000000000000000e+00,0.000000000000000000e+00,0.000000000000000000e+00,0.000000000000000000e+00,3.030303030303030387e-02,6.060606060606060774e-02,0.000000000000000000e+00,1.818181818181818232e-01,9.090909090909091161e-02,6.060606060606060774e-02,6.060606060606060774e-02,9.090909090909091161e-02,0.000000000000000000e+00,3.636363636363636465e-01,3.030303030303030387e-02,0.000000000000000000e+00,3.030303030303030387e-02
0.000000000000000000e+00,0.000000000000000000e+00,0.000000000000000000e+00,0.000000000000000000e+00,0.000000000000000000e+00,0.000000000000000000e+00,0.000000000000000000e+00,0.000000000000000000e+00,0.000000000000000000e+00,0.000000000000000000e+00,0.000000000000000000e+00,0.000000000000000000e+00,2.631578947368420907e-02,2.631578947368420907e-02,5.263157894736841813e-02,2.631578947368420907e-02,5.263157894736841813e-02,5.263157894736841813e-02,5.263157894736841813e-02,5.000000000000000000e-01,5.263157894736841813e-02,1.578947368421052544e-01
0.000000000000000000e+00,0.000000000000000000e+00,0.000000000000000000e+00,0.000000000000000000e+00,0.000000000000000000e+00,0.000000000000000000e+00,0.000000000000000000e+00,0.000000000000000000e+00,0.000000000000000000e+00,0.000000000000000000e+00,0.000000000000000000e+00,0.000000000000000000e+00,0.000000000000000000e+00,0.000000000000000000e+00,6.666666666666666574e-02,6.666666666666666574e-02,6.666666666666666574e-02,6.666666666666666574e-02,0.000000000000000000e+00,2.000000000000000111e-01,4.000000000000000222e-01,1.333333333333333315e-01
1.063829787234042527e-02,5.319148936170212637e-03,0.000000000000000000e+00,0.000000000000000000e+00,1.063829787234042527e-02,5.319148936170212637e-03,0.000000000000000000e+00,0.000000000000000000e+00,2.127659574468085055e-02,4.255319148936170109e-02,2.659574468085106405e-02,6.914893617021276861e-02,5.319148936170212810e-02,4.255319148936170109e-02,3.723404255319148759e-02,3.723404255319148759e-02,2.127659574468085055e-02,1.063829787234042527e-02,1.063829787234042527e-02,4.255319148936170109e-02,3.191489361702127409e-02,5.212765957446808818e-01
