7.334669338677354267e-01,8.283233132932531217e-02,1.803607214428857783e-02,6.680026720106880742e-03,2.672010688042752383e-03,2.672010688042752383e-03,1.336005344021376192e-03,2.004008016032063962e-03,1.336005344021376192e-03,6.680026720106880958e-04,5.344021376085504767e-03,0.000000000000000000e+00,6.680026720106880958e-04,6.680026720106880958e-04,0.000000000000000000e+00,6.680026720106880958e-04,1.336005344021376192e-03,2.004008016032063962e-03,4.008016032064127925e-03,1.803607214428857783e-02,1.155644622578490266e-01
1.476793248945147685e-01,6.244725738396624815e-01,1.068917018284106929e-01,2.109704641350210880e-02,8.438818565400843172e-03,2.812939521800281346e-03,1.406469760900140673e-03,5.625879043600562693e-03,1.406469760900140673e-03,1.406469760900140673e-03,1.406469760900140586e-02,0.000000000000000000e+00,0.000000000000000000e+00,0.000000000000000000e+00,0.000000000000000000e+00,1.406469760900140673e-03,1.406469760900140673e-03,5.625879043600562693e-03,2.812939521800281346e-03,1.687763713080168634e-02,3.656821378340365664e-02
7.559395248380129662e-02,1.144708423326133845e-01,6.177105831533477032e-01,5.615550755939524574e-02,3.671706263498920181e-02,1.727861771058315440e-02,2.159827213822894301e-03,4.319654427645788601e-03,6.479481641468682468e-03,0.000000000000000000e+00,1.727861771058315440e-02,2.159827213822894301e-03,0.000000000000000000e+00,0.000000000000000000e+00,0.000000000000000000e+00,0.000000000000000000e+00,0.000000000000000000e+00,2.159827213822894301e-03,6.479481641468682468e-03,1.295896328293736494e-02,2.807775377969762287e-02
3.255813953488372048e-02,6.511627906976744096e-02,9.767441860465116144e-02,5.813953488372093359e-01,1.023255813953488358e-01,1.395348837209302306e-02,4.651162790697674354e-03,4.651162790697674354e-03,9.302325581395348708e-03,1.860465116279069742e-02,4.651162790697674354e-02,0.000000000000000000e+00,0.000000000000000000e+00,0.000000000000000000e+00,0.000000000000000000e+00,4.651162790697674354e-03,0.000000000000000000e+00,0.000000000000000000e+00,0.000000000000000000e+00,0.000000000000000000e+00,1.860465116279069742e-02
3.448275862068965469e-02,4.022988505747126381e-02,4.597701149425287293e-02,8.045977011494252762e-02,6.034482758620689502e-01,4.022988505747126381e-02,5.747126436781609116e-03,2.298850574712643646e-02,0.000000000000000000e+00,5.747126436781609116e-03,5.172413793103448204e-02,0.000000000000000000e+00,0.000000000000000000e+00,0.000000000000000000e+00,0.000000000000000000e+00,5.747126436781609116e-03,5.747126436781609116e-03,0.000000000000000000e+00,0.000000000000000000e+00,2.298850574712643646e-02,3.448275862068965469e-02
7.142857142857142461e-02,7.142857142857142461e-02,8.571428571428571508e-02,2.857142857142857054e-02,1.285714285714285587e-01,3.857142857142857317e-01,1.428571428571428527e-02,2.857142857142857054e-02,0.000000000000000000e+00,0.000000000000000000e+00,1.142857142857142821e-01,0.000000000000000000e+00,0.000000000000000000e+00,0.000000000000000000e+00,0.000000000000000000e+00,1.428571428571428527e-02,0.000000000000000000e+00,0.000000000000000000e+00,0.000000000000000000e+00,2.857142857142857054e-02,2.857142857142857054e-02
8.333333333333332871e-02,4.166666666666666435e-02,2.083333333333333218e-02,8.333333333333332871e-02,2.083333333333333218e-02,6.250000000000000000e-02,3.750000000000000000e-01,0.000000000000000000e+00,4.166666666666666435e-02,0.000000000000000000e+00,1.875000000000000000e-01,0.000000000000000000e+00,0.000000000000000000e+00,0.000000000000000000e+00,0.000000000000000000e+00,0.000000000000000000e+00,0.000000000000000000e+00,0.000000000000000000e+00,0.000000000000000000e+00,2.083333333333333218e-02,6.250000000000000000e-02
1.111111111111111049e-01,2.222222222222222099e-01,0.000000000000000000e+00,3.703703703703703498e-02,1.481481481481481399e-01,0.000000000000000000e+00,3.703703703703703498e-02,2.222222222222222099e-01,1.111111111111111049e-01,0.000000000000000000e+00,7.407407407407406996e-02,0.000000000000000000e+00,0.000000000000000000e+00,0.000000000000000000e+00,0.000000000000000000e+00,0.000000000000000000e+00,0.000000000000000000e+00,3.703703703703703498e-02,0.000000000000000000e+00,0.000000000000000000e+00,0.000000000000000000e+00
6.060606060606060774e-02,0.000000000000000000e+00,1.818181818181818232e-01,9.090909090909091161e-02,6.060606060606060774e-02,6.060606060606060774e-02,9.090909090909091161e-02,0.000000000000000000e+00,3.636363636363636465e-01,3.030303030303030387e-02,3.030303030303030387e-02,0.000000000000000000e+00,0.000000000000000000e+00,0.000000000000000000e+00,0.000000000000000000e+00,0.000000000000000000e+00,0.000000000000000000e+00,0.000000000000000000e+00,0.000000000000000000e+00,0.000000000000000000e+00,3.030303030303030387e-02
0.000000000000000000e+00,0.000000000000000000e+00,2.631578947368420907e-02,2.631578947368420907e-02,5.263157894736841813e-02,2.631578947368420907e-02,5.263157894736841813e-02,5.263157894736841813e-02,5.263157894736841813e-02,5.000000000000000000e-01,2.105263157894736725e-01,0.000000000000000000e+00,0.000000000000000000e+00,0.000000000000000000e+00,0.000000000000000000e+00,0.000000000000000000e+00,0.000000000000000000e+00,0.000000000000000000e+00,0.000000000000000000e+00,0.000000000000000000e+00,0.000000000000000000e+00
2.463054187192118341e-02,6.403940886699507895e-02,4.926108374384236682e-02,3.940886699507389207e-02,3.940886699507389207e-02,3.940886699507389207e-02,2.463054187192118341e-02,1.477832512315270866e-02,9.852216748768473017e-03,5.418719211822660420e-02,5.517241379310344751e-01,9.852216748768473017e-03,4.926108374384236509e-03,0.000000000000000000e+00,0.000000000000000000e+00,9.852216748768473017e-03,4.926108374384236509e-03,0.000000000000000000e+00,0.000000000000000000e+00,1.970443349753694603e-02,3.940886699507389207e-02
8.196721311475410263e-03,0.000000000000000000e+00,8.196721311475410263e-03,0.000000000000000000e+00,0.000000000000000000e+00,0.000000000000000000e+00,0.000000000000000000e+00,0.000000000000000000e+00,0.000000000000000000e+00,0.000000000000000000e+00,0.000000000000000000e+00,8.360655737704918433e-01,5.737704918032787010e-02,8.196721311475410263e-03,1.639344262295082053e-02,0.000000000000000000e+00,1.639344262295082053e-02,8.196721311475410263e-03,1.639344262295082053e-02,1.639344262295082053e-02,8.196721311475410263e-03
0.000000000000000000e+00,0.000000000000000000e+00,0.000000000000000000e+00,0.000000000000000000e+00,0.000000000000000000e+00,0.000000000000000000e+00,0.000000000000000000e+00,0.000000000000000000e+00,0.000000000000000000e+00,0.000000000000000000e+00,0.000000000000000000e+00,2.000000000000000111e-01,6.500000000000000222e-01,2.500000000000000139e-02,5.000000000000000278e-02,2.500000000000000139e-02,2.500000000000000139e-02,2.500000000000000139e-02,0.000000000000000000e+00,0.000000000000000000e+00,0.000000000000000000e+00
0.000000000000000000e+00,0.000000000000000000e+00,0.000000000000000000e+00,0.000000000000000000e+00,0.000000000000000000e+00,0.000000000000000000e+00,0.000000000000000000e+00,0.000000000000000000e+00,0.000000000000000000e+00,0.000000000000000000e+00,1.388888888888888812e-02,2.777777777777777624e-02,2.777777777777777624e-02,7.500000000000000000e-01,8.333333333333332871e-02,0.000000000000000000e+00,5.555555555555555247e-02,0.000000000000000000e+00,1.388888888888888812e-02,1.388888888888888812e-02,1.388888888888888812e-02
0.000000000000000000e+00,0.000000000000000000e+00,0.000000000000000000e+00,0.000000000000000000e+00,0.000000000000000000e+00,0.000000000000000000e+00,0.000000000000000000e+00,0.000000000000000000e+00,0.000000000000000000e+00,0.000000000000000000e+00,1.574803149606299191e-02,0.000000000000000000e+00,0.000000000000000000e+00,3.149606299212598381e-02,7.480314960629921295e-01,1.496062992125984370e-01,7.874015748031495954e-03,2.362204724409448786e-02,1.574803149606299191e-02,7.874015748031495954e-03,0.000000000000000000e+00
0.000000000000000000e+00,6.944444444444444059e-03,0.000000000000000000e+00,0.000000000000000000e+00,0.000000000000000000e+00,0.000000000000000000e+00,6.944444444444444059e-03,0.000000000000000000e+00,0.000000000000000000e+00,0.000000000000000000e+00,0.000000000000000000e+00,1.388888888888888812e-02,6.944444444444444059e-03,6.944444444444444059e-03,7.638888888888889506e-02,6.388888888888888395e-01,1.597222222222222099e-01,4.166666666666666435e-02,3.472222222222222376e-02,6.944444444444444059e-03,0.000000000000000000e+00
4.329004329004329001e-03,8.658008658008658001e-03,0.000000000000000000e+00,0.000000000000000000e+00,0.000000000000000000e+00,0.000000000000000000e+00,0.000000000000000000e+00,0.000000000000000000e+00,0.000000000000000000e+00,0.000000000000000000e+00,0.000000000000000000e+00,0.000000000000000000e+00,0.000000000000000000e+00,4.329004329004329001e-03,2.164502164502164414e-02,6.926406926406926401e-02,6.883116883116883189e-01,1.255411255411255367e-01,3.896103896103896014e-02,2.597402597402597574e-02,1.298701298701298787e-02
1.515151515151515194e-02,2.525252525252525467e-03,2.525252525252525467e-03,5.050505050505050934e-03,0.000000000000000000e+00,2.525252525252525467e-03,0.000000000000000000e+00,0.000000000000000000e+00,0.000000000000000000e+00,0.000000000000000000e+00,0.000000000000000000e+00,0.000000000000000000e+00,2.525252525252525467e-03,1.515151515151515194e-02,1.515151515151515194e-02,1.262626262626262603e-02,5.050505050505050414e-02,7.297979797979797789e-01,1.136363636363636326e-01,1.767676767676767610e-02,1.515151515151515194e-02
1.206434316353887336e-02,6.702412868632707903e-03,1.340482573726541581e-03,0.000000000000000000e+00,2.680965147453083161e-03,0.000000000000000000e+00,0.000000000000000000e+00,1.340482573726541581e-03,0.000000000000000000e+00,0.000000000000000000e+00,4.021447721179624742e-03,2.680965147453083161e-03,0.000000000000000000e+00,0.000000000000000000e+00,1.340482573726541581e-03,5.361930294906166322e-03,1.608579088471849897e-02,5.630026809651474812e-02,7.560321715817693855e-01,1.206434316353887370e-01,1.340482573726541581e-02
1.275917065390749609e-02,5.582137161084529432e-03,3.987240829346092204e-03,7.974481658692185058e-04,1.594896331738437012e-03,7.974481658692185058e-04,7.974481658692185058e-04,0.000000000000000000e+00,0.000000000000000000e+00,0.000000000000000000e+00,3.987240829346092204e-03,7.974481658692185058e-04,0.000000000000000000e+00,7.974481658692185058e-04,0.000000000000000000e+00,1.594896331738437012e-03,3.189792663476874023e-03,1.196172248803827748e-02,7.336523125996810557e-02,7.432216905901116721e-01,1.347687400318979267e-01
9.141135107985937092e-02,1.356102461074836819e-02,8.036162732295329750e-03,5.022601707684580877e-03,5.022601707684581094e-04,5.022601707684581094e-04,1.004520341536916219e-03,1.004520341536916219e-03,1.004520341536916219e-03,0.000000000000000000e+00,4.520341536916122442e-03,1.004520341536916219e-03,0.000000000000000000e+00,5.022601707684581094e-04,0.000000000000000000e+00,0.000000000000000000e+00,1.004520341536916219e-03,2.511300853842290438e-03,1.004520341536916175e-02,7.433450527373179628e-02,7.840281265695629997e-01
