7.606177606177606521e-01,1.003861003861003798e-01,1.158301158301158242e-02,1.029601029601029567e-02,5.148005148005147837e-03,2.574002574002573918e-03,0.000000000000000000e+00,1.287001287001286959e-03,0.000000000000000000e+00,0.000000000000000000e+00,9.009009009009008931e-03,1.287001287001286959e-03,0.000000000000000000e+00,0.000000000000000000e+00,2.574002574002573918e-03,1.287001287001286959e-03,1.287001287001286959e-03,0.000000000000000000e+00,2.574002574002573918e-03,5.148005148005147837e-03,8.494208494208493887e-02
9.416445623342174776e-02,7.546419098143235527e-01,8.620689655172414367e-02,1.856763925729442918e-02,9.283819628647214592e-03,5.305039787798408214e-03,1.326259946949602054e-03,0.000000000000000000e+00,0.000000000000000000e+00,1.326259946949602054e-03,5.305039787798408214e-03,2.652519893899204107e-03,0.000000000000000000e+00,0.000000000000000000e+00,1.326259946949602054e-03,0.000000000000000000e+00,3.978779840848806378e-03,1.326259946949602054e-03,1.326259946949602054e-03,3.978779840848806378e-03,9.283819628647214592e-03
3.225806451612903136e-02,1.149193548387096725e-01,6.754032258064516236e-01,8.064516129032257841e-02,3.427419354838709409e-02,6.048387096774193381e-03,2.016129032258064460e-03,2.016129032258064460e-03,2.016129032258064460e-03,2.016129032258064460e-03,1.612903225806451568e-02,2.016129032258064460e-03,0.000000000000000000e+00,0.000000000000000000e+00,2.016129032258064460e-03,6.048387096774193381e-03,2.016129032258064460e-03,2.016129032258064460e-03,2.016129032258064460e-03,4.032258064516128920e-03,1.209677419354838676e-02
1.385041551246537356e-02,3.601108033240997541e-02,1.163434903047091407e-01,6.509695290858725780e-01,8.033240997229916525e-02,4.986149584487534897e-02,1.385041551246537356e-02,0.000000000000000000e+00,5.540166204986149597e-03,2.770083102493074798e-03,1.662049861495844966e-02,2.770083102493074798e-03,0.000000000000000000e+00,0.000000000000000000e+00,0.000000000000000000e+00,0.000000000000000000e+00,0.000000000000000000e+00,0.000000000000000000e+00,0.000000000000000000e+00,2.770083102493074798e-03,8.310249307479224828e-03
2.307692307692307820e-02,3.461538461538461731e-02,3.846153846153846367e-02,1.653846153846153799e-01,5.576923076923077094e-01,8.076923076923077371e-02,3.461538461538461731e-02,7.692307692307692735e-03,0.000000000000000000e+00,0.000000000000000000e+00,5.000000000000000278e-02,0.000000000000000000e+00,0.000000000000000000e+00,0.000000000000000000e+00,0.000000000000000000e+00,0.000000000000000000e+00,0.000000000000000000e+00,0.000000000000000000e+00,0.000000000000000000e+00,3.846153846153846367e-03,3.846153846153846367e-03
7.194244604316547137e-03,3.597122302158273222e-02,7.194244604316546443e-02,5.035971223021582649e-02,1.510791366906474864e-01,4.676258992805755188e-01,6.474820143884892076e-02,5.755395683453237710e-02,1.438848920863309427e-02,7.194244604316547137e-03,5.755395683453237710e-02,7.194244604316547137e-03,0.000000000000000000e+00,0.000000000000000000e+00,0.000000000000000000e+00,0.000000000000000000e+00,0.000000000000000000e+00,0.000000000000000000e+00,7.194244604316547137e-03,0.000000000000000000e+00,0.000000000000000000e+00
0.000000000000000000e+00,2.298850574712643646e-02,2.298850574712643646e-02,3.448275862068965469e-02,9.195402298850574585e-02,2.068965517241379282e-01,4.252873563218390607e-01,9.195402298850574585e-02,3.448275862068965469e-02,1.149425287356321823e-02,5.747126436781609116e-02,0.000000000000000000e+00,0.000000000000000000e+00,0.000000000000000000e+00,0.000000000000000000e+00,0.000000000000000000e+00,0.000000000000000000e+00,0.000000000000000000e+00,0.000000000000000000e+00,0.000000000000000000e+00,0.000000000000000000e+00
0.000000000000000000e+00,1.639344262295082053e-02,4.918032786885245811e-02,0.000000000000000000e+00,8.196721311475409222e-02,4.918032786885245811e-02,1.639344262295081844e-01,3.934426229508196649e-01,9.836065573770491621e-02,6.557377049180328210e-02,6.557377049180328210e-02,1.639344262295082053e-02,0.000000000000000000e+00,0.000000000000000000e+00,0.000000000000000000e+00,0.000000000000000000e+00,0.000000000000000000e+00,0.000000000000000000e+00,0.000000000000000000e+00,0.000000000000000000e+00,0.000000000000000000e+00
0.000000000000000000e+00,2.040816326530612082e-02,2.040816326530612082e-02,0.000000000000000000e+00,2.040816326530612082e-02,2.040816326530612082e-02,8.163265306122448328e-02,1.224489795918367319e-01,4.693877551020408379e-01,6.122448979591836593e-02,1.836734693877551117e-01,0.000000000000000000e+00,0.000000000000000000e+00,0.000000000000000000e+00,0.000000000000000000e+00,0.000000000000000000e+00,0.000000000000000000e+00,0.000000000000000000e+00,0.000000000000000000e+00,0.000000000000000000e+00,0.000000000000000000e+00
0.000000000000000000e+00,0.000000000000000000e+00,3.333333333333333287e-02,3.333333333333333287e-02,1.000000000000000056e-01,3.333333333333333287e-02,0.000000000000000000e+00,6.666666666666666574e-02,1.000000000000000056e-01,2.333333333333333370e-01,4.000000000000000222e-01,0.000000000000000000e+00,0.000000000000000000e+00,0.000000000000000000e+00,0.000000000000000000e+00,0.000000000000000000e+00,0.000000000000000000e+00,0.000000000000000000e+00,0.000000000000000000e+00,0.000000000000000000e+00,0.000000000000000000e+00
3.424657534246575152e-03,2.397260273972602607e-02,1.027397260273972546e-02,1.369863013698630061e-02,5.136986301369862729e-02,4.452054794520547698e-02,3.424657534246575152e-02,2.054794520547945091e-02,2.397260273972602607e-02,3.082191780821917637e-02,7.328767123287671659e-01,3.424657534246575152e-03,0.000000000000000000e+00,0.000000000000000000e+00,0.000000000000000000e+00,0.000000000000000000e+00,0.000000000000000000e+00,0.000000000000000000e+00,3.424657534246575152e-03,0.000000000000000000e+00,3.424657534246575152e-03
1.538461538461538547e-02,1.538461538461538547e-02,4.615384615384615641e-02,0.000000000000000000e+00,0.000000000000000000e+00,1.538461538461538547e-02,0.000000000000000000e+00,0.000000000000000000e+00,0.000000000000000000e+00,1.538461538461538547e-02,0.000000000000000000e+00,6.769230769230769607e-01,1.538461538461538547e-02,1.538461538461538547e-02,4.615384615384615641e-02,4.615384615384615641e-02,3.076923076923077094e-02,1.538461538461538547e-02,1.538461538461538547e-02,3.076923076923077094e-02,0.000000000000000000e+00
0.000000000000000000e+00,0.000000000000000000e+00,0.000000000000000000e+00,0.000000000000000000e+00,0.000000000000000000e+00,0.000000000000000000e+00,4.166666666666666435e-02,0.000000000000000000e+00,0.000000000000000000e+00,0.000000000000000000e+00,0.000000000000000000e+00,0.000000000000000000e+00,9.166666666666666297e-01,4.166666666666666435e-02,0.000000000000000000e+00,0.000000000000000000e+00,0.000000000000000000e+00,0.000000000000000000e+00,0.000000000000000000e+00,0.000000000000000000e+00,0.000000000000000000e+00
0.000000000000000000e+00,0.000000000000000000e+00,0.000000000000000000e+00,0.000000000000000000e+00,0.000000000000000000e+00,0.000000000000000000e+00,0.000000000000000000e+00,2.777777777777777624e-02,0.000000000000000000e+00,0.000000000000000000e+00,0.000000000000000000e+00,5.555555555555555247e-02,0.000000000000000000e+00,7.500000000000000000e-01,5.555555555555555247e-02,5.555555555555555247e-02,2.777777777777777624e-02,2.777777777777777624e-02,0.000000000000000000e+00,0.000000000000000000e+00,0.000000000000000000e+00
0.000000000000000000e+00,0.000000000000000000e+00,4.166666666666666435e-02,1.388888888888888812e-02,0.000000000000000000e+00,0.000000000000000000e+00,0.000000000000000000e+00,0.000000000000000000e+00,0.000000000000000000e+00,0.000000000000000000e+00,0.000000000000000000e+00,1.388888888888888812e-02,0.000000000000000000e+00,4.166666666666666435e-02,7.361111111111111605e-01,8.333333333333332871e-02,2.777777777777777624e-02,0.000000000000000000e+00,2.777777777777777624e-02,0.000000000000000000e+00,1.388888888888888812e-02
1.941747572815533812e-02,1.941747572815533812e-02,2.912621359223301065e-02,0.000000000000000000e+00,0.000000000000000000e+00,0.000000000000000000e+00,0.000000000000000000e+00,0.000000000000000000e+00,0.000000000000000000e+00,0.000000000000000000e+00,1.941747572815533812e-02,1.941747572815533812e-02,0.000000000000000000e+00,0.000000000000000000e+00,2.912621359223301065e-02,6.601941747572815933e-01,1.359223300970873738e-01,3.883495145631067624e-02,0.000000000000000000e+00,1.941747572815533812e-02,9.708737864077669061e-03
0.000000000000000000e+00,2.105263157894736795e-02,0.000000000000000000e+00,1.052631578947368397e-02,0.000000000000000000e+00,0.000000000000000000e+00,0.000000000000000000e+00,0.000000000000000000e+00,0.000000000000000000e+00,0.000000000000000000e+00,0.000000000000000000e+00,0.000000000000000000e+00,0.000000000000000000e+00,3.157894736842105365e-02,0.000000000000000000e+00,1.157894736842105254e-01,5.578947368421052211e-01,1.052631578947368363e-01,6.315789473684210731e-02,5.263157894736841813e-02,4.210526315789473589e-02
1.086956521739130405e-02,0.000000000000000000e+00,1.086956521739130405e-02,1.086956521739130405e-02,0.000000000000000000e+00,0.000000000000000000e+00,0.000000000000000000e+00,0.000000000000000000e+00,0.000000000000000000e+00,0.000000000000000000e+00,2.173913043478260809e-02,1.086956521739130405e-02,0.000000000000000000e+00,0.000000000000000000e+00,1.086956521739130405e-02,2.173913043478260809e-02,7.608695652173913526e-02,6.630434782608695121e-01,1.413043478260869457e-01,0.000000000000000000e+00,2.173913043478260809e-02
1.811594202898550790e-02,0.000000000000000000e+00,7.246376811594202987e-03,3.623188405797101493e-03,0.000000000000000000e+00,0.000000000000000000e+00,0.000000000000000000e+00,0.000000000000000000e+00,0.000000000000000000e+00,0.000000000000000000e+00,3.623188405797101493e-03,0.000000000000000000e+00,0.000000000000000000e+00,0.000000000000000000e+00,3.623188405797101493e-03,0.000000000000000000e+00,7.246376811594202987e-03,3.985507246376811252e-02,7.500000000000000000e-01,1.485507246376811530e-01,1.811594202898550790e-02
1.927194860813704475e-02,1.070663811563169095e-02,6.423982869379014915e-03,2.141327623126338450e-03,4.282655246252676899e-03,2.141327623126338450e-03,0.000000000000000000e+00,0.000000000000000000e+00,0.000000000000000000e+00,0.000000000000000000e+00,0.000000000000000000e+00,0.000000000000000000e+00,0.000000000000000000e+00,0.000000000000000000e+00,0.000000000000000000e+00,2.141327623126338450e-03,1.070663811563169095e-02,0.000000000000000000e+00,6.852248394004283039e-02,7.537473233404711204e-01,1.199143468950749497e-01
9.137709137709137952e-02,2.187902187902187809e-02,5.148005148005147837e-03,2.574002574002573918e-03,0.000000000000000000e+00,1.287001287001286959e-03,1.287001287001286959e-03,0.000000000000000000e+00,0.000000000000000000e+00,0.000000000000000000e+00,5.148005148005147837e-03,1.287001287001286959e-03,0.000000000000000000e+00,1.287001287001286959e-03,0.000000000000000000e+00,0.000000000000000000e+00,0.000000000000000000e+00,1.287001287001286959e-03,0.000000000000000000e+00,6.949806949806949796e-02,7.979407979407979745e-01
