6.461538461538461897e-01,4.615384615384615641e-02,6.153846153846154188e-02,4.615384615384615641e-02,0.000000000000000000e+00,1.538461538461538547e-02,0.000000000000000000e+00,0.000000000000000000e+00,0.000000000000000000e+00,6.153846153846154188e-02,4.615384615384615641e-02,3.076923076923077094e-02,1.538461538461538547e-02,1.538461538461538547e-02,0.000000000000000000e+00,1.538461538461538547e-02,0.000000000000000000e+00,0.000000000000000000e+00,0.000000000000000000e+00,0.000000000000000000e+00,0.000000000000000000e+00,0.000000000000000000e+00
1.724137931034482873e-01,6.896551724137931494e-01,3.448275862068965469e-02,0.000000000000000000e+00,0.000000000000000000e+00,0.000000000000000000e+00,0.000000000000000000e+00,0.000000000000000000e+00,0.000000000000000000e+00,6.896551724137930939e-02,3.448275862068965469e-02,0.000000000000000000e+00,0.000000000000000000e+00,0.000000000000000000e+00,0.000000000000000000e+00,0.000000000000000000e+00,0.000000000000000000e+00,0.000000000000000000e+00,0.000000000000000000e+00,0.000000000000000000e+00,0.000000000000000000e+00,0.000000000000000000e+00
7.692307692307692735e-02,3.846153846153846367e-02,5.384615384615384359e-01,3.846153846153846367e-02,3.846153846153846367e-02,3.846153846153846367e-02,0.000000000000000000e+00,3.846153846153846367e-02,3.846153846153846367e-02,0.000000000000000000e+00,0.000000000000000000e+00,7.692307692307692735e-02,3.846153846153846367e-02,0.000000000000000000e+00,3.846153846153846367e-02,0.000000000000000000e+00,0.000000000000000000e+00,0.000000000000000000e+00,0.000000000000000000e+00,0.000000000000000000e+00,0.000000000000000000e+00,0.000000000000000000e+00
0.000000000000000000e+00,1.492537313432835792e-02,2.985074626865671585e-02,8.358208955223880299e-01,0.000000000000000000e+00,0.000000000000000000e+00,1.492537313432835792e-02,2.985074626865671585e-02,0.000000000000000000e+00,1.492537313432835792e-02,0.000000000000000000e+00,4.477611940298507204e-02,1.492537313432835792e-02,0.000000000000000000e+00,0.000000000000000000e+00,0.000000000000000000e+00,0.000000000000000000e+00,0.000000000000000000e+00,0.000000000000000000e+00,0.000000000000000000e+00,0.000000000000000000e+00,0.000000000000000000e+00
4.000000000000000083e-02,0.000000000000000000e+00,0.000000000000000000e+00,0.000000000000000000e+00,5.999999999999999778e-01,1.199999999999999956e-01,0.000000000000000000e+00,0.000000000000000000e+00,0.000000000000000000e+00,0.000000000000000000e+00,0.000000000000000000e+00,8.000000000000000167e-02,0.000000000000000000e+00,4.000000000000000083e-02,4.000000000000000083e-02,4.000000000000000083e-02,0.000000000000000000e+00,0.000000000000000000e+00,0.000000000000000000e+00,0.000000000000000000e+00,0.000000000000000000e+00,4.000000000000000083e-02
0.000000000000000000e+00,0.000000000000000000e+00,0.000000000000000000e+00,0.000000000000000000e+00,6.521739130434782428e-02,7.608695652173913526e-01,2.173913043478260809e-02,2.173913043478260809e-02,4.347826086956521618e-02,6.521739130434782428e-02,0.000000000000000000e+00,0.000000000000000000e+00,0.000000000000000000e+00,2.173913043478260809e-02,0.000000000000000000e+00,0.000000000000000000e+00,0.000000000000000000e+00,0.000000000000000000e+00,0.000000000000000000e+00,0.000000000000000000e+00,0.000000000000000000e+00,0.000000000000000000e+00
0.000000000000000000e+00,0.000000000000000000e+00,0.000000000000000000e+00,3.571428571428571230e-02,0.000000000000000000e+00,1.785714285714285754e-01,5.357142857142856984e-01,3.571428571428571230e-02,0.000000000000000000e+00,3.571428571428571230e-02,0.000000000000000000e+00,0.000000000000000000e+00,3.571428571428571230e-02,1.428571428571428492e-01,0.000000000000000000e+00,0.000000000000000000e+00,0.000000000000000000e+00,0.000000000000000000e+00,0.000000000000000000e+00,0.000000000000000000e+00,0.000000000000000000e+00,0.000000000000000000e+00
0.000000000000000000e+00,0.000000000000000000e+00,0.000000000000000000e+00,0.000000000000000000e+00,1.000000000000000021e-02,1.000000000000000021e-02,0.000000000000000000e+00,8.399999999999999689e-01,7.000000000000000666e-02,1.000000000000000021e-02,2.000000000000000042e-02,2.000000000000000042e-02,2.000000000000000042e-02,0.000000000000000000e+00,0.000000000000000000e+00,0.000000000000000000e+00,0.000000000000000000e+00,0.000000000000000000e+00,0.000000000000000000e+00,0.000000000000000000e+00,0.000000000000000000e+00,0.000000000000000000e+00
0.000000000000000000e+00,6.060606060606060601e-03,0.000000000000000000e+00,0.000000000000000000e+00,1.212121212121212120e-02,6.060606060606060601e-03,0.000000000000000000e+00,1.818181818181818094e-02,7.090909090909091050e-01,1.818181818181818232e-01,3.030303030303030387e-02,1.212121212121212120e-02,1.212121212121212120e-02,1.212121212121212120e-02,0.000000000000000000e+00,0.000000000000000000e+00,0.000000000000000000e+00,0.000000000000000000e+00,0.000000000000000000e+00,0.000000000000000000e+00,0.000000000000000000e+00,0.000000000000000000e+00
4.538577912254160469e-03,3.025718608169440313e-03,0.000000000000000000e+00,1.512859304084720156e-03,0.000000000000000000e+00,3.025718608169440313e-03,3.025718608169440313e-03,0.000000000000000000e+00,2.571860816944024353e-02,8.214826021180030580e-01,1.225416036308623335e-01,9.077155824508320939e-03,3.025718608169440313e-03,1.512859304084720156e-03,0.000000000000000000e+00,1.512859304084720156e-03,0.000000000000000000e+00,0.000000000000000000e+00,0.000000000000000000e+00,0.000000000000000000e+00,0.000000000000000000e+00,0.000000000000000000e+00
1.386001386001386006e-03,6.930006930006930030e-04,0.000000000000000000e+00,0.000000000000000000e+00,0.000000000000000000e+00,0.000000000000000000e+00,6.930006930006930030e-04,1.386001386001386006e-03,4.851004851004850696e-03,4.573804573804574058e-02,8.489258489258488805e-01,8.662508662508662527e-02,5.544005544005544024e-03,1.386001386001386006e-03,2.079002079002079117e-03,0.000000000000000000e+00,6.930006930006930030e-04,0.000000000000000000e+00,0.000000000000000000e+00,0.000000000000000000e+00,0.000000000000000000e+00,0.000000000000000000e+00
3.398470688190314420e-03,0.000000000000000000e+00,1.699235344095157210e-03,3.398470688190314420e-03,1.699235344095157210e-03,0.000000000000000000e+00,0.000000000000000000e+00,1.699235344095157210e-03,0.000000000000000000e+00,6.796941376380628841e-03,8.326253186066270850e-02,8.037383177570093240e-01,8.411214953271027583e-02,7.646559048428207446e-03,8.496176720475786051e-04,8.496176720475786051e-04,0.000000000000000000e+00,0.000000000000000000e+00,0.000000000000000000e+00,0.000000000000000000e+00,0.000000000000000000e+00,8.496176720475786051e-04
1.584786053882725892e-03,0.000000000000000000e+00,0.000000000000000000e+00,1.584786053882725892e-03,0.000000000000000000e+00,1.584786053882725892e-03,1.584786053882725892e-03,0.000000000000000000e+00,3.169572107765451785e-03,0.000000000000000000e+00,1.109350237717908125e-02,1.141045958795562643e-01,7.575277337559429558e-01,9.191759112519809483e-02,6.339144215530903570e-03,3.169572107765451785e-03,3.169572107765451785e-03,1.584786053882725892e-03,0.000000000000000000e+00,0.000000000000000000e+00,0.000000000000000000e+00,1.584786053882725892e-03
4.926108374384236509e-03,0.000000000000000000e+00,2.463054187192118254e-03,0.000000000000000000e+00,0.000000000000000000e+00,0.000000000000000000e+00,9.852216748768473017e-03,2.463054187192118254e-03,4.926108374384236509e-03,0.000000000000000000e+00,2.463054187192118254e-03,3.448275862068965469e-02,1.083743842364532084e-01,7.044334975369458407e-01,1.009852216748768489e-01,7.389162561576354329e-03,9.852216748768473017e-03,4.926108374384236509e-03,0.000000000000000000e+00,0.000000000000000000e+00,2.463054187192118254e-03,0.000000000000000000e+00
4.115226337448560021e-03,0.000000000000000000e+00,0.000000000000000000e+00,0.000000000000000000e+00,0.000000000000000000e+00,4.115226337448560021e-03,4.115226337448560021e-03,4.115226337448560021e-03,0.000000000000000000e+00,0.000000000000000000e+00,4.115226337448560021e-03,1.646090534979424008e-02,1.234567901234567833e-02,1.563786008230452773e-01,7.078189300411522611e-01,6.172839506172839164e-02,8.230452674897120041e-03,0.000000000000000000e+00,0.000000000000000000e+00,4.115226337448560021e-03,8.230452674897120041e-03,4.115226337448560021e-03
1.136363636363636395e-02,0.000000000000000000e+00,0.000000000000000000e+00,0.000000000000000000e+00,0.000000000000000000e+00,1.136363636363636395e-02,0.000000000000000000e+00,0.000000000000000000e+00,0.000000000000000000e+00,0.000000000000000000e+00,0.000000000000000000e+00,1.136363636363636395e-02,2.272727272727272790e-02,5.681818181818181629e-02,1.704545454545454419e-01,5.568181818181817677e-01,7.954545454545454419e-02,2.272727272727272790e-02,3.409090909090908839e-02,0.000000000000000000e+00,1.136363636363636395e-02,1.136363636363636395e-02
0.000000000000000000e+00,0.000000000000000000e+00,0.000000000000000000e+00,0.000000000000000000e+00,0.000000000000000000e+00,0.000000000000000000e+00,0.000000000000000000e+00,0.000000000000000000e+00,0.000000000000000000e+00,0.000000000000000000e+00,5.882352941176470507e-02,5.882352941176470507e-02,8.823529411764706454e-02,8.823529411764706454e-02,5.882352941176470507e-02,1.764705882352941291e-01,3.235294117647058987e-01,1.470588235294117696e-01,0.000000000000000000e+00,0.000000000000000000e+00,0.000000000000000000e+00,0.000000000000000000e+00
0.000000000000000000e+00,0.000000000000000000e+00,0.000000000000000000e+00,0.000000000000000000e+00,0.000000000000000000e+00,0.000000000000000000e+00,0.000000000000000000e+00,0.000000000000000000e+00,5.263157894736841813e-02,0.000000000000000000e+00,0.000000000000000000e+00,0.000000000000000000e+00,5.263157894736841813e-02,0.000000000000000000e+00,5.263157894736841813e-02,1.578947368421052544e-01,1.052631578947368363e-01,2.631578947368420907e-01,1.578947368421052544e-01,0.000000000000000000e+00,1.052631578947368363e-01,5.263157894736841813e-02
0.000000000000000000e+00,0.000000000000000000e+00,0.000000000000000000e+00,0.000000000000000000e+00,0.000000000000000000e+00,0.000000000000000000e+00,0.000000000000000000e+00,0.000000000000000000e+00,0.000000000000000000e+00,0.000000000000000000e+00,0.000000000000000000e+00,0.000000000000000000e+00,0.000000000000000000e+00,5.263157894736841813e-02,0.000000000000000000e+00,1.052631578947368363e-01,5.263157894736841813e-02,1.578947368421052544e-01,5.789473684210526550e-01,0.000000000000000000e+00,0.000000000000000000e+00,5.263157894736841813e-02
0.000000000000000000e+00,0.000000000000000000e+00,0.000000000000000000e+00,0.000000000000000000e+00,0.000000000000000000e+00,0.000000000000000000e+00,0.000000000000000000e+00,0.000000000000000000e+00,0.000000000000000000e+00,0.000000000000000000e+00,0.000000000000000000e+00,0.000000000000000000e+00,0.000000000000000000e+00,9.090909090909091161e-02,0.000000000000000000e+00,9.090909090909091161e-02,9.090909090909091161e-02,0.000000000000000000e+00,0.000000000000000000e+00,6.363636363636363535e-01,9.090909090909091161e-02,0.000000000000000000e+00
0.000000000000000000e+00,0.000000000000000000e+00,0.000000000000000000e+00,0.000000000000000000e+00,0.000000000000000000e+00,0.000000000000000000e+00,0.000000000000000000e+00,0.000000000000000000e+00,0.000000000000000000e+00,0.000000000000000000e+00,0.000000000000000000e+00,0.000000000000000000e+00,0.000000000000000000e+00,0.000000000000000000e+00,2.222222222222222099e-01,0.000000000000000000e+00,0.000000000000000000e+00,1.111111111111111049e-01,1.111111111111111049e-01,2.222222222222222099e-01,3.333333333333333148e-01,0.000000000000000000e+00
0.000000000000000000e+00,0.000000000000000000e+00,0.000000000000000000e+00,0.000000000000000000e+00,0.000000000000000000e+00,0.000000000000000000e+00,0.000000000000000000e+00,0.000000000000000000e+00,0.000000000000000000e+00,0.000000000000000000e+00,4.761904761904761640e-02,4.761904761904761640e-02,4.761904761904761640e-02,0.000000000000000000e+00,4.761904761904761640e-02,9.523809523809523281e-02,9.523809523809523281e-02,0.000000000000000000e+00,4.761904761904761640e-02,4.761904761904761640e-02,0.000000000000000000e+00,5.238095238095238360e-01
