7.592829705505761417e-01,1.088348271446862997e-01,6.402048655569782080e-03,7.682458386683738497e-03,2.560819462227912832e-03,5.121638924455825664e-03,0.000000000000000000e+00,1.280409731113956416e-03,0.000000000000000000e+00,0.000000000000000000e+00,6.402048655569782080e-03,1.280409731113956416e-03,0.000000000000000000e+00,1.280409731113956416e-03,2.560819462227912832e-03,1.280409731113956416e-03,1.280409731113956416e-03,1.280409731113956416e-03,3.841229193341869248e-03,1.408450704225352144e-02,7.554417413572343809e-02
9.472422062350119298e-02,7.589928057553957386e-01,7.434052757793764565e-02,1.918465227817745672e-02,5.995203836930455658e-03,3.597122302158273568e-03,4.796163069544364180e-03,4.796163069544364180e-03,1.199040767386091045e-03,0.000000000000000000e+00,7.194244604316547137e-03,1.199040767386091045e-03,1.199040767386091045e-03,2.398081534772182090e-03,3.597122302158273568e-03,1.199040767386091045e-03,1.199040767386091045e-03,0.000000000000000000e+00,2.398081534772182090e-03,3.597122302158273568e-03,8.393285371702637748e-03
1.286764705882352880e-02,1.194852941176470645e-01,7.463235294117647189e-01,6.066176470588235253e-02,1.470588235294117627e-02,9.191176470588235600e-03,9.191176470588235600e-03,1.838235294117647033e-03,1.838235294117647033e-03,0.000000000000000000e+00,5.514705882352941534e-03,7.352941176470588133e-03,0.000000000000000000e+00,0.000000000000000000e+00,0.000000000000000000e+00,1.838235294117647033e-03,0.000000000000000000e+00,1.838235294117647033e-03,3.676470588235294067e-03,3.676470588235294067e-03,0.000000000000000000e+00
1.685393258426966245e-02,1.966292134831460620e-02,1.039325842696629254e-01,6.629213483146066954e-01,8.707865168539326295e-02,1.966292134831460620e-02,5.617977528089887485e-03,5.617977528089887485e-03,5.617977528089887485e-03,5.617977528089887485e-03,2.528089887640449368e-02,8.426966292134831227e-03,0.000000000000000000e+00,5.617977528089887485e-03,5.617977528089887485e-03,2.808988764044943742e-03,5.617977528089887485e-03,0.000000000000000000e+00,0.000000000000000000e+00,2.808988764044943742e-03,1.123595505617977497e-02
1.190476190476190410e-02,3.174603174603174427e-02,3.571428571428571230e-02,1.150793650793650730e-01,6.507936507936508130e-01,6.349206349206348854e-02,1.587301587301587213e-02,0.000000000000000000e+00,7.936507936507936067e-03,3.968253968253968034e-03,4.365079365079364837e-02,0.000000000000000000e+00,0.000000000000000000e+00,0.000000000000000000e+00,7.936507936507936067e-03,0.000000000000000000e+00,0.000000000000000000e+00,0.000000000000000000e+00,3.968253968253968034e-03,3.968253968253968034e-03,3.968253968253968034e-03
0.000000000000000000e+00,1.459854014598540098e-02,3.649635036496350071e-02,8.029197080291970712e-02,1.094890510948905160e-01,5.401459854014598605e-01,1.094890510948905160e-01,1.459854014598540098e-02,7.299270072992700489e-03,0.000000000000000000e+00,7.299270072992700142e-02,0.000000000000000000e+00,0.000000000000000000e+00,0.000000000000000000e+00,7.299270072992700489e-03,0.000000000000000000e+00,0.000000000000000000e+00,0.000000000000000000e+00,0.000000000000000000e+00,7.299270072992700489e-03,0.000000000000000000e+00
1.351351351351351426e-02,9.459459459459459985e-02,5.405405405405405705e-02,2.702702702702702853e-02,9.459459459459459985e-02,1.756756756756756854e-01,3.108108108108108003e-01,8.108108108108108558e-02,1.351351351351351426e-02,1.351351351351351426e-02,8.108108108108108558e-02,0.000000000000000000e+00,0.000000000000000000e+00,0.000000000000000000e+00,0.000000000000000000e+00,0.000000000000000000e+00,0.000000000000000000e+00,1.351351351351351426e-02,0.000000000000000000e+00,0.000000000000000000e+00,2.702702702702702853e-02
0.000000000000000000e+00,1.818181818181818094e-02,3.636363636363636187e-02,0.000000000000000000e+00,1.818181818181818094e-02,5.454545454545454281e-02,5.454545454545454281e-02,4.727272727272727182e-01,1.818181818181818232e-01,1.818181818181818094e-02,1.272727272727272596e-01,0.000000000000000000e+00,0.000000000000000000e+00,0.000000000000000000e+00,0.000000000000000000e+00,0.000000000000000000e+00,0.000000000000000000e+00,0.000000000000000000e+00,0.000000000000000000e+00,0.000000000000000000e+00,1.818181818181818094e-02
0.000000000000000000e+00,2.083333333333333218e-02,0.000000000000000000e+00,2.083333333333333218e-02,2.083333333333333218e-02,2.083333333333333218e-02,4.166666666666666435e-02,1.250000000000000000e-01,5.208333333333333703e-01,2.083333333333333218e-02,1.875000000000000000e-01,2.083333333333333218e-02,0.000000000000000000e+00,0.000000000000000000e+00,0.000000000000000000e+00,0.000000000000000000e+00,0.000000000000000000e+00,0.000000000000000000e+00,0.000000000000000000e+00,0.000000000000000000e+00,0.000000000000000000e+00
0.000000000000000000e+00,0.000000000000000000e+00,1.000000000000000056e-01,1.499999999999999944e-01,0.000000000000000000e+00,1.000000000000000056e-01,0.000000000000000000e+00,0.000000000000000000e+00,0.000000000000000000e+00,2.999999999999999889e-01,3.499999999999999778e-01,0.000000000000000000e+00,0.000000000000000000e+00,0.000000000000000000e+00,0.000000000000000000e+00,0.000000000000000000e+00,0.000000000000000000e+00,0.000000000000000000e+00,0.000000000000000000e+00,0.000000000000000000e+00,0.000000000000000000e+00
9.803921568627450844e-03,1.960784313725490169e-02,2.941176470588235253e-02,3.431372549019608142e-02,4.901960784313725422e-02,4.411764705882353227e-02,2.941176470588235253e-02,4.411764705882353227e-02,5.392156862745098311e-02,2.450980392156862711e-02,6.470588235294117974e-01,4.901960784313725422e-03,0.000000000000000000e+00,0.000000000000000000e+00,0.000000000000000000e+00,0.000000000000000000e+00,0.000000000000000000e+00,4.901960784313725422e-03,0.000000000000000000e+00,4.901960784313725422e-03,0.000000000000000000e+00
2.999999999999999889e-02,1.000000000000000021e-02,0.000000000000000000e+00,4.000000000000000083e-02,0.000000000000000000e+00,0.000000000000000000e+00,0.000000000000000000e+00,0.000000000000000000e+00,0.000000000000000000e+00,0.000000000000000000e+00,1.000000000000000021e-02,7.500000000000000000e-01,2.000000000000000042e-02,5.999999999999999778e-02,2.000000000000000042e-02,2.999999999999999889e-02,0.000000000000000000e+00,1.000000000000000021e-02,1.000000000000000021e-02,0.000000000000000000e+00,1.000000000000000021e-02
1.428571428571428492e-01,0.000000000000000000e+00,0.000000000000000000e+00,1.428571428571428492e-01,0.000000000000000000e+00,0.000000000000000000e+00,0.000000000000000000e+00,0.000000000000000000e+00,0.000000000000000000e+00,0.000000000000000000e+00,0.000000000000000000e+00,0.000000000000000000e+00,2.857142857142856984e-01,1.428571428571428492e-01,0.000000000000000000e+00,1.428571428571428492e-01,0.000000000000000000e+00,0.000000000000000000e+00,0.000000000000000000e+00,0.000000000000000000e+00,1.428571428571428492e-01
0.000000000000000000e+00,1.818181818181818094e-02,0.000000000000000000e+00,0.000000000000000000e+00,0.000000000000000000e+00,0.000000000000000000e+00,0.000000000000000000e+00,0.000000000000000000e+00,0.000000000000000000e+00,0.000000000000000000e+00,1.818181818181818094e-02,1.818181818181818094e-02,3.636363636363636187e-02,7.818181818181818565e-01,7.272727272727272374e-02,1.818181818181818094e-02,0.000000000000000000e+00,1.818181818181818094e-02,0.000000000000000000e+00,1.818181818181818094e-02,0.000000000000000000e+00
1.666666666666666644e-02,5.000000000000000278e-02,1.666666666666666644e-02,0.000000000000000000e+00,3.333333333333333287e-02,1.666666666666666644e-02,0.000000000000000000e+00,0.000000000000000000e+00,0.000000000000000000e+00,0.000000000000000000e+00,0.000000000000000000e+00,1.000000000000000056e-01,0.000000000000000000e+00,3.333333333333333287e-02,5.833333333333333703e-01,3.333333333333333287e-02,0.000000000000000000e+00,1.666666666666666644e-02,3.333333333333333287e-02,5.000000000000000278e-02,1.666666666666666644e-02
1.315789473684210453e-02,0.000000000000000000e+00,2.631578947368420907e-02,3.947368421052631360e-02,0.000000000000000000e+00,0.000000000000000000e+00,0.000000000000000000e+00,0.000000000000000000e+00,0.000000000000000000e+00,0.000000000000000000e+00,0.000000000000000000e+00,0.000000000000000000e+00,0.000000000000000000e+00,1.315789473684210453e-02,5.263157894736841813e-02,6.973684210526315264e-01,9.210526315789473173e-02,2.631578947368420907e-02,1.315789473684210453e-02,1.315789473684210453e-02,1.315789473684210453e-02
1.739130434782608717e-02,1.739130434782608717e-02,8.695652173913043584e-03,0.000000000000000000e+00,8.695652173913043584e-03,0.000000000000000000e+00,0.000000000000000000e+00,0.000000000000000000e+00,0.000000000000000000e+00,0.000000000000000000e+00,8.695652173913043584e-03,8.695652173913043584e-03,0.000000000000000000e+00,8.695652173913043584e-03,1.739130434782608717e-02,4.347826086956521618e-02,6.869565217391304657e-01,1.043478260869565161e-01,5.217391304347825803e-02,1.739130434782608717e-02,0.000000000000000000e+00
0.000000000000000000e+00,1.315789473684210453e-02,1.315789473684210453e-02,1.315789473684210453e-02,6.578947368421052266e-03,0.000000000000000000e+00,6.578947368421052266e-03,0.000000000000000000e+00,0.000000000000000000e+00,0.000000000000000000e+00,0.000000000000000000e+00,0.000000000000000000e+00,0.000000000000000000e+00,0.000000000000000000e+00,0.000000000000000000e+00,2.631578947368420907e-02,8.552631578947368640e-02,7.565789473684210176e-01,6.578947368421052266e-02,0.000000000000000000e+00,1.315789473684210453e-02
2.232142857142857192e-02,8.928571428571428076e-03,1.339285714285714211e-02,4.464285714285714038e-03,4.464285714285714038e-03,0.000000000000000000e+00,0.000000000000000000e+00,0.000000000000000000e+00,0.000000000000000000e+00,0.000000000000000000e+00,0.000000000000000000e+00,4.464285714285714038e-03,4.464285714285714038e-03,0.000000000000000000e+00,4.464285714285714038e-03,0.000000000000000000e+00,1.785714285714285615e-02,3.125000000000000000e-02,7.276785714285713969e-01,1.339285714285714246e-01,2.232142857142857192e-02
1.066098081023454137e-02,1.066098081023454137e-02,0.000000000000000000e+00,2.132196162046908275e-03,0.000000000000000000e+00,0.000000000000000000e+00,0.000000000000000000e+00,0.000000000000000000e+00,0.000000000000000000e+00,0.000000000000000000e+00,0.000000000000000000e+00,0.000000000000000000e+00,0.000000000000000000e+00,0.000000000000000000e+00,6.396588486140724825e-03,2.132196162046908275e-03,1.066098081023454137e-02,2.132196162046908275e-03,6.183368869936033824e-02,7.782515991471214978e-01,1.151385927505330503e-01
9.866666666666666641e-02,1.600000000000000033e-02,1.333333333333333289e-03,5.333333333333333155e-03,4.000000000000000083e-03,1.333333333333333289e-03,0.000000000000000000e+00,0.000000000000000000e+00,0.000000000000000000e+00,0.000000000000000000e+00,1.333333333333333289e-03,0.000000000000000000e+00,0.000000000000000000e+00,0.000000000000000000e+00,0.000000000000000000e+00,0.000000000000000000e+00,2.666666666666666578e-03,0.000000000000000000e+00,6.666666666666667095e-03,5.199999999999999761e-02,8.106666666666666465e-01
