8.162518301610541815e-01,1.193265007320644250e-01,3.660322108345534509e-03,7.320644216691069017e-04,0.000000000000000000e+00,0.000000000000000000e+00,0.000000000000000000e+00,0.000000000000000000e+00,0.000000000000000000e+00,0.000000000000000000e+00,0.000000000000000000e+00,0.000000000000000000e+00,0.000000000000000000e+00,7.320644216691069017e-04,0.000000000000000000e+00,0.000000000000000000e+00,0.000000000000000000e+00,2.196193265007320705e-03,7.320644216691069017e-04,9.516837481698389722e-03,4.685212298682284171e-02
1.053435114503816772e-01,7.885496183206106569e-01,8.015267175572518554e-02,3.053435114503816761e-03,1.526717557251908381e-03,0.000000000000000000e+00,0.000000000000000000e+00,0.000000000000000000e+00,0.000000000000000000e+00,0.000000000000000000e+00,0.000000000000000000e+00,2.290076335877862680e-03,0.000000000000000000e+00,1.526717557251908381e-03,7.633587786259541904e-04,1.526717557251908381e-03,0.000000000000000000e+00,7.633587786259541904e-04,7.633587786259541904e-04,0.000000000000000000e+00,1.374045801526717521e-02
1.699346405228758031e-02,1.150326797385620853e-01,7.725490196078431682e-01,7.712418300653595127e-02,3.921568627450980338e-03,1.307189542483660040e-03,0.000000000000000000e+00,0.000000000000000000e+00,0.000000000000000000e+00,0.000000000000000000e+00,0.000000000000000000e+00,2.614379084967320081e-03,0.000000000000000000e+00,1.307189542483660040e-03,3.921568627450980338e-03,0.000000000000000000e+00,2.614379084967320081e-03,0.000000000000000000e+00,0.000000000000000000e+00,1.307189542483660040e-03,1.307189542483660040e-03
2.469135802469135752e-03,1.975308641975308602e-02,1.407407407407407496e-01,7.209876543209876587e-01,7.901234567901234407e-02,7.407407407407407690e-03,2.469135802469135752e-03,0.000000000000000000e+00,0.000000000000000000e+00,0.000000000000000000e+00,7.407407407407407690e-03,4.938271604938271504e-03,0.000000000000000000e+00,0.000000000000000000e+00,2.469135802469135752e-03,2.469135802469135752e-03,2.469135802469135752e-03,4.938271604938271504e-03,0.000000000000000000e+00,0.000000000000000000e+00,2.469135802469135752e-03
0.000000000000000000e+00,6.250000000000000347e-03,5.000000000000000278e-02,1.562500000000000000e-01,6.437500000000000444e-01,1.312500000000000056e-01,0.000000000000000000e+00,6.250000000000000347e-03,0.000000000000000000e+00,0.000000000000000000e+00,0.000000000000000000e+00,0.000000000000000000e+00,0.000000000000000000e+00,0.000000000000000000e+00,0.000000000000000000e+00,0.000000000000000000e+00,0.000000000000000000e+00,0.000000000000000000e+00,0.000000000000000000e+00,0.000000000000000000e+00,6.250000000000000347e-03
8.000000000000000167e-03,8.000000000000000167e-03,0.000000000000000000e+00,4.800000000000000100e-02,1.519999999999999962e-01,6.959999999999999520e-01,4.800000000000000100e-02,8.000000000000000167e-03,0.000000000000000000e+00,0.000000000000000000e+00,8.000000000000000167e-03,8.000000000000000167e-03,0.000000000000000000e+00,0.000000000000000000e+00,0.000000000000000000e+00,8.000000000000000167e-03,0.000000000000000000e+00,0.000000000000000000e+00,0.000000000000000000e+00,0.000000000000000000e+00,8.000000000000000167e-03
0.000000000000000000e+00,0.000000000000000000e+00,0.000000000000000000e+00,0.000000000000000000e+00,1.052631578947368363e-01,2.105263157894736725e-01,4.210526315789473450e-01,1.578947368421052544e-01,5.263157894736841813e-02,0.000000000000000000e+00,5.263157894736841813e-02,0.000000000000000000e+00,0.000000000000000000e+00,0.000000000000000000e+00,0.000000000000000000e+00,0.000000000000000000e+00,0.000000000000000000e+00,0.000000000000000000e+00,0.000000000000000000e+00,0.000000000000000000e+00,0.000000000000000000e+00
0.000000000000000000e+00,0.000000000000000000e+00,0.000000000000000000e+00,1.111111111111111049e-01,0.000000000000000000e+00,0.000000000000000000e+00,0.000000000000000000e+00,2.222222222222222099e-01,4.444444444444444198e-01,1.111111111111111049e-01,0.000000000000000000e+00,0.000000000000000000e+00,0.000000000000000000e+00,0.000000000000000000e+00,0.000000000000000000e+00,0.000000000000000000e+00,0.000000000000000000e+00,0.000000000000000000e+00,0.000000000000000000e+00,1.111111111111111049e-01,0.000000000000000000e+00
0.000000000000000000e+00,0.000000000000000000e+00,0.000000000000000000e+00,0.000000000000000000e+00,0.000000000000000000e+00,2.999999999999999889e-01,0.000000000000000000e+00,1.000000000000000056e-01,2.999999999999999889e-01,1.000000000000000056e-01,2.000000000000000111e-01,0.000000000000000000e+00,0.000000000000000000e+00,0.000000000000000000e+00,0.000000000000000000e+00,0.000000000000000000e+00,0.000000000000000000e+00,0.000000000000000000e+00,0.000000000000000000e+00,0.000000000000000000e+00,0.000000000000000000e+00
0.000000000000000000e+00,0.000000000000000000e+00,0.000000000000000000e+00,0.000000000000000000e+00,3.333333333333333148e-01,0.000000000000000000e+00,0.000000000000000000e+00,3.333333333333333148e-01,3.333333333333333148e-01,0.000000000000000000e+00,0.000000000000000000e+00,0.000000000000000000e+00,0.000000000000000000e+00,0.000000000000000000e+00,0.000000000000000000e+00,0.000000000000000000e+00,0.000000000000000000e+00,0.000000000000000000e+00,0.000000000000000000e+00,0.000000000000000000e+00,0.000000000000000000e+00
0.000000000000000000e+00,0.000000000000000000e+00,0.000000000000000000e+00,0.000000000000000000e+00,0.000000000000000000e+00,9.090909090909091161e-02,9.090909090909091161e-02,0.000000000000000000e+00,1.363636363636363535e-01,4.545454545454545581e-02,6.363636363636363535e-01,0.000000000000000000e+00,0.000000000000000000e+00,0.000000000000000000e+00,0.000000000000000000e+00,0.000000000000000000e+00,0.000000000000000000e+00,0.000000000000000000e+00,0.000000000000000000e+00,0.000000000000000000e+00,0.000000000000000000e+00
4.081632653061224164e-02,2.040816326530612082e-02,2.040816326530612082e-02,6.122448979591836593e-02,0.000000000000000000e+00,4.081632653061224164e-02,0.000000000000000000e+00,0.000000000000000000e+00,0.000000000000000000e+00,0.000000000000000000e+00,0.000000000000000000e+00,6.734693877551020114e-01,0.000000000000000000e+00,0.000000000000000000e+00,6.122448979591836593e-02,4.081632653061224164e-02,2.040816326530612082e-02,0.000000000000000000e+00,0.000000000000000000e+00,0.000000000000000000e+00,2.040816326530612082e-02
7.692307692307692735e-02,7.692307692307692735e-02,0.000000000000000000e+00,0.000000000000000000e+00,0.000000000000000000e+00,0.000000000000000000e+00,0.000000000000000000e+00,0.000000000000000000e+00,0.000000000000000000e+00,0.000000000000000000e+00,0.000000000000000000e+00,0.000000000000000000e+00,7.692307692307692735e-01,7.692307692307692735e-02,0.000000000000000000e+00,0.000000000000000000e+00,0.000000000000000000e+00,0.000000000000000000e+00,0.000000000000000000e+00,0.000000000000000000e+00,0.000000000000000000e+00
0.000000000000000000e+00,7.142857142857142461e-02,0.000000000000000000e+00,0.000000000000000000e+00,0.000000000000000000e+00,0.000000000000000000e+00,0.000000000000000000e+00,0.000000000000000000e+00,0.000000000000000000e+00,0.000000000000000000e+00,0.000000000000000000e+00,7.142857142857142461e-02,0.000000000000000000e+00,7.857142857142856984e-01,3.571428571428571230e-02,0.000000000000000000e+00,0.000000000000000000e+00,3.571428571428571230e-02,0.000000000000000000e+00,0.000000000000000000e+00,0.000000000000000000e+00
0.000000000000000000e+00,3.030303030303030387e-02,9.090909090909091161e-02,6.060606060606060774e-02,0.000000000000000000e+00,0.000000000000000000e+00,0.000000000000000000e+00,0.000000000000000000e+00,0.000000000000000000e+00,0.000000000000000000e+00,0.000000000000000000e+00,6.060606060606060774e-02,0.000000000000000000e+00,9.090909090909091161e-02,5.757575757575758013e-01,3.030303030303030387e-02,3.030303030303030387e-02,0.000000000000000000e+00,0.000000000000000000e+00,0.000000000000000000e+00,3.030303030303030387e-02
2.500000000000000139e-02,5.000000000000000278e-02,0.000000000000000000e+00,0.000000000000000000e+00,5.000000000000000278e-02,0.000000000000000000e+00,0.000000000000000000e+00,0.000000000000000000e+00,0.000000000000000000e+00,0.000000000000000000e+00,0.000000000000000000e+00,2.500000000000000139e-02,0.000000000000000000e+00,0.000000000000000000e+00,0.000000000000000000e+00,7.500000000000000000e-01,0.000000000000000000e+00,0.000000000000000000e+00,0.000000000000000000e+00,2.500000000000000139e-02,7.499999999999999722e-02
0.000000000000000000e+00,0.000000000000000000e+00,0.000000000000000000e+00,5.000000000000000278e-02,0.000000000000000000e+00,5.000000000000000278e-02,0.000000000000000000e+00,0.000000000000000000e+00,0.000000000000000000e+00,0.000000000000000000e+00,0.000000000000000000e+00,0.000000000000000000e+00,0.000000000000000000e+00,0.000000000000000000e+00,5.000000000000000278e-02,0.000000000000000000e+00,8.000000000000000444e-01,0.000000000000000000e+00,5.000000000000000278e-02,0.000000000000000000e+00,0.000000000000000000e+00
1.785714285714285615e-02,1.785714285714285615e-02,0.000000000000000000e+00,3.571428571428571230e-02,0.000000000000000000e+00,1.785714285714285615e-02,0.000000000000000000e+00,0.000000000000000000e+00,0.000000000000000000e+00,0.000000000000000000e+00,0.000000000000000000e+00,0.000000000000000000e+00,0.000000000000000000e+00,0.000000000000000000e+00,1.785714285714285615e-02,0.000000000000000000e+00,0.000000000000000000e+00,7.857142857142856984e-01,5.357142857142856845e-02,1.785714285714285615e-02,3.571428571428571230e-02
4.000000000000000083e-02,0.000000000000000000e+00,0.000000000000000000e+00,0.000000000000000000e+00,0.000000000000000000e+00,0.000000000000000000e+00,0.000000000000000000e+00,0.000000000000000000e+00,0.000000000000000000e+00,0.000000000000000000e+00,0.000000000000000000e+00,0.000000000000000000e+00,1.333333333333333419e-02,0.000000000000000000e+00,0.000000000000000000e+00,2.666666666666666838e-02,0.000000000000000000e+00,4.000000000000000083e-02,7.199999999999999734e-01,1.066666666666666735e-01,5.333333333333333676e-02
3.930131004366812369e-02,1.310043668122270674e-02,0.000000000000000000e+00,0.000000000000000000e+00,0.000000000000000000e+00,4.366812227074235581e-03,0.000000000000000000e+00,0.000000000000000000e+00,0.000000000000000000e+00,0.000000000000000000e+00,4.366812227074235581e-03,0.000000000000000000e+00,0.000000000000000000e+00,0.000000000000000000e+00,0.000000000000000000e+00,0.000000000000000000e+00,0.000000000000000000e+00,4.366812227074235581e-03,2.183406113537117790e-02,7.729257641921397637e-01,1.397379912663755386e-01
1.493055555555555525e-01,1.909722222222222376e-02,1.736111111111111015e-03,1.736111111111111015e-03,1.736111111111111015e-03,0.000000000000000000e+00,1.736111111111111015e-03,0.000000000000000000e+00,0.000000000000000000e+00,0.000000000000000000e+00,0.000000000000000000e+00,1.736111111111111015e-03,1.736111111111111015e-03,1.736111111111111015e-03,1.736111111111111015e-03,0.000000000000000000e+00,0.000000000000000000e+00,1.736111111111111015e-03,6.944444444444444059e-03,3.993055555555555247e-02,7.690972222222222099e-01
