7.813383600377002969e-01,9.330819981149858500e-02,1.225259189443920864e-02,2.827521206409048214e-03,9.425070688030159991e-04,3.770028275212063996e-03,9.425070688030159991e-04,1.885014137606031998e-03,0.000000000000000000e+00,0.000000000000000000e+00,4.712535344015079779e-03,0.000000000000000000e+00,9.425070688030159991e-04,0.000000000000000000e+00,0.000000000000000000e+00,1.885014137606031998e-03,0.000000000000000000e+00,0.000000000000000000e+00,2.827521206409048214e-03,3.770028275212063996e-03,8.859566446748350088e-02
1.051373954599761074e-01,7.323775388291516864e-01,8.602150537634409289e-02,2.031063321385901885e-02,9.557945041816008971e-03,4.778972520908004486e-03,4.778972520908004486e-03,3.584229390681003581e-03,4.778972520908004486e-03,0.000000000000000000e+00,4.778972520908004486e-03,3.584229390681003581e-03,0.000000000000000000e+00,2.389486260454002243e-03,2.389486260454002243e-03,1.194743130227001121e-03,1.194743130227001121e-03,0.000000000000000000e+00,4.778972520908004486e-03,1.194743130227001121e-03,7.168458781362007162e-03
2.564102564102564014e-02,1.299145299145299248e-01,6.888888888888888840e-01,9.572649572649573335e-02,8.547008547008547868e-03,1.025641025641025640e-02,3.418803418803418800e-03,1.709401709401709400e-03,0.000000000000000000e+00,3.418803418803418800e-03,1.367521367521367520e-02,0.000000000000000000e+00,0.000000000000000000e+00,0.000000000000000000e+00,3.418803418803418800e-03,1.709401709401709400e-03,0.000000000000000000e+00,5.128205128205128201e-03,3.418803418803418800e-03,0.000000000000000000e+00,5.128205128205128201e-03
0.000000000000000000e+00,4.521276595744681132e-02,1.250000000000000000e-01,6.835106382978722861e-01,7.978723404255319562e-02,1.861702127659574380e-02,2.127659574468085055e-02,5.319148936170212637e-03,0.000000000000000000e+00,5.319148936170212637e-03,7.978723404255318521e-03,2.659574468085106318e-03,0.000000000000000000e+00,0.000000000000000000e+00,0.000000000000000000e+00,0.000000000000000000e+00,0.000000000000000000e+00,0.000000000000000000e+00,0.000000000000000000e+00,2.659574468085106318e-03,2.659574468085106318e-03
1.694915254237288130e-02,6.779661016949152519e-02,7.344632768361582242e-02,1.242937853107344698e-01,5.480225988700564432e-01,9.039548022598870025e-02,1.694915254237288130e-02,1.129943502824858753e-02,5.649717514124293766e-03,5.649717514124293766e-03,3.389830508474576259e-02,5.649717514124293766e-03,0.000000000000000000e+00,0.000000000000000000e+00,0.000000000000000000e+00,0.000000000000000000e+00,0.000000000000000000e+00,0.000000000000000000e+00,0.000000000000000000e+00,0.000000000000000000e+00,0.000000000000000000e+00
9.259259259259258745e-03,6.481481481481481122e-02,8.333333333333332871e-02,8.333333333333332871e-02,1.388888888888888951e-01,3.981481481481481399e-01,9.259259259259258745e-02,4.629629629629629373e-02,2.777777777777777624e-02,2.777777777777777624e-02,1.851851851851851749e-02,0.000000000000000000e+00,0.000000000000000000e+00,0.000000000000000000e+00,0.000000000000000000e+00,0.000000000000000000e+00,0.000000000000000000e+00,0.000000000000000000e+00,0.000000000000000000e+00,0.000000000000000000e+00,9.259259259259258745e-03
1.063829787234042527e-02,3.191489361702127409e-02,5.319148936170212810e-02,5.319148936170212810e-02,8.510638297872340219e-02,1.702127659574468044e-01,3.829787234042553168e-01,8.510638297872340219e-02,1.063829787234042527e-02,3.191489361702127409e-02,7.446808510638297518e-02,0.000000000000000000e+00,0.000000000000000000e+00,0.000000000000000000e+00,0.000000000000000000e+00,0.000000000000000000e+00,0.000000000000000000e+00,1.063829787234042527e-02,0.000000000000000000e+00,0.000000000000000000e+00,0.000000000000000000e+00
1.612903225806451568e-02,0.000000000000000000e+00,3.225806451612903136e-02,6.451612903225806273e-02,1.612903225806451568e-02,8.064516129032257841e-02,2.258064516129032195e-01,3.548387096774193727e-01,1.451612903225806550e-01,0.000000000000000000e+00,4.838709677419354704e-02,1.612903225806451568e-02,0.000000000000000000e+00,0.000000000000000000e+00,0.000000000000000000e+00,0.000000000000000000e+00,0.000000000000000000e+00,0.000000000000000000e+00,0.000000000000000000e+00,0.000000000000000000e+00,0.000000000000000000e+00
0.000000000000000000e+00,0.000000000000000000e+00,4.444444444444444614e-02,6.666666666666666574e-02,6.666666666666666574e-02,2.222222222222222307e-02,6.666666666666666574e-02,1.333333333333333315e-01,4.666666666666666741e-01,6.666666666666666574e-02,6.666666666666666574e-02,0.000000000000000000e+00,0.000000000000000000e+00,0.000000000000000000e+00,0.000000000000000000e+00,0.000000000000000000e+00,0.000000000000000000e+00,0.000000000000000000e+00,0.000000000000000000e+00,0.000000000000000000e+00,0.000000000000000000e+00
3.448275862068965469e-02,0.000000000000000000e+00,0.000000000000000000e+00,3.448275862068965469e-02,0.000000000000000000e+00,1.034482758620689641e-01,1.034482758620689641e-01,6.896551724137930939e-02,6.896551724137930939e-02,2.413793103448275967e-01,3.448275862068965747e-01,0.000000000000000000e+00,0.000000000000000000e+00,0.000000000000000000e+00,0.000000000000000000e+00,0.000000000000000000e+00,0.000000000000000000e+00,0.000000000000000000e+00,0.000000000000000000e+00,0.000000000000000000e+00,0.000000000000000000e+00
0.000000000000000000e+00,2.083333333333333218e-02,5.555555555555555247e-02,2.777777777777777624e-02,2.777777777777777624e-02,2.083333333333333218e-02,6.944444444444444753e-02,1.388888888888888812e-02,2.083333333333333218e-02,5.555555555555555247e-02,6.736111111111111605e-01,6.944444444444444059e-03,0.000000000000000000e+00,0.000000000000000000e+00,0.000000000000000000e+00,0.000000000000000000e+00,0.000000000000000000e+00,0.000000000000000000e+00,6.944444444444444059e-03,0.000000000000000000e+00,0.000000000000000000e+00
2.222222222222222307e-02,2.222222222222222307e-02,0.000000000000000000e+00,2.222222222222222307e-02,2.222222222222222307e-02,0.000000000000000000e+00,0.000000000000000000e+00,0.000000000000000000e+00,0.000000000000000000e+00,0.000000000000000000e+00,0.000000000000000000e+00,7.333333333333332815e-01,2.222222222222222307e-02,0.000000000000000000e+00,6.666666666666666574e-02,4.444444444444444614e-02,0.000000000000000000e+00,0.000000000000000000e+00,2.222222222222222307e-02,2.222222222222222307e-02,0.000000000000000000e+00
0.000000000000000000e+00,3.846153846153846367e-02,3.846153846153846367e-02,0.000000000000000000e+00,0.000000000000000000e+00,0.000000000000000000e+00,0.000000000000000000e+00,0.000000000000000000e+00,0.000000000000000000e+00,0.000000000000000000e+00,0.000000000000000000e+00,3.846153846153846367e-02,8.076923076923077094e-01,3.846153846153846367e-02,0.000000000000000000e+00,3.846153846153846367e-02,0.000000000000000000e+00,0.000000000000000000e+00,0.000000000000000000e+00,0.000000000000000000e+00,0.000000000000000000e+00
0.000000000000000000e+00,0.000000000000000000e+00,1.587301587301587213e-02,0.000000000000000000e+00,0.000000000000000000e+00,0.000000000000000000e+00,0.000000000000000000e+00,0.000000000000000000e+00,0.000000000000000000e+00,0.000000000000000000e+00,0.000000000000000000e+00,1.587301587301587213e-02,1.587301587301587213e-02,7.936507936507936067e-01,7.936507936507936067e-02,3.174603174603174427e-02,0.000000000000000000e+00,0.000000000000000000e+00,0.000000000000000000e+00,3.174603174603174427e-02,1.587301587301587213e-02
0.000000000000000000e+00,3.636363636363636187e-02,1.818181818181818094e-02,0.000000000000000000e+00,0.000000000000000000e+00,0.000000000000000000e+00,0.000000000000000000e+00,0.000000000000000000e+00,0.000000000000000000e+00,0.000000000000000000e+00,0.000000000000000000e+00,3.636363636363636187e-02,0.000000000000000000e+00,9.090909090909091161e-02,5.999999999999999778e-01,1.090909090909090856e-01,0.000000000000000000e+00,1.818181818181818094e-02,7.272727272727272374e-02,0.000000000000000000e+00,1.818181818181818094e-02
0.000000000000000000e+00,0.000000000000000000e+00,0.000000000000000000e+00,0.000000000000000000e+00,1.960784313725490169e-02,0.000000000000000000e+00,0.000000000000000000e+00,0.000000000000000000e+00,1.960784313725490169e-02,0.000000000000000000e+00,0.000000000000000000e+00,3.921568627450980338e-02,0.000000000000000000e+00,5.882352941176470507e-02,1.176470588235294101e-01,5.686274509803921351e-01,7.843137254901960675e-02,0.000000000000000000e+00,3.921568627450980338e-02,1.960784313725490169e-02,3.921568627450980338e-02
1.492537313432835792e-02,0.000000000000000000e+00,1.492537313432835792e-02,0.000000000000000000e+00,0.000000000000000000e+00,0.000000000000000000e+00,0.000000000000000000e+00,0.000000000000000000e+00,0.000000000000000000e+00,0.000000000000000000e+00,0.000000000000000000e+00,0.000000000000000000e+00,0.000000000000000000e+00,0.000000000000000000e+00,0.000000000000000000e+00,2.985074626865671585e-02,8.208955223880597396e-01,7.462686567164178442e-02,1.492537313432835792e-02,2.985074626865671585e-02,0.000000000000000000e+00
0.000000000000000000e+00,1.694915254237288130e-02,5.084745762711864736e-02,0.000000000000000000e+00,0.000000000000000000e+00,0.000000000000000000e+00,0.000000000000000000e+00,1.694915254237288130e-02,0.000000000000000000e+00,0.000000000000000000e+00,0.000000000000000000e+00,0.000000000000000000e+00,0.000000000000000000e+00,0.000000000000000000e+00,0.000000000000000000e+00,0.000000000000000000e+00,1.186440677966101725e-01,6.949152542372881713e-01,8.474576271186440302e-02,1.694915254237288130e-02,0.000000000000000000e+00
1.149425287356321823e-02,1.149425287356321823e-02,5.747126436781609116e-03,5.747126436781609116e-03,0.000000000000000000e+00,0.000000000000000000e+00,0.000000000000000000e+00,0.000000000000000000e+00,0.000000000000000000e+00,0.000000000000000000e+00,0.000000000000000000e+00,5.747126436781609116e-03,0.000000000000000000e+00,0.000000000000000000e+00,2.873563218390804558e-02,5.747126436781609116e-03,5.747126436781609116e-03,4.022988505747126381e-02,7.183908045977011048e-01,1.436781609195402210e-01,1.724137931034482735e-02
1.162790697674418589e-02,2.325581395348837177e-03,4.651162790697674354e-03,0.000000000000000000e+00,2.325581395348837177e-03,0.000000000000000000e+00,0.000000000000000000e+00,0.000000000000000000e+00,0.000000000000000000e+00,2.325581395348837177e-03,0.000000000000000000e+00,0.000000000000000000e+00,0.000000000000000000e+00,0.000000000000000000e+00,0.000000000000000000e+00,0.000000000000000000e+00,4.651162790697674354e-03,2.325581395348837177e-03,6.511627906976744096e-02,7.953488372093022729e-01,1.093023255813953543e-01
1.090909090909090856e-01,9.696969696969696961e-03,8.484848484848485708e-03,0.000000000000000000e+00,1.212121212121212120e-03,0.000000000000000000e+00,1.212121212121212120e-03,0.000000000000000000e+00,0.000000000000000000e+00,0.000000000000000000e+00,1.212121212121212120e-03,0.000000000000000000e+00,0.000000000000000000e+00,2.424242424242424240e-03,1.212121212121212120e-03,0.000000000000000000e+00,0.000000000000000000e+00,0.000000000000000000e+00,3.636363636363636360e-03,5.090909090909091078e-02,8.109090909090909127e-01
