5.555555555555555802e-01,2.222222222222222099e-01,1.111111111111111049e-01,5.555555555555555247e-02,5.555555555555555247e-02,0.000000000000000000e+00,0.000000000000000000e+00,0.000000000000000000e+00,0.000000000000000000e+00,0.000000000000000000e+00,0.000000000000000000e+00,0.000000000000000000e+00,0.000000000000000000e+00,0.000000000000000000e+00,0.000000000000000000e+00,0.000000000000000000e+00,0.000000000000000000e+00,0.000000000000000000e+00,0.000000000000000000e+00,0.000000000000000000e+00,0.000000000000000000e+00,0.000000000000000000e+00
0.000000000000000000e+00,2.857142857142856984e-01,2.857142857142856984e-01,4.285714285714285476e-01,0.000000000000000000e+00,0.000000000000000000e+00,0.000000000000000000e+00,0.000000000000000000e+00,0.000000000000000000e+00,0.000000000000000000e+00,0.000000000000000000e+00,0.000000000000000000e+00,0.000000000000000000e+00,0.000000000000000000e+00,0.000000000000000000e+00,0.000000000000000000e+00,0.000000000000000000e+00,0.000000000000000000e+00,0.000000000000000000e+00,0.000000000000000000e+00,0.000000000000000000e+00,0.000000000000000000e+00
3.703703703703703498e-02,0.000000000000000000e+00,4.814814814814814548e-01,2.962962962962962798e-01,3.703703703703703498e-02,3.703703703703703498e-02,3.703703703703703498e-02,0.000000000000000000e+00,3.703703703703703498e-02,0.000000000000000000e+00,0.000000000000000000e+00,0.000000000000000000e+00,0.000000000000000000e+00,0.000000000000000000e+00,0.000000000000000000e+00,0.000000000000000000e+00,0.000000000000000000e+00,0.000000000000000000e+00,0.000000000000000000e+00,0.000000000000000000e+00,0.000000000000000000e+00,3.703703703703703498e-02
0.000000000000000000e+00,0.000000000000000000e+00,9.523809523809524669e-03,8.380952380952381153e-01,5.714285714285714107e-02,4.761904761904761640e-02,1.904761904761904934e-02,9.523809523809524669e-03,9.523809523809524669e-03,0.000000000000000000e+00,0.000000000000000000e+00,0.000000000000000000e+00,0.000000000000000000e+00,0.000000000000000000e+00,0.000000000000000000e+00,0.000000000000000000e+00,0.000000000000000000e+00,0.000000000000000000e+00,0.000000000000000000e+00,0.000000000000000000e+00,0.000000000000000000e+00,9.523809523809524669e-03
0.000000000000000000e+00,0.000000000000000000e+00,3.448275862068965469e-02,3.448275862068965469e-02,5.517241379310344751e-01,2.068965517241379282e-01,3.448275862068965469e-02,1.724137931034482735e-02,5.172413793103448204e-02,0.000000000000000000e+00,1.724137931034482735e-02,3.448275862068965469e-02,0.000000000000000000e+00,0.000000000000000000e+00,0.000000000000000000e+00,0.000000000000000000e+00,0.000000000000000000e+00,0.000000000000000000e+00,0.000000000000000000e+00,0.000000000000000000e+00,0.000000000000000000e+00,1.724137931034482735e-02
0.000000000000000000e+00,0.000000000000000000e+00,9.803921568627450844e-03,1.960784313725490169e-02,7.843137254901960675e-02,6.176470588235294379e-01,1.666666666666666574e-01,4.901960784313725422e-02,9.803921568627450844e-03,2.941176470588235253e-02,9.803921568627450844e-03,0.000000000000000000e+00,0.000000000000000000e+00,0.000000000000000000e+00,0.000000000000000000e+00,0.000000000000000000e+00,0.000000000000000000e+00,0.000000000000000000e+00,0.000000000000000000e+00,0.000000000000000000e+00,0.000000000000000000e+00,9.803921568627450844e-03
0.000000000000000000e+00,0.000000000000000000e+00,0.000000000000000000e+00,0.000000000000000000e+00,1.587301587301587213e-02,7.142857142857142461e-02,5.317460317460317443e-01,2.619047619047619180e-01,7.936507936507936067e-02,2.380952380952380820e-02,7.936507936507936067e-03,0.000000000000000000e+00,0.000000000000000000e+00,0.000000000000000000e+00,0.000000000000000000e+00,0.000000000000000000e+00,7.936507936507936067e-03,0.000000000000000000e+00,0.000000000000000000e+00,0.000000000000000000e+00,0.000000000000000000e+00,0.000000000000000000e+00
0.000000000000000000e+00,0.000000000000000000e+00,0.000000000000000000e+00,5.208333333333333044e-03,5.208333333333333044e-03,3.125000000000000000e-02,6.250000000000000000e-02,4.791666666666666852e-01,2.708333333333333148e-01,5.208333333333333565e-02,4.687500000000000000e-02,1.041666666666666609e-02,1.562500000000000000e-02,0.000000000000000000e+00,0.000000000000000000e+00,0.000000000000000000e+00,5.208333333333333044e-03,0.000000000000000000e+00,0.000000000000000000e+00,0.000000000000000000e+00,5.208333333333333044e-03,1.041666666666666609e-02
0.000000000000000000e+00,0.000000000000000000e+00,0.000000000000000000e+00,0.000000000000000000e+00,2.444987775061124684e-03,4.889975550122249368e-03,1.711491442542787192e-02,5.623471882640587033e-02,6.405867970660146238e-01,1.711491442542787400e-01,5.623471882640587033e-02,9.779951100244498735e-03,1.466992665036674810e-02,7.334963325183374051e-03,2.444987775061124684e-03,4.889975550122249368e-03,0.000000000000000000e+00,0.000000000000000000e+00,2.444987775061124684e-03,0.000000000000000000e+00,2.444987775061124684e-03,7.334963325183374051e-03
0.000000000000000000e+00,0.000000000000000000e+00,0.000000000000000000e+00,0.000000000000000000e+00,0.000000000000000000e+00,4.705882352941176058e-03,4.705882352941176058e-03,2.588235294117647092e-02,9.882352941176469896e-02,6.211764705882353299e-01,1.788235294117647145e-01,1.647058823529411881e-02,1.882352941176470423e-02,1.176470588235294101e-02,7.058823529411764955e-03,0.000000000000000000e+00,0.000000000000000000e+00,2.352941176470588029e-03,2.352941176470588029e-03,4.705882352941176058e-03,0.000000000000000000e+00,2.352941176470588029e-03
0.000000000000000000e+00,0.000000000000000000e+00,0.000000000000000000e+00,0.000000000000000000e+00,0.000000000000000000e+00,2.136752136752136967e-03,8.547008547008547868e-03,1.923076923076923184e-02,3.418803418803419147e-02,1.217948717948717924e-01,6.111111111111111605e-01,1.645299145299145283e-01,1.923076923076923184e-02,8.547008547008547868e-03,4.273504273504273934e-03,2.136752136752136967e-03,0.000000000000000000e+00,0.000000000000000000e+00,2.136752136752136967e-03,0.000000000000000000e+00,0.000000000000000000e+00,2.136752136752136967e-03
0.000000000000000000e+00,0.000000000000000000e+00,0.000000000000000000e+00,0.000000000000000000e+00,0.000000000000000000e+00,3.039513677811550140e-03,0.000000000000000000e+00,9.118541033434649987e-03,1.519756838905775113e-02,5.471124620060790339e-02,1.215805471124620091e-01,6.200607902735562060e-01,1.246200607902735596e-01,2.431610942249240112e-02,9.118541033434649987e-03,3.039513677811550140e-03,0.000000000000000000e+00,0.000000000000000000e+00,0.000000000000000000e+00,3.039513677811550140e-03,0.000000000000000000e+00,1.215805471124620056e-02
0.000000000000000000e+00,0.000000000000000000e+00,0.000000000000000000e+00,4.694835680751173815e-03,0.000000000000000000e+00,0.000000000000000000e+00,4.694835680751173815e-03,4.694835680751173815e-03,3.286384976525821844e-02,1.408450704225352144e-02,5.164319248826291370e-02,1.079812206572769995e-01,6.009389671361502483e-01,7.981220657276995312e-02,1.877934272300469526e-02,9.389671361502347630e-03,0.000000000000000000e+00,9.389671361502347630e-03,0.000000000000000000e+00,4.694835680751173815e-03,2.347417840375586734e-02,3.286384976525821844e-02
0.000000000000000000e+00,0.000000000000000000e+00,0.000000000000000000e+00,0.000000000000000000e+00,0.000000000000000000e+00,9.009009009009008931e-03,9.009009009009008931e-03,1.801801801801801786e-02,2.702702702702702853e-02,2.702702702702702853e-02,6.306306306306305731e-02,7.207207207207207145e-02,9.009009009009008584e-02,5.585585585585585155e-01,5.405405405405405705e-02,1.801801801801801786e-02,2.702702702702702853e-02,0.000000000000000000e+00,0.000000000000000000e+00,0.000000000000000000e+00,0.000000000000000000e+00,2.702702702702702853e-02
1.724137931034482735e-02,0.000000000000000000e+00,0.000000000000000000e+00,0.000000000000000000e+00,0.000000000000000000e+00,0.000000000000000000e+00,1.724137931034482735e-02,3.448275862068965469e-02,1.724137931034482735e-02,0.000000000000000000e+00,5.172413793103448204e-02,3.448275862068965469e-02,6.896551724137930939e-02,1.034482758620689641e-01,5.172413793103448620e-01,1.724137931034482735e-02,1.724137931034482735e-02,0.000000000000000000e+00,1.724137931034482735e-02,1.724137931034482735e-02,0.000000000000000000e+00,6.896551724137930939e-02
0.000000000000000000e+00,0.000000000000000000e+00,0.000000000000000000e+00,0.000000000000000000e+00,0.000000000000000000e+00,0.000000000000000000e+00,0.000000000000000000e+00,0.000000000000000000e+00,4.347826086956521618e-02,0.000000000000000000e+00,4.347826086956521618e-02,0.000000000000000000e+00,4.347826086956521618e-02,4.347826086956521618e-02,8.695652173913043237e-02,2.608695652173912971e-01,1.304347826086956486e-01,1.304347826086956486e-01,8.695652173913043237e-02,0.000000000000000000e+00,0.000000000000000000e+00,1.304347826086956486e-01
0.000000000000000000e+00,0.000000000000000000e+00,0.000000000000000000e+00,0.000000000000000000e+00,0.000000000000000000e+00,0.000000000000000000e+00,3.846153846153846367e-02,0.000000000000000000e+00,3.846153846153846367e-02,0.000000000000000000e+00,3.846153846153846367e-02,0.000000000000000000e+00,0.000000000000000000e+00,1.153846153846153910e-01,0.000000000000000000e+00,1.153846153846153910e-01,2.692307692307692180e-01,7.692307692307692735e-02,7.692307692307692735e-02,3.846153846153846367e-02,3.846153846153846367e-02,1.538461538461538547e-01
0.000000000000000000e+00,0.000000000000000000e+00,0.000000000000000000e+00,0.000000000000000000e+00,0.000000000000000000e+00,0.000000000000000000e+00,0.000000000000000000e+00,0.000000000000000000e+00,0.000000000000000000e+00,0.000000000000000000e+00,2.142857142857142738e-01,0.000000000000000000e+00,1.428571428571428492e-01,1.428571428571428492e-01,0.000000000000000000e+00,1.428571428571428492e-01,0.000000000000000000e+00,1.428571428571428492e-01,1.428571428571428492e-01,0.000000000000000000e+00,0.000000000000000000e+00,7.142857142857142461e-02
0.000000000000000000e+00,0.000000000000000000e+00,0.000000000000000000e+00,0.000000000000000000e+00,0.000000000000000000e+00,0.000000000000000000e+00,0.000000000000000000e+00,0.000000000000000000e+00,0.000000000000000000e+00,0.000000000000000000e+00,1.428571428571428492e-01,3.571428571428571230e-02,3.571428571428571230e-02,0.000000000000000000e+00,7.142857142857142461e-02,3.571428571428571230e-02,3.571428571428571230e-02,0.000000000000000000e+00,4.642857142857143016e-01,0.000000000000000000e+00,7.142857142857142461e-02,1.071428571428571369e-01
5.555555555555555247e-02,0.000000000000000000e+00,0.000000000000000000e+00,0.000000000000000000e+00,0.000000000000000000e+00,0.000000000000000000e+00,0.000000000000000000e+00,5.555555555555555247e-02,0.000000000000000000e+00,0.000000000000000000e+00,5.555555555555555247e-02,1.111111111111111049e-01,0.000000000000000000e+00,0.000000000000000000e+00,0.000000000000000000e+00,1.111111111111111049e-01,5.555555555555555247e-02,0.000000000000000000e+00,5.555555555555555247e-02,3.333333333333333148e-01,0.000000000000000000e+00,1.666666666666666574e-01
0.000000000000000000e+00,0.000000000000000000e+00,0.000000000000000000e+00,0.000000000000000000e+00,0.000000000000000000e+00,0.000000000000000000e+00,0.000000000000000000e+00,0.000000000000000000e+00,9.090909090909091161e-02,9.090909090909091161e-02,0.000000000000000000e+00,0.000000000000000000e+00,9.090909090909091161e-02,0.000000000000000000e+00,1.818181818181818232e-01,9.090909090909091161e-02,9.090909090909091161e-02,9.090909090909091161e-02,0.000000000000000000e+00,0.000000000000000000e+00,0.000000000000000000e+00,2.727272727272727071e-01
0.000000000000000000e+00,0.000000000000000000e+00,9.708737864077669061e-03,0.000000000000000000e+00,0.000000000000000000e+00,0.000000000000000000e+00,0.000000000000000000e+00,9.708737864077669061e-03,1.941747572815533812e-02,1.941747572815533812e-02,2.912621359223301065e-02,3.883495145631067624e-02,5.825242718446602130e-02,2.912621359223301065e-02,3.883495145631067624e-02,0.000000000000000000e+00,5.825242718446602130e-02,1.941747572815533812e-02,6.796116504854368690e-02,5.825242718446602130e-02,9.708737864077669061e-03,5.339805825242718296e-01
