6.314102564102563875e-01,1.314102564102564152e-01,2.884615384615384776e-02,9.615384615384615918e-03,1.282051282051282007e-02,3.205128205128205017e-03,0.000000000000000000e+00,3.205128205128205017e-03,3.205128205128205017e-03,0.000000000000000000e+00,6.410256410256410034e-03,0.000000000000000000e+00,0.000000000000000000e+00,0.000000000000000000e+00,0.000000000000000000e+00,0.000000000000000000e+00,3.205128205128205017e-03,3.205128205128205017e-03,1.282051282051282007e-02,1.602564102564102422e-02,1.346153846153846090e-01
1.208333333333333343e-01,5.791666666666667185e-01,1.166666666666666685e-01,2.083333333333333218e-02,1.666666666666666644e-02,0.000000000000000000e+00,0.000000000000000000e+00,1.250000000000000069e-02,4.166666666666666609e-03,0.000000000000000000e+00,2.083333333333333218e-02,0.000000000000000000e+00,0.000000000000000000e+00,0.000000000000000000e+00,0.000000000000000000e+00,0.000000000000000000e+00,0.000000000000000000e+00,8.333333333333333218e-03,4.166666666666666609e-03,2.916666666666666713e-02,6.666666666666666574e-02
6.451612903225806273e-02,1.483870967741935387e-01,5.161290322580645018e-01,7.741935483870968082e-02,2.580645161290322578e-02,1.935483870967742021e-02,6.451612903225806446e-03,6.451612903225806446e-03,0.000000000000000000e+00,6.451612903225806446e-03,1.290322580645161289e-02,0.000000000000000000e+00,0.000000000000000000e+00,0.000000000000000000e+00,0.000000000000000000e+00,0.000000000000000000e+00,6.451612903225806446e-03,6.451612903225806446e-03,1.290322580645161289e-02,5.161290322580645157e-02,3.870967741935484041e-02
1.449275362318840597e-02,7.246376811594203160e-02,2.608695652173912971e-01,4.927536231884058204e-01,1.449275362318840597e-02,0.000000000000000000e+00,0.000000000000000000e+00,0.000000000000000000e+00,0.000000000000000000e+00,0.000000000000000000e+00,7.246376811594203160e-02,0.000000000000000000e+00,0.000000000000000000e+00,0.000000000000000000e+00,0.000000000000000000e+00,0.000000000000000000e+00,0.000000000000000000e+00,0.000000000000000000e+00,4.347826086956521618e-02,0.000000000000000000e+00,2.898550724637681195e-02
4.545454545454545581e-02,6.818181818181817677e-02,9.090909090909091161e-02,1.136363636363636326e-01,5.454545454545454142e-01,6.818181818181817677e-02,0.000000000000000000e+00,0.000000000000000000e+00,2.272727272727272790e-02,0.000000000000000000e+00,0.000000000000000000e+00,0.000000000000000000e+00,0.000000000000000000e+00,0.000000000000000000e+00,0.000000000000000000e+00,0.000000000000000000e+00,0.000000000000000000e+00,0.000000000000000000e+00,0.000000000000000000e+00,2.272727272727272790e-02,2.272727272727272790e-02
0.000000000000000000e+00,0.000000000000000000e+00,1.176470588235294101e-01,1.764705882352941291e-01,5.882352941176470507e-02,3.529411764705882582e-01,0.000000000000000000e+00,0.000000000000000000e+00,0.000000000000000000e+00,0.000000000000000000e+00,1.176470588235294101e-01,0.000000000000000000e+00,0.000000000000000000e+00,0.000000000000000000e+00,0.000000000000000000e+00,5.882352941176470507e-02,0.000000000000000000e+00,0.000000000000000000e+00,5.882352941176470507e-02,0.000000000000000000e+00,5.882352941176470507e-02
0.000000000000000000e+00,1.428571428571428492e-01,0.000000000000000000e+00,0.000000000000000000e+00,1.428571428571428492e-01,0.000000000000000000e+00,1.428571428571428492e-01,1.428571428571428492e-01,0.000000000000000000e+00,0.000000000000000000e+00,2.857142857142856984e-01,0.000000000000000000e+00,0.000000000000000000e+00,0.000000000000000000e+00,0.000000000000000000e+00,0.000000000000000000e+00,0.000000000000000000e+00,0.000000000000000000e+00,0.000000000000000000e+00,0.000000000000000000e+00,1.428571428571428492e-01
9.090909090909091161e-02,0.000000000000000000e+00,9.090909090909091161e-02,9.090909090909091161e-02,9.090909090909091161e-02,9.090909090909091161e-02,9.090909090909091161e-02,2.727272727272727071e-01,0.000000000000000000e+00,0.000000000000000000e+00,1.818181818181818232e-01,0.000000000000000000e+00,0.000000000000000000e+00,0.000000000000000000e+00,0.000000000000000000e+00,0.000000000000000000e+00,0.000000000000000000e+00,0.000000000000000000e+00,0.000000000000000000e+00,0.000000000000000000e+00,0.000000000000000000e+00
0.000000000000000000e+00,0.000000000000000000e+00,0.000000000000000000e+00,1.000000000000000056e-01,2.000000000000000111e-01,0.000000000000000000e+00,0.000000000000000000e+00,1.000000000000000056e-01,4.000000000000000222e-01,0.000000000000000000e+00,1.000000000000000056e-01,0.000000000000000000e+00,0.000000000000000000e+00,0.000000000000000000e+00,0.000000000000000000e+00,0.000000000000000000e+00,0.000000000000000000e+00,0.000000000000000000e+00,0.000000000000000000e+00,0.000000000000000000e+00,1.000000000000000056e-01
0.000000000000000000e+00,6.666666666666666297e-01,0.000000000000000000e+00,0.000000000000000000e+00,0.000000000000000000e+00,0.000000000000000000e+00,0.000000000000000000e+00,0.000000000000000000e+00,0.000000000000000000e+00,3.333333333333333148e-01,0.000000000000000000e+00,0.000000000000000000e+00,0.000000000000000000e+00,0.000000000000000000e+00,0.000000000000000000e+00,0.000000000000000000e+00,0.000000000000000000e+00,0.000000000000000000e+00,0.000000000000000000e+00,0.000000000000000000e+00,0.000000000000000000e+00
2.380952380952380820e-02,4.761904761904761640e-02,2.380952380952380820e-02,3.571428571428571230e-02,1.190476190476190410e-02,4.761904761904761640e-02,3.571428571428571230e-02,2.380952380952380820e-02,2.380952380952380820e-02,2.380952380952380820e-02,6.547619047619047672e-01,0.000000000000000000e+00,0.000000000000000000e+00,0.000000000000000000e+00,0.000000000000000000e+00,1.190476190476190410e-02,1.190476190476190410e-02,0.000000000000000000e+00,1.190476190476190410e-02,1.190476190476190410e-02,0.000000000000000000e+00
0.000000000000000000e+00,0.000000000000000000e+00,0.000000000000000000e+00,0.000000000000000000e+00,0.000000000000000000e+00,0.000000000000000000e+00,0.000000000000000000e+00,0.000000000000000000e+00,0.000000000000000000e+00,0.000000000000000000e+00,3.571428571428571230e-02,7.678571428571429047e-01,3.571428571428571230e-02,3.571428571428571230e-02,3.571428571428571230e-02,1.785714285714285615e-02,1.785714285714285615e-02,5.357142857142856845e-02,0.000000000000000000e+00,0.000000000000000000e+00,0.000000000000000000e+00
0.000000000000000000e+00,0.000000000000000000e+00,0.000000000000000000e+00,0.000000000000000000e+00,0.000000000000000000e+00,0.000000000000000000e+00,0.000000000000000000e+00,0.000000000000000000e+00,0.000000000000000000e+00,0.000000000000000000e+00,0.000000000000000000e+00,1.875000000000000000e-01,6.562500000000000000e-01,6.250000000000000000e-02,0.000000000000000000e+00,6.250000000000000000e-02,0.000000000000000000e+00,3.125000000000000000e-02,0.000000000000000000e+00,0.000000000000000000e+00,0.000000000000000000e+00
0.000000000000000000e+00,0.000000000000000000e+00,0.000000000000000000e+00,0.000000000000000000e+00,0.000000000000000000e+00,0.000000000000000000e+00,0.000000000000000000e+00,0.000000000000000000e+00,0.000000000000000000e+00,0.000000000000000000e+00,0.000000000000000000e+00,0.000000000000000000e+00,4.615384615384615641e-02,9.076923076923076872e-01,1.538461538461538547e-02,0.000000000000000000e+00,3.076923076923077094e-02,0.000000000000000000e+00,0.000000000000000000e+00,0.000000000000000000e+00,0.000000000000000000e+00
0.000000000000000000e+00,1.449275362318840597e-02,0.000000000000000000e+00,0.000000000000000000e+00,0.000000000000000000e+00,0.000000000000000000e+00,0.000000000000000000e+00,0.000000000000000000e+00,0.000000000000000000e+00,0.000000000000000000e+00,1.449275362318840597e-02,0.000000000000000000e+00,0.000000000000000000e+00,2.898550724637681195e-02,7.391304347826086474e-01,1.449275362318840632e-01,0.000000000000000000e+00,4.347826086956521618e-02,0.000000000000000000e+00,0.000000000000000000e+00,1.449275362318840597e-02
1.515151515151515194e-02,1.515151515151515194e-02,0.000000000000000000e+00,0.000000000000000000e+00,0.000000000000000000e+00,0.000000000000000000e+00,0.000000000000000000e+00,0.000000000000000000e+00,0.000000000000000000e+00,0.000000000000000000e+00,3.030303030303030387e-02,3.030303030303030387e-02,0.000000000000000000e+00,0.000000000000000000e+00,1.060606060606060635e-01,6.060606060606060774e-01,9.090909090909091161e-02,6.060606060606060774e-02,1.515151515151515194e-02,1.515151515151515194e-02,1.515151515151515194e-02
0.000000000000000000e+00,1.234567901234567833e-02,0.000000000000000000e+00,0.000000000000000000e+00,0.000000000000000000e+00,0.000000000000000000e+00,1.234567901234567833e-02,0.000000000000000000e+00,0.000000000000000000e+00,0.000000000000000000e+00,1.234567901234567833e-02,2.469135802469135665e-02,1.234567901234567833e-02,0.000000000000000000e+00,0.000000000000000000e+00,4.938271604938271331e-02,7.037037037037037202e-01,1.358024691358024616e-01,2.469135802469135665e-02,1.234567901234567833e-02,0.000000000000000000e+00
1.492537313432835792e-02,2.238805970149253602e-02,7.462686567164178962e-03,0.000000000000000000e+00,7.462686567164178962e-03,0.000000000000000000e+00,0.000000000000000000e+00,0.000000000000000000e+00,0.000000000000000000e+00,0.000000000000000000e+00,7.462686567164178962e-03,1.492537313432835792e-02,0.000000000000000000e+00,0.000000000000000000e+00,2.238805970149253602e-02,2.238805970149253602e-02,2.238805970149253602e-02,6.119402985074626766e-01,1.940298507462686617e-01,2.238805970149253602e-02,2.985074626865671585e-02
1.126760563380281750e-02,1.690140845070422365e-02,2.816901408450704376e-03,2.816901408450704376e-03,0.000000000000000000e+00,2.816901408450704376e-03,0.000000000000000000e+00,0.000000000000000000e+00,0.000000000000000000e+00,2.816901408450704376e-03,1.408450704225352144e-02,5.633802816901408751e-03,0.000000000000000000e+00,0.000000000000000000e+00,0.000000000000000000e+00,2.816901408450704376e-03,5.633802816901408751e-03,7.042253521126760896e-02,7.295774647887324216e-01,1.183098591549295725e-01,1.408450704225352144e-02
2.028397565922920864e-02,1.825557809330628778e-02,8.113590263691683457e-03,4.056795131845841729e-03,2.028397565922920864e-03,0.000000000000000000e+00,0.000000000000000000e+00,0.000000000000000000e+00,0.000000000000000000e+00,0.000000000000000000e+00,8.113590263691683457e-03,4.056795131845841729e-03,0.000000000000000000e+00,0.000000000000000000e+00,0.000000000000000000e+00,0.000000000000000000e+00,2.028397565922920864e-03,4.056795131845841729e-03,8.924949290060851803e-02,6.876267748478701591e-01,1.521298174442190787e-01
1.126760563380281716e-01,2.112676056338028130e-02,1.232394366197183018e-02,1.760563380281690181e-03,1.760563380281690181e-03,1.760563380281690181e-03,0.000000000000000000e+00,0.000000000000000000e+00,1.760563380281690181e-03,0.000000000000000000e+00,5.281690140845070325e-03,0.000000000000000000e+00,0.000000000000000000e+00,0.000000000000000000e+00,1.760563380281690181e-03,0.000000000000000000e+00,1.760563380281690181e-03,8.802816901408451120e-03,1.408450704225352144e-02,1.144366197183098594e-01,7.007042253521126307e-01
