5.600000000000000533e-01,8.000000000000000167e-02,0.000000000000000000e+00,0.000000000000000000e+00,4.000000000000000083e-02,0.000000000000000000e+00,1.199999999999999956e-01,0.000000000000000000e+00,4.000000000000000083e-02,4.000000000000000083e-02,0.000000000000000000e+00,8.000000000000000167e-02,0.000000000000000000e+00,0.000000000000000000e+00,0.000000000000000000e+00,0.000000000000000000e+00,0.000000000000000000e+00,0.000000000000000000e+00,0.000000000000000000e+00,0.000000000000000000e+00,4.000000000000000083e-02,0.000000000000000000e+00
3.333333333333333148e-01,3.333333333333333148e-01,0.000000000000000000e+00,8.333333333333332871e-02,8.333333333333332871e-02,0.000000000000000000e+00,0.000000000000000000e+00,8.333333333333332871e-02,0.000000000000000000e+00,0.000000000000000000e+00,0.000000000000000000e+00,0.000000000000000000e+00,0.000000000000000000e+00,0.000000000000000000e+00,0.000000000000000000e+00,0.000000000000000000e+00,0.000000000000000000e+00,0.000000000000000000e+00,0.000000000000000000e+00,8.333333333333332871e-02,0.000000000000000000e+00,0.000000000000000000e+00
0.000000000000000000e+00,4.651162790697674354e-02,7.906976744186046124e-01,6.976744186046511531e-02,0.000000000000000000e+00,0.000000000000000000e+00,2.325581395348837177e-02,0.000000000000000000e+00,0.000000000000000000e+00,2.325581395348837177e-02,0.000000000000000000e+00,2.325581395348837177e-02,2.325581395348837177e-02,0.000000000000000000e+00,0.000000000000000000e+00,0.000000000000000000e+00,0.000000000000000000e+00,0.000000000000000000e+00,0.000000000000000000e+00,0.000000000000000000e+00,0.000000000000000000e+00,0.000000000000000000e+00
5.263157894736841813e-02,0.000000000000000000e+00,5.263157894736841813e-02,5.526315789473684736e-01,1.052631578947368363e-01,2.631578947368420907e-02,2.631578947368420907e-02,2.631578947368420907e-02,5.263157894736841813e-02,2.631578947368420907e-02,2.631578947368420907e-02,2.631578947368420907e-02,0.000000000000000000e+00,0.000000000000000000e+00,2.631578947368420907e-02,0.000000000000000000e+00,0.000000000000000000e+00,0.000000000000000000e+00,0.000000000000000000e+00,0.000000000000000000e+00,0.000000000000000000e+00,0.000000000000000000e+00
1.562500000000000000e-02,4.687500000000000000e-02,1.562500000000000000e-02,7.812500000000000000e-02,5.156250000000000000e-01,7.812500000000000000e-02,9.375000000000000000e-02,1.562500000000000000e-02,3.125000000000000000e-02,1.562500000000000000e-02,1.562500000000000000e-02,3.125000000000000000e-02,0.000000000000000000e+00,0.000000000000000000e+00,0.000000000000000000e+00,0.000000000000000000e+00,0.000000000000000000e+00,1.562500000000000000e-02,0.000000000000000000e+00,0.000000000000000000e+00,1.562500000000000000e-02,1.562500000000000000e-02
3.157894736842105365e-02,0.000000000000000000e+00,0.000000000000000000e+00,2.105263157894736795e-02,5.263157894736841813e-02,6.631578947368420573e-01,1.368421052631579038e-01,2.105263157894736795e-02,0.000000000000000000e+00,1.052631578947368397e-02,3.157894736842105365e-02,2.105263157894736795e-02,0.000000000000000000e+00,0.000000000000000000e+00,0.000000000000000000e+00,0.000000000000000000e+00,0.000000000000000000e+00,1.052631578947368397e-02,0.000000000000000000e+00,0.000000000000000000e+00,0.000000000000000000e+00,0.000000000000000000e+00
8.928571428571428076e-03,0.000000000000000000e+00,0.000000000000000000e+00,8.928571428571428076e-03,7.142857142857142461e-02,8.928571428571428770e-02,5.446428571428570953e-01,9.821428571428571230e-02,8.035714285714286309e-02,3.571428571428571230e-02,2.678571428571428423e-02,1.785714285714285615e-02,1.785714285714285615e-02,0.000000000000000000e+00,0.000000000000000000e+00,0.000000000000000000e+00,0.000000000000000000e+00,0.000000000000000000e+00,0.000000000000000000e+00,0.000000000000000000e+00,0.000000000000000000e+00,0.000000000000000000e+00
3.984063745019920250e-03,0.000000000000000000e+00,3.984063745019920250e-03,3.984063745019920250e-03,1.593625498007968100e-02,1.593625498007968100e-02,5.577689243027888349e-02,5.976095617529880721e-01,1.434262948207171429e-01,9.163346613545816921e-02,3.984063745019920250e-02,1.593625498007968100e-02,0.000000000000000000e+00,0.000000000000000000e+00,3.984063745019920250e-03,0.000000000000000000e+00,0.000000000000000000e+00,0.000000000000000000e+00,0.000000000000000000e+00,0.000000000000000000e+00,0.000000000000000000e+00,7.968127490039840499e-03
0.000000000000000000e+00,0.000000000000000000e+00,0.000000000000000000e+00,0.000000000000000000e+00,7.672634271099744441e-03,2.557544757033248291e-03,1.790281329923273587e-02,1.176470588235294101e-01,6.317135549872122668e-01,1.176470588235294101e-01,4.347826086956521618e-02,3.069053708439897776e-02,1.534526854219948888e-02,5.115089514066496583e-03,5.115089514066496583e-03,2.557544757033248291e-03,0.000000000000000000e+00,0.000000000000000000e+00,0.000000000000000000e+00,0.000000000000000000e+00,0.000000000000000000e+00,2.557544757033248291e-03
0.000000000000000000e+00,0.000000000000000000e+00,0.000000000000000000e+00,0.000000000000000000e+00,2.083333333333333304e-03,6.250000000000000347e-03,1.041666666666666609e-02,4.166666666666666435e-02,1.270833333333333259e-01,6.166666666666666963e-01,1.333333333333333315e-01,2.916666666666666713e-02,1.874999999999999931e-02,4.166666666666666609e-03,2.083333333333333304e-03,2.083333333333333304e-03,2.083333333333333304e-03,0.000000000000000000e+00,0.000000000000000000e+00,0.000000000000000000e+00,0.000000000000000000e+00,4.166666666666666609e-03
0.000000000000000000e+00,0.000000000000000000e+00,0.000000000000000000e+00,1.724137931034482735e-03,1.724137931034482735e-03,0.000000000000000000e+00,1.724137931034482735e-03,2.241379310344827555e-02,2.758620689655172376e-02,1.293103448275862155e-01,6.862068965517241770e-01,6.379310344827586465e-02,2.413793103448275829e-02,1.896551724137931008e-02,8.620689655172413673e-03,6.896551724137930939e-03,1.724137931034482735e-03,1.724137931034482735e-03,0.000000000000000000e+00,0.000000000000000000e+00,0.000000000000000000e+00,3.448275862068965469e-03
0.000000000000000000e+00,0.000000000000000000e+00,2.849002849002849145e-03,0.000000000000000000e+00,0.000000000000000000e+00,0.000000000000000000e+00,2.849002849002849145e-03,5.698005698005698290e-03,1.709401709401709574e-02,5.128205128205128027e-02,1.851851851851851749e-01,5.811965811965812412e-01,8.547008547008547175e-02,1.994301994301994271e-02,8.547008547008547868e-03,1.139601139601139658e-02,1.139601139601139658e-02,2.849002849002849145e-03,0.000000000000000000e+00,5.698005698005698290e-03,0.000000000000000000e+00,8.547008547008547868e-03
0.000000000000000000e+00,0.000000000000000000e+00,0.000000000000000000e+00,0.000000000000000000e+00,0.000000000000000000e+00,0.000000000000000000e+00,6.329113924050632813e-03,0.000000000000000000e+00,1.265822784810126563e-02,6.329113924050633333e-02,1.012658227848101250e-01,2.594936708860759444e-01,3.987341772151898889e-01,6.329113924050633333e-02,1.898734177215189931e-02,2.531645569620253125e-02,1.265822784810126563e-02,6.329113924050632813e-03,6.329113924050632813e-03,6.329113924050632813e-03,0.000000000000000000e+00,1.898734177215189931e-02
0.000000000000000000e+00,0.000000000000000000e+00,0.000000000000000000e+00,0.000000000000000000e+00,0.000000000000000000e+00,0.000000000000000000e+00,0.000000000000000000e+00,0.000000000000000000e+00,2.000000000000000042e-02,4.000000000000000083e-02,4.000000000000000083e-02,1.400000000000000133e-01,1.799999999999999933e-01,4.699999999999999734e-01,1.000000000000000021e-02,4.000000000000000083e-02,0.000000000000000000e+00,1.000000000000000021e-02,0.000000000000000000e+00,2.000000000000000042e-02,2.000000000000000042e-02,1.000000000000000021e-02
0.000000000000000000e+00,0.000000000000000000e+00,0.000000000000000000e+00,0.000000000000000000e+00,0.000000000000000000e+00,0.000000000000000000e+00,0.000000000000000000e+00,0.000000000000000000e+00,0.000000000000000000e+00,2.631578947368420907e-02,1.052631578947368363e-01,1.578947368421052544e-01,1.315789473684210453e-01,1.578947368421052544e-01,3.421052631578947456e-01,7.894736842105262720e-02,0.000000000000000000e+00,0.000000000000000000e+00,0.000000000000000000e+00,0.000000000000000000e+00,0.000000000000000000e+00,0.000000000000000000e+00
0.000000000000000000e+00,0.000000000000000000e+00,0.000000000000000000e+00,0.000000000000000000e+00,0.000000000000000000e+00,0.000000000000000000e+00,0.000000000000000000e+00,0.000000000000000000e+00,4.347826086956521618e-02,2.173913043478260809e-02,8.695652173913043237e-02,2.173913043478260809e-02,1.304347826086956486e-01,1.521739130434782705e-01,1.086956521739130405e-01,2.826086956521738913e-01,4.347826086956521618e-02,6.521739130434782428e-02,0.000000000000000000e+00,0.000000000000000000e+00,0.000000000000000000e+00,4.347826086956521618e-02
0.000000000000000000e+00,0.000000000000000000e+00,0.000000000000000000e+00,0.000000000000000000e+00,6.666666666666666574e-02,0.000000000000000000e+00,0.000000000000000000e+00,0.000000000000000000e+00,6.666666666666666574e-02,0.000000000000000000e+00,6.666666666666666574e-02,1.333333333333333315e-01,1.333333333333333315e-01,6.666666666666666574e-02,6.666666666666666574e-02,2.666666666666666630e-01,1.333333333333333315e-01,0.000000000000000000e+00,0.000000000000000000e+00,0.000000000000000000e+00,0.000000000000000000e+00,0.000000000000000000e+00
0.000000000000000000e+00,0.000000000000000000e+00,0.000000000000000000e+00,0.000000000000000000e+00,0.000000000000000000e+00,0.000000000000000000e+00,0.000000000000000000e+00,0.000000000000000000e+00,8.333333333333332871e-02,0.000000000000000000e+00,0.000000000000000000e+00,8.333333333333332871e-02,0.000000000000000000e+00,1.666666666666666574e-01,8.333333333333332871e-02,2.500000000000000000e-01,8.333333333333332871e-02,1.666666666666666574e-01,0.000000000000000000e+00,0.000000000000000000e+00,0.000000000000000000e+00,8.333333333333332871e-02
0.000000000000000000e+00,0.000000000000000000e+00,0.000000000000000000e+00,0.000000000000000000e+00,0.000000000000000000e+00,0.000000000000000000e+00,0.000000000000000000e+00,0.000000000000000000e+00,2.000000000000000111e-01,0.000000000000000000e+00,0.000000000000000000e+00,2.000000000000000111e-01,0.000000000000000000e+00,0.000000000000000000e+00,2.000000000000000111e-01,0.000000000000000000e+00,0.000000000000000000e+00,0.000000000000000000e+00,0.000000000000000000e+00,0.000000000000000000e+00,0.000000000000000000e+00,4.000000000000000222e-01
0.000000000000000000e+00,0.000000000000000000e+00,0.000000000000000000e+00,0.000000000000000000e+00,0.000000000000000000e+00,0.000000000000000000e+00,0.000000000000000000e+00,0.000000000000000000e+00,0.000000000000000000e+00,0.000000000000000000e+00,0.000000000000000000e+00,5.000000000000000000e-01,0.000000000000000000e+00,0.000000000000000000e+00,0.000000000000000000e+00,0.000000000000000000e+00,1.250000000000000000e-01,0.000000000000000000e+00,0.000000000000000000e+00,1.250000000000000000e-01,1.250000000000000000e-01,1.250000000000000000e-01
0.000000000000000000e+00,0.000000000000000000e+00,0.000000000000000000e+00,0.000000000000000000e+00,0.000000000000000000e+00,0.000000000000000000e+00,0.000000000000000000e+00,0.000000000000000000e+00,0.000000000000000000e+00,0.000000000000000000e+00,0.000000000000000000e+00,5.000000000000000000e-01,0.000000000000000000e+00,0.000000000000000000e+00,0.000000000000000000e+00,2.500000000000000000e-01,0.000000000000000000e+00,0.000000000000000000e+00,0.000000000000000000e+00,0.000000000000000000e+00,0.000000000000000000e+00,2.500000000000000000e-01
0.000000000000000000e+00,0.000000000000000000e+00,0.000000000000000000e+00,0.000000000000000000e+00,2.325581395348837177e-02,0.000000000000000000e+00,0.000000000000000000e+00,0.000000000000000000e+00,2.325581395348837177e-02,6.976744186046511531e-02,6.976744186046511531e-02,4.651162790697674354e-02,9.302325581395348708e-02,1.162790697674418589e-01,2.325581395348837177e-02,4.651162790697674354e-02,0.000000000000000000e+00,4.651162790697674354e-02,4.651162790697674354e-02,4.651162790697674354e-02,0.000000000000000000e+00,3.488372093023255904e-01
