7.536443148688046767e-01,7.434402332361515764e-02,1.020408163265306041e-02,8.746355685131195629e-03,2.915451895043731732e-03,0.000000000000000000e+00,0.000000000000000000e+00,0.000000000000000000e+00,0.000000000000000000e+00,0.000000000000000000e+00,0.000000000000000000e+00,0.000000000000000000e+00,0.000000000000000000e+00,0.000000000000000000e+00,1.457725947521865866e-03,1.457725947521865866e-03,0.000000000000000000e+00,8.746355685131195629e-03,1.311953352769679344e-02,2.186588921282798734e-02,1.034985422740524741e-01
1.448763250883392251e-01,7.155477031802119914e-01,4.240282685512367783e-02,1.943462897526501698e-02,5.300353356890459729e-03,0.000000000000000000e+00,1.766784452296819765e-03,0.000000000000000000e+00,0.000000000000000000e+00,0.000000000000000000e+00,5.300353356890459729e-03,0.000000000000000000e+00,0.000000000000000000e+00,0.000000000000000000e+00,0.000000000000000000e+00,0.000000000000000000e+00,3.533568904593639530e-03,3.533568904593639530e-03,1.060070671378091946e-02,1.590106007067137658e-02,3.180212014134275317e-02
2.816901408450704289e-02,2.347417840375586873e-01,5.868544600938967459e-01,5.633802816901408578e-02,1.408450704225352144e-02,4.694835680751173815e-03,4.694835680751173815e-03,4.694835680751173815e-03,4.694835680751173815e-03,0.000000000000000000e+00,1.408450704225352144e-02,0.000000000000000000e+00,4.694835680751173815e-03,0.000000000000000000e+00,4.694835680751173815e-03,0.000000000000000000e+00,0.000000000000000000e+00,4.694835680751173815e-03,9.389671361502347630e-03,9.389671361502347630e-03,1.408450704225352144e-02
3.305785123966942241e-02,1.239669421487603340e-01,1.735537190082644676e-01,5.619834710743801809e-01,4.132231404958677801e-02,2.479338842975206680e-02,0.000000000000000000e+00,1.652892561983471120e-02,0.000000000000000000e+00,0.000000000000000000e+00,8.264462809917355601e-03,0.000000000000000000e+00,0.000000000000000000e+00,0.000000000000000000e+00,0.000000000000000000e+00,8.264462809917355601e-03,0.000000000000000000e+00,0.000000000000000000e+00,0.000000000000000000e+00,0.000000000000000000e+00,8.264462809917355601e-03
7.042253521126760896e-02,4.225352112676056260e-02,7.042253521126760896e-02,1.971830985915492829e-01,5.211267605633802535e-01,7.042253521126760896e-02,0.000000000000000000e+00,2.816901408450704289e-02,0.000000000000000000e+00,0.000000000000000000e+00,0.000000000000000000e+00,0.000000000000000000e+00,0.000000000000000000e+00,0.000000000000000000e+00,0.000000000000000000e+00,0.000000000000000000e+00,0.000000000000000000e+00,0.000000000000000000e+00,0.000000000000000000e+00,0.000000000000000000e+00,0.000000000000000000e+00
6.250000000000000000e-02,3.125000000000000000e-02,1.250000000000000000e-01,9.375000000000000000e-02,1.562500000000000000e-01,3.125000000000000000e-01,6.250000000000000000e-02,3.125000000000000000e-02,0.000000000000000000e+00,0.000000000000000000e+00,0.000000000000000000e+00,3.125000000000000000e-02,0.000000000000000000e+00,0.000000000000000000e+00,3.125000000000000000e-02,0.000000000000000000e+00,0.000000000000000000e+00,0.000000000000000000e+00,3.125000000000000000e-02,0.000000000000000000e+00,3.125000000000000000e-02
0.000000000000000000e+00,9.090909090909091161e-02,9.090909090909091161e-02,0.000000000000000000e+00,2.727272727272727071e-01,2.727272727272727071e-01,1.818181818181818232e-01,0.000000000000000000e+00,0.000000000000000000e+00,0.000000000000000000e+00,9.090909090909091161e-02,0.000000000000000000e+00,0.000000000000000000e+00,0.000000000000000000e+00,0.000000000000000000e+00,0.000000000000000000e+00,0.000000000000000000e+00,0.000000000000000000e+00,0.000000000000000000e+00,0.000000000000000000e+00,0.000000000000000000e+00
0.000000000000000000e+00,0.000000000000000000e+00,0.000000000000000000e+00,0.000000000000000000e+00,2.727272727272727071e-01,2.727272727272727071e-01,9.090909090909091161e-02,3.636363636363636465e-01,0.000000000000000000e+00,0.000000000000000000e+00,0.000000000000000000e+00,0.000000000000000000e+00,0.000000000000000000e+00,0.000000000000000000e+00,0.000000000000000000e+00,0.000000000000000000e+00,0.000000000000000000e+00,0.000000000000000000e+00,0.000000000000000000e+00,0.000000000000000000e+00,0.000000000000000000e+00
0.000000000000000000e+00,0.000000000000000000e+00,5.000000000000000000e-01,0.000000000000000000e+00,5.000000000000000000e-01,0.000000000000000000e+00,0.000000000000000000e+00,0.000000000000000000e+00,0.000000000000000000e+00,0.000000000000000000e+00,0.000000000000000000e+00,0.000000000000000000e+00,0.000000000000000000e+00,0.000000000000000000e+00,0.000000000000000000e+00,0.000000000000000000e+00,0.000000000000000000e+00,0.000000000000000000e+00,0.000000000000000000e+00,0.000000000000000000e+00,0.000000000000000000e+00
0.000000000000000000e+00,0.000000000000000000e+00,0.000000000000000000e+00,0.000000000000000000e+00,0.000000000000000000e+00,7.142857142857142461e-02,0.000000000000000000e+00,0.000000000000000000e+00,0.000000000000000000e+00,7.857142857142856984e-01,7.142857142857142461e-02,0.000000000000000000e+00,0.000000000000000000e+00,0.000000000000000000e+00,0.000000000000000000e+00,0.000000000000000000e+00,0.000000000000000000e+00,0.000000000000000000e+00,0.000000000000000000e+00,0.000000000000000000e+00,7.142857142857142461e-02
3.125000000000000000e-02,3.125000000000000000e-02,6.250000000000000000e-02,9.375000000000000000e-02,9.375000000000000000e-02,6.250000000000000000e-02,0.000000000000000000e+00,3.125000000000000000e-02,3.125000000000000000e-02,3.125000000000000000e-02,5.000000000000000000e-01,0.000000000000000000e+00,0.000000000000000000e+00,0.000000000000000000e+00,0.000000000000000000e+00,0.000000000000000000e+00,0.000000000000000000e+00,0.000000000000000000e+00,0.000000000000000000e+00,0.000000000000000000e+00,3.125000000000000000e-02
0.000000000000000000e+00,0.000000000000000000e+00,7.692307692307692735e-02,0.000000000000000000e+00,0.000000000000000000e+00,0.000000000000000000e+00,0.000000000000000000e+00,0.000000000000000000e+00,0.000000000000000000e+00,0.000000000000000000e+00,7.692307692307692735e-02,4.615384615384615641e-01,2.307692307692307820e-01,7.692307692307692735e-02,0.000000000000000000e+00,0.000000000000000000e+00,0.000000000000000000e+00,0.000000000000000000e+00,7.692307692307692735e-02,0.000000000000000000e+00,0.000000000000000000e+00
0.000000000000000000e+00,0.000000000000000000e+00,0.000000000000000000e+00,0.000000000000000000e+00,0.000000000000000000e+00,0.000000000000000000e+00,0.000000000000000000e+00,0.000000000000000000e+00,0.000000000000000000e+00,0.000000000000000000e+00,0.000000000000000000e+00,1.818181818181818232e-01,4.545454545454545303e-01,0.000000000000000000e+00,9.090909090909091161e-02,0.000000000000000000e+00,0.000000000000000000e+00,1.818181818181818232e-01,9.090909090909091161e-02,0.000000000000000000e+00,0.000000000000000000e+00
0.000000000000000000e+00,0.000000000000000000e+00,0.000000000000000000e+00,7.692307692307692735e-02,7.692307692307692735e-02,0.000000000000000000e+00,0.000000000000000000e+00,0.000000000000000000e+00,0.000000000000000000e+00,0.000000000000000000e+00,0.000000000000000000e+00,0.000000000000000000e+00,0.000000000000000000e+00,8.461538461538461453e-01,0.000000000000000000e+00,0.000000000000000000e+00,0.000000000000000000e+00,0.000000000000000000e+00,0.000000000000000000e+00,0.000000000000000000e+00,0.000000000000000000e+00
0.000000000000000000e+00,3.448275862068965469e-02,0.000000000000000000e+00,0.000000000000000000e+00,3.448275862068965469e-02,0.000000000000000000e+00,0.000000000000000000e+00,0.000000000000000000e+00,0.000000000000000000e+00,0.000000000000000000e+00,0.000000000000000000e+00,3.448275862068965469e-02,0.000000000000000000e+00,0.000000000000000000e+00,8.275862068965517127e-01,3.448275862068965469e-02,0.000000000000000000e+00,0.000000000000000000e+00,0.000000000000000000e+00,0.000000000000000000e+00,3.448275862068965469e-02
0.000000000000000000e+00,3.333333333333333287e-02,3.333333333333333287e-02,0.000000000000000000e+00,0.000000000000000000e+00,0.000000000000000000e+00,0.000000000000000000e+00,0.000000000000000000e+00,0.000000000000000000e+00,0.000000000000000000e+00,0.000000000000000000e+00,0.000000000000000000e+00,0.000000000000000000e+00,0.000000000000000000e+00,0.000000000000000000e+00,7.666666666666667185e-01,1.333333333333333315e-01,0.000000000000000000e+00,3.333333333333333287e-02,0.000000000000000000e+00,0.000000000000000000e+00
3.225806451612903136e-02,1.612903225806451568e-02,4.838709677419354704e-02,0.000000000000000000e+00,0.000000000000000000e+00,0.000000000000000000e+00,0.000000000000000000e+00,0.000000000000000000e+00,0.000000000000000000e+00,0.000000000000000000e+00,0.000000000000000000e+00,0.000000000000000000e+00,0.000000000000000000e+00,0.000000000000000000e+00,0.000000000000000000e+00,6.451612903225806273e-02,6.612903225806451291e-01,6.451612903225806273e-02,1.612903225806451568e-02,3.225806451612903136e-02,6.451612903225806273e-02
7.142857142857142461e-02,2.380952380952380820e-02,1.190476190476190410e-02,0.000000000000000000e+00,0.000000000000000000e+00,0.000000000000000000e+00,0.000000000000000000e+00,0.000000000000000000e+00,0.000000000000000000e+00,0.000000000000000000e+00,1.190476190476190410e-02,0.000000000000000000e+00,1.190476190476190410e-02,0.000000000000000000e+00,1.190476190476190410e-02,1.190476190476190410e-02,7.142857142857142461e-02,5.595238095238095344e-01,9.523809523809523281e-02,3.571428571428571230e-02,8.333333333333332871e-02
4.545454545454545581e-02,3.030303030303030387e-02,1.515151515151515194e-02,0.000000000000000000e+00,0.000000000000000000e+00,5.050505050505050934e-03,0.000000000000000000e+00,0.000000000000000000e+00,0.000000000000000000e+00,0.000000000000000000e+00,0.000000000000000000e+00,0.000000000000000000e+00,0.000000000000000000e+00,5.050505050505050934e-03,0.000000000000000000e+00,0.000000000000000000e+00,2.020202020202020374e-02,3.030303030303030387e-02,7.121212121212121549e-01,5.050505050505050414e-02,8.585858585858585634e-02
5.813953488372092943e-02,2.325581395348837177e-02,1.162790697674418589e-02,0.000000000000000000e+00,3.875968992248061962e-03,0.000000000000000000e+00,3.875968992248061962e-03,0.000000000000000000e+00,3.875968992248061962e-03,0.000000000000000000e+00,3.875968992248061962e-03,3.875968992248061962e-03,0.000000000000000000e+00,0.000000000000000000e+00,0.000000000000000000e+00,0.000000000000000000e+00,7.751937984496123923e-03,1.162790697674418589e-02,8.527131782945736316e-02,6.589147286821704919e-01,1.240310077519379828e-01
1.062801932367149760e-01,5.072463768115942351e-02,1.449275362318840597e-02,2.415458937198067518e-03,2.415458937198067518e-03,0.000000000000000000e+00,2.415458937198067518e-03,2.415458937198067518e-03,0.000000000000000000e+00,4.830917874396135035e-03,4.830917874396135035e-03,0.000000000000000000e+00,0.000000000000000000e+00,0.000000000000000000e+00,0.000000000000000000e+00,0.000000000000000000e+00,1.207729468599033802e-02,2.898550724637681195e-02,3.623188405797101580e-02,1.062801932367149760e-01,6.256038647342995196e-01
