7.114503816793893431e-01,8.702290076335877922e-02,1.679389312977099327e-02,6.106870229007633523e-03,4.580152671755725359e-03,1.526717557251908381e-03,1.526717557251908381e-03,0.000000000000000000e+00,1.526717557251908381e-03,0.000000000000000000e+00,3.053435114503816761e-03,1.526717557251908381e-03,0.000000000000000000e+00,0.000000000000000000e+00,0.000000000000000000e+00,1.526717557251908381e-03,1.526717557251908381e-03,6.106870229007633523e-03,7.633587786259541687e-03,3.358778625954198654e-02,1.145038167938931262e-01
1.642857142857142849e-01,6.761904761904762307e-01,5.714285714285714107e-02,1.666666666666666644e-02,4.761904761904762334e-03,4.761904761904762334e-03,2.380952380952381167e-03,2.380952380952381167e-03,0.000000000000000000e+00,0.000000000000000000e+00,4.761904761904762334e-03,0.000000000000000000e+00,0.000000000000000000e+00,0.000000000000000000e+00,0.000000000000000000e+00,2.380952380952381167e-03,0.000000000000000000e+00,4.761904761904762334e-03,7.142857142857142634e-03,2.142857142857142877e-02,3.095238095238095344e-02
5.909090909090908977e-02,1.818181818181818232e-01,5.727272727272727515e-01,6.818181818181817677e-02,9.090909090909090468e-03,1.818181818181818094e-02,9.090909090909090468e-03,1.363636363636363570e-02,9.090909090909090468e-03,4.545454545454545234e-03,1.363636363636363570e-02,4.545454545454545234e-03,0.000000000000000000e+00,0.000000000000000000e+00,4.545454545454545234e-03,0.000000000000000000e+00,0.000000000000000000e+00,4.545454545454545234e-03,0.000000000000000000e+00,4.545454545454545234e-03,2.272727272727272790e-02
8.593750000000000000e-02,1.093750000000000000e-01,2.578125000000000000e-01,4.140625000000000000e-01,2.343750000000000000e-02,7.812500000000000000e-03,1.562500000000000000e-02,0.000000000000000000e+00,7.812500000000000000e-03,0.000000000000000000e+00,3.125000000000000000e-02,0.000000000000000000e+00,0.000000000000000000e+00,0.000000000000000000e+00,0.000000000000000000e+00,0.000000000000000000e+00,0.000000000000000000e+00,7.812500000000000000e-03,7.812500000000000000e-03,1.562500000000000000e-02,1.562500000000000000e-02
2.409638554216867595e-02,7.228915662650602092e-02,7.228915662650602092e-02,1.927710843373494076e-01,5.180722891566265087e-01,1.204819277108433798e-02,1.204819277108433798e-02,0.000000000000000000e+00,0.000000000000000000e+00,1.204819277108433798e-02,0.000000000000000000e+00,1.204819277108433798e-02,0.000000000000000000e+00,0.000000000000000000e+00,0.000000000000000000e+00,0.000000000000000000e+00,2.409638554216867595e-02,1.204819277108433798e-02,1.204819277108433798e-02,0.000000000000000000e+00,2.409638554216867595e-02
7.407407407407406996e-02,0.000000000000000000e+00,1.481481481481481399e-01,1.111111111111111049e-01,2.222222222222222099e-01,4.074074074074073848e-01,0.000000000000000000e+00,0.000000000000000000e+00,0.000000000000000000e+00,0.000000000000000000e+00,3.703703703703703498e-02,0.000000000000000000e+00,0.000000000000000000e+00,0.000000000000000000e+00,0.000000000000000000e+00,0.000000000000000000e+00,0.000000000000000000e+00,0.000000000000000000e+00,0.000000000000000000e+00,0.000000000000000000e+00,0.000000000000000000e+00
0.000000000000000000e+00,0.000000000000000000e+00,2.999999999999999889e-01,1.000000000000000056e-01,4.000000000000000222e-01,0.000000000000000000e+00,0.000000000000000000e+00,0.000000000000000000e+00,0.000000000000000000e+00,0.000000000000000000e+00,1.000000000000000056e-01,0.000000000000000000e+00,0.000000000000000000e+00,0.000000000000000000e+00,0.000000000000000000e+00,0.000000000000000000e+00,0.000000000000000000e+00,0.000000000000000000e+00,0.000000000000000000e+00,0.000000000000000000e+00,1.000000000000000056e-01
0.000000000000000000e+00,6.666666666666666574e-02,1.333333333333333315e-01,2.000000000000000111e-01,2.000000000000000111e-01,0.000000000000000000e+00,6.666666666666666574e-02,2.000000000000000111e-01,0.000000000000000000e+00,6.666666666666666574e-02,6.666666666666666574e-02,0.000000000000000000e+00,0.000000000000000000e+00,0.000000000000000000e+00,0.000000000000000000e+00,0.000000000000000000e+00,0.000000000000000000e+00,0.000000000000000000e+00,0.000000000000000000e+00,0.000000000000000000e+00,0.000000000000000000e+00
1.333333333333333315e-01,6.666666666666666574e-02,6.666666666666666574e-02,0.000000000000000000e+00,0.000000000000000000e+00,6.666666666666666574e-02,6.666666666666666574e-02,0.000000000000000000e+00,5.333333333333333259e-01,0.000000000000000000e+00,6.666666666666666574e-02,0.000000000000000000e+00,0.000000000000000000e+00,0.000000000000000000e+00,0.000000000000000000e+00,0.000000000000000000e+00,0.000000000000000000e+00,0.000000000000000000e+00,0.000000000000000000e+00,0.000000000000000000e+00,0.000000000000000000e+00
0.000000000000000000e+00,0.000000000000000000e+00,0.000000000000000000e+00,0.000000000000000000e+00,0.000000000000000000e+00,3.333333333333333148e-01,0.000000000000000000e+00,3.333333333333333148e-01,0.000000000000000000e+00,0.000000000000000000e+00,3.333333333333333148e-01,0.000000000000000000e+00,0.000000000000000000e+00,0.000000000000000000e+00,0.000000000000000000e+00,0.000000000000000000e+00,0.000000000000000000e+00,0.000000000000000000e+00,0.000000000000000000e+00,0.000000000000000000e+00,0.000000000000000000e+00
3.174603174603174427e-02,4.761904761904761640e-02,6.349206349206348854e-02,1.269841269841269771e-01,6.349206349206348854e-02,4.761904761904761640e-02,3.174603174603174427e-02,3.174603174603174427e-02,3.174603174603174427e-02,1.587301587301587213e-02,4.920634920634920362e-01,0.000000000000000000e+00,0.000000000000000000e+00,0.000000000000000000e+00,0.000000000000000000e+00,0.000000000000000000e+00,0.000000000000000000e+00,0.000000000000000000e+00,0.000000000000000000e+00,0.000000000000000000e+00,1.587301587301587213e-02
7.142857142857142461e-02,0.000000000000000000e+00,0.000000000000000000e+00,7.142857142857142461e-02,0.000000000000000000e+00,0.000000000000000000e+00,0.000000000000000000e+00,0.000000000000000000e+00,0.000000000000000000e+00,0.000000000000000000e+00,7.142857142857142461e-02,5.000000000000000000e-01,0.000000000000000000e+00,0.000000000000000000e+00,0.000000000000000000e+00,0.000000000000000000e+00,0.000000000000000000e+00,1.428571428571428492e-01,7.142857142857142461e-02,0.000000000000000000e+00,7.142857142857142461e-02
0.000000000000000000e+00,0.000000000000000000e+00,0.000000000000000000e+00,0.000000000000000000e+00,0.000000000000000000e+00,0.000000000000000000e+00,0.000000000000000000e+00,0.000000000000000000e+00,0.000000000000000000e+00,0.000000000000000000e+00,0.000000000000000000e+00,0.000000000000000000e+00,0.000000000000000000e+00,0.000000000000000000e+00,0.000000000000000000e+00,0.000000000000000000e+00,0.000000000000000000e+00,3.333333333333333148e-01,0.000000000000000000e+00,6.666666666666666297e-01,0.000000000000000000e+00
0.000000000000000000e+00,0.000000000000000000e+00,0.000000000000000000e+00,0.000000000000000000e+00,0.000000000000000000e+00,0.000000000000000000e+00,0.000000000000000000e+00,0.000000000000000000e+00,0.000000000000000000e+00,0.000000000000000000e+00,0.000000000000000000e+00,0.000000000000000000e+00,0.000000000000000000e+00,9.166666666666666297e-01,0.000000000000000000e+00,0.000000000000000000e+00,0.000000000000000000e+00,0.000000000000000000e+00,8.333333333333332871e-02,0.000000000000000000e+00,0.000000000000000000e+00
0.000000000000000000e+00,0.000000000000000000e+00,0.000000000000000000e+00,0.000000000000000000e+00,0.000000000000000000e+00,0.000000000000000000e+00,0.000000000000000000e+00,0.000000000000000000e+00,0.000000000000000000e+00,0.000000000000000000e+00,0.000000000000000000e+00,0.000000000000000000e+00,0.000000000000000000e+00,0.000000000000000000e+00,7.777777777777777901e-01,0.000000000000000000e+00,7.407407407407406996e-02,3.703703703703703498e-02,0.000000000000000000e+00,0.000000000000000000e+00,1.111111111111111049e-01
4.687500000000000000e-02,1.562500000000000000e-02,0.000000000000000000e+00,1.562500000000000000e-02,0.000000000000000000e+00,0.000000000000000000e+00,0.000000000000000000e+00,0.000000000000000000e+00,1.562500000000000000e-02,0.000000000000000000e+00,1.562500000000000000e-02,0.000000000000000000e+00,0.000000000000000000e+00,0.000000000000000000e+00,3.125000000000000000e-02,7.812500000000000000e-01,3.125000000000000000e-02,4.687500000000000000e-02,0.000000000000000000e+00,0.000000000000000000e+00,0.000000000000000000e+00
3.389830508474576259e-02,0.000000000000000000e+00,1.694915254237288130e-02,0.000000000000000000e+00,0.000000000000000000e+00,0.000000000000000000e+00,0.000000000000000000e+00,0.000000000000000000e+00,0.000000000000000000e+00,0.000000000000000000e+00,3.389830508474576259e-02,0.000000000000000000e+00,0.000000000000000000e+00,1.694915254237288130e-02,0.000000000000000000e+00,8.474576271186440302e-02,5.762711864406779849e-01,8.474576271186440302e-02,1.694915254237288130e-02,8.474576271186440302e-02,5.084745762711864736e-02
4.444444444444444614e-02,4.444444444444444614e-02,1.111111111111111154e-02,0.000000000000000000e+00,2.222222222222222307e-02,0.000000000000000000e+00,0.000000000000000000e+00,0.000000000000000000e+00,0.000000000000000000e+00,0.000000000000000000e+00,0.000000000000000000e+00,0.000000000000000000e+00,0.000000000000000000e+00,0.000000000000000000e+00,1.111111111111111154e-02,1.111111111111111154e-02,1.111111111111111049e-01,4.777777777777778012e-01,8.888888888888889228e-02,1.000000000000000056e-01,7.777777777777777901e-02
3.205128205128204844e-02,1.282051282051282007e-02,1.923076923076923184e-02,1.282051282051282007e-02,0.000000000000000000e+00,0.000000000000000000e+00,0.000000000000000000e+00,0.000000000000000000e+00,0.000000000000000000e+00,0.000000000000000000e+00,0.000000000000000000e+00,0.000000000000000000e+00,0.000000000000000000e+00,0.000000000000000000e+00,0.000000000000000000e+00,0.000000000000000000e+00,0.000000000000000000e+00,5.769230769230769551e-02,6.474358974358974672e-01,1.025641025641025605e-01,1.153846153846153910e-01
3.857566765578634982e-02,1.780415430267062379e-02,8.902077151335311897e-03,2.967359050445103966e-03,2.967359050445103966e-03,0.000000000000000000e+00,0.000000000000000000e+00,0.000000000000000000e+00,2.967359050445103966e-03,2.967359050445103966e-03,2.967359050445103966e-03,0.000000000000000000e+00,0.000000000000000000e+00,0.000000000000000000e+00,2.967359050445103966e-03,5.934718100890207931e-03,8.902077151335311897e-03,3.857566765578634982e-02,7.418397626112759047e-02,6.735905044510386297e-01,1.157270029673590495e-01
1.297872340425531845e-01,2.127659574468085055e-02,8.510638297872340566e-03,1.063829787234042527e-02,4.255319148936170283e-03,0.000000000000000000e+00,0.000000000000000000e+00,0.000000000000000000e+00,2.127659574468085141e-03,0.000000000000000000e+00,6.382978723404254991e-03,0.000000000000000000e+00,0.000000000000000000e+00,2.127659574468085141e-03,2.127659574468085141e-03,4.255319148936170283e-03,8.510638297872340566e-03,1.914893617021276584e-02,2.553191489361701996e-02,1.042553191489361680e-01,6.510638297872340940e-01
