4.588235294117646856e-01,7.647058823529412352e-02,5.294117647058823456e-02,0.000000000000000000e+00,2.352941176470588203e-02,0.000000000000000000e+00,0.000000000000000000e+00,5.882352941176470507e-03,1.176470588235294101e-02,0.000000000000000000e+00,2.941176470588235253e-02,5.882352941176470507e-03,0.000000000000000000e+00,5.882352941176470507e-03,0.000000000000000000e+00,5.882352941176470507e-03,1.176470588235294101e-02,1.176470588235294101e-02,2.941176470588235253e-02,8.235294117647058709e-02,1.882352941176470562e-01
1.139896373056994844e-01,5.595854922279792643e-01,9.326424870466321071e-02,2.072538860103627020e-02,2.072538860103627020e-02,1.036269430051813510e-02,0.000000000000000000e+00,1.036269430051813510e-02,1.554404145077720178e-02,1.036269430051813510e-02,2.072538860103627020e-02,0.000000000000000000e+00,0.000000000000000000e+00,0.000000000000000000e+00,0.000000000000000000e+00,5.181347150259067551e-03,5.181347150259067551e-03,5.181347150259067551e-03,1.036269430051813510e-02,3.626943005181346852e-02,6.217616580310880714e-02
9.909909909909909997e-02,1.801801801801801717e-01,4.054054054054054279e-01,8.108108108108108558e-02,1.801801801801801786e-02,4.504504504504504292e-02,0.000000000000000000e+00,0.000000000000000000e+00,1.801801801801801786e-02,1.801801801801801786e-02,3.603603603603603572e-02,0.000000000000000000e+00,0.000000000000000000e+00,0.000000000000000000e+00,0.000000000000000000e+00,0.000000000000000000e+00,0.000000000000000000e+00,9.009009009009008931e-03,1.801801801801801786e-02,1.801801801801801786e-02,5.405405405405405705e-02
5.882352941176470507e-02,2.156862745098039325e-01,1.568627450980392135e-01,3.725490196078431460e-01,0.000000000000000000e+00,1.960784313725490169e-02,0.000000000000000000e+00,0.000000000000000000e+00,0.000000000000000000e+00,0.000000000000000000e+00,5.882352941176470507e-02,0.000000000000000000e+00,0.000000000000000000e+00,0.000000000000000000e+00,0.000000000000000000e+00,0.000000000000000000e+00,1.960784313725490169e-02,0.000000000000000000e+00,0.000000000000000000e+00,7.843137254901960675e-02,1.960784313725490169e-02
2.325581395348837177e-02,1.162790697674418589e-01,1.395348837209302306e-01,4.651162790697674354e-02,2.790697674418604612e-01,4.651162790697674354e-02,2.325581395348837177e-02,0.000000000000000000e+00,0.000000000000000000e+00,0.000000000000000000e+00,1.162790697674418589e-01,0.000000000000000000e+00,0.000000000000000000e+00,2.325581395348837177e-02,0.000000000000000000e+00,0.000000000000000000e+00,0.000000000000000000e+00,6.976744186046511531e-02,0.000000000000000000e+00,0.000000000000000000e+00,1.162790697674418589e-01
4.878048780487805047e-02,9.756097560975610095e-02,7.317073170731706877e-02,7.317073170731706877e-02,9.756097560975610095e-02,3.658536585365853577e-01,2.439024390243902524e-02,2.439024390243902524e-02,2.439024390243902524e-02,4.878048780487805047e-02,7.317073170731706877e-02,0.000000000000000000e+00,2.439024390243902524e-02,0.000000000000000000e+00,2.439024390243902524e-02,0.000000000000000000e+00,0.000000000000000000e+00,0.000000000000000000e+00,0.000000000000000000e+00,0.000000000000000000e+00,0.000000000000000000e+00
0.000000000000000000e+00,7.692307692307692735e-02,7.692307692307692735e-02,0.000000000000000000e+00,1.538461538461538547e-01,2.307692307692307820e-01,1.538461538461538547e-01,0.000000000000000000e+00,0.000000000000000000e+00,7.692307692307692735e-02,1.538461538461538547e-01,0.000000000000000000e+00,0.000000000000000000e+00,0.000000000000000000e+00,0.000000000000000000e+00,0.000000000000000000e+00,0.000000000000000000e+00,0.000000000000000000e+00,0.000000000000000000e+00,0.000000000000000000e+00,7.692307692307692735e-02
0.000000000000000000e+00,1.153846153846153910e-01,7.692307692307692735e-02,3.846153846153846367e-02,0.000000000000000000e+00,0.000000000000000000e+00,7.692307692307692735e-02,2.692307692307692180e-01,3.846153846153846367e-02,7.692307692307692735e-02,3.076923076923077094e-01,0.000000000000000000e+00,0.000000000000000000e+00,0.000000000000000000e+00,0.000000000000000000e+00,0.000000000000000000e+00,0.000000000000000000e+00,0.000000000000000000e+00,0.000000000000000000e+00,0.000000000000000000e+00,0.000000000000000000e+00
4.166666666666666435e-02,8.333333333333332871e-02,4.166666666666666435e-02,8.333333333333332871e-02,4.166666666666666435e-02,1.250000000000000000e-01,4.166666666666666435e-02,8.333333333333332871e-02,2.916666666666666852e-01,0.000000000000000000e+00,1.250000000000000000e-01,0.000000000000000000e+00,0.000000000000000000e+00,0.000000000000000000e+00,0.000000000000000000e+00,0.000000000000000000e+00,0.000000000000000000e+00,0.000000000000000000e+00,0.000000000000000000e+00,4.166666666666666435e-02,0.000000000000000000e+00
0.000000000000000000e+00,4.545454545454545581e-02,9.090909090909091161e-02,9.090909090909091161e-02,9.090909090909091161e-02,4.545454545454545581e-02,4.545454545454545581e-02,9.090909090909091161e-02,4.545454545454545581e-02,3.181818181818181768e-01,9.090909090909091161e-02,0.000000000000000000e+00,0.000000000000000000e+00,0.000000000000000000e+00,0.000000000000000000e+00,0.000000000000000000e+00,0.000000000000000000e+00,0.000000000000000000e+00,0.000000000000000000e+00,0.000000000000000000e+00,4.545454545454545581e-02
3.061224489795918297e-02,1.020408163265306041e-02,4.591836734693877792e-02,2.040816326530612082e-02,2.551020408163265363e-02,2.040816326530612082e-02,2.551020408163265363e-02,5.102040816326530726e-02,2.040816326530612082e-02,1.530612244897959148e-02,6.377551020408163129e-01,0.000000000000000000e+00,0.000000000000000000e+00,0.000000000000000000e+00,0.000000000000000000e+00,1.020408163265306041e-02,1.530612244897959148e-02,2.040816326530612082e-02,1.530612244897959148e-02,2.040816326530612082e-02,1.530612244897959148e-02
0.000000000000000000e+00,0.000000000000000000e+00,0.000000000000000000e+00,0.000000000000000000e+00,0.000000000000000000e+00,0.000000000000000000e+00,0.000000000000000000e+00,0.000000000000000000e+00,0.000000000000000000e+00,0.000000000000000000e+00,0.000000000000000000e+00,9.518072289156626065e-01,2.409638554216867595e-02,1.204819277108433798e-02,6.024096385542168988e-03,6.024096385542168988e-03,0.000000000000000000e+00,0.000000000000000000e+00,0.000000000000000000e+00,0.000000000000000000e+00,0.000000000000000000e+00
1.111111111111111154e-02,0.000000000000000000e+00,0.000000000000000000e+00,0.000000000000000000e+00,0.000000000000000000e+00,1.111111111111111154e-02,0.000000000000000000e+00,0.000000000000000000e+00,0.000000000000000000e+00,0.000000000000000000e+00,0.000000000000000000e+00,5.555555555555555247e-02,6.666666666666666297e-01,1.222222222222222182e-01,5.555555555555555247e-02,3.333333333333333287e-02,0.000000000000000000e+00,1.111111111111111154e-02,0.000000000000000000e+00,1.111111111111111154e-02,2.222222222222222307e-02
0.000000000000000000e+00,0.000000000000000000e+00,0.000000000000000000e+00,0.000000000000000000e+00,0.000000000000000000e+00,0.000000000000000000e+00,0.000000000000000000e+00,0.000000000000000000e+00,0.000000000000000000e+00,0.000000000000000000e+00,2.222222222222222307e-02,2.222222222222222307e-02,1.666666666666666574e-01,6.777777777777778123e-01,4.444444444444444614e-02,2.222222222222222307e-02,2.222222222222222307e-02,0.000000000000000000e+00,2.222222222222222307e-02,0.000000000000000000e+00,0.000000000000000000e+00
0.000000000000000000e+00,0.000000000000000000e+00,3.076923076923077094e-02,0.000000000000000000e+00,0.000000000000000000e+00,0.000000000000000000e+00,0.000000000000000000e+00,0.000000000000000000e+00,0.000000000000000000e+00,0.000000000000000000e+00,1.538461538461538547e-02,3.076923076923077094e-02,3.076923076923077094e-02,1.076923076923076983e-01,4.769230769230769496e-01,1.230769230769230838e-01,1.230769230769230838e-01,1.538461538461538547e-02,3.076923076923077094e-02,0.000000000000000000e+00,1.538461538461538547e-02
5.747126436781609116e-03,5.747126436781609116e-03,1.149425287356321823e-02,5.747126436781609116e-03,5.747126436781609116e-03,0.000000000000000000e+00,0.000000000000000000e+00,0.000000000000000000e+00,0.000000000000000000e+00,5.747126436781609116e-03,1.724137931034482735e-02,5.747126436781609116e-03,1.724137931034482735e-02,1.149425287356321823e-02,7.471264367816092544e-02,6.609195402298850830e-01,9.770114942528736190e-02,2.873563218390804558e-02,2.298850574712643646e-02,1.149425287356321823e-02,1.149425287356321823e-02
1.304347826086956451e-02,4.347826086956521792e-03,8.695652173913043584e-03,8.695652173913043584e-03,0.000000000000000000e+00,4.347826086956521792e-03,4.347826086956521792e-03,0.000000000000000000e+00,0.000000000000000000e+00,0.000000000000000000e+00,2.608695652173912902e-02,0.000000000000000000e+00,4.347826086956521792e-03,4.347826086956521792e-03,2.608695652173912902e-02,9.130434782608695676e-02,6.608695652173912638e-01,1.043478260869565161e-01,8.695652173913043584e-03,1.304347826086956451e-02,1.739130434782608717e-02
1.739130434782608717e-02,2.173913043478260809e-02,0.000000000000000000e+00,0.000000000000000000e+00,0.000000000000000000e+00,0.000000000000000000e+00,0.000000000000000000e+00,4.347826086956521792e-03,0.000000000000000000e+00,4.347826086956521792e-03,4.347826086956521792e-03,4.347826086956521792e-03,4.347826086956521792e-03,0.000000000000000000e+00,4.347826086956521792e-03,3.043478260869565341e-02,1.173913043478260892e-01,5.956521739130434812e-01,1.130434782608695649e-01,6.956521739130434867e-02,8.695652173913043584e-03
1.119402985074626801e-02,1.865671641791044610e-02,0.000000000000000000e+00,1.119402985074626801e-02,0.000000000000000000e+00,0.000000000000000000e+00,0.000000000000000000e+00,0.000000000000000000e+00,0.000000000000000000e+00,0.000000000000000000e+00,3.731343283582089481e-03,0.000000000000000000e+00,0.000000000000000000e+00,0.000000000000000000e+00,0.000000000000000000e+00,1.119402985074626801e-02,2.238805970149253602e-02,1.119402985074626905e-01,6.492537313432835688e-01,1.380597014925373234e-01,2.238805970149253602e-02
2.864583333333333218e-02,1.041666666666666609e-02,7.812500000000000000e-03,5.208333333333333044e-03,0.000000000000000000e+00,2.604166666666666522e-03,0.000000000000000000e+00,0.000000000000000000e+00,0.000000000000000000e+00,0.000000000000000000e+00,2.343750000000000000e-02,0.000000000000000000e+00,0.000000000000000000e+00,0.000000000000000000e+00,2.604166666666666522e-03,5.208333333333333044e-03,1.562500000000000000e-02,2.604166666666666782e-02,9.375000000000000000e-02,6.848958333333333703e-01,9.375000000000000000e-02
6.690140845070421949e-02,2.816901408450704289e-02,2.112676056338028130e-02,1.056338028169014065e-02,1.056338028169014065e-02,3.521126760563380361e-03,3.521126760563380361e-03,0.000000000000000000e+00,0.000000000000000000e+00,0.000000000000000000e+00,1.408450704225352144e-02,0.000000000000000000e+00,0.000000000000000000e+00,0.000000000000000000e+00,0.000000000000000000e+00,0.000000000000000000e+00,7.042253521126760722e-03,1.408450704225352144e-02,3.169014084507042195e-02,1.478873239436619691e-01,6.408450704225352457e-01
