6.716101694915254106e-01,6.355932203389830226e-02,1.906779661016949276e-02,4.237288135593220324e-03,1.271186440677966184e-02,4.237288135593220324e-03,2.118644067796610162e-03,6.355932203389830920e-03,2.118644067796610162e-03,2.118644067796610162e-03,8.474576271186440649e-03,2.118644067796610162e-03,0.000000000000000000e+00,0.000000000000000000e+00,0.000000000000000000e+00,0.000000000000000000e+00,0.000000000000000000e+00,6.355932203389830920e-03,8.474576271186440649e-03,1.271186440677966184e-02,1.737288135593220428e-01
2.464454976303317446e-01,4.881516587677725005e-01,7.109004739336492740e-02,3.317535545023696936e-02,4.739336492890995622e-03,9.478672985781991245e-03,9.478672985781991245e-03,4.739336492890995622e-03,4.739336492890995622e-03,4.739336492890995622e-03,1.421800947867298513e-02,0.000000000000000000e+00,0.000000000000000000e+00,0.000000000000000000e+00,0.000000000000000000e+00,0.000000000000000000e+00,4.739336492890995622e-03,9.478672985781991245e-03,4.739336492890995622e-03,1.421800947867298513e-02,7.582938388625592996e-02
1.016949152542372947e-01,2.372881355932203451e-01,3.983050847457627053e-01,5.932203389830508627e-02,3.389830508474576259e-02,0.000000000000000000e+00,8.474576271186440649e-03,1.694915254237288130e-02,8.474576271186440649e-03,8.474576271186440649e-03,2.542372881355932368e-02,0.000000000000000000e+00,0.000000000000000000e+00,0.000000000000000000e+00,0.000000000000000000e+00,1.694915254237288130e-02,0.000000000000000000e+00,8.474576271186440649e-03,0.000000000000000000e+00,2.542372881355932368e-02,5.084745762711864736e-02
1.153846153846153910e-01,1.153846153846153910e-01,1.666666666666666574e-01,3.589743589743589758e-01,3.846153846153846367e-02,1.282051282051282007e-02,0.000000000000000000e+00,0.000000000000000000e+00,0.000000000000000000e+00,0.000000000000000000e+00,3.846153846153846367e-02,1.282051282051282007e-02,0.000000000000000000e+00,0.000000000000000000e+00,0.000000000000000000e+00,0.000000000000000000e+00,1.282051282051282007e-02,1.282051282051282007e-02,1.282051282051282007e-02,2.564102564102564014e-02,7.692307692307692735e-02
5.172413793103448204e-02,8.620689655172414367e-02,8.620689655172414367e-02,1.724137931034482873e-01,2.931034482758620441e-01,1.034482758620689641e-01,5.172413793103448204e-02,0.000000000000000000e+00,0.000000000000000000e+00,0.000000000000000000e+00,6.896551724137930939e-02,0.000000000000000000e+00,0.000000000000000000e+00,0.000000000000000000e+00,0.000000000000000000e+00,0.000000000000000000e+00,0.000000000000000000e+00,0.000000000000000000e+00,0.000000000000000000e+00,5.172413793103448204e-02,3.448275862068965469e-02
0.000000000000000000e+00,4.761904761904761640e-02,1.666666666666666574e-01,2.380952380952380820e-02,1.904761904761904656e-01,3.095238095238095344e-01,4.761904761904761640e-02,0.000000000000000000e+00,0.000000000000000000e+00,2.380952380952380820e-02,4.761904761904761640e-02,0.000000000000000000e+00,0.000000000000000000e+00,0.000000000000000000e+00,0.000000000000000000e+00,0.000000000000000000e+00,0.000000000000000000e+00,0.000000000000000000e+00,2.380952380952380820e-02,0.000000000000000000e+00,1.190476190476190410e-01
1.111111111111111049e-01,7.407407407407406996e-02,1.481481481481481399e-01,7.407407407407406996e-02,1.111111111111111049e-01,1.851851851851851749e-01,1.111111111111111049e-01,3.703703703703703498e-02,0.000000000000000000e+00,0.000000000000000000e+00,1.111111111111111049e-01,0.000000000000000000e+00,0.000000000000000000e+00,0.000000000000000000e+00,0.000000000000000000e+00,0.000000000000000000e+00,0.000000000000000000e+00,0.000000000000000000e+00,0.000000000000000000e+00,3.703703703703703498e-02,0.000000000000000000e+00
6.250000000000000000e-02,6.250000000000000000e-02,0.000000000000000000e+00,6.250000000000000000e-02,6.250000000000000000e-02,1.250000000000000000e-01,2.500000000000000000e-01,2.500000000000000000e-01,0.000000000000000000e+00,0.000000000000000000e+00,0.000000000000000000e+00,0.000000000000000000e+00,0.000000000000000000e+00,0.000000000000000000e+00,0.000000000000000000e+00,0.000000000000000000e+00,0.000000000000000000e+00,0.000000000000000000e+00,6.250000000000000000e-02,6.250000000000000000e-02,0.000000000000000000e+00
0.000000000000000000e+00,1.111111111111111049e-01,0.000000000000000000e+00,1.111111111111111049e-01,0.000000000000000000e+00,0.000000000000000000e+00,4.444444444444444198e-01,0.000000000000000000e+00,1.111111111111111049e-01,0.000000000000000000e+00,1.111111111111111049e-01,0.000000000000000000e+00,0.000000000000000000e+00,0.000000000000000000e+00,0.000000000000000000e+00,0.000000000000000000e+00,0.000000000000000000e+00,0.000000000000000000e+00,0.000000000000000000e+00,0.000000000000000000e+00,1.111111111111111049e-01
0.000000000000000000e+00,0.000000000000000000e+00,0.000000000000000000e+00,2.000000000000000111e-01,0.000000000000000000e+00,2.000000000000000111e-01,2.000000000000000111e-01,2.000000000000000111e-01,0.000000000000000000e+00,0.000000000000000000e+00,0.000000000000000000e+00,0.000000000000000000e+00,0.000000000000000000e+00,0.000000000000000000e+00,0.000000000000000000e+00,0.000000000000000000e+00,0.000000000000000000e+00,0.000000000000000000e+00,0.000000000000000000e+00,0.000000000000000000e+00,2.000000000000000111e-01
1.562500000000000000e-02,4.687500000000000000e-02,6.250000000000000000e-02,7.812500000000000000e-02,1.093750000000000000e-01,6.250000000000000000e-02,6.250000000000000000e-02,3.125000000000000000e-02,6.250000000000000000e-02,0.000000000000000000e+00,3.906250000000000000e-01,0.000000000000000000e+00,0.000000000000000000e+00,0.000000000000000000e+00,0.000000000000000000e+00,0.000000000000000000e+00,0.000000000000000000e+00,1.562500000000000000e-02,0.000000000000000000e+00,1.562500000000000000e-02,4.687500000000000000e-02
0.000000000000000000e+00,0.000000000000000000e+00,0.000000000000000000e+00,2.380952380952380820e-02,0.000000000000000000e+00,0.000000000000000000e+00,0.000000000000000000e+00,0.000000000000000000e+00,0.000000000000000000e+00,0.000000000000000000e+00,0.000000000000000000e+00,7.380952380952381375e-01,9.523809523809523281e-02,2.380952380952380820e-02,4.761904761904761640e-02,4.761904761904761640e-02,0.000000000000000000e+00,0.000000000000000000e+00,2.380952380952380820e-02,0.000000000000000000e+00,0.000000000000000000e+00
0.000000000000000000e+00,0.000000000000000000e+00,0.000000000000000000e+00,0.000000000000000000e+00,0.000000000000000000e+00,0.000000000000000000e+00,0.000000000000000000e+00,1.960784313725490169e-02,0.000000000000000000e+00,0.000000000000000000e+00,0.000000000000000000e+00,1.960784313725490169e-02,9.019607843137255054e-01,1.960784313725490169e-02,0.000000000000000000e+00,1.960784313725490169e-02,0.000000000000000000e+00,0.000000000000000000e+00,0.000000000000000000e+00,1.960784313725490169e-02,0.000000000000000000e+00
0.000000000000000000e+00,0.000000000000000000e+00,3.703703703703703498e-02,0.000000000000000000e+00,3.703703703703703498e-02,0.000000000000000000e+00,0.000000000000000000e+00,0.000000000000000000e+00,0.000000000000000000e+00,0.000000000000000000e+00,0.000000000000000000e+00,3.703703703703703498e-02,7.407407407407406996e-02,6.296296296296296502e-01,7.407407407407406996e-02,3.703703703703703498e-02,3.703703703703703498e-02,0.000000000000000000e+00,0.000000000000000000e+00,3.703703703703703498e-02,0.000000000000000000e+00
0.000000000000000000e+00,0.000000000000000000e+00,0.000000000000000000e+00,0.000000000000000000e+00,0.000000000000000000e+00,0.000000000000000000e+00,0.000000000000000000e+00,0.000000000000000000e+00,0.000000000000000000e+00,0.000000000000000000e+00,0.000000000000000000e+00,4.000000000000000083e-02,4.000000000000000083e-02,1.199999999999999956e-01,5.999999999999999778e-01,1.199999999999999956e-01,4.000000000000000083e-02,0.000000000000000000e+00,0.000000000000000000e+00,0.000000000000000000e+00,4.000000000000000083e-02
1.204819277108433798e-02,0.000000000000000000e+00,0.000000000000000000e+00,0.000000000000000000e+00,0.000000000000000000e+00,0.000000000000000000e+00,0.000000000000000000e+00,0.000000000000000000e+00,0.000000000000000000e+00,0.000000000000000000e+00,0.000000000000000000e+00,2.409638554216867595e-02,0.000000000000000000e+00,2.409638554216867595e-02,4.819277108433735191e-02,7.108433734939758608e-01,7.228915662650602092e-02,4.819277108433735191e-02,0.000000000000000000e+00,4.819277108433735191e-02,1.204819277108433798e-02
3.896103896103896014e-02,0.000000000000000000e+00,0.000000000000000000e+00,0.000000000000000000e+00,0.000000000000000000e+00,1.298701298701298787e-02,0.000000000000000000e+00,0.000000000000000000e+00,0.000000000000000000e+00,0.000000000000000000e+00,1.298701298701298787e-02,0.000000000000000000e+00,0.000000000000000000e+00,1.298701298701298787e-02,3.896103896103896014e-02,1.038961038961039030e-01,5.324675324675324228e-01,1.298701298701298579e-01,2.597402597402597574e-02,3.896103896103896014e-02,5.194805194805195148e-02
1.069518716577540045e-02,5.347593582887700224e-03,5.347593582887700224e-03,0.000000000000000000e+00,0.000000000000000000e+00,0.000000000000000000e+00,0.000000000000000000e+00,0.000000000000000000e+00,0.000000000000000000e+00,0.000000000000000000e+00,0.000000000000000000e+00,0.000000000000000000e+00,5.347593582887700224e-03,5.347593582887700224e-03,5.347593582887700224e-03,1.604278074866310327e-02,1.069518716577540079e-01,7.165775401069518491e-01,7.486631016042780140e-02,1.604278074866310327e-02,3.208556149732620655e-02
3.355704697986577108e-03,3.355704697986577108e-03,0.000000000000000000e+00,3.355704697986577108e-03,0.000000000000000000e+00,0.000000000000000000e+00,0.000000000000000000e+00,0.000000000000000000e+00,0.000000000000000000e+00,0.000000000000000000e+00,0.000000000000000000e+00,0.000000000000000000e+00,0.000000000000000000e+00,3.355704697986577108e-03,3.355704697986577108e-03,6.711409395973154217e-03,1.006711409395973089e-02,8.389261744966443335e-02,6.979865771812080455e-01,1.543624161073825496e-01,3.020134228187919614e-02
3.557312252964427157e-02,1.185770750988142212e-02,5.928853754940711061e-03,3.952569169960474041e-03,1.976284584980237020e-03,0.000000000000000000e+00,0.000000000000000000e+00,0.000000000000000000e+00,0.000000000000000000e+00,0.000000000000000000e+00,5.928853754940711061e-03,0.000000000000000000e+00,0.000000000000000000e+00,0.000000000000000000e+00,0.000000000000000000e+00,1.976284584980237020e-03,3.952569169960474041e-03,2.371541501976284425e-02,1.086956521739130405e-01,6.956521739130434590e-01,1.007905138339920958e-01
1.073684210526315852e-01,2.736842105263158006e-02,1.263157894736842077e-02,6.315789473684210384e-03,4.210526315789473589e-03,4.210526315789473589e-03,0.000000000000000000e+00,2.105263157894736795e-03,0.000000000000000000e+00,2.105263157894736795e-03,4.210526315789473589e-03,0.000000000000000000e+00,0.000000000000000000e+00,0.000000000000000000e+00,0.000000000000000000e+00,2.105263157894736795e-03,2.105263157894736795e-03,6.315789473684210384e-03,1.894736842105263289e-02,1.810526315789473817e-01,6.189473684210525795e-01
