5.426008968609865590e-01,1.434977578475336302e-01,6.726457399103139001e-02,2.690582959641255739e-02,8.968609865470851886e-03,1.345291479820627870e-02,4.484304932735425943e-03,4.484304932735425943e-03,0.000000000000000000e+00,0.000000000000000000e+00,1.345291479820627870e-02,0.000000000000000000e+00,0.000000000000000000e+00,4.484304932735425943e-03,4.484304932735425943e-03,4.484304932735425943e-03,8.968609865470851886e-03,1.345291479820627870e-02,8.968609865470851886e-03,2.690582959641255739e-02,1.031390134529148045e-01
1.156069364161849689e-01,4.855491329479768581e-01,1.387283236994219515e-01,5.202312138728323876e-02,2.312138728323699308e-02,5.780346820809248269e-03,2.312138728323699308e-02,0.000000000000000000e+00,0.000000000000000000e+00,5.780346820809248269e-03,1.734104046242774394e-02,0.000000000000000000e+00,0.000000000000000000e+00,0.000000000000000000e+00,0.000000000000000000e+00,5.780346820809248269e-03,0.000000000000000000e+00,2.890173410404624221e-02,2.890173410404624221e-02,2.312138728323699308e-02,4.624277456647398615e-02
9.790209790209790375e-02,1.188811188811188801e-01,4.615384615384615641e-01,9.790209790209790375e-02,4.195804195804195974e-02,2.097902097902097987e-02,2.097902097902097987e-02,2.097902097902097987e-02,0.000000000000000000e+00,0.000000000000000000e+00,2.797202797202797200e-02,0.000000000000000000e+00,6.993006993006993001e-03,0.000000000000000000e+00,0.000000000000000000e+00,0.000000000000000000e+00,6.993006993006993001e-03,6.993006993006993001e-03,2.097902097902097987e-02,1.398601398601398600e-02,3.496503496503496761e-02
9.615384615384615918e-03,9.615384615384615918e-02,1.057692307692307682e-01,5.384615384615384359e-01,6.730769230769230449e-02,1.923076923076923184e-02,0.000000000000000000e+00,9.615384615384615918e-03,9.615384615384615918e-03,9.615384615384615918e-03,2.884615384615384776e-02,0.000000000000000000e+00,9.615384615384615918e-03,0.000000000000000000e+00,0.000000000000000000e+00,1.923076923076923184e-02,1.923076923076923184e-02,0.000000000000000000e+00,9.615384615384615918e-03,1.923076923076923184e-02,2.884615384615384776e-02
5.555555555555555247e-02,1.851851851851851749e-02,7.407407407407406996e-02,7.407407407407406996e-02,4.074074074074073848e-01,7.407407407407406996e-02,5.555555555555555247e-02,0.000000000000000000e+00,0.000000000000000000e+00,1.851851851851851749e-02,1.111111111111111049e-01,1.851851851851851749e-02,0.000000000000000000e+00,0.000000000000000000e+00,0.000000000000000000e+00,0.000000000000000000e+00,0.000000000000000000e+00,1.851851851851851749e-02,1.851851851851851749e-02,1.851851851851851749e-02,3.703703703703703498e-02
2.777777777777777624e-02,2.777777777777777624e-02,2.777777777777777624e-02,1.388888888888888951e-01,2.777777777777777624e-02,2.222222222222222099e-01,1.666666666666666574e-01,8.333333333333332871e-02,0.000000000000000000e+00,0.000000000000000000e+00,1.388888888888888951e-01,0.000000000000000000e+00,0.000000000000000000e+00,0.000000000000000000e+00,0.000000000000000000e+00,2.777777777777777624e-02,5.555555555555555247e-02,2.777777777777777624e-02,0.000000000000000000e+00,0.000000000000000000e+00,2.777777777777777624e-02
1.562500000000000000e-02,1.562500000000000000e-02,4.687500000000000000e-02,1.562500000000000000e-02,4.687500000000000000e-02,4.687500000000000000e-02,5.468750000000000000e-01,7.812500000000000000e-02,4.687500000000000000e-02,0.000000000000000000e+00,7.812500000000000000e-02,0.000000000000000000e+00,0.000000000000000000e+00,0.000000000000000000e+00,1.562500000000000000e-02,0.000000000000000000e+00,1.562500000000000000e-02,0.000000000000000000e+00,0.000000000000000000e+00,1.562500000000000000e-02,1.562500000000000000e-02
0.000000000000000000e+00,3.703703703703703498e-02,7.407407407407406996e-02,3.703703703703703498e-02,0.000000000000000000e+00,0.000000000000000000e+00,1.481481481481481399e-01,3.703703703703703498e-01,3.703703703703703498e-02,3.703703703703703498e-02,1.481481481481481399e-01,0.000000000000000000e+00,0.000000000000000000e+00,0.000000000000000000e+00,0.000000000000000000e+00,0.000000000000000000e+00,7.407407407407406996e-02,0.000000000000000000e+00,0.000000000000000000e+00,0.000000000000000000e+00,3.703703703703703498e-02
6.250000000000000000e-02,0.000000000000000000e+00,1.250000000000000000e-01,0.000000000000000000e+00,6.250000000000000000e-02,6.250000000000000000e-02,6.250000000000000000e-02,6.250000000000000000e-02,3.125000000000000000e-01,1.250000000000000000e-01,1.250000000000000000e-01,0.000000000000000000e+00,0.000000000000000000e+00,0.000000000000000000e+00,0.000000000000000000e+00,0.000000000000000000e+00,0.000000000000000000e+00,0.000000000000000000e+00,0.000000000000000000e+00,0.000000000000000000e+00,0.000000000000000000e+00
0.000000000000000000e+00,0.000000000000000000e+00,0.000000000000000000e+00,1.250000000000000000e-01,1.250000000000000000e-01,0.000000000000000000e+00,0.000000000000000000e+00,0.000000000000000000e+00,2.500000000000000000e-01,1.250000000000000000e-01,2.500000000000000000e-01,0.000000000000000000e+00,0.000000000000000000e+00,0.000000000000000000e+00,0.000000000000000000e+00,0.000000000000000000e+00,1.250000000000000000e-01,0.000000000000000000e+00,0.000000000000000000e+00,0.000000000000000000e+00,0.000000000000000000e+00
1.273885350318471402e-02,3.821656050955413858e-02,3.184713375796178331e-02,3.184713375796178331e-02,1.273885350318471402e-02,3.184713375796178331e-02,3.821656050955413858e-02,1.273885350318471402e-02,2.547770700636942803e-02,0.000000000000000000e+00,6.178343949044585726e-01,1.910828025477706929e-02,0.000000000000000000e+00,0.000000000000000000e+00,0.000000000000000000e+00,1.910828025477706929e-02,2.547770700636942803e-02,6.369426751592357008e-03,1.910828025477706929e-02,2.547770700636942803e-02,3.184713375796178331e-02
0.000000000000000000e+00,3.921568627450980338e-03,0.000000000000000000e+00,0.000000000000000000e+00,0.000000000000000000e+00,3.921568627450980338e-03,0.000000000000000000e+00,0.000000000000000000e+00,0.000000000000000000e+00,0.000000000000000000e+00,3.921568627450980338e-03,9.254901960784314152e-01,1.960784313725490169e-02,1.568627450980392135e-02,2.352941176470588203e-02,3.921568627450980338e-03,0.000000000000000000e+00,0.000000000000000000e+00,0.000000000000000000e+00,0.000000000000000000e+00,0.000000000000000000e+00
0.000000000000000000e+00,0.000000000000000000e+00,0.000000000000000000e+00,0.000000000000000000e+00,0.000000000000000000e+00,0.000000000000000000e+00,0.000000000000000000e+00,3.703703703703703498e-02,0.000000000000000000e+00,0.000000000000000000e+00,0.000000000000000000e+00,3.703703703703703498e-02,4.444444444444444198e-01,2.222222222222222099e-01,1.481481481481481399e-01,3.703703703703703498e-02,3.703703703703703498e-02,3.703703703703703498e-02,0.000000000000000000e+00,0.000000000000000000e+00,0.000000000000000000e+00
0.000000000000000000e+00,0.000000000000000000e+00,0.000000000000000000e+00,0.000000000000000000e+00,0.000000000000000000e+00,0.000000000000000000e+00,0.000000000000000000e+00,0.000000000000000000e+00,0.000000000000000000e+00,0.000000000000000000e+00,1.492537313432835792e-02,2.985074626865671585e-02,2.985074626865671585e-02,6.268656716417910779e-01,1.343283582089552231e-01,4.477611940298507204e-02,1.492537313432835792e-02,1.492537313432835792e-02,5.970149253731343170e-02,1.492537313432835792e-02,1.492537313432835792e-02
0.000000000000000000e+00,0.000000000000000000e+00,0.000000000000000000e+00,0.000000000000000000e+00,0.000000000000000000e+00,0.000000000000000000e+00,0.000000000000000000e+00,0.000000000000000000e+00,0.000000000000000000e+00,0.000000000000000000e+00,0.000000000000000000e+00,4.800000000000000100e-02,4.000000000000000083e-02,4.800000000000000100e-02,6.239999999999999991e-01,1.759999999999999898e-01,2.400000000000000050e-02,2.400000000000000050e-02,8.000000000000000167e-03,0.000000000000000000e+00,8.000000000000000167e-03
2.564102564102564014e-02,0.000000000000000000e+00,0.000000000000000000e+00,8.547008547008547868e-03,0.000000000000000000e+00,8.547008547008547868e-03,0.000000000000000000e+00,0.000000000000000000e+00,0.000000000000000000e+00,0.000000000000000000e+00,8.547008547008547868e-03,0.000000000000000000e+00,8.547008547008547868e-03,2.564102564102564014e-02,1.282051282051281937e-01,5.470085470085470636e-01,1.709401709401709435e-01,2.564102564102564014e-02,1.709401709401709574e-02,1.709401709401709574e-02,8.547008547008547868e-03
8.333333333333333218e-03,8.333333333333333218e-03,8.333333333333333218e-03,1.666666666666666644e-02,0.000000000000000000e+00,1.666666666666666644e-02,0.000000000000000000e+00,0.000000000000000000e+00,0.000000000000000000e+00,0.000000000000000000e+00,2.500000000000000139e-02,8.333333333333333218e-03,1.666666666666666644e-02,8.333333333333333218e-03,4.166666666666666435e-02,9.166666666666666019e-02,4.916666666666666408e-01,1.916666666666666796e-01,2.500000000000000139e-02,3.333333333333333287e-02,8.333333333333333218e-03
8.928571428571428076e-03,4.464285714285714038e-03,4.464285714285714038e-03,4.464285714285714038e-03,0.000000000000000000e+00,4.464285714285714038e-03,8.928571428571428076e-03,0.000000000000000000e+00,0.000000000000000000e+00,0.000000000000000000e+00,8.928571428571428076e-03,8.928571428571428076e-03,0.000000000000000000e+00,4.464285714285714038e-03,8.928571428571428076e-03,8.928571428571428076e-03,5.357142857142856845e-02,6.785714285714286031e-01,1.294642857142857262e-01,4.910714285714285615e-02,1.339285714285714211e-02
2.769230769230769315e-02,9.230769230769231629e-03,6.153846153846153841e-03,3.076923076923076920e-03,0.000000000000000000e+00,0.000000000000000000e+00,0.000000000000000000e+00,0.000000000000000000e+00,0.000000000000000000e+00,0.000000000000000000e+00,1.230769230769230768e-02,0.000000000000000000e+00,0.000000000000000000e+00,3.076923076923076920e-03,3.076923076923076920e-03,3.076923076923076920e-03,1.230769230769230768e-02,7.076923076923076483e-02,6.923076923076922906e-01,1.323076923076923206e-01,2.461538461538461536e-02
4.113924050632911111e-02,9.493670886075949653e-03,6.329113924050632813e-03,3.164556962025316406e-03,3.164556962025316406e-03,0.000000000000000000e+00,3.164556962025316406e-03,0.000000000000000000e+00,0.000000000000000000e+00,0.000000000000000000e+00,1.265822784810126563e-02,0.000000000000000000e+00,0.000000000000000000e+00,0.000000000000000000e+00,3.164556962025316406e-03,9.493670886075949653e-03,9.493670886075949653e-03,2.848101265822784722e-02,7.594936708860759722e-02,6.708860759493671111e-01,1.234177215189873472e-01
1.103448275862068950e-01,4.137931034482758563e-02,1.034482758620689641e-02,6.896551724137930939e-03,6.896551724137930939e-03,3.448275862068965469e-03,3.448275862068965469e-03,0.000000000000000000e+00,0.000000000000000000e+00,0.000000000000000000e+00,1.034482758620689641e-02,0.000000000000000000e+00,0.000000000000000000e+00,0.000000000000000000e+00,0.000000000000000000e+00,6.896551724137930939e-03,6.896551724137930939e-03,6.896551724137930939e-03,4.137931034482758563e-02,8.965517241379310220e-02,6.551724137931034253e-01
