7.174855491329479307e-01,9.971098265895954327e-02,1.806358381502890312e-02,7.225433526011560553e-03,5.057803468208092561e-03,2.890173410404624135e-03,7.225433526011560336e-04,0.000000000000000000e+00,0.000000000000000000e+00,0.000000000000000000e+00,7.225433526011560336e-04,0.000000000000000000e+00,0.000000000000000000e+00,7.225433526011560336e-04,0.000000000000000000e+00,0.000000000000000000e+00,7.225433526011560336e-04,1.445086705202312067e-03,9.393063583815029413e-03,2.167630057803468166e-02,1.141618497109826574e-01
1.900097943192948224e-01,6.483839373163564623e-01,6.562193927522037840e-02,1.567091087169441774e-02,9.794319294809011520e-03,1.077375122428991111e-02,3.917727717923604434e-03,9.794319294809011086e-04,9.794319294809011086e-04,1.958863858961802217e-03,8.814887365328110194e-03,0.000000000000000000e+00,9.794319294809011086e-04,0.000000000000000000e+00,0.000000000000000000e+00,9.794319294809011086e-04,9.794319294809011086e-04,9.794319294809011086e-04,1.958863858961802217e-03,1.273261508325171376e-02,2.448579823702252620e-02
6.060606060606060774e-02,2.515151515151515249e-01,5.030303030303030498e-01,6.060606060606060774e-02,2.424242424242424240e-02,2.424242424242424240e-02,6.060606060606060601e-03,1.818181818181818094e-02,9.090909090909090468e-03,0.000000000000000000e+00,9.090909090909090468e-03,0.000000000000000000e+00,0.000000000000000000e+00,0.000000000000000000e+00,0.000000000000000000e+00,0.000000000000000000e+00,3.030303030303030300e-03,6.060606060606060601e-03,3.030303030303030300e-03,9.090909090909090468e-03,1.212121212121212120e-02
6.106870229007633349e-02,7.633587786259542207e-02,3.282442748091602969e-01,3.740458015267175695e-01,4.580152671755725186e-02,2.290076335877862593e-02,7.633587786259541687e-03,3.053435114503816675e-02,0.000000000000000000e+00,7.633587786259541687e-03,7.633587786259541687e-03,0.000000000000000000e+00,0.000000000000000000e+00,0.000000000000000000e+00,0.000000000000000000e+00,0.000000000000000000e+00,0.000000000000000000e+00,1.526717557251908337e-02,0.000000000000000000e+00,7.633587786259541687e-03,1.526717557251908337e-02
6.410256410256409687e-02,1.538461538461538547e-01,1.282051282051281937e-01,1.538461538461538547e-01,3.076923076923077094e-01,3.846153846153846367e-02,6.410256410256409687e-02,1.282051282051282007e-02,0.000000000000000000e+00,0.000000000000000000e+00,1.282051282051282007e-02,0.000000000000000000e+00,0.000000000000000000e+00,0.000000000000000000e+00,0.000000000000000000e+00,1.282051282051282007e-02,0.000000000000000000e+00,2.564102564102564014e-02,0.000000000000000000e+00,2.564102564102564014e-02,0.000000000000000000e+00
1.224489795918367319e-01,1.632653061224489666e-01,1.224489795918367319e-01,1.020408163265306145e-01,6.122448979591836593e-02,2.244897959183673464e-01,1.020408163265306145e-01,2.040816326530612082e-02,2.040816326530612082e-02,0.000000000000000000e+00,2.040816326530612082e-02,0.000000000000000000e+00,0.000000000000000000e+00,0.000000000000000000e+00,0.000000000000000000e+00,0.000000000000000000e+00,0.000000000000000000e+00,2.040816326530612082e-02,0.000000000000000000e+00,0.000000000000000000e+00,2.040816326530612082e-02
5.128205128205128027e-02,7.692307692307692735e-02,5.128205128205128027e-02,5.128205128205128027e-02,5.128205128205128027e-02,1.282051282051281937e-01,3.333333333333333148e-01,5.128205128205128027e-02,0.000000000000000000e+00,5.128205128205128027e-02,1.025641025641025605e-01,0.000000000000000000e+00,0.000000000000000000e+00,0.000000000000000000e+00,2.564102564102564014e-02,0.000000000000000000e+00,0.000000000000000000e+00,0.000000000000000000e+00,2.564102564102564014e-02,0.000000000000000000e+00,0.000000000000000000e+00
6.666666666666666574e-02,1.333333333333333315e-01,1.666666666666666574e-01,6.666666666666666574e-02,1.000000000000000056e-01,3.333333333333333287e-02,6.666666666666666574e-02,2.666666666666666630e-01,3.333333333333333287e-02,0.000000000000000000e+00,6.666666666666666574e-02,0.000000000000000000e+00,0.000000000000000000e+00,0.000000000000000000e+00,0.000000000000000000e+00,0.000000000000000000e+00,0.000000000000000000e+00,0.000000000000000000e+00,0.000000000000000000e+00,0.000000000000000000e+00,0.000000000000000000e+00
0.000000000000000000e+00,0.000000000000000000e+00,1.000000000000000056e-01,0.000000000000000000e+00,2.999999999999999889e-01,1.000000000000000056e-01,0.000000000000000000e+00,1.000000000000000056e-01,2.000000000000000111e-01,0.000000000000000000e+00,1.000000000000000056e-01,1.000000000000000056e-01,0.000000000000000000e+00,0.000000000000000000e+00,0.000000000000000000e+00,0.000000000000000000e+00,0.000000000000000000e+00,0.000000000000000000e+00,0.000000000000000000e+00,0.000000000000000000e+00,0.000000000000000000e+00
0.000000000000000000e+00,0.000000000000000000e+00,2.222222222222222099e-01,0.000000000000000000e+00,1.111111111111111049e-01,0.000000000000000000e+00,2.222222222222222099e-01,0.000000000000000000e+00,0.000000000000000000e+00,0.000000000000000000e+00,4.444444444444444198e-01,0.000000000000000000e+00,0.000000000000000000e+00,0.000000000000000000e+00,0.000000000000000000e+00,0.000000000000000000e+00,0.000000000000000000e+00,0.000000000000000000e+00,0.000000000000000000e+00,0.000000000000000000e+00,0.000000000000000000e+00
0.000000000000000000e+00,1.034482758620689641e-01,3.448275862068965469e-02,5.172413793103448204e-02,5.172413793103448204e-02,3.448275862068965469e-02,3.448275862068965469e-02,3.448275862068965469e-02,0.000000000000000000e+00,8.620689655172414367e-02,5.517241379310344751e-01,0.000000000000000000e+00,0.000000000000000000e+00,0.000000000000000000e+00,0.000000000000000000e+00,1.724137931034482735e-02,0.000000000000000000e+00,0.000000000000000000e+00,0.000000000000000000e+00,0.000000000000000000e+00,0.000000000000000000e+00
0.000000000000000000e+00,0.000000000000000000e+00,0.000000000000000000e+00,0.000000000000000000e+00,0.000000000000000000e+00,1.250000000000000000e-01,0.000000000000000000e+00,0.000000000000000000e+00,0.000000000000000000e+00,0.000000000000000000e+00,0.000000000000000000e+00,3.750000000000000000e-01,0.000000000000000000e+00,0.000000000000000000e+00,1.250000000000000000e-01,0.000000000000000000e+00,0.000000000000000000e+00,2.500000000000000000e-01,1.250000000000000000e-01,0.000000000000000000e+00,0.000000000000000000e+00
0.000000000000000000e+00,3.333333333333333148e-01,0.000000000000000000e+00,0.000000000000000000e+00,0.000000000000000000e+00,0.000000000000000000e+00,0.000000000000000000e+00,0.000000000000000000e+00,0.000000000000000000e+00,0.000000000000000000e+00,3.333333333333333148e-01,0.000000000000000000e+00,0.000000000000000000e+00,0.000000000000000000e+00,0.000000000000000000e+00,3.333333333333333148e-01,0.000000000000000000e+00,0.000000000000000000e+00,0.000000000000000000e+00,0.000000000000000000e+00,0.000000000000000000e+00
0.000000000000000000e+00,1.111111111111111049e-01,0.000000000000000000e+00,0.000000000000000000e+00,0.000000000000000000e+00,0.000000000000000000e+00,0.000000000000000000e+00,0.000000000000000000e+00,0.000000000000000000e+00,0.000000000000000000e+00,0.000000000000000000e+00,1.111111111111111049e-01,0.000000000000000000e+00,1.111111111111111049e-01,0.000000000000000000e+00,0.000000000000000000e+00,2.222222222222222099e-01,2.222222222222222099e-01,0.000000000000000000e+00,1.111111111111111049e-01,1.111111111111111049e-01
0.000000000000000000e+00,9.677419354838709409e-02,3.225806451612903136e-02,0.000000000000000000e+00,3.225806451612903136e-02,0.000000000000000000e+00,0.000000000000000000e+00,0.000000000000000000e+00,0.000000000000000000e+00,0.000000000000000000e+00,3.225806451612903136e-02,0.000000000000000000e+00,3.225806451612903136e-02,6.451612903225806273e-02,3.548387096774193727e-01,6.451612903225806273e-02,1.290322580645161255e-01,3.225806451612903136e-02,6.451612903225806273e-02,0.000000000000000000e+00,6.451612903225806273e-02
3.030303030303030387e-02,3.030303030303030387e-02,3.030303030303030387e-02,0.000000000000000000e+00,3.030303030303030387e-02,0.000000000000000000e+00,0.000000000000000000e+00,0.000000000000000000e+00,0.000000000000000000e+00,0.000000000000000000e+00,0.000000000000000000e+00,0.000000000000000000e+00,0.000000000000000000e+00,0.000000000000000000e+00,9.090909090909091161e-02,3.636363636363636465e-01,3.030303030303030387e-02,1.515151515151515194e-01,6.060606060606060774e-02,1.212121212121212155e-01,6.060606060606060774e-02
4.054054054054054279e-02,6.756756756756757132e-02,1.351351351351351426e-02,1.351351351351351426e-02,1.351351351351351426e-02,0.000000000000000000e+00,2.702702702702702853e-02,0.000000000000000000e+00,0.000000000000000000e+00,0.000000000000000000e+00,1.351351351351351426e-02,0.000000000000000000e+00,0.000000000000000000e+00,1.351351351351351426e-02,4.054054054054054279e-02,1.351351351351351426e-02,4.729729729729729715e-01,1.351351351351351426e-01,5.405405405405405705e-02,2.702702702702702853e-02,5.405405405405405705e-02
6.410256410256409687e-02,1.282051282051282007e-02,3.205128205128204844e-02,0.000000000000000000e+00,6.410256410256410034e-03,0.000000000000000000e+00,1.282051282051282007e-02,0.000000000000000000e+00,0.000000000000000000e+00,0.000000000000000000e+00,6.410256410256410034e-03,0.000000000000000000e+00,0.000000000000000000e+00,0.000000000000000000e+00,1.923076923076923184e-02,4.487179487179487197e-02,7.692307692307692735e-02,5.384615384615384359e-01,5.769230769230769551e-02,7.692307692307692735e-02,5.128205128205128027e-02
5.092592592592592310e-02,3.703703703703703498e-02,9.259259259259258745e-03,4.629629629629629373e-03,4.629629629629629373e-03,4.629629629629629373e-03,0.000000000000000000e+00,0.000000000000000000e+00,0.000000000000000000e+00,0.000000000000000000e+00,9.259259259259258745e-03,4.629629629629629373e-03,0.000000000000000000e+00,0.000000000000000000e+00,1.851851851851851749e-02,1.851851851851851749e-02,5.092592592592592310e-02,6.944444444444444753e-02,5.370370370370370905e-01,1.064814814814814825e-01,7.407407407407406996e-02
8.436724565756824334e-02,3.970223325062034736e-02,1.736972704714640284e-02,4.962779156327543420e-03,7.444168734491315130e-03,0.000000000000000000e+00,2.481389578163771710e-03,0.000000000000000000e+00,0.000000000000000000e+00,0.000000000000000000e+00,2.481389578163771710e-03,2.481389578163771710e-03,2.481389578163771710e-03,2.481389578163771710e-03,4.962779156327543420e-03,4.962779156327543420e-03,0.000000000000000000e+00,3.722084367245657305e-02,1.066997518610421775e-01,5.657568238213399603e-01,1.141439205955334935e-01
1.469387755102040949e-01,6.258503401360544782e-02,1.496598639455782274e-02,6.802721088435373896e-03,0.000000000000000000e+00,1.360544217687074736e-03,0.000000000000000000e+00,0.000000000000000000e+00,0.000000000000000000e+00,0.000000000000000000e+00,0.000000000000000000e+00,1.360544217687074736e-03,0.000000000000000000e+00,1.360544217687074736e-03,0.000000000000000000e+00,0.000000000000000000e+00,6.802721088435373896e-03,1.360544217687074779e-02,2.993197278911564549e-02,1.034013605442176825e-01,6.108843537414966329e-01
