0.000000000000000000e+00,5.000000000000000000e-01,5.000000000000000000e-01,0.000000000000000000e+00,0.000000000000000000e+00,0.000000000000000000e+00,0.000000000000000000e+00,0.000000000000000000e+00,0.000000000000000000e+00,0.000000000000000000e+00,0.000000000000000000e+00,0.000000000000000000e+00,0.000000000000000000e+00,0.000000000000000000e+00,0.000000000000000000e+00,0.000000000000000000e+00,0.000000000000000000e+00,0.000000000000000000e+00,0.000000000000000000e+00,0.000000000000000000e+00,0.000000000000000000e+00,0.000000000000000000e+00
0.000000000000000000e+00,8.139534883720930258e-01,1.744186046511627952e-01,1.162790697674418589e-02,0.000000000000000000e+00,0.000000000000000000e+00,0.000000000000000000e+00,0.000000000000000000e+00,0.000000000000000000e+00,0.000000000000000000e+00,0.000000000000000000e+00,0.000000000000000000e+00,0.000000000000000000e+00,0.000000000000000000e+00,0.000000000000000000e+00,0.000000000000000000e+00,0.000000000000000000e+00,0.000000000000000000e+00,0.000000000000000000e+00,0.000000000000000000e+00,0.000000000000000000e+00,0.000000000000000000e+00
7.672634271099744441e-03,3.324808184143222822e-02,8.107416879795396047e-01,1.329923273657289129e-01,5.115089514066496583e-03,5.115089514066496583e-03,5.115089514066496583e-03,0.000000000000000000e+00,0.000000000000000000e+00,0.000000000000000000e+00,0.000000000000000000e+00,0.000000000000000000e+00,0.000000000000000000e+00,0.000000000000000000e+00,0.000000000000000000e+00,0.000000000000000000e+00,0.000000000000000000e+00,0.000000000000000000e+00,0.000000000000000000e+00,0.000000000000000000e+00,0.000000000000000000e+00,0.000000000000000000e+00
5.871990604815032150e-04,1.174398120963006430e-03,2.759835584263065078e-02,8.684674104521432625e-01,8.514386376981797344e-02,8.220786846741044360e-03,2.935995302407515967e-03,2.348796241926012860e-03,1.761597181444509753e-03,5.871990604815032150e-04,5.871990604815032150e-04,0.000000000000000000e+00,0.000000000000000000e+00,5.871990604815032150e-04,0.000000000000000000e+00,0.000000000000000000e+00,0.000000000000000000e+00,0.000000000000000000e+00,0.000000000000000000e+00,0.000000000000000000e+00,0.000000000000000000e+00,0.000000000000000000e+00
0.000000000000000000e+00,0.000000000000000000e+00,1.453488372093023236e-03,8.502906976744185885e-02,8.212209302325581550e-01,6.395348837209302584e-02,1.017441860465116352e-02,5.087209302325581758e-03,1.453488372093023236e-03,7.267441860465116178e-04,1.453488372093023236e-03,0.000000000000000000e+00,0.000000000000000000e+00,7.267441860465116178e-04,1.453488372093023236e-03,7.267441860465116178e-04,0.000000000000000000e+00,0.000000000000000000e+00,0.000000000000000000e+00,0.000000000000000000e+00,7.267441860465116178e-04,5.813953488372092943e-03
0.000000000000000000e+00,0.000000000000000000e+00,7.434944237918215265e-03,2.788104089219330811e-02,1.431226765799256395e-01,6.951672862453531776e-01,7.249070631970259970e-02,2.230483271375464580e-02,3.717472118959107633e-03,7.434944237918215265e-03,0.000000000000000000e+00,3.717472118959107633e-03,1.858736059479553816e-03,0.000000000000000000e+00,0.000000000000000000e+00,3.717472118959107633e-03,1.858736059479553816e-03,0.000000000000000000e+00,0.000000000000000000e+00,0.000000000000000000e+00,0.000000000000000000e+00,9.293680297397769949e-03
0.000000000000000000e+00,0.000000000000000000e+00,5.263157894736841987e-03,3.684210526315789130e-02,5.789473684210526272e-02,1.789473684210526327e-01,5.473684210526316152e-01,8.421052631578947179e-02,2.105263157894736795e-02,1.052631578947368397e-02,5.263157894736841987e-03,1.052631578947368397e-02,5.263157894736841987e-03,1.052631578947368397e-02,5.263157894736841987e-03,0.000000000000000000e+00,5.263157894736841987e-03,0.000000000000000000e+00,5.263157894736841987e-03,0.000000000000000000e+00,0.000000000000000000e+00,1.052631578947368397e-02
0.000000000000000000e+00,0.000000000000000000e+00,0.000000000000000000e+00,2.150537634408602322e-02,3.225806451612903136e-02,1.182795698924731242e-01,1.720430107526881858e-01,4.838709677419354982e-01,7.526881720430107781e-02,1.075268817204301161e-02,0.000000000000000000e+00,1.075268817204301161e-02,0.000000000000000000e+00,0.000000000000000000e+00,0.000000000000000000e+00,2.150537634408602322e-02,0.000000000000000000e+00,1.075268817204301161e-02,0.000000000000000000e+00,0.000000000000000000e+00,1.075268817204301161e-02,3.225806451612903136e-02
0.000000000000000000e+00,0.000000000000000000e+00,0.000000000000000000e+00,4.918032786885245811e-02,3.278688524590164105e-02,1.147540983606557402e-01,4.918032786885245811e-02,1.311475409836065642e-01,4.098360655737705027e-01,1.311475409836065642e-01,1.639344262295082053e-02,1.639344262295082053e-02,0.000000000000000000e+00,0.000000000000000000e+00,1.639344262295082053e-02,0.000000000000000000e+00,0.000000000000000000e+00,0.000000000000000000e+00,0.000000000000000000e+00,0.000000000000000000e+00,0.000000000000000000e+00,3.278688524590164105e-02
0.000000000000000000e+00,0.000000000000000000e+00,1.818181818181818094e-02,0.000000000000000000e+00,1.818181818181818094e-02,3.636363636363636187e-02,9.090909090909091161e-02,3.636363636363636187e-02,7.272727272727272374e-02,5.272727272727272263e-01,5.454545454545454281e-02,1.818181818181818094e-02,1.818181818181818094e-02,1.818181818181818094e-02,0.000000000000000000e+00,1.818181818181818094e-02,0.000000000000000000e+00,0.000000000000000000e+00,0.000000000000000000e+00,0.000000000000000000e+00,0.000000000000000000e+00,7.272727272727272374e-02
0.000000000000000000e+00,0.000000000000000000e+00,0.000000000000000000e+00,0.000000000000000000e+00,0.000000000000000000e+00,0.000000000000000000e+00,4.761904761904761640e-02,0.000000000000000000e+00,9.523809523809523281e-02,9.523809523809523281e-02,4.761904761904761640e-01,0.000000000000000000e+00,4.761904761904761640e-02,0.000000000000000000e+00,4.761904761904761640e-02,9.523809523809523281e-02,0.000000000000000000e+00,0.000000000000000000e+00,0.000000000000000000e+00,0.000000000000000000e+00,0.000000000000000000e+00,9.523809523809523281e-02
0.000000000000000000e+00,0.000000000000000000e+00,0.000000000000000000e+00,0.000000000000000000e+00,4.545454545454545581e-02,4.545454545454545581e-02,4.545454545454545581e-02,4.545454545454545581e-02,4.545454545454545581e-02,9.090909090909091161e-02,9.090909090909091161e-02,3.181818181818181768e-01,9.090909090909091161e-02,9.090909090909091161e-02,4.545454545454545581e-02,0.000000000000000000e+00,0.000000000000000000e+00,0.000000000000000000e+00,0.000000000000000000e+00,0.000000000000000000e+00,0.000000000000000000e+00,4.545454545454545581e-02
0.000000000000000000e+00,0.000000000000000000e+00,0.000000000000000000e+00,0.000000000000000000e+00,3.333333333333333287e-02,3.333333333333333287e-02,0.000000000000000000e+00,3.333333333333333287e-02,3.333333333333333287e-02,0.000000000000000000e+00,0.000000000000000000e+00,1.000000000000000056e-01,4.333333333333333481e-01,2.666666666666666630e-01,3.333333333333333287e-02,0.000000000000000000e+00,0.000000000000000000e+00,0.000000000000000000e+00,0.000000000000000000e+00,0.000000000000000000e+00,0.000000000000000000e+00,3.333333333333333287e-02
0.000000000000000000e+00,3.030303030303030387e-02,0.000000000000000000e+00,0.000000000000000000e+00,0.000000000000000000e+00,6.060606060606060774e-02,0.000000000000000000e+00,0.000000000000000000e+00,3.030303030303030387e-02,0.000000000000000000e+00,0.000000000000000000e+00,0.000000000000000000e+00,1.212121212121212155e-01,5.151515151515151381e-01,1.515151515151515194e-01,3.030303030303030387e-02,0.000000000000000000e+00,3.030303030303030387e-02,0.000000000000000000e+00,0.000000000000000000e+00,0.000000000000000000e+00,3.030303030303030387e-02
0.000000000000000000e+00,0.000000000000000000e+00,0.000000000000000000e+00,4.000000000000000083e-02,8.000000000000000167e-02,4.000000000000000083e-02,0.000000000000000000e+00,4.000000000000000083e-02,4.000000000000000083e-02,4.000000000000000083e-02,0.000000000000000000e+00,4.000000000000000083e-02,0.000000000000000000e+00,8.000000000000000167e-02,4.400000000000000022e-01,4.000000000000000083e-02,0.000000000000000000e+00,0.000000000000000000e+00,0.000000000000000000e+00,0.000000000000000000e+00,0.000000000000000000e+00,1.199999999999999956e-01
0.000000000000000000e+00,0.000000000000000000e+00,0.000000000000000000e+00,0.000000000000000000e+00,7.407407407407406996e-02,3.703703703703703498e-02,0.000000000000000000e+00,0.000000000000000000e+00,3.703703703703703498e-02,0.000000000000000000e+00,0.000000000000000000e+00,3.703703703703703498e-02,0.000000000000000000e+00,3.703703703703703498e-02,0.000000000000000000e+00,4.444444444444444198e-01,7.407407407407406996e-02,0.000000000000000000e+00,1.111111111111111049e-01,3.703703703703703498e-02,3.703703703703703498e-02,7.407407407407406996e-02
0.000000000000000000e+00,0.000000000000000000e+00,0.000000000000000000e+00,0.000000000000000000e+00,0.000000000000000000e+00,7.692307692307692735e-02,7.692307692307692735e-02,0.000000000000000000e+00,0.000000000000000000e+00,0.000000000000000000e+00,0.000000000000000000e+00,0.000000000000000000e+00,7.692307692307692735e-02,0.000000000000000000e+00,7.692307692307692735e-02,7.692307692307692735e-02,2.307692307692307820e-01,0.000000000000000000e+00,1.538461538461538547e-01,7.692307692307692735e-02,0.000000000000000000e+00,1.538461538461538547e-01
0.000000000000000000e+00,0.000000000000000000e+00,0.000000000000000000e+00,0.000000000000000000e+00,0.000000000000000000e+00,7.692307692307692735e-02,0.000000000000000000e+00,0.000000000000000000e+00,0.000000000000000000e+00,0.000000000000000000e+00,0.000000000000000000e+00,0.000000000000000000e+00,7.692307692307692735e-02,0.000000000000000000e+00,0.000000000000000000e+00,0.000000000000000000e+00,0.000000000000000000e+00,7.692307692307692735e-01,7.692307692307692735e-02,0.000000000000000000e+00,0.000000000000000000e+00,0.000000000000000000e+00
0.000000000000000000e+00,0.000000000000000000e+00,0.000000000000000000e+00,0.000000000000000000e+00,6.666666666666666574e-02,0.000000000000000000e+00,0.000000000000000000e+00,0.000000000000000000e+00,0.000000000000000000e+00,0.000000000000000000e+00,6.666666666666666574e-02,0.000000000000000000e+00,6.666666666666666574e-02,0.000000000000000000e+00,0.000000000000000000e+00,6.666666666666666574e-02,1.333333333333333315e-01,0.000000000000000000e+00,2.666666666666666630e-01,1.333333333333333315e-01,1.333333333333333315e-01,6.666666666666666574e-02
0.000000000000000000e+00,0.000000000000000000e+00,0.000000000000000000e+00,0.000000000000000000e+00,0.000000000000000000e+00,6.250000000000000000e-02,0.000000000000000000e+00,0.000000000000000000e+00,0.000000000000000000e+00,0.000000000000000000e+00,0.000000000000000000e+00,0.000000000000000000e+00,0.000000000000000000e+00,0.000000000000000000e+00,0.000000000000000000e+00,0.000000000000000000e+00,6.250000000000000000e-02,0.000000000000000000e+00,1.250000000000000000e-01,5.000000000000000000e-01,6.250000000000000000e-02,1.875000000000000000e-01
0.000000000000000000e+00,0.000000000000000000e+00,0.000000000000000000e+00,0.000000000000000000e+00,1.000000000000000056e-01,1.000000000000000056e-01,0.000000000000000000e+00,0.000000000000000000e+00,1.000000000000000056e-01,1.000000000000000056e-01,0.000000000000000000e+00,0.000000000000000000e+00,0.000000000000000000e+00,0.000000000000000000e+00,1.000000000000000056e-01,0.000000000000000000e+00,0.000000000000000000e+00,0.000000000000000000e+00,0.000000000000000000e+00,0.000000000000000000e+00,2.000000000000000111e-01,2.999999999999999889e-01
0.000000000000000000e+00,0.000000000000000000e+00,0.000000000000000000e+00,2.352941176470588203e-02,5.882352941176470507e-02,3.529411764705882304e-02,1.176470588235294101e-02,2.352941176470588203e-02,3.529411764705882304e-02,3.529411764705882304e-02,2.352941176470588203e-02,2.352941176470588203e-02,2.352941176470588203e-02,0.000000000000000000e+00,3.529411764705882304e-02,2.352941176470588203e-02,1.176470588235294101e-02,0.000000000000000000e+00,2.352941176470588203e-02,4.705882352941176405e-02,3.529411764705882304e-02,5.294117647058823595e-01
