6.787280701754385692e-01,1.019736842105263136e-01,2.960526315789473520e-02,9.868421052631578400e-03,1.096491228070175378e-02,4.385964912280701511e-03,6.578947368421052266e-03,0.000000000000000000e+00,0.000000000000000000e+00,1.096491228070175378e-03,9.868421052631578400e-03,0.000000000000000000e+00,0.000000000000000000e+00,1.096491228070175378e-03,0.000000000000000000e+00,1.096491228070175378e-03,0.000000000000000000e+00,2.192982456140350755e-03,7.675438596491227644e-03,1.973684210526315680e-02,1.151315789473684181e-01
1.744186046511627952e-01,5.232558139534884134e-01,1.302325581395348819e-01,4.418604651162790636e-02,1.162790697674418589e-02,9.302325581395348708e-03,2.325581395348837177e-03,4.651162790697674354e-03,2.325581395348837177e-03,0.000000000000000000e+00,4.651162790697674354e-03,0.000000000000000000e+00,0.000000000000000000e+00,0.000000000000000000e+00,2.325581395348837177e-03,2.325581395348837177e-03,2.325581395348837177e-03,2.325581395348837177e-03,1.627906976744186024e-02,1.860465116279069742e-02,4.883720930232558072e-02
1.084905660377358527e-01,2.075471698113207641e-01,2.971698113207547065e-01,1.037735849056603821e-01,4.245283018867924280e-02,3.773584905660377214e-02,4.716981132075471518e-03,1.415094339622641542e-02,9.433962264150943036e-03,9.433962264150943036e-03,4.245283018867924280e-02,4.716981132075471518e-03,0.000000000000000000e+00,0.000000000000000000e+00,4.716981132075471518e-03,0.000000000000000000e+00,0.000000000000000000e+00,4.716981132075471518e-03,2.830188679245283084e-02,3.301886792452830149e-02,4.716981132075472039e-02
1.230769230769230838e-01,1.076923076923076983e-01,1.230769230769230838e-01,3.692307692307692513e-01,6.153846153846154188e-02,3.846153846153846367e-02,7.692307692307692735e-03,0.000000000000000000e+00,7.692307692307692735e-03,7.692307692307692735e-03,4.615384615384615641e-02,0.000000000000000000e+00,0.000000000000000000e+00,0.000000000000000000e+00,0.000000000000000000e+00,0.000000000000000000e+00,0.000000000000000000e+00,0.000000000000000000e+00,7.692307692307692735e-03,5.384615384615384914e-02,4.615384615384615641e-02
5.633802816901408578e-02,8.450704225352112520e-02,7.042253521126760896e-02,4.225352112676056260e-02,3.239436619718309984e-01,1.126760563380281716e-01,5.633802816901408578e-02,4.225352112676056260e-02,1.408450704225352144e-02,0.000000000000000000e+00,9.859154929577464144e-02,1.408450704225352144e-02,0.000000000000000000e+00,0.000000000000000000e+00,0.000000000000000000e+00,0.000000000000000000e+00,0.000000000000000000e+00,0.000000000000000000e+00,1.408450704225352144e-02,2.816901408450704289e-02,4.225352112676056260e-02
1.111111111111111049e-01,6.666666666666666574e-02,4.444444444444444614e-02,8.888888888888889228e-02,8.888888888888889228e-02,1.555555555555555580e-01,6.666666666666666574e-02,6.666666666666666574e-02,4.444444444444444614e-02,2.222222222222222307e-02,1.111111111111111049e-01,0.000000000000000000e+00,0.000000000000000000e+00,0.000000000000000000e+00,0.000000000000000000e+00,0.000000000000000000e+00,0.000000000000000000e+00,2.222222222222222307e-02,0.000000000000000000e+00,2.222222222222222307e-02,8.888888888888889228e-02
1.785714285714285754e-01,7.142857142857142461e-02,3.571428571428571230e-02,0.000000000000000000e+00,0.000000000000000000e+00,1.071428571428571369e-01,2.857142857142856984e-01,7.142857142857142461e-02,0.000000000000000000e+00,0.000000000000000000e+00,2.142857142857142738e-01,0.000000000000000000e+00,0.000000000000000000e+00,0.000000000000000000e+00,0.000000000000000000e+00,0.000000000000000000e+00,0.000000000000000000e+00,0.000000000000000000e+00,0.000000000000000000e+00,0.000000000000000000e+00,3.571428571428571230e-02
2.631578947368420907e-02,7.894736842105262720e-02,0.000000000000000000e+00,2.631578947368420907e-02,5.263157894736841813e-02,0.000000000000000000e+00,0.000000000000000000e+00,5.000000000000000000e-01,2.631578947368420907e-02,0.000000000000000000e+00,1.578947368421052544e-01,2.631578947368420907e-02,0.000000000000000000e+00,0.000000000000000000e+00,0.000000000000000000e+00,0.000000000000000000e+00,0.000000000000000000e+00,2.631578947368420907e-02,0.000000000000000000e+00,5.263157894736841813e-02,2.631578947368420907e-02
1.176470588235294101e-01,0.000000000000000000e+00,1.764705882352941291e-01,0.000000000000000000e+00,5.882352941176470507e-02,1.176470588235294101e-01,0.000000000000000000e+00,1.764705882352941291e-01,1.176470588235294101e-01,5.882352941176470507e-02,1.176470588235294101e-01,0.000000000000000000e+00,0.000000000000000000e+00,0.000000000000000000e+00,0.000000000000000000e+00,0.000000000000000000e+00,0.000000000000000000e+00,0.000000000000000000e+00,0.000000000000000000e+00,5.882352941176470507e-02,0.000000000000000000e+00
0.000000000000000000e+00,0.000000000000000000e+00,2.857142857142856984e-01,0.000000000000000000e+00,7.142857142857142461e-02,0.000000000000000000e+00,7.142857142857142461e-02,0.000000000000000000e+00,7.142857142857142461e-02,7.142857142857142461e-02,3.571428571428571508e-01,0.000000000000000000e+00,0.000000000000000000e+00,0.000000000000000000e+00,0.000000000000000000e+00,0.000000000000000000e+00,0.000000000000000000e+00,0.000000000000000000e+00,0.000000000000000000e+00,0.000000000000000000e+00,7.142857142857142461e-02
5.732484076433121134e-02,7.006369426751592189e-02,4.458598726114649385e-02,6.369426751592356661e-02,6.369426751592357008e-03,2.547770700636942803e-02,6.369426751592357008e-03,1.273885350318471402e-02,4.458598726114649385e-02,3.821656050955413858e-02,4.777070063694267565e-01,0.000000000000000000e+00,0.000000000000000000e+00,0.000000000000000000e+00,0.000000000000000000e+00,6.369426751592357008e-03,0.000000000000000000e+00,0.000000000000000000e+00,3.821656050955413858e-02,5.095541401273885607e-02,5.732484076433121134e-02
0.000000000000000000e+00,0.000000000000000000e+00,3.030303030303030387e-02,0.000000000000000000e+00,0.000000000000000000e+00,0.000000000000000000e+00,0.000000000000000000e+00,0.000000000000000000e+00,0.000000000000000000e+00,0.000000000000000000e+00,0.000000000000000000e+00,6.363636363636363535e-01,9.090909090909091161e-02,6.060606060606060774e-02,3.030303030303030387e-02,3.030303030303030387e-02,3.030303030303030387e-02,0.000000000000000000e+00,6.060606060606060774e-02,0.000000000000000000e+00,3.030303030303030387e-02
0.000000000000000000e+00,0.000000000000000000e+00,0.000000000000000000e+00,0.000000000000000000e+00,0.000000000000000000e+00,0.000000000000000000e+00,0.000000000000000000e+00,0.000000000000000000e+00,0.000000000000000000e+00,0.000000000000000000e+00,0.000000000000000000e+00,1.176470588235294101e-01,7.058823529411765163e-01,5.882352941176470507e-02,0.000000000000000000e+00,0.000000000000000000e+00,0.000000000000000000e+00,5.882352941176470507e-02,0.000000000000000000e+00,0.000000000000000000e+00,5.882352941176470507e-02
0.000000000000000000e+00,0.000000000000000000e+00,1.000000000000000056e-01,0.000000000000000000e+00,0.000000000000000000e+00,0.000000000000000000e+00,0.000000000000000000e+00,0.000000000000000000e+00,0.000000000000000000e+00,0.000000000000000000e+00,0.000000000000000000e+00,1.000000000000000056e-01,0.000000000000000000e+00,4.000000000000000222e-01,2.000000000000000111e-01,0.000000000000000000e+00,0.000000000000000000e+00,0.000000000000000000e+00,1.000000000000000056e-01,1.000000000000000056e-01,0.000000000000000000e+00
0.000000000000000000e+00,2.702702702702702853e-02,0.000000000000000000e+00,0.000000000000000000e+00,2.702702702702702853e-02,0.000000000000000000e+00,0.000000000000000000e+00,0.000000000000000000e+00,0.000000000000000000e+00,0.000000000000000000e+00,0.000000000000000000e+00,0.000000000000000000e+00,0.000000000000000000e+00,0.000000000000000000e+00,6.486486486486486847e-01,1.351351351351351426e-01,8.108108108108108558e-02,2.702702702702702853e-02,2.702702702702702853e-02,0.000000000000000000e+00,2.702702702702702853e-02
0.000000000000000000e+00,1.694915254237288130e-02,0.000000000000000000e+00,0.000000000000000000e+00,0.000000000000000000e+00,0.000000000000000000e+00,0.000000000000000000e+00,0.000000000000000000e+00,0.000000000000000000e+00,0.000000000000000000e+00,0.000000000000000000e+00,1.694915254237288130e-02,0.000000000000000000e+00,0.000000000000000000e+00,5.084745762711864736e-02,6.101694915254237683e-01,1.694915254237288060e-01,8.474576271186440302e-02,3.389830508474576259e-02,1.694915254237288130e-02,0.000000000000000000e+00
0.000000000000000000e+00,0.000000000000000000e+00,0.000000000000000000e+00,0.000000000000000000e+00,0.000000000000000000e+00,0.000000000000000000e+00,0.000000000000000000e+00,0.000000000000000000e+00,0.000000000000000000e+00,0.000000000000000000e+00,0.000000000000000000e+00,9.433962264150943036e-03,0.000000000000000000e+00,0.000000000000000000e+00,0.000000000000000000e+00,4.716981132075472039e-02,6.037735849056603543e-01,2.264150943396226467e-01,7.547169811320754429e-02,2.830188679245283084e-02,9.433962264150943036e-03
1.075268817204301161e-02,0.000000000000000000e+00,0.000000000000000000e+00,0.000000000000000000e+00,0.000000000000000000e+00,0.000000000000000000e+00,0.000000000000000000e+00,0.000000000000000000e+00,0.000000000000000000e+00,0.000000000000000000e+00,1.075268817204301161e-02,0.000000000000000000e+00,0.000000000000000000e+00,0.000000000000000000e+00,0.000000000000000000e+00,1.612903225806451568e-02,7.526881720430107781e-02,5.483870967741935054e-01,2.419354838709677491e-01,5.913978494623656212e-02,3.763440860215053890e-02
8.695652173913043584e-03,6.521739130434782254e-03,6.521739130434782254e-03,4.347826086956521792e-03,0.000000000000000000e+00,0.000000000000000000e+00,0.000000000000000000e+00,2.173913043478260896e-03,0.000000000000000000e+00,2.173913043478260896e-03,4.347826086956521792e-03,2.173913043478260896e-03,0.000000000000000000e+00,4.347826086956521792e-03,4.347826086956521792e-03,0.000000000000000000e+00,1.304347826086956451e-02,5.869565217391304462e-02,6.391304347826086696e-01,2.130434782608695565e-01,3.043478260869565341e-02
2.966625463535228768e-02,1.483312731767614384e-02,9.888751545117428071e-03,8.652657601977749996e-03,0.000000000000000000e+00,0.000000000000000000e+00,0.000000000000000000e+00,0.000000000000000000e+00,0.000000000000000000e+00,0.000000000000000000e+00,3.708281829419035960e-03,0.000000000000000000e+00,0.000000000000000000e+00,2.472187886279357018e-03,2.472187886279357018e-03,2.472187886279357018e-03,2.472187886279357018e-03,6.180469715698392978e-03,6.922126081582199997e-02,6.897404202719407129e-01,1.582200247218788491e-01
1.254826254826254817e-01,2.027027027027027140e-02,1.158301158301158242e-02,9.652509652509652302e-03,4.826254826254826151e-03,2.895752895752895604e-03,1.930501930501930547e-03,3.861003861003861094e-03,0.000000000000000000e+00,0.000000000000000000e+00,1.447876447876447932e-02,0.000000000000000000e+00,9.652509652509652736e-04,9.652509652509652736e-04,1.930501930501930547e-03,1.930501930501930547e-03,1.930501930501930547e-03,9.652509652509652302e-03,1.544401544401544438e-02,7.335907335907336513e-02,6.988416988416988884e-01
