8.593750000000000000e-01,6.250000000000000000e-02,0.000000000000000000e+00,0.000000000000000000e+00,3.125000000000000000e-02,0.000000000000000000e+00,0.000000000000000000e+00,1.562500000000000000e-02,1.562500000000000000e-02,1.562500000000000000e-02,0.000000000000000000e+00,0.000000000000000000e+00,0.000000000000000000e+00,0.000000000000000000e+00,0.000000000000000000e+00,0.000000000000000000e+00,0.000000000000000000e+00,0.000000000000000000e+00,0.000000000000000000e+00,0.000000000000000000e+00,0.000000000000000000e+00,0.000000000000000000e+00
4.166666666666666435e-02,5.833333333333333703e-01,1.666666666666666574e-01,8.333333333333332871e-02,8.333333333333332871e-02,4.166666666666666435e-02,0.000000000000000000e+00,0.000000000000000000e+00,0.000000000000000000e+00,0.000000000000000000e+00,0.000000000000000000e+00,0.000000000000000000e+00,0.000000000000000000e+00,0.000000000000000000e+00,0.000000000000000000e+00,0.000000000000000000e+00,0.000000000000000000e+00,0.000000000000000000e+00,0.000000000000000000e+00,0.000000000000000000e+00,0.000000000000000000e+00,0.000000000000000000e+00
3.448275862068965469e-02,6.896551724137930939e-02,6.896551724137931494e-01,6.896551724137930939e-02,3.448275862068965469e-02,3.448275862068965469e-02,3.448275862068965469e-02,0.000000000000000000e+00,0.000000000000000000e+00,0.000000000000000000e+00,0.000000000000000000e+00,0.000000000000000000e+00,0.000000000000000000e+00,0.000000000000000000e+00,0.000000000000000000e+00,3.448275862068965469e-02,0.000000000000000000e+00,0.000000000000000000e+00,0.000000000000000000e+00,0.000000000000000000e+00,0.000000000000000000e+00,0.000000000000000000e+00
0.000000000000000000e+00,0.000000000000000000e+00,0.000000000000000000e+00,6.666666666666666297e-01,1.481481481481481399e-01,7.407407407407406996e-02,7.407407407407406996e-02,0.000000000000000000e+00,0.000000000000000000e+00,0.000000000000000000e+00,0.000000000000000000e+00,0.000000000000000000e+00,0.000000000000000000e+00,0.000000000000000000e+00,0.000000000000000000e+00,0.000000000000000000e+00,0.000000000000000000e+00,0.000000000000000000e+00,3.703703703703703498e-02,0.000000000000000000e+00,0.000000000000000000e+00,0.000000000000000000e+00
4.444444444444444614e-02,0.000000000000000000e+00,0.000000000000000000e+00,8.888888888888889228e-02,4.444444444444444198e-01,2.222222222222222099e-01,6.666666666666666574e-02,4.444444444444444614e-02,0.000000000000000000e+00,6.666666666666666574e-02,0.000000000000000000e+00,0.000000000000000000e+00,0.000000000000000000e+00,0.000000000000000000e+00,0.000000000000000000e+00,0.000000000000000000e+00,0.000000000000000000e+00,0.000000000000000000e+00,0.000000000000000000e+00,0.000000000000000000e+00,0.000000000000000000e+00,2.222222222222222307e-02
0.000000000000000000e+00,1.785714285714285615e-02,1.785714285714285615e-02,8.928571428571428076e-03,5.357142857142856845e-02,6.339285714285713969e-01,1.339285714285714246e-01,2.678571428571428423e-02,5.357142857142856845e-02,1.785714285714285615e-02,1.785714285714285615e-02,0.000000000000000000e+00,0.000000000000000000e+00,0.000000000000000000e+00,8.928571428571428076e-03,0.000000000000000000e+00,0.000000000000000000e+00,0.000000000000000000e+00,0.000000000000000000e+00,0.000000000000000000e+00,0.000000000000000000e+00,8.928571428571428076e-03
0.000000000000000000e+00,0.000000000000000000e+00,1.769911504424778736e-02,1.769911504424778736e-02,8.849557522123893682e-03,1.061946902654867242e-01,5.575221238938052881e-01,1.681415929203539938e-01,7.079646017699114946e-02,1.769911504424778736e-02,8.849557522123893682e-03,0.000000000000000000e+00,8.849557522123893682e-03,0.000000000000000000e+00,0.000000000000000000e+00,8.849557522123893682e-03,8.849557522123893682e-03,0.000000000000000000e+00,0.000000000000000000e+00,0.000000000000000000e+00,0.000000000000000000e+00,0.000000000000000000e+00
0.000000000000000000e+00,2.881844380403458025e-03,2.881844380403458025e-03,2.881844380403458025e-03,5.763688760806916049e-03,1.440922190201729056e-02,5.475504322766570897e-02,7.550432276657060848e-01,1.239193083573486981e-01,2.305475504322766420e-02,2.881844380403458025e-03,2.881844380403458025e-03,0.000000000000000000e+00,0.000000000000000000e+00,0.000000000000000000e+00,0.000000000000000000e+00,0.000000000000000000e+00,0.000000000000000000e+00,0.000000000000000000e+00,0.000000000000000000e+00,0.000000000000000000e+00,8.645533141210375375e-03
0.000000000000000000e+00,0.000000000000000000e+00,0.000000000000000000e+00,0.000000000000000000e+00,1.416430594900849925e-03,5.665722379603399701e-03,1.133144475920679940e-02,5.665722379603399528e-02,7.379603399433427580e-01,1.444759206798866824e-01,2.407932011331444591e-02,7.082152974504249410e-03,2.832861189801699851e-03,0.000000000000000000e+00,4.249291784702549993e-03,0.000000000000000000e+00,0.000000000000000000e+00,0.000000000000000000e+00,0.000000000000000000e+00,0.000000000000000000e+00,1.416430594900849925e-03,2.832861189801699851e-03
8.183306055646481563e-04,0.000000000000000000e+00,0.000000000000000000e+00,0.000000000000000000e+00,1.636661211129296313e-03,2.454991816693944361e-03,1.636661211129296313e-03,5.728314238952536552e-03,7.037643207855974470e-02,7.643207855973813691e-01,1.112929623567921467e-01,1.309328968903437050e-02,1.227495908346972094e-02,2.454991816693944361e-03,2.454991816693944361e-03,1.636661211129296313e-03,8.183306055646481563e-04,8.183306055646481563e-04,8.183306055646481563e-04,8.183306055646481563e-04,0.000000000000000000e+00,6.546644844517185251e-03
0.000000000000000000e+00,0.000000000000000000e+00,0.000000000000000000e+00,0.000000000000000000e+00,9.182736455463728084e-04,0.000000000000000000e+00,9.182736455463728084e-04,2.754820936639118534e-03,1.561065197428833720e-02,1.083562901744719864e-01,7.658402203856748969e-01,6.152433425160697827e-02,1.285583103764921867e-02,1.010101010101010187e-02,1.836547291092745617e-03,2.754820936639118534e-03,1.836547291092745617e-03,2.754820936639118534e-03,2.754820936639118534e-03,1.836547291092745617e-03,0.000000000000000000e+00,7.346189164370982468e-03
0.000000000000000000e+00,0.000000000000000000e+00,0.000000000000000000e+00,0.000000000000000000e+00,2.976190476190476025e-03,0.000000000000000000e+00,0.000000000000000000e+00,0.000000000000000000e+00,1.488095238095238013e-02,4.166666666666666435e-02,1.785714285714285754e-01,5.863095238095238360e-01,1.071428571428571369e-01,2.678571428571428423e-02,1.488095238095238013e-02,0.000000000000000000e+00,5.952380952380952051e-03,2.976190476190476025e-03,2.976190476190476025e-03,0.000000000000000000e+00,0.000000000000000000e+00,1.488095238095238013e-02
0.000000000000000000e+00,0.000000000000000000e+00,0.000000000000000000e+00,0.000000000000000000e+00,0.000000000000000000e+00,4.385964912280701511e-03,0.000000000000000000e+00,0.000000000000000000e+00,0.000000000000000000e+00,4.824561403508771662e-02,7.017543859649122417e-02,1.359649122807017607e-01,5.482456140350877583e-01,7.017543859649122417e-02,5.701754385964911964e-02,1.754385964912280604e-02,4.385964912280701511e-03,1.315789473684210453e-02,4.385964912280701511e-03,0.000000000000000000e+00,0.000000000000000000e+00,2.631578947368420907e-02
0.000000000000000000e+00,0.000000000000000000e+00,0.000000000000000000e+00,0.000000000000000000e+00,0.000000000000000000e+00,0.000000000000000000e+00,0.000000000000000000e+00,0.000000000000000000e+00,0.000000000000000000e+00,9.900990099009901110e-03,7.920792079207920888e-02,6.930693069306931298e-02,1.386138613861386260e-01,4.554455445544554615e-01,1.188118811881188064e-01,9.900990099009901110e-03,2.970297029702970160e-02,1.980198019801980222e-02,1.980198019801980222e-02,9.900990099009901110e-03,0.000000000000000000e+00,3.960396039603960444e-02
0.000000000000000000e+00,0.000000000000000000e+00,0.000000000000000000e+00,0.000000000000000000e+00,0.000000000000000000e+00,0.000000000000000000e+00,0.000000000000000000e+00,0.000000000000000000e+00,5.882352941176470507e-02,4.411764705882353227e-02,4.411764705882353227e-02,1.029411764705882304e-01,5.882352941176470507e-02,1.470588235294117696e-01,3.235294117647058987e-01,4.411764705882353227e-02,2.941176470588235253e-02,2.941176470588235253e-02,0.000000000000000000e+00,1.470588235294117627e-02,0.000000000000000000e+00,1.029411764705882304e-01
0.000000000000000000e+00,0.000000000000000000e+00,0.000000000000000000e+00,0.000000000000000000e+00,0.000000000000000000e+00,0.000000000000000000e+00,0.000000000000000000e+00,0.000000000000000000e+00,4.166666666666666435e-02,8.333333333333332871e-02,8.333333333333332871e-02,8.333333333333332871e-02,1.250000000000000000e-01,8.333333333333332871e-02,4.166666666666666435e-02,1.250000000000000000e-01,8.333333333333332871e-02,0.000000000000000000e+00,0.000000000000000000e+00,0.000000000000000000e+00,0.000000000000000000e+00,2.500000000000000000e-01
0.000000000000000000e+00,0.000000000000000000e+00,0.000000000000000000e+00,0.000000000000000000e+00,0.000000000000000000e+00,0.000000000000000000e+00,2.857142857142857054e-02,0.000000000000000000e+00,0.000000000000000000e+00,1.142857142857142821e-01,5.714285714285714107e-02,2.857142857142857054e-02,5.714285714285714107e-02,2.857142857142857054e-02,0.000000000000000000e+00,2.857142857142857054e-02,3.142857142857142794e-01,2.857142857142857054e-02,5.714285714285714107e-02,0.000000000000000000e+00,0.000000000000000000e+00,2.571428571428571175e-01
0.000000000000000000e+00,0.000000000000000000e+00,0.000000000000000000e+00,0.000000000000000000e+00,0.000000000000000000e+00,0.000000000000000000e+00,0.000000000000000000e+00,0.000000000000000000e+00,0.000000000000000000e+00,4.347826086956521618e-02,4.347826086956521618e-02,8.695652173913043237e-02,4.347826086956521618e-02,1.304347826086956486e-01,8.695652173913043237e-02,4.347826086956521618e-02,1.739130434782608647e-01,1.739130434782608647e-01,4.347826086956521618e-02,0.000000000000000000e+00,0.000000000000000000e+00,1.304347826086956486e-01
5.263157894736841813e-02,0.000000000000000000e+00,0.000000000000000000e+00,0.000000000000000000e+00,0.000000000000000000e+00,0.000000000000000000e+00,0.000000000000000000e+00,0.000000000000000000e+00,5.263157894736841813e-02,5.263157894736841813e-02,1.052631578947368363e-01,0.000000000000000000e+00,1.052631578947368363e-01,5.263157894736841813e-02,0.000000000000000000e+00,0.000000000000000000e+00,1.578947368421052544e-01,1.052631578947368363e-01,1.578947368421052544e-01,5.263157894736841813e-02,0.000000000000000000e+00,1.052631578947368363e-01
0.000000000000000000e+00,0.000000000000000000e+00,0.000000000000000000e+00,0.000000000000000000e+00,0.000000000000000000e+00,0.000000000000000000e+00,0.000000000000000000e+00,0.000000000000000000e+00,0.000000000000000000e+00,6.250000000000000000e-02,6.250000000000000000e-02,0.000000000000000000e+00,6.250000000000000000e-02,6.250000000000000000e-02,6.250000000000000000e-02,0.000000000000000000e+00,1.250000000000000000e-01,1.250000000000000000e-01,6.250000000000000000e-02,1.875000000000000000e-01,0.000000000000000000e+00,1.875000000000000000e-01
0.000000000000000000e+00,0.000000000000000000e+00,0.000000000000000000e+00,0.000000000000000000e+00,0.000000000000000000e+00,0.000000000000000000e+00,0.000000000000000000e+00,0.000000000000000000e+00,0.000000000000000000e+00,0.000000000000000000e+00,0.000000000000000000e+00,0.000000000000000000e+00,4.166666666666666435e-02,0.000000000000000000e+00,0.000000000000000000e+00,4.166666666666666435e-02,4.166666666666666435e-02,0.000000000000000000e+00,4.166666666666666435e-02,0.000000000000000000e+00,7.083333333333333703e-01,1.250000000000000000e-01
6.451612903225806446e-03,6.451612903225806446e-03,6.451612903225806446e-03,0.000000000000000000e+00,0.000000000000000000e+00,1.290322580645161289e-02,6.451612903225806446e-03,6.451612903225806446e-03,1.290322580645161289e-02,5.806451612903226062e-02,3.225806451612903136e-02,3.225806451612903136e-02,4.516129032258064252e-02,1.290322580645161289e-02,4.516129032258064252e-02,3.225806451612903136e-02,1.290322580645161289e-02,3.225806451612903136e-02,6.451612903225806446e-03,3.870967741935484041e-02,3.870967741935484041e-02,5.548387096774193283e-01
