5.000000000000000000e-01,1.666666666666666574e-01,1.666666666666666574e-01,0.000000000000000000e+00,0.000000000000000000e+00,0.000000000000000000e+00,0.000000000000000000e+00,0.000000000000000000e+00,0.000000000000000000e+00,0.000000000000000000e+00,0.000000000000000000e+00,0.000000000000000000e+00,0.000000000000000000e+00,0.000000000000000000e+00,0.000000000000000000e+00,0.000000000000000000e+00,0.000000000000000000e+00,0.000000000000000000e+00,0.000000000000000000e+00,0.000000000000000000e+00,0.000000000000000000e+00,1.666666666666666574e-01
1.923076923076923184e-02,8.461538461538461453e-01,1.153846153846153910e-01,1.923076923076923184e-02,0.000000000000000000e+00,0.000000000000000000e+00,0.000000000000000000e+00,0.000000000000000000e+00,0.000000000000000000e+00,0.000000000000000000e+00,0.000000000000000000e+00,0.000000000000000000e+00,0.000000000000000000e+00,0.000000000000000000e+00,0.000000000000000000e+00,0.000000000000000000e+00,0.000000000000000000e+00,0.000000000000000000e+00,0.000000000000000000e+00,0.000000000000000000e+00,0.000000000000000000e+00,0.000000000000000000e+00
0.000000000000000000e+00,9.493670886075949653e-03,7.341772151898734444e-01,2.183544303797468333e-01,2.215189873417721528e-02,6.329113924050632813e-03,0.000000000000000000e+00,0.000000000000000000e+00,6.329113924050632813e-03,0.000000000000000000e+00,0.000000000000000000e+00,0.000000000000000000e+00,0.000000000000000000e+00,0.000000000000000000e+00,0.000000000000000000e+00,0.000000000000000000e+00,0.000000000000000000e+00,3.164556962025316406e-03,0.000000000000000000e+00,0.000000000000000000e+00,0.000000000000000000e+00,0.000000000000000000e+00
0.000000000000000000e+00,7.107320540156360916e-04,4.051172707889125896e-02,8.343994314143567959e-01,8.386638237384505534e-02,1.776830135039090403e-02,6.396588486140724825e-03,4.975124378109452641e-03,7.107320540156360916e-04,7.107320540156360916e-04,7.107320540156360916e-04,1.421464108031272183e-03,7.107320540156360916e-04,0.000000000000000000e+00,1.421464108031272183e-03,1.421464108031272183e-03,0.000000000000000000e+00,7.107320540156360916e-04,7.107320540156360916e-04,0.000000000000000000e+00,1.421464108031272183e-03,1.421464108031272183e-03
0.000000000000000000e+00,7.299270072992700273e-04,1.459854014598540055e-03,8.540145985401459416e-02,7.693430656934306944e-01,9.124087591240875872e-02,1.824817518248175036e-02,5.109489051094890516e-03,2.919708029197080109e-03,4.379562043795620814e-03,2.919708029197080109e-03,0.000000000000000000e+00,4.379562043795620814e-03,0.000000000000000000e+00,0.000000000000000000e+00,7.299270072992700273e-04,7.299270072992700273e-04,7.299270072992700273e-04,0.000000000000000000e+00,7.299270072992700273e-04,0.000000000000000000e+00,1.094890510948905160e-02
0.000000000000000000e+00,0.000000000000000000e+00,6.309148264984226935e-03,4.889589905362776157e-02,1.798107255520504655e-01,6.451104100946372100e-01,5.520504731861198416e-02,1.892744479495268167e-02,4.731861198738170418e-03,7.886435331230283452e-03,6.309148264984226935e-03,1.577287066246056734e-03,3.154574132492113468e-03,3.154574132492113468e-03,1.577287066246056734e-03,3.154574132492113468e-03,1.577287066246056734e-03,0.000000000000000000e+00,0.000000000000000000e+00,0.000000000000000000e+00,3.154574132492113468e-03,9.463722397476340836e-03
0.000000000000000000e+00,0.000000000000000000e+00,3.436426116838487907e-03,2.405498281786941708e-02,1.168384879725085923e-01,1.718213058419243988e-01,5.017182130584192379e-01,5.498281786941580651e-02,2.405498281786941708e-02,2.061855670103092744e-02,2.405498281786941708e-02,3.436426116838487907e-03,1.374570446735395163e-02,0.000000000000000000e+00,3.436426116838487907e-03,3.436426116838487907e-03,3.436426116838487907e-03,6.872852233676975814e-03,3.436426116838487907e-03,0.000000000000000000e+00,0.000000000000000000e+00,2.061855670103092744e-02
0.000000000000000000e+00,0.000000000000000000e+00,1.612903225806451568e-02,6.451612903225806273e-02,4.838709677419354704e-02,8.064516129032257841e-02,1.935483870967741882e-01,3.951612903225806273e-01,6.451612903225806273e-02,4.838709677419354704e-02,3.225806451612903136e-02,8.064516129032257841e-03,0.000000000000000000e+00,8.064516129032257841e-03,8.064516129032257841e-03,8.064516129032257841e-03,0.000000000000000000e+00,0.000000000000000000e+00,0.000000000000000000e+00,0.000000000000000000e+00,0.000000000000000000e+00,2.419354838709677352e-02
0.000000000000000000e+00,0.000000000000000000e+00,1.162790697674418589e-02,1.162790697674418589e-02,2.325581395348837177e-02,8.139534883720930813e-02,1.627906976744186163e-01,1.511627906976744096e-01,4.069767441860465129e-01,2.325581395348837177e-02,2.325581395348837177e-02,4.651162790697674354e-02,0.000000000000000000e+00,1.162790697674418589e-02,0.000000000000000000e+00,0.000000000000000000e+00,0.000000000000000000e+00,0.000000000000000000e+00,0.000000000000000000e+00,0.000000000000000000e+00,0.000000000000000000e+00,4.651162790697674354e-02
0.000000000000000000e+00,0.000000000000000000e+00,0.000000000000000000e+00,2.439024390243902524e-02,4.878048780487805047e-02,6.097560975609755962e-02,6.097560975609755962e-02,8.536585365853659180e-02,1.097560975609756101e-01,4.756097560975609539e-01,1.219512195121951262e-02,2.439024390243902524e-02,1.219512195121951262e-02,1.219512195121951262e-02,0.000000000000000000e+00,0.000000000000000000e+00,0.000000000000000000e+00,0.000000000000000000e+00,1.219512195121951262e-02,0.000000000000000000e+00,0.000000000000000000e+00,6.097560975609755962e-02
0.000000000000000000e+00,0.000000000000000000e+00,2.173913043478260809e-02,0.000000000000000000e+00,4.347826086956521618e-02,1.086956521739130405e-01,4.347826086956521618e-02,4.347826086956521618e-02,0.000000000000000000e+00,4.347826086956521618e-02,3.913043478260869734e-01,6.521739130434782428e-02,4.347826086956521618e-02,0.000000000000000000e+00,2.173913043478260809e-02,2.173913043478260809e-02,0.000000000000000000e+00,2.173913043478260809e-02,2.173913043478260809e-02,0.000000000000000000e+00,0.000000000000000000e+00,1.086956521739130405e-01
0.000000000000000000e+00,0.000000000000000000e+00,0.000000000000000000e+00,0.000000000000000000e+00,0.000000000000000000e+00,0.000000000000000000e+00,1.315789473684210453e-01,2.631578947368420907e-02,1.052631578947368363e-01,5.263157894736841813e-02,7.894736842105262720e-02,4.210526315789473450e-01,1.052631578947368363e-01,2.631578947368420907e-02,2.631578947368420907e-02,0.000000000000000000e+00,0.000000000000000000e+00,0.000000000000000000e+00,0.000000000000000000e+00,0.000000000000000000e+00,0.000000000000000000e+00,2.631578947368420907e-02
0.000000000000000000e+00,0.000000000000000000e+00,0.000000000000000000e+00,0.000000000000000000e+00,3.448275862068965469e-02,1.724137931034482735e-02,1.724137931034482735e-02,5.172413793103448204e-02,8.620689655172414367e-02,1.724137931034482735e-02,5.172413793103448204e-02,6.896551724137930939e-02,5.000000000000000000e-01,6.896551724137930939e-02,1.724137931034482735e-02,0.000000000000000000e+00,0.000000000000000000e+00,1.724137931034482735e-02,0.000000000000000000e+00,1.724137931034482735e-02,0.000000000000000000e+00,3.448275862068965469e-02
0.000000000000000000e+00,0.000000000000000000e+00,0.000000000000000000e+00,0.000000000000000000e+00,0.000000000000000000e+00,5.128205128205128027e-02,0.000000000000000000e+00,2.564102564102564014e-02,5.128205128205128027e-02,0.000000000000000000e+00,5.128205128205128027e-02,0.000000000000000000e+00,2.051282051282051211e-01,5.128205128205127750e-01,0.000000000000000000e+00,2.564102564102564014e-02,0.000000000000000000e+00,2.564102564102564014e-02,0.000000000000000000e+00,0.000000000000000000e+00,0.000000000000000000e+00,5.128205128205128027e-02
0.000000000000000000e+00,0.000000000000000000e+00,0.000000000000000000e+00,0.000000000000000000e+00,4.166666666666666435e-02,4.166666666666666435e-02,8.333333333333332871e-02,8.333333333333332871e-02,4.166666666666666435e-02,4.166666666666666435e-02,4.166666666666666435e-02,0.000000000000000000e+00,0.000000000000000000e+00,8.333333333333332871e-02,2.500000000000000000e-01,1.250000000000000000e-01,0.000000000000000000e+00,8.333333333333332871e-02,0.000000000000000000e+00,0.000000000000000000e+00,0.000000000000000000e+00,8.333333333333332871e-02
0.000000000000000000e+00,0.000000000000000000e+00,0.000000000000000000e+00,3.125000000000000000e-02,3.125000000000000000e-02,6.250000000000000000e-02,3.125000000000000000e-02,0.000000000000000000e+00,3.125000000000000000e-02,3.125000000000000000e-02,0.000000000000000000e+00,0.000000000000000000e+00,3.125000000000000000e-02,6.250000000000000000e-02,9.375000000000000000e-02,5.000000000000000000e-01,3.125000000000000000e-02,3.125000000000000000e-02,0.000000000000000000e+00,0.000000000000000000e+00,0.000000000000000000e+00,3.125000000000000000e-02
0.000000000000000000e+00,0.000000000000000000e+00,0.000000000000000000e+00,0.000000000000000000e+00,0.000000000000000000e+00,1.666666666666666574e-01,0.000000000000000000e+00,0.000000000000000000e+00,0.000000000000000000e+00,0.000000000000000000e+00,0.000000000000000000e+00,0.000000000000000000e+00,0.000000000000000000e+00,1.666666666666666574e-01,8.333333333333332871e-02,2.500000000000000000e-01,2.500000000000000000e-01,0.000000000000000000e+00,0.000000000000000000e+00,0.000000000000000000e+00,0.000000000000000000e+00,8.333333333333332871e-02
0.000000000000000000e+00,0.000000000000000000e+00,0.000000000000000000e+00,5.000000000000000278e-02,5.000000000000000278e-02,5.000000000000000278e-02,1.000000000000000056e-01,0.000000000000000000e+00,0.000000000000000000e+00,0.000000000000000000e+00,5.000000000000000278e-02,0.000000000000000000e+00,0.000000000000000000e+00,1.000000000000000056e-01,5.000000000000000278e-02,1.000000000000000056e-01,5.000000000000000278e-02,2.999999999999999889e-01,0.000000000000000000e+00,0.000000000000000000e+00,0.000000000000000000e+00,1.000000000000000056e-01
0.000000000000000000e+00,0.000000000000000000e+00,0.000000000000000000e+00,0.000000000000000000e+00,2.857142857142856984e-01,0.000000000000000000e+00,1.428571428571428492e-01,0.000000000000000000e+00,0.000000000000000000e+00,0.000000000000000000e+00,1.428571428571428492e-01,0.000000000000000000e+00,0.000000000000000000e+00,0.000000000000000000e+00,0.000000000000000000e+00,0.000000000000000000e+00,0.000000000000000000e+00,0.000000000000000000e+00,1.428571428571428492e-01,0.000000000000000000e+00,0.000000000000000000e+00,2.857142857142856984e-01
0.000000000000000000e+00,0.000000000000000000e+00,0.000000000000000000e+00,0.000000000000000000e+00,0.000000000000000000e+00,2.000000000000000111e-01,0.000000000000000000e+00,0.000000000000000000e+00,2.000000000000000111e-01,0.000000000000000000e+00,0.000000000000000000e+00,0.000000000000000000e+00,0.000000000000000000e+00,0.000000000000000000e+00,0.000000000000000000e+00,2.000000000000000111e-01,2.000000000000000111e-01,0.000000000000000000e+00,0.000000000000000000e+00,0.000000000000000000e+00,0.000000000000000000e+00,2.000000000000000111e-01
0.000000000000000000e+00,0.000000000000000000e+00,0.000000000000000000e+00,0.000000000000000000e+00,0.000000000000000000e+00,9.090909090909091161e-02,0.000000000000000000e+00,1.818181818181818232e-01,1.818181818181818232e-01,0.000000000000000000e+00,0.000000000000000000e+00,0.000000000000000000e+00,0.000000000000000000e+00,0.000000000000000000e+00,0.000000000000000000e+00,0.000000000000000000e+00,0.000000000000000000e+00,0.000000000000000000e+00,0.000000000000000000e+00,1.818181818181818232e-01,1.818181818181818232e-01,1.818181818181818232e-01
6.802721088435373896e-03,0.000000000000000000e+00,0.000000000000000000e+00,6.802721088435373896e-03,3.401360544217687382e-02,4.761904761904761640e-02,4.761904761904761640e-02,4.081632653061224164e-02,2.721088435374149558e-02,6.802721088435374763e-02,6.802721088435373896e-03,2.040816326530612082e-02,6.802721088435373896e-03,0.000000000000000000e+00,2.721088435374149558e-02,6.802721088435373896e-03,1.360544217687074779e-02,1.360544217687074779e-02,1.360544217687074779e-02,6.802721088435373896e-03,2.721088435374149558e-02,5.782312925170067786e-01
