7.371428571428570997e-01,9.469387755102040560e-02,1.551020408163265342e-02,6.530612244897959426e-03,2.857142857142857140e-03,2.857142857142857140e-03,1.632653061224489856e-03,0.000000000000000000e+00,0.000000000000000000e+00,4.081632653061224641e-04,2.040816326530612429e-03,4.081632653061224641e-04,0.000000000000000000e+00,4.081632653061224641e-04,0.000000000000000000e+00,4.081632653061224641e-04,8.163265306122449282e-04,8.163265306122449282e-04,5.714285714285714281e-03,1.714285714285714371e-02,1.106122448979591777e-01
1.750134625740441541e-01,6.742057081313946876e-01,7.377490576198168781e-02,1.723209477652127078e-02,6.462035541195476976e-03,6.462035541195476976e-03,2.154011847065158847e-03,1.615508885298869244e-03,1.077005923532579424e-03,1.077005923532579424e-03,8.616047388260635390e-03,0.000000000000000000e+00,5.385029617662897118e-04,0.000000000000000000e+00,0.000000000000000000e+00,5.385029617662897118e-04,5.385029617662897118e-04,1.077005923532579424e-03,1.615508885298869244e-03,8.077544426494345786e-03,1.992460958535272053e-02
3.551136363636363952e-02,2.343750000000000000e-01,5.653409090909090606e-01,7.102272727272727904e-02,1.562500000000000000e-02,1.704545454545454419e-02,5.681818181818181976e-03,1.420454545454545407e-02,7.102272727272727036e-03,1.420454545454545494e-03,1.278409090909090988e-02,0.000000000000000000e+00,0.000000000000000000e+00,0.000000000000000000e+00,0.000000000000000000e+00,0.000000000000000000e+00,1.420454545454545494e-03,2.840909090909090988e-03,1.420454545454545494e-03,5.681818181818181976e-03,8.522727272727272096e-03
2.999999999999999889e-02,8.999999999999999667e-02,2.666666666666666630e-01,4.666666666666666741e-01,5.000000000000000278e-02,2.333333333333333440e-02,1.000000000000000021e-02,1.333333333333333419e-02,3.333333333333333547e-03,1.000000000000000021e-02,1.666666666666666644e-02,0.000000000000000000e+00,0.000000000000000000e+00,0.000000000000000000e+00,0.000000000000000000e+00,0.000000000000000000e+00,0.000000000000000000e+00,6.666666666666667095e-03,0.000000000000000000e+00,3.333333333333333547e-03,1.000000000000000021e-02
5.504587155963303058e-02,1.467889908256880815e-01,1.192660550458715663e-01,2.201834862385321223e-01,3.119266055045871733e-01,3.669724770642202039e-02,4.587155963302752548e-02,9.174311926605505096e-03,0.000000000000000000e+00,0.000000000000000000e+00,9.174311926605505096e-03,0.000000000000000000e+00,0.000000000000000000e+00,0.000000000000000000e+00,0.000000000000000000e+00,9.174311926605505096e-03,0.000000000000000000e+00,1.834862385321101019e-02,0.000000000000000000e+00,1.834862385321101019e-02,0.000000000000000000e+00
1.129032258064516098e-01,1.451612903225806550e-01,1.290322580645161255e-01,1.129032258064516098e-01,8.064516129032257841e-02,1.935483870967741882e-01,1.129032258064516098e-01,1.612903225806451568e-02,1.612903225806451568e-02,0.000000000000000000e+00,3.225806451612903136e-02,0.000000000000000000e+00,0.000000000000000000e+00,0.000000000000000000e+00,0.000000000000000000e+00,0.000000000000000000e+00,0.000000000000000000e+00,1.612903225806451568e-02,0.000000000000000000e+00,0.000000000000000000e+00,3.225806451612903136e-02
8.000000000000000167e-02,5.999999999999999778e-02,8.000000000000000167e-02,8.000000000000000167e-02,5.999999999999999778e-02,1.000000000000000056e-01,2.999999999999999889e-01,5.999999999999999778e-02,0.000000000000000000e+00,4.000000000000000083e-02,8.000000000000000167e-02,2.000000000000000042e-02,0.000000000000000000e+00,0.000000000000000000e+00,2.000000000000000042e-02,0.000000000000000000e+00,0.000000000000000000e+00,0.000000000000000000e+00,2.000000000000000042e-02,0.000000000000000000e+00,0.000000000000000000e+00
5.882352941176470507e-02,1.176470588235294101e-01,1.470588235294117696e-01,8.823529411764706454e-02,8.823529411764706454e-02,5.882352941176470507e-02,5.882352941176470507e-02,2.647058823529411797e-01,2.941176470588235253e-02,0.000000000000000000e+00,8.823529411764706454e-02,0.000000000000000000e+00,0.000000000000000000e+00,0.000000000000000000e+00,0.000000000000000000e+00,0.000000000000000000e+00,0.000000000000000000e+00,0.000000000000000000e+00,0.000000000000000000e+00,0.000000000000000000e+00,0.000000000000000000e+00
0.000000000000000000e+00,0.000000000000000000e+00,8.333333333333332871e-02,8.333333333333332871e-02,2.500000000000000000e-01,8.333333333333332871e-02,0.000000000000000000e+00,8.333333333333332871e-02,1.666666666666666574e-01,8.333333333333332871e-02,8.333333333333332871e-02,8.333333333333332871e-02,0.000000000000000000e+00,0.000000000000000000e+00,0.000000000000000000e+00,0.000000000000000000e+00,0.000000000000000000e+00,0.000000000000000000e+00,0.000000000000000000e+00,0.000000000000000000e+00,0.000000000000000000e+00
0.000000000000000000e+00,0.000000000000000000e+00,1.818181818181818232e-01,0.000000000000000000e+00,1.818181818181818232e-01,0.000000000000000000e+00,1.818181818181818232e-01,0.000000000000000000e+00,0.000000000000000000e+00,0.000000000000000000e+00,3.636363636363636465e-01,0.000000000000000000e+00,0.000000000000000000e+00,0.000000000000000000e+00,0.000000000000000000e+00,0.000000000000000000e+00,0.000000000000000000e+00,0.000000000000000000e+00,0.000000000000000000e+00,0.000000000000000000e+00,9.090909090909091161e-02
1.298701298701298787e-02,1.038961038961039030e-01,6.493506493506492894e-02,3.896103896103896014e-02,6.493506493506492894e-02,6.493506493506492894e-02,3.896103896103896014e-02,2.597402597402597574e-02,0.000000000000000000e+00,6.493506493506492894e-02,5.064935064935064402e-01,0.000000000000000000e+00,0.000000000000000000e+00,0.000000000000000000e+00,0.000000000000000000e+00,1.298701298701298787e-02,0.000000000000000000e+00,0.000000000000000000e+00,0.000000000000000000e+00,0.000000000000000000e+00,0.000000000000000000e+00
6.250000000000000000e-02,6.250000000000000000e-02,0.000000000000000000e+00,0.000000000000000000e+00,0.000000000000000000e+00,6.250000000000000000e-02,0.000000000000000000e+00,0.000000000000000000e+00,0.000000000000000000e+00,0.000000000000000000e+00,0.000000000000000000e+00,4.375000000000000000e-01,0.000000000000000000e+00,0.000000000000000000e+00,6.250000000000000000e-02,0.000000000000000000e+00,0.000000000000000000e+00,1.250000000000000000e-01,6.250000000000000000e-02,0.000000000000000000e+00,1.250000000000000000e-01
0.000000000000000000e+00,3.333333333333333148e-01,0.000000000000000000e+00,0.000000000000000000e+00,0.000000000000000000e+00,0.000000000000000000e+00,0.000000000000000000e+00,0.000000000000000000e+00,0.000000000000000000e+00,0.000000000000000000e+00,3.333333333333333148e-01,0.000000000000000000e+00,0.000000000000000000e+00,0.000000000000000000e+00,0.000000000000000000e+00,3.333333333333333148e-01,0.000000000000000000e+00,0.000000000000000000e+00,0.000000000000000000e+00,0.000000000000000000e+00,0.000000000000000000e+00
6.250000000000000000e-02,6.250000000000000000e-02,0.000000000000000000e+00,0.000000000000000000e+00,0.000000000000000000e+00,0.000000000000000000e+00,0.000000000000000000e+00,0.000000000000000000e+00,0.000000000000000000e+00,0.000000000000000000e+00,0.000000000000000000e+00,6.250000000000000000e-02,0.000000000000000000e+00,1.250000000000000000e-01,1.875000000000000000e-01,0.000000000000000000e+00,1.250000000000000000e-01,1.875000000000000000e-01,6.250000000000000000e-02,6.250000000000000000e-02,6.250000000000000000e-02
0.000000000000000000e+00,4.285714285714285754e-02,1.428571428571428527e-02,0.000000000000000000e+00,1.428571428571428527e-02,0.000000000000000000e+00,0.000000000000000000e+00,0.000000000000000000e+00,0.000000000000000000e+00,0.000000000000000000e+00,1.428571428571428527e-02,0.000000000000000000e+00,1.428571428571428527e-02,5.714285714285714107e-02,5.999999999999999778e-01,4.285714285714285754e-02,5.714285714285714107e-02,2.857142857142857054e-02,4.285714285714285754e-02,0.000000000000000000e+00,7.142857142857142461e-02
1.351351351351351426e-02,1.351351351351351426e-02,1.351351351351351426e-02,0.000000000000000000e+00,1.351351351351351426e-02,0.000000000000000000e+00,0.000000000000000000e+00,0.000000000000000000e+00,0.000000000000000000e+00,0.000000000000000000e+00,0.000000000000000000e+00,1.351351351351351426e-02,0.000000000000000000e+00,1.351351351351351426e-02,4.054054054054054279e-02,6.216216216216216006e-01,2.702702702702702853e-02,8.108108108108108558e-02,4.054054054054054279e-02,6.756756756756757132e-02,4.054054054054054279e-02
3.539823008849557473e-02,4.424778761061946841e-02,8.849557522123893682e-03,1.769911504424778736e-02,8.849557522123893682e-03,0.000000000000000000e+00,1.769911504424778736e-02,0.000000000000000000e+00,0.000000000000000000e+00,0.000000000000000000e+00,1.769911504424778736e-02,8.849557522123893682e-03,0.000000000000000000e+00,1.769911504424778736e-02,3.539823008849557473e-02,2.654867256637168105e-02,5.486725663716813806e-01,1.061946902654867242e-01,5.309734513274336209e-02,1.769911504424778736e-02,3.539823008849557473e-02
5.022831050228310223e-02,1.369863013698630061e-02,2.283105022831050102e-02,4.566210045662100203e-03,4.566210045662100203e-03,0.000000000000000000e+00,9.132420091324200406e-03,0.000000000000000000e+00,0.000000000000000000e+00,0.000000000000000000e+00,4.566210045662100203e-03,0.000000000000000000e+00,0.000000000000000000e+00,0.000000000000000000e+00,3.196347031963470142e-02,3.196347031963470142e-02,6.849315068493150305e-02,5.707762557077625809e-01,5.936073059360730264e-02,8.219178082191780366e-02,4.566210045662100203e-02
5.487804878048780505e-02,3.048780487804877981e-02,9.146341463414633596e-03,6.097560975609756309e-03,6.097560975609756309e-03,3.048780487804878155e-03,0.000000000000000000e+00,0.000000000000000000e+00,0.000000000000000000e+00,0.000000000000000000e+00,9.146341463414633596e-03,3.048780487804878155e-03,0.000000000000000000e+00,0.000000000000000000e+00,1.219512195121951262e-02,1.219512195121951262e-02,4.878048780487805047e-02,5.487804878048780505e-02,5.701219512195121464e-01,1.097560975609756101e-01,7.012195121951220189e-02
8.247422680412370977e-02,3.681885125184094359e-02,1.178203240058910140e-02,4.418262150220913023e-03,5.891016200294550698e-03,0.000000000000000000e+00,1.472754050073637674e-03,0.000000000000000000e+00,0.000000000000000000e+00,0.000000000000000000e+00,2.945508100147275349e-03,1.472754050073637674e-03,1.472754050073637674e-03,1.472754050073637674e-03,2.945508100147275349e-03,4.418262150220913023e-03,0.000000000000000000e+00,2.945508100147275349e-02,1.016200294550810013e-01,5.905743740795287300e-01,1.207658321060382928e-01
1.318758815232722037e-01,4.442877291960507791e-02,1.057827926657263669e-02,4.936530324400564308e-03,0.000000000000000000e+00,7.052186177715091559e-04,7.052186177715091559e-04,0.000000000000000000e+00,0.000000000000000000e+00,7.052186177715091559e-04,2.820874471086036624e-03,7.052186177715091559e-04,0.000000000000000000e+00,7.052186177715091559e-04,0.000000000000000000e+00,0.000000000000000000e+00,4.231311706629055369e-03,1.057827926657263669e-02,2.115655853314527338e-02,1.001410437235542988e-01,6.657263751763046189e-01
