1.250000000000000000e-01,2.500000000000000000e-01,5.000000000000000000e-01,1.250000000000000000e-01,0.000000000000000000e+00,0.000000000000000000e+00,0.000000000000000000e+00,0.000000000000000000e+00,0.000000000000000000e+00,0.000000000000000000e+00,0.000000000000000000e+00,0.000000000000000000e+00,0.000000000000000000e+00,0.000000000000000000e+00,0.000000000000000000e+00,0.000000000000000000e+00,0.000000000000000000e+00,0.000000000000000000e+00,0.000000000000000000e+00,0.000000000000000000e+00,0.000000000000000000e+00,0.000000000000000000e+00
4.081632653061224858e-03,8.857142857142856762e-01,1.020408163265306145e-01,8.163265306122449716e-03,0.000000000000000000e+00,0.000000000000000000e+00,0.000000000000000000e+00,0.000000000000000000e+00,0.000000000000000000e+00,0.000000000000000000e+00,0.000000000000000000e+00,0.000000000000000000e+00,0.000000000000000000e+00,0.000000000000000000e+00,0.000000000000000000e+00,0.000000000000000000e+00,0.000000000000000000e+00,0.000000000000000000e+00,0.000000000000000000e+00,0.000000000000000000e+00,0.000000000000000000e+00,0.000000000000000000e+00
4.638218923933209829e-03,2.319109461966604654e-02,8.404452690166975826e-01,1.261595547309833087e-01,1.855287569573283888e-03,1.855287569573283888e-03,1.855287569573283888e-03,0.000000000000000000e+00,0.000000000000000000e+00,0.000000000000000000e+00,0.000000000000000000e+00,0.000000000000000000e+00,0.000000000000000000e+00,0.000000000000000000e+00,0.000000000000000000e+00,0.000000000000000000e+00,0.000000000000000000e+00,0.000000000000000000e+00,0.000000000000000000e+00,0.000000000000000000e+00,0.000000000000000000e+00,0.000000000000000000e+00
5.748778384593273639e-04,1.149755676918654728e-03,3.276803679218166093e-02,8.873239436619718701e-01,6.783558493820063262e-02,4.886461626904282755e-03,1.437194596148318572e-03,1.437194596148318572e-03,8.623167576889911000e-04,2.874389192296636819e-04,2.874389192296636819e-04,0.000000000000000000e+00,0.000000000000000000e+00,2.874389192296636819e-04,2.874389192296636819e-04,2.874389192296636819e-04,0.000000000000000000e+00,0.000000000000000000e+00,0.000000000000000000e+00,0.000000000000000000e+00,0.000000000000000000e+00,2.874389192296636819e-04
0.000000000000000000e+00,0.000000000000000000e+00,1.808318264014466487e-03,9.086799276672694048e-02,8.223327305605786508e-01,6.374321880650994643e-02,6.781193490054249380e-03,4.068716094032549975e-03,1.356238698010849919e-03,4.520795660036166217e-04,9.041591320072332435e-04,0.000000000000000000e+00,0.000000000000000000e+00,4.520795660036166217e-04,9.041591320072332435e-04,9.041591320072332435e-04,4.520795660036166217e-04,0.000000000000000000e+00,0.000000000000000000e+00,0.000000000000000000e+00,4.520795660036166217e-04,4.520795660036166543e-03
0.000000000000000000e+00,0.000000000000000000e+00,5.006257822277847443e-03,2.628285356695869712e-02,1.589486858573216643e-01,6.996245306633291916e-01,6.382978723404254817e-02,1.877346683354192899e-02,5.006257822277847443e-03,5.006257822277847443e-03,1.251564455569461861e-03,2.503128911138923721e-03,1.251564455569461861e-03,0.000000000000000000e+00,0.000000000000000000e+00,2.503128911138923721e-03,1.251564455569461861e-03,0.000000000000000000e+00,0.000000000000000000e+00,0.000000000000000000e+00,0.000000000000000000e+00,8.760951188986232374e-03
0.000000000000000000e+00,0.000000000000000000e+00,4.651162790697674354e-03,4.651162790697674354e-02,7.441860465116278966e-02,2.046511627906976716e-01,5.069767441860465462e-01,7.441860465116278966e-02,2.325581395348837177e-02,9.302325581395348708e-03,4.651162790697674354e-03,1.395348837209302306e-02,4.651162790697674354e-03,9.302325581395348708e-03,4.651162790697674354e-03,0.000000000000000000e+00,4.651162790697674354e-03,0.000000000000000000e+00,4.651162790697674354e-03,0.000000000000000000e+00,0.000000000000000000e+00,9.302325581395348708e-03
0.000000000000000000e+00,0.000000000000000000e+00,0.000000000000000000e+00,1.923076923076923184e-02,4.807692307692307959e-02,1.346153846153846090e-01,1.634615384615384637e-01,4.711538461538461453e-01,7.692307692307692735e-02,9.615384615384615918e-03,0.000000000000000000e+00,9.615384615384615918e-03,0.000000000000000000e+00,0.000000000000000000e+00,0.000000000000000000e+00,1.923076923076923184e-02,0.000000000000000000e+00,9.615384615384615918e-03,0.000000000000000000e+00,0.000000000000000000e+00,9.615384615384615918e-03,2.884615384615384776e-02
0.000000000000000000e+00,0.000000000000000000e+00,0.000000000000000000e+00,3.896103896103896014e-02,2.597402597402597574e-02,1.168831168831168804e-01,7.792207792207792028e-02,1.168831168831168804e-01,4.415584415584415390e-01,1.038961038961039030e-01,1.298701298701298787e-02,1.298701298701298787e-02,0.000000000000000000e+00,0.000000000000000000e+00,1.298701298701298787e-02,0.000000000000000000e+00,0.000000000000000000e+00,0.000000000000000000e+00,0.000000000000000000e+00,0.000000000000000000e+00,0.000000000000000000e+00,3.896103896103896014e-02
0.000000000000000000e+00,0.000000000000000000e+00,1.818181818181818094e-02,0.000000000000000000e+00,1.818181818181818094e-02,3.636363636363636187e-02,9.090909090909091161e-02,3.636363636363636187e-02,7.272727272727272374e-02,5.272727272727272263e-01,5.454545454545454281e-02,1.818181818181818094e-02,1.818181818181818094e-02,1.818181818181818094e-02,0.000000000000000000e+00,1.818181818181818094e-02,0.000000000000000000e+00,0.000000000000000000e+00,0.000000000000000000e+00,0.000000000000000000e+00,0.000000000000000000e+00,7.272727272727272374e-02
0.000000000000000000e+00,0.000000000000000000e+00,0.000000000000000000e+00,0.000000000000000000e+00,0.000000000000000000e+00,4.545454545454545581e-02,4.545454545454545581e-02,0.000000000000000000e+00,9.090909090909091161e-02,9.090909090909091161e-02,4.545454545454545303e-01,0.000000000000000000e+00,4.545454545454545581e-02,0.000000000000000000e+00,4.545454545454545581e-02,9.090909090909091161e-02,0.000000000000000000e+00,0.000000000000000000e+00,0.000000000000000000e+00,0.000000000000000000e+00,0.000000000000000000e+00,9.090909090909091161e-02
0.000000000000000000e+00,0.000000000000000000e+00,0.000000000000000000e+00,0.000000000000000000e+00,8.695652173913043237e-02,4.347826086956521618e-02,4.347826086956521618e-02,4.347826086956521618e-02,4.347826086956521618e-02,8.695652173913043237e-02,8.695652173913043237e-02,3.043478260869565410e-01,8.695652173913043237e-02,8.695652173913043237e-02,4.347826086956521618e-02,0.000000000000000000e+00,0.000000000000000000e+00,0.000000000000000000e+00,0.000000000000000000e+00,0.000000000000000000e+00,0.000000000000000000e+00,4.347826086956521618e-02
0.000000000000000000e+00,0.000000000000000000e+00,0.000000000000000000e+00,0.000000000000000000e+00,3.333333333333333287e-02,3.333333333333333287e-02,0.000000000000000000e+00,3.333333333333333287e-02,3.333333333333333287e-02,0.000000000000000000e+00,0.000000000000000000e+00,1.000000000000000056e-01,4.333333333333333481e-01,2.666666666666666630e-01,3.333333333333333287e-02,0.000000000000000000e+00,0.000000000000000000e+00,0.000000000000000000e+00,0.000000000000000000e+00,0.000000000000000000e+00,0.000000000000000000e+00,3.333333333333333287e-02
0.000000000000000000e+00,2.941176470588235253e-02,0.000000000000000000e+00,0.000000000000000000e+00,0.000000000000000000e+00,5.882352941176470507e-02,0.000000000000000000e+00,0.000000000000000000e+00,2.941176470588235253e-02,0.000000000000000000e+00,0.000000000000000000e+00,0.000000000000000000e+00,1.176470588235294101e-01,5.000000000000000000e-01,1.470588235294117696e-01,2.941176470588235253e-02,2.941176470588235253e-02,2.941176470588235253e-02,0.000000000000000000e+00,0.000000000000000000e+00,0.000000000000000000e+00,2.941176470588235253e-02
0.000000000000000000e+00,0.000000000000000000e+00,0.000000000000000000e+00,3.571428571428571230e-02,1.071428571428571369e-01,3.571428571428571230e-02,0.000000000000000000e+00,3.571428571428571230e-02,7.142857142857142461e-02,3.571428571428571230e-02,0.000000000000000000e+00,3.571428571428571230e-02,0.000000000000000000e+00,7.142857142857142461e-02,4.285714285714285476e-01,3.571428571428571230e-02,0.000000000000000000e+00,0.000000000000000000e+00,0.000000000000000000e+00,0.000000000000000000e+00,0.000000000000000000e+00,1.071428571428571369e-01
0.000000000000000000e+00,0.000000000000000000e+00,0.000000000000000000e+00,0.000000000000000000e+00,1.034482758620689641e-01,3.448275862068965469e-02,3.448275862068965469e-02,0.000000000000000000e+00,3.448275862068965469e-02,0.000000000000000000e+00,0.000000000000000000e+00,3.448275862068965469e-02,0.000000000000000000e+00,3.448275862068965469e-02,0.000000000000000000e+00,4.137931034482758563e-01,6.896551724137930939e-02,0.000000000000000000e+00,1.034482758620689641e-01,3.448275862068965469e-02,3.448275862068965469e-02,6.896551724137930939e-02
0.000000000000000000e+00,0.000000000000000000e+00,0.000000000000000000e+00,0.000000000000000000e+00,6.250000000000000000e-02,1.250000000000000000e-01,6.250000000000000000e-02,0.000000000000000000e+00,0.000000000000000000e+00,0.000000000000000000e+00,0.000000000000000000e+00,0.000000000000000000e+00,6.250000000000000000e-02,0.000000000000000000e+00,6.250000000000000000e-02,6.250000000000000000e-02,1.875000000000000000e-01,0.000000000000000000e+00,1.250000000000000000e-01,6.250000000000000000e-02,0.000000000000000000e+00,1.875000000000000000e-01
0.000000000000000000e+00,0.000000000000000000e+00,0.000000000000000000e+00,0.000000000000000000e+00,0.000000000000000000e+00,7.692307692307692735e-02,0.000000000000000000e+00,0.000000000000000000e+00,0.000000000000000000e+00,0.000000000000000000e+00,0.000000000000000000e+00,0.000000000000000000e+00,7.692307692307692735e-02,0.000000000000000000e+00,0.000000000000000000e+00,0.000000000000000000e+00,0.000000000000000000e+00,7.692307692307692735e-01,7.692307692307692735e-02,0.000000000000000000e+00,0.000000000000000000e+00,0.000000000000000000e+00
0.000000000000000000e+00,0.000000000000000000e+00,0.000000000000000000e+00,0.000000000000000000e+00,6.666666666666666574e-02,0.000000000000000000e+00,0.000000000000000000e+00,0.000000000000000000e+00,0.000000000000000000e+00,0.000000000000000000e+00,6.666666666666666574e-02,0.000000000000000000e+00,6.666666666666666574e-02,0.000000000000000000e+00,0.000000000000000000e+00,6.666666666666666574e-02,1.333333333333333315e-01,0.000000000000000000e+00,2.666666666666666630e-01,1.333333333333333315e-01,1.333333333333333315e-01,6.666666666666666574e-02
0.000000000000000000e+00,0.000000000000000000e+00,0.000000000000000000e+00,0.000000000000000000e+00,0.000000000000000000e+00,1.176470588235294101e-01,0.000000000000000000e+00,0.000000000000000000e+00,0.000000000000000000e+00,0.000000000000000000e+00,0.000000000000000000e+00,0.000000000000000000e+00,0.000000000000000000e+00,0.000000000000000000e+00,0.000000000000000000e+00,0.000000000000000000e+00,5.882352941176470507e-02,0.000000000000000000e+00,1.176470588235294101e-01,4.705882352941176405e-01,5.882352941176470507e-02,1.764705882352941291e-01
0.000000000000000000e+00,0.000000000000000000e+00,0.000000000000000000e+00,0.000000000000000000e+00,1.000000000000000056e-01,1.000000000000000056e-01,0.000000000000000000e+00,0.000000000000000000e+00,1.000000000000000056e-01,1.000000000000000056e-01,0.000000000000000000e+00,0.000000000000000000e+00,0.000000000000000000e+00,0.000000000000000000e+00,1.000000000000000056e-01,0.000000000000000000e+00,0.000000000000000000e+00,0.000000000000000000e+00,0.000000000000000000e+00,0.000000000000000000e+00,2.000000000000000111e-01,2.999999999999999889e-01
0.000000000000000000e+00,0.000000000000000000e+00,0.000000000000000000e+00,3.225806451612903136e-02,6.451612903225806273e-02,4.301075268817204644e-02,1.075268817204301161e-02,2.150537634408602322e-02,5.376344086021505458e-02,3.225806451612903136e-02,2.150537634408602322e-02,2.150537634408602322e-02,2.150537634408602322e-02,0.000000000000000000e+00,4.301075268817204644e-02,2.150537634408602322e-02,2.150537634408602322e-02,0.000000000000000000e+00,2.150537634408602322e-02,5.376344086021505458e-02,3.225806451612903136e-02,4.838709677419354982e-01
