7.367730651508526130e-01,6.209007433318758373e-02,1.661565369479667612e-02,6.121556624398775959e-03,6.996064713598600972e-03,4.809794490599038005e-03,3.498032356799300486e-03,1.311762133799737736e-03,1.311762133799737736e-03,8.745080891998251215e-04,9.619588981198076011e-03,4.372540445999125607e-04,0.000000000000000000e+00,0.000000000000000000e+00,4.372540445999125607e-04,4.372540445999125607e-04,1.311762133799737736e-03,2.186270222999562533e-03,2.186270222999562533e-03,9.619588981198076011e-03,1.333624836029733141e-01
1.971291866028708206e-01,6.334928229665072186e-01,7.272727272727272374e-02,1.148325358851674631e-02,1.052631578947368397e-02,5.741626794258373155e-03,4.784688995215310818e-03,4.784688995215310818e-03,0.000000000000000000e+00,0.000000000000000000e+00,1.435406698564593332e-02,0.000000000000000000e+00,0.000000000000000000e+00,0.000000000000000000e+00,0.000000000000000000e+00,9.569377990430622287e-04,0.000000000000000000e+00,3.827751196172248915e-03,1.913875598086124457e-03,9.569377990430621636e-03,2.870813397129186664e-02
9.571788413098236692e-02,2.795969773299747940e-01,4.584382871536523685e-01,7.052896725440806203e-02,1.763224181360201551e-02,1.259445843828715418e-02,1.259445843828715418e-02,2.518891687657430663e-03,2.518891687657430663e-03,0.000000000000000000e+00,1.763224181360201551e-02,0.000000000000000000e+00,0.000000000000000000e+00,0.000000000000000000e+00,0.000000000000000000e+00,0.000000000000000000e+00,2.518891687657430663e-03,0.000000000000000000e+00,2.518891687657430663e-03,7.556675062972291988e-03,1.763224181360201551e-02
8.108108108108108558e-02,6.081081081081081419e-02,2.162162162162162282e-01,3.716216216216216006e-01,4.054054054054054279e-02,2.702702702702702853e-02,6.756756756756757132e-03,2.702702702702702853e-02,2.027027027027027140e-02,6.756756756756757132e-03,4.054054054054054279e-02,0.000000000000000000e+00,0.000000000000000000e+00,0.000000000000000000e+00,0.000000000000000000e+00,0.000000000000000000e+00,0.000000000000000000e+00,0.000000000000000000e+00,6.756756756756757132e-03,2.027027027027027140e-02,7.432432432432432845e-02
1.000000000000000056e-01,1.000000000000000056e-01,1.100000000000000006e-01,1.799999999999999933e-01,2.500000000000000000e-01,5.000000000000000278e-02,2.000000000000000042e-02,1.000000000000000021e-02,2.000000000000000042e-02,1.000000000000000021e-02,5.999999999999999778e-02,0.000000000000000000e+00,0.000000000000000000e+00,0.000000000000000000e+00,0.000000000000000000e+00,0.000000000000000000e+00,0.000000000000000000e+00,0.000000000000000000e+00,0.000000000000000000e+00,1.000000000000000021e-02,8.000000000000000167e-02
1.186440677966101725e-01,1.186440677966101725e-01,1.186440677966101725e-01,6.779661016949152519e-02,1.186440677966101725e-01,1.186440677966101725e-01,1.186440677966101725e-01,0.000000000000000000e+00,0.000000000000000000e+00,3.389830508474576259e-02,1.355932203389830504e-01,0.000000000000000000e+00,0.000000000000000000e+00,0.000000000000000000e+00,0.000000000000000000e+00,0.000000000000000000e+00,0.000000000000000000e+00,0.000000000000000000e+00,0.000000000000000000e+00,0.000000000000000000e+00,5.084745762711864736e-02
5.970149253731343170e-02,2.985074626865671585e-02,1.044776119402985037e-01,1.492537313432835792e-02,5.970149253731343170e-02,1.641791044776119424e-01,3.283582089552238847e-01,2.985074626865671585e-02,1.492537313432835792e-02,2.985074626865671585e-02,8.955223880597014408e-02,0.000000000000000000e+00,0.000000000000000000e+00,0.000000000000000000e+00,0.000000000000000000e+00,0.000000000000000000e+00,0.000000000000000000e+00,0.000000000000000000e+00,0.000000000000000000e+00,1.492537313432835792e-02,5.970149253731343170e-02
1.276595744680850963e-01,4.255319148936170109e-02,6.382978723404254817e-02,1.063829787234042562e-01,2.127659574468085055e-02,4.255319148936170109e-02,0.000000000000000000e+00,3.404255319148936088e-01,6.382978723404254817e-02,2.127659574468085055e-02,1.702127659574468044e-01,0.000000000000000000e+00,0.000000000000000000e+00,0.000000000000000000e+00,0.000000000000000000e+00,0.000000000000000000e+00,0.000000000000000000e+00,0.000000000000000000e+00,0.000000000000000000e+00,0.000000000000000000e+00,0.000000000000000000e+00
1.739130434782608647e-01,4.347826086956521618e-02,4.347826086956521618e-02,0.000000000000000000e+00,4.347826086956521618e-02,8.695652173913043237e-02,0.000000000000000000e+00,2.173913043478260809e-01,8.695652173913043237e-02,8.695652173913043237e-02,1.304347826086956486e-01,0.000000000000000000e+00,0.000000000000000000e+00,0.000000000000000000e+00,0.000000000000000000e+00,0.000000000000000000e+00,0.000000000000000000e+00,4.347826086956521618e-02,0.000000000000000000e+00,0.000000000000000000e+00,4.347826086956521618e-02
1.000000000000000056e-01,0.000000000000000000e+00,5.000000000000000278e-02,5.000000000000000278e-02,1.000000000000000056e-01,0.000000000000000000e+00,1.499999999999999944e-01,5.000000000000000278e-02,1.499999999999999944e-01,1.000000000000000056e-01,2.500000000000000000e-01,0.000000000000000000e+00,0.000000000000000000e+00,0.000000000000000000e+00,0.000000000000000000e+00,0.000000000000000000e+00,0.000000000000000000e+00,0.000000000000000000e+00,0.000000000000000000e+00,0.000000000000000000e+00,0.000000000000000000e+00
7.978723404255319562e-02,7.978723404255319562e-02,8.510638297872340219e-02,5.319148936170212810e-02,4.255319148936170109e-02,2.127659574468085055e-02,5.319148936170212810e-02,3.723404255319148759e-02,2.127659574468085055e-02,3.191489361702127409e-02,4.414893617021276584e-01,5.319148936170212637e-03,0.000000000000000000e+00,0.000000000000000000e+00,0.000000000000000000e+00,5.319148936170212637e-03,0.000000000000000000e+00,5.319148936170212637e-03,1.063829787234042527e-02,1.063829787234042527e-02,1.595744680851063704e-02
1.515151515151515194e-02,0.000000000000000000e+00,1.515151515151515194e-02,0.000000000000000000e+00,0.000000000000000000e+00,0.000000000000000000e+00,0.000000000000000000e+00,0.000000000000000000e+00,0.000000000000000000e+00,0.000000000000000000e+00,3.030303030303030387e-02,7.272727272727272929e-01,7.575757575757575968e-02,1.515151515151515194e-02,1.515151515151515194e-02,0.000000000000000000e+00,3.030303030303030387e-02,1.515151515151515194e-02,1.515151515151515194e-02,1.515151515151515194e-02,3.030303030303030387e-02
2.702702702702702853e-02,0.000000000000000000e+00,0.000000000000000000e+00,0.000000000000000000e+00,0.000000000000000000e+00,0.000000000000000000e+00,0.000000000000000000e+00,0.000000000000000000e+00,0.000000000000000000e+00,0.000000000000000000e+00,2.702702702702702853e-02,1.351351351351351426e-01,6.756756756756756577e-01,2.702702702702702853e-02,5.405405405405405705e-02,0.000000000000000000e+00,0.000000000000000000e+00,2.702702702702702853e-02,0.000000000000000000e+00,2.702702702702702853e-02,0.000000000000000000e+00
0.000000000000000000e+00,0.000000000000000000e+00,0.000000000000000000e+00,0.000000000000000000e+00,0.000000000000000000e+00,0.000000000000000000e+00,0.000000000000000000e+00,0.000000000000000000e+00,0.000000000000000000e+00,0.000000000000000000e+00,0.000000000000000000e+00,8.823529411764706454e-02,2.941176470588235253e-02,7.352941176470588758e-01,8.823529411764706454e-02,0.000000000000000000e+00,0.000000000000000000e+00,0.000000000000000000e+00,2.941176470588235253e-02,0.000000000000000000e+00,2.941176470588235253e-02
1.515151515151515194e-02,0.000000000000000000e+00,1.515151515151515194e-02,1.515151515151515194e-02,0.000000000000000000e+00,0.000000000000000000e+00,0.000000000000000000e+00,0.000000000000000000e+00,0.000000000000000000e+00,0.000000000000000000e+00,1.515151515151515194e-02,6.060606060606060774e-02,3.030303030303030387e-02,4.545454545454545581e-02,6.969696969696970168e-01,4.545454545454545581e-02,4.545454545454545581e-02,0.000000000000000000e+00,0.000000000000000000e+00,1.515151515151515194e-02,0.000000000000000000e+00
0.000000000000000000e+00,1.612903225806451568e-02,0.000000000000000000e+00,0.000000000000000000e+00,0.000000000000000000e+00,0.000000000000000000e+00,0.000000000000000000e+00,0.000000000000000000e+00,0.000000000000000000e+00,0.000000000000000000e+00,0.000000000000000000e+00,1.612903225806451568e-02,1.612903225806451568e-02,0.000000000000000000e+00,6.451612903225806273e-02,7.096774193548387455e-01,1.612903225806451568e-02,6.451612903225806273e-02,3.225806451612903136e-02,3.225806451612903136e-02,3.225806451612903136e-02
2.068965517241379282e-02,6.896551724137930939e-03,6.896551724137930939e-03,0.000000000000000000e+00,6.896551724137930939e-03,0.000000000000000000e+00,0.000000000000000000e+00,0.000000000000000000e+00,0.000000000000000000e+00,0.000000000000000000e+00,6.896551724137930939e-03,0.000000000000000000e+00,6.896551724137930939e-03,0.000000000000000000e+00,3.448275862068965469e-02,2.758620689655172376e-02,6.482758620689654805e-01,1.241379310344827569e-01,6.206896551724137845e-02,4.137931034482758563e-02,6.896551724137930939e-03
2.973977695167286106e-02,1.858736059479553990e-02,0.000000000000000000e+00,0.000000000000000000e+00,0.000000000000000000e+00,3.717472118959107633e-03,3.717472118959107633e-03,0.000000000000000000e+00,3.717472118959107633e-03,0.000000000000000000e+00,1.115241635687732290e-02,0.000000000000000000e+00,3.717472118959107633e-03,0.000000000000000000e+00,0.000000000000000000e+00,7.434944237918215265e-03,1.040892193308550207e-01,5.836431226765799174e-01,1.338289962825278678e-01,6.691449814126393392e-02,2.973977695167286106e-02
2.752293577981651529e-02,1.376146788990825764e-02,0.000000000000000000e+00,2.293577981651376274e-03,2.293577981651376274e-03,0.000000000000000000e+00,0.000000000000000000e+00,0.000000000000000000e+00,2.293577981651376274e-03,0.000000000000000000e+00,9.174311926605505096e-03,0.000000000000000000e+00,0.000000000000000000e+00,2.293577981651376274e-03,2.293577981651376274e-03,0.000000000000000000e+00,1.834862385321101019e-02,1.261467889908256812e-01,6.399082568807339388e-01,1.077981651376146849e-01,4.587155963302752548e-02
2.751423149905123447e-02,1.043643263757115802e-02,5.692599620493358527e-03,4.743833017077798628e-03,4.743833017077798628e-03,1.897533206831119581e-03,9.487666034155597906e-04,9.487666034155597906e-04,0.000000000000000000e+00,0.000000000000000000e+00,8.538899430740038224e-03,0.000000000000000000e+00,0.000000000000000000e+00,9.487666034155597906e-04,1.897533206831119581e-03,2.846299810246679263e-03,3.795066413662239162e-03,8.538899430740038224e-03,8.349146110056926418e-02,7.011385199240987021e-01,1.318785578747627973e-01
1.081871345029239706e-01,1.998050682261208466e-02,8.771929824561403022e-03,5.360623781676412958e-03,4.873294346978557234e-04,1.949317738791422894e-03,9.746588693957114469e-04,1.461988304093567170e-03,4.873294346978557234e-04,4.873294346978557234e-04,5.360623781676412958e-03,4.873294346978557234e-04,0.000000000000000000e+00,0.000000000000000000e+00,0.000000000000000000e+00,4.873294346978557234e-04,1.461988304093567170e-03,1.949317738791422894e-03,4.873294346978557234e-03,9.892787524366471186e-02,7.383040935672514626e-01
