8.695652173913043237e-01,8.695652173913043237e-02,1.449275362318840597e-02,0.000000000000000000e+00,1.449275362318840597e-02,0.000000000000000000e+00,1.449275362318840597e-02,0.000000000000000000e+00,0.000000000000000000e+00,0.000000000000000000e+00,0.000000000000000000e+00,0.000000000000000000e+00,0.000000000000000000e+00,0.000000000000000000e+00,0.000000000000000000e+00,0.000000000000000000e+00,0.000000000000000000e+00,0.000000000000000000e+00,0.000000000000000000e+00,0.000000000000000000e+00,0.000000000000000000e+00,0.000000000000000000e+00
1.153846153846153910e-01,7.307692307692307265e-01,5.769230769230769551e-02,3.846153846153846367e-02,0.000000000000000000e+00,0.000000000000000000e+00,0.000000000000000000e+00,0.000000000000000000e+00,1.923076923076923184e-02,1.923076923076923184e-02,0.000000000000000000e+00,0.000000000000000000e+00,1.923076923076923184e-02,0.000000000000000000e+00,0.000000000000000000e+00,0.000000000000000000e+00,0.000000000000000000e+00,0.000000000000000000e+00,0.000000000000000000e+00,0.000000000000000000e+00,0.000000000000000000e+00,0.000000000000000000e+00
2.500000000000000139e-02,1.250000000000000000e-01,5.749999999999999556e-01,2.000000000000000111e-01,0.000000000000000000e+00,0.000000000000000000e+00,0.000000000000000000e+00,0.000000000000000000e+00,2.500000000000000139e-02,0.000000000000000000e+00,2.500000000000000139e-02,0.000000000000000000e+00,2.500000000000000139e-02,0.000000000000000000e+00,0.000000000000000000e+00,0.000000000000000000e+00,0.000000000000000000e+00,0.000000000000000000e+00,0.000000000000000000e+00,0.000000000000000000e+00,0.000000000000000000e+00,0.000000000000000000e+00
0.000000000000000000e+00,2.597402597402597574e-02,7.792207792207792028e-02,7.792207792207792583e-01,0.000000000000000000e+00,3.896103896103896014e-02,3.896103896103896014e-02,0.000000000000000000e+00,1.298701298701298787e-02,1.298701298701298787e-02,0.000000000000000000e+00,0.000000000000000000e+00,0.000000000000000000e+00,1.298701298701298787e-02,0.000000000000000000e+00,0.000000000000000000e+00,0.000000000000000000e+00,0.000000000000000000e+00,0.000000000000000000e+00,0.000000000000000000e+00,0.000000000000000000e+00,0.000000000000000000e+00
9.009009009009008931e-03,0.000000000000000000e+00,0.000000000000000000e+00,1.801801801801801786e-02,7.207207207207206867e-01,1.261261261261261146e-01,3.603603603603603572e-02,1.801801801801801786e-02,1.801801801801801786e-02,0.000000000000000000e+00,1.801801801801801786e-02,9.009009009009008931e-03,1.801801801801801786e-02,0.000000000000000000e+00,0.000000000000000000e+00,0.000000000000000000e+00,0.000000000000000000e+00,0.000000000000000000e+00,0.000000000000000000e+00,0.000000000000000000e+00,0.000000000000000000e+00,9.009009009009008931e-03
0.000000000000000000e+00,0.000000000000000000e+00,0.000000000000000000e+00,1.639344262295082053e-02,8.196721311475409222e-02,6.994535519125683054e-01,1.092896174863387942e-01,3.278688524590164105e-02,2.185792349726775954e-02,1.639344262295082053e-02,1.639344262295082053e-02,0.000000000000000000e+00,0.000000000000000000e+00,0.000000000000000000e+00,0.000000000000000000e+00,0.000000000000000000e+00,0.000000000000000000e+00,0.000000000000000000e+00,5.464480874316939886e-03,0.000000000000000000e+00,0.000000000000000000e+00,0.000000000000000000e+00
0.000000000000000000e+00,0.000000000000000000e+00,6.756756756756757132e-03,3.378378378378378566e-03,6.756756756756757132e-03,9.121621621621621434e-02,7.195945945945946276e-01,1.114864864864864857e-01,2.702702702702702853e-02,1.351351351351351426e-02,1.351351351351351426e-02,0.000000000000000000e+00,3.378378378378378566e-03,0.000000000000000000e+00,0.000000000000000000e+00,0.000000000000000000e+00,0.000000000000000000e+00,0.000000000000000000e+00,0.000000000000000000e+00,0.000000000000000000e+00,0.000000000000000000e+00,3.378378378378378566e-03
0.000000000000000000e+00,1.908396946564885422e-03,0.000000000000000000e+00,0.000000000000000000e+00,3.816793893129770843e-03,9.541984732824427759e-03,7.061068702290076993e-02,7.232824427480916141e-01,1.297709923664122078e-01,3.053435114503816675e-02,1.145038167938931296e-02,3.816793893129770843e-03,5.725190839694656482e-03,0.000000000000000000e+00,1.908396946564885422e-03,0.000000000000000000e+00,0.000000000000000000e+00,1.908396946564885422e-03,0.000000000000000000e+00,0.000000000000000000e+00,1.908396946564885422e-03,3.816793893129770843e-03
0.000000000000000000e+00,0.000000000000000000e+00,1.762114537444933998e-03,1.762114537444933998e-03,8.810572687224669988e-04,8.810572687224669988e-04,7.929515418502203206e-03,6.607929515418502209e-02,7.885462555066079515e-01,1.004405286343612314e-01,1.497797356828193746e-02,7.929515418502203206e-03,6.167400881057268774e-03,8.810572687224669988e-04,0.000000000000000000e+00,0.000000000000000000e+00,8.810572687224669988e-04,0.000000000000000000e+00,0.000000000000000000e+00,8.810572687224669988e-04,0.000000000000000000e+00,0.000000000000000000e+00
1.049317943336831090e-03,0.000000000000000000e+00,5.246589716684155452e-04,5.246589716684155452e-04,5.246589716684155452e-04,1.573976915005246635e-03,5.246589716684155452e-04,9.443861490031480246e-03,6.925498426023085630e-02,8.084994753410282842e-01,7.660020986358866135e-02,1.311647429171038798e-02,7.869884575026232093e-03,2.098635886673662181e-03,1.573976915005246635e-03,1.049317943336831090e-03,1.573976915005246635e-03,1.049317943336831090e-03,5.246589716684155452e-04,0.000000000000000000e+00,0.000000000000000000e+00,2.623294858342077509e-03
0.000000000000000000e+00,5.122950819672131414e-04,5.122950819672131414e-04,0.000000000000000000e+00,1.536885245901639316e-03,2.049180327868852566e-03,0.000000000000000000e+00,3.586065573770491881e-03,9.221311475409835895e-03,8.709016393442622905e-02,7.981557377049179891e-01,5.840163934426229747e-02,1.331967213114754016e-02,1.024590163934426153e-02,3.073770491803278632e-03,2.561475409836065382e-03,2.049180327868852566e-03,2.561475409836065382e-03,1.024590163934426283e-03,0.000000000000000000e+00,5.122950819672131414e-04,3.586065573770491881e-03
0.000000000000000000e+00,0.000000000000000000e+00,0.000000000000000000e+00,0.000000000000000000e+00,0.000000000000000000e+00,0.000000000000000000e+00,1.085776330076004392e-03,2.171552660152008783e-03,9.771986970684038223e-03,2.931596091205211640e-02,1.487513572204126056e-01,6.634093376764386152e-01,9.011943539630835887e-02,2.497285559174810057e-02,7.600434310532030308e-03,6.514657980456026350e-03,1.085776330076004392e-03,1.085776330076004392e-03,1.085776330076004392e-03,2.171552660152008783e-03,1.085776330076004392e-03,9.771986970684038223e-03
0.000000000000000000e+00,0.000000000000000000e+00,0.000000000000000000e+00,0.000000000000000000e+00,2.000000000000000042e-03,4.000000000000000083e-03,2.000000000000000042e-03,8.000000000000000167e-03,1.000000000000000021e-02,3.200000000000000067e-02,5.399999999999999939e-02,1.799999999999999933e-01,5.500000000000000444e-01,7.599999999999999811e-02,3.799999999999999906e-02,1.000000000000000021e-02,8.000000000000000167e-03,4.000000000000000083e-03,2.000000000000000042e-03,4.000000000000000083e-03,2.000000000000000042e-03,1.400000000000000029e-02
0.000000000000000000e+00,0.000000000000000000e+00,0.000000000000000000e+00,0.000000000000000000e+00,4.926108374384236509e-03,4.926108374384236509e-03,4.926108374384236509e-03,4.926108374384236509e-03,4.926108374384236509e-03,2.955665024630541732e-02,6.896551724137930939e-02,1.083743842364532084e-01,2.167487684729064168e-01,3.793103448275861878e-01,4.433497536945812945e-02,3.940886699507389207e-02,1.970443349753694603e-02,4.926108374384236509e-03,2.463054187192118341e-02,0.000000000000000000e+00,0.000000000000000000e+00,3.940886699507389207e-02
0.000000000000000000e+00,0.000000000000000000e+00,0.000000000000000000e+00,0.000000000000000000e+00,8.771929824561403022e-03,0.000000000000000000e+00,8.771929824561403022e-03,0.000000000000000000e+00,8.771929824561403022e-03,1.754385964912280604e-02,7.894736842105262720e-02,1.052631578947368363e-01,1.140350877192982393e-01,1.315789473684210453e-01,2.894736842105263275e-01,1.228070175438596423e-01,3.508771929824561209e-02,0.000000000000000000e+00,0.000000000000000000e+00,1.754385964912280604e-02,0.000000000000000000e+00,6.140350877192982115e-02
0.000000000000000000e+00,0.000000000000000000e+00,0.000000000000000000e+00,0.000000000000000000e+00,0.000000000000000000e+00,0.000000000000000000e+00,0.000000000000000000e+00,0.000000000000000000e+00,1.960784313725490169e-02,1.960784313725490169e-02,3.921568627450980338e-02,4.901960784313725422e-02,3.921568627450980338e-02,6.862745098039216285e-02,1.666666666666666574e-01,4.117647058823529216e-01,2.941176470588235253e-02,9.803921568627450844e-03,9.803921568627450844e-03,3.921568627450980338e-02,0.000000000000000000e+00,9.803921568627450844e-02
0.000000000000000000e+00,0.000000000000000000e+00,0.000000000000000000e+00,0.000000000000000000e+00,0.000000000000000000e+00,0.000000000000000000e+00,1.886792452830188607e-02,0.000000000000000000e+00,1.886792452830188607e-02,0.000000000000000000e+00,1.132075471698113234e-01,1.886792452830188607e-02,3.773584905660377214e-02,9.433962264150944077e-02,9.433962264150944077e-02,1.698113207547169712e-01,1.698113207547169712e-01,5.660377358490566169e-02,3.773584905660377214e-02,0.000000000000000000e+00,3.773584905660377214e-02,1.320754716981132060e-01
0.000000000000000000e+00,0.000000000000000000e+00,0.000000000000000000e+00,0.000000000000000000e+00,0.000000000000000000e+00,0.000000000000000000e+00,0.000000000000000000e+00,0.000000000000000000e+00,2.564102564102564014e-02,0.000000000000000000e+00,5.128205128205128027e-02,7.692307692307692735e-02,1.025641025641025605e-01,2.564102564102564014e-02,0.000000000000000000e+00,0.000000000000000000e+00,1.025641025641025605e-01,3.846153846153846367e-01,5.128205128205128027e-02,2.564102564102564014e-02,0.000000000000000000e+00,1.538461538461538547e-01
0.000000000000000000e+00,0.000000000000000000e+00,0.000000000000000000e+00,0.000000000000000000e+00,0.000000000000000000e+00,0.000000000000000000e+00,0.000000000000000000e+00,0.000000000000000000e+00,0.000000000000000000e+00,2.380952380952380820e-02,2.380952380952380820e-02,2.380952380952380820e-02,9.523809523809523281e-02,4.761904761904761640e-02,4.761904761904761640e-02,0.000000000000000000e+00,2.380952380952380820e-02,4.761904761904761640e-02,3.571428571428571508e-01,1.904761904761904656e-01,2.380952380952380820e-02,9.523809523809523281e-02
0.000000000000000000e+00,0.000000000000000000e+00,0.000000000000000000e+00,0.000000000000000000e+00,0.000000000000000000e+00,0.000000000000000000e+00,0.000000000000000000e+00,0.000000000000000000e+00,2.083333333333333218e-02,2.083333333333333218e-02,2.083333333333333218e-02,6.250000000000000000e-02,0.000000000000000000e+00,0.000000000000000000e+00,1.041666666666666713e-01,6.250000000000000000e-02,2.083333333333333218e-02,2.083333333333333218e-02,6.250000000000000000e-02,3.958333333333333148e-01,8.333333333333332871e-02,1.250000000000000000e-01
0.000000000000000000e+00,0.000000000000000000e+00,0.000000000000000000e+00,0.000000000000000000e+00,0.000000000000000000e+00,0.000000000000000000e+00,0.000000000000000000e+00,0.000000000000000000e+00,0.000000000000000000e+00,0.000000000000000000e+00,0.000000000000000000e+00,5.882352941176470507e-02,0.000000000000000000e+00,5.882352941176470507e-02,0.000000000000000000e+00,1.176470588235294101e-01,1.176470588235294101e-01,5.882352941176470507e-02,5.882352941176470507e-02,1.176470588235294101e-01,1.764705882352941291e-01,2.352941176470588203e-01
0.000000000000000000e+00,0.000000000000000000e+00,0.000000000000000000e+00,0.000000000000000000e+00,0.000000000000000000e+00,0.000000000000000000e+00,0.000000000000000000e+00,9.174311926605505096e-03,4.587155963302752548e-03,3.669724770642202039e-02,2.752293577981651529e-02,2.752293577981651529e-02,3.211009174311926784e-02,5.963302752293578313e-02,2.752293577981651529e-02,2.752293577981651529e-02,7.339449541284404077e-02,2.752293577981651529e-02,1.834862385321101019e-02,1.834862385321101019e-02,2.752293577981651529e-02,5.825688073394494904e-01
