6.640563821456538784e-01,1.025841816758026603e-01,2.740798747063430060e-02,1.018010963194988273e-02,8.613938919342208067e-03,4.698512137823023134e-03,5.481597494126859600e-03,1.566170712607674233e-03,1.566170712607674233e-03,2.349256068911511567e-03,1.174628034455755740e-02,0.000000000000000000e+00,0.000000000000000000e+00,7.830853563038371167e-04,0.000000000000000000e+00,7.830853563038371167e-04,0.000000000000000000e+00,3.132341425215348467e-03,8.613938919342208067e-03,2.192638997650743840e-02,1.245105716523100953e-01
1.845140032948929254e-01,5.090609555189455904e-01,1.285008237232289907e-01,3.789126853377264986e-02,1.482701812191103766e-02,8.237232289950576283e-03,3.294892915980230687e-03,3.294892915980230687e-03,1.647446457990115343e-03,0.000000000000000000e+00,1.482701812191103766e-02,0.000000000000000000e+00,0.000000000000000000e+00,0.000000000000000000e+00,1.647446457990115343e-03,1.647446457990115343e-03,1.647446457990115343e-03,6.589785831960461374e-03,1.647446457990115257e-02,1.647446457990115257e-02,4.942339373970346117e-02
1.061452513966480438e-01,1.675977653631284814e-01,3.659217877094971816e-01,9.217877094972067031e-02,2.793296089385474690e-02,5.307262569832402188e-02,1.117318435754189980e-02,1.675977653631284883e-02,8.379888268156424416e-03,5.586592178770949900e-03,4.189944134078212035e-02,2.793296089385474950e-03,0.000000000000000000e+00,0.000000000000000000e+00,2.793296089385474950e-03,0.000000000000000000e+00,0.000000000000000000e+00,8.379888268156424416e-03,2.513966480446927498e-02,2.793296089385474690e-02,3.631284916201117652e-02
8.333333333333332871e-02,1.111111111111111049e-01,1.435185185185185175e-01,3.657407407407407551e-01,6.944444444444444753e-02,3.240740740740740561e-02,1.388888888888888812e-02,4.629629629629629373e-03,4.629629629629629373e-03,4.629629629629629373e-03,7.407407407407406996e-02,0.000000000000000000e+00,0.000000000000000000e+00,0.000000000000000000e+00,0.000000000000000000e+00,0.000000000000000000e+00,0.000000000000000000e+00,0.000000000000000000e+00,1.388888888888888812e-02,3.703703703703703498e-02,4.166666666666666435e-02
3.053435114503816675e-02,7.633587786259542207e-02,5.343511450381679267e-02,9.160305343511450371e-02,3.435114503816794063e-01,1.068702290076335853e-01,4.580152671755725186e-02,3.816793893129771104e-02,1.526717557251908337e-02,1.526717557251908337e-02,1.145038167938931262e-01,7.633587786259541687e-03,0.000000000000000000e+00,0.000000000000000000e+00,0.000000000000000000e+00,0.000000000000000000e+00,0.000000000000000000e+00,0.000000000000000000e+00,7.633587786259541687e-03,2.290076335877862593e-02,3.053435114503816675e-02
6.796116504854368690e-02,3.883495145631067624e-02,9.708737864077669755e-02,5.825242718446602130e-02,1.067961165048543631e-01,2.330097087378640852e-01,7.766990291262135249e-02,7.766990291262135249e-02,2.912621359223301065e-02,9.708737864077669061e-03,1.262135922330097082e-01,0.000000000000000000e+00,0.000000000000000000e+00,0.000000000000000000e+00,9.708737864077669061e-03,0.000000000000000000e+00,0.000000000000000000e+00,9.708737864077669061e-03,0.000000000000000000e+00,9.708737864077669061e-03,4.854368932038834877e-02
6.976744186046511531e-02,4.651162790697674354e-02,3.488372093023255766e-02,2.325581395348837177e-02,3.488372093023255766e-02,8.139534883720930813e-02,3.953488372093023062e-01,9.302325581395348708e-02,1.162790697674418589e-02,2.325581395348837177e-02,1.511627906976744096e-01,0.000000000000000000e+00,0.000000000000000000e+00,0.000000000000000000e+00,0.000000000000000000e+00,0.000000000000000000e+00,0.000000000000000000e+00,0.000000000000000000e+00,0.000000000000000000e+00,1.162790697674418589e-02,2.325581395348837177e-02
2.222222222222222307e-02,4.444444444444444614e-02,2.222222222222222307e-02,4.444444444444444614e-02,3.333333333333333287e-02,5.555555555555555247e-02,6.666666666666666574e-02,3.777777777777777679e-01,6.666666666666666574e-02,0.000000000000000000e+00,1.888888888888888840e-01,1.111111111111111154e-02,0.000000000000000000e+00,1.111111111111111154e-02,0.000000000000000000e+00,0.000000000000000000e+00,0.000000000000000000e+00,1.111111111111111154e-02,0.000000000000000000e+00,2.222222222222222307e-02,2.222222222222222307e-02
3.636363636363636187e-02,1.818181818181818094e-02,7.272727272727272374e-02,3.636363636363636187e-02,3.636363636363636187e-02,5.454545454545454281e-02,5.454545454545454281e-02,1.636363636363636354e-01,2.363636363636363591e-01,1.090909090909090856e-01,1.090909090909090856e-01,0.000000000000000000e+00,0.000000000000000000e+00,0.000000000000000000e+00,0.000000000000000000e+00,0.000000000000000000e+00,0.000000000000000000e+00,0.000000000000000000e+00,0.000000000000000000e+00,3.636363636363636187e-02,3.636363636363636187e-02
0.000000000000000000e+00,3.030303030303030387e-02,1.515151515151515194e-01,6.060606060606060774e-02,6.060606060606060774e-02,0.000000000000000000e+00,6.060606060606060774e-02,3.030303030303030387e-02,2.121212121212121271e-01,6.060606060606060774e-02,3.030303030303030387e-01,0.000000000000000000e+00,0.000000000000000000e+00,0.000000000000000000e+00,0.000000000000000000e+00,0.000000000000000000e+00,0.000000000000000000e+00,0.000000000000000000e+00,0.000000000000000000e+00,0.000000000000000000e+00,3.030303030303030387e-02
4.773269689737470040e-02,3.818615751789976309e-02,3.579952267303102703e-02,5.727923627684964464e-02,3.102625298329355491e-02,2.386634844868735020e-02,2.625298329355608626e-02,2.386634844868735020e-02,4.057279236276849915e-02,2.863961813842482232e-02,5.704057279236276479e-01,0.000000000000000000e+00,0.000000000000000000e+00,0.000000000000000000e+00,0.000000000000000000e+00,2.386634844868735193e-03,0.000000000000000000e+00,2.386634844868735193e-03,1.909307875894988155e-02,2.147971360381861414e-02,3.102625298329355491e-02
0.000000000000000000e+00,0.000000000000000000e+00,7.575757575757575968e-03,0.000000000000000000e+00,0.000000000000000000e+00,0.000000000000000000e+00,0.000000000000000000e+00,0.000000000000000000e+00,0.000000000000000000e+00,0.000000000000000000e+00,0.000000000000000000e+00,8.333333333333333703e-01,6.060606060606060774e-02,1.515151515151515194e-02,2.272727272727272790e-02,7.575757575757575968e-03,7.575757575757575968e-03,7.575757575757575968e-03,3.030303030303030387e-02,0.000000000000000000e+00,7.575757575757575968e-03
0.000000000000000000e+00,0.000000000000000000e+00,0.000000000000000000e+00,0.000000000000000000e+00,0.000000000000000000e+00,0.000000000000000000e+00,0.000000000000000000e+00,0.000000000000000000e+00,0.000000000000000000e+00,0.000000000000000000e+00,0.000000000000000000e+00,9.803921568627450844e-02,6.274509803921568540e-01,1.960784313725490169e-01,0.000000000000000000e+00,0.000000000000000000e+00,0.000000000000000000e+00,1.960784313725490169e-02,3.921568627450980338e-02,0.000000000000000000e+00,1.960784313725490169e-02
0.000000000000000000e+00,0.000000000000000000e+00,1.075268817204301161e-02,0.000000000000000000e+00,0.000000000000000000e+00,0.000000000000000000e+00,0.000000000000000000e+00,0.000000000000000000e+00,0.000000000000000000e+00,0.000000000000000000e+00,0.000000000000000000e+00,2.150537634408602322e-02,9.677419354838709409e-02,6.451612903225806273e-01,1.075268817204301092e-01,5.376344086021505458e-02,1.075268817204301161e-02,0.000000000000000000e+00,1.075268817204301161e-02,4.301075268817204644e-02,0.000000000000000000e+00
0.000000000000000000e+00,8.000000000000000167e-03,0.000000000000000000e+00,0.000000000000000000e+00,8.000000000000000167e-03,0.000000000000000000e+00,0.000000000000000000e+00,0.000000000000000000e+00,0.000000000000000000e+00,0.000000000000000000e+00,0.000000000000000000e+00,1.600000000000000033e-02,0.000000000000000000e+00,7.199999999999999456e-02,7.279999999999999805e-01,8.799999999999999489e-02,3.200000000000000067e-02,8.000000000000000167e-03,2.400000000000000050e-02,8.000000000000000167e-03,8.000000000000000167e-03
0.000000000000000000e+00,6.024096385542168988e-03,0.000000000000000000e+00,0.000000000000000000e+00,0.000000000000000000e+00,0.000000000000000000e+00,0.000000000000000000e+00,0.000000000000000000e+00,0.000000000000000000e+00,0.000000000000000000e+00,0.000000000000000000e+00,6.024096385542168988e-03,0.000000000000000000e+00,1.807228915662650523e-02,6.024096385542168641e-02,6.807228915662650870e-01,1.445783132530120418e-01,3.614457831325301046e-02,2.409638554216867595e-02,1.807228915662650523e-02,6.024096385542168988e-03
0.000000000000000000e+00,0.000000000000000000e+00,0.000000000000000000e+00,0.000000000000000000e+00,0.000000000000000000e+00,0.000000000000000000e+00,0.000000000000000000e+00,0.000000000000000000e+00,0.000000000000000000e+00,0.000000000000000000e+00,0.000000000000000000e+00,4.651162790697674354e-03,4.651162790697674354e-03,9.302325581395348708e-03,9.302325581395348708e-03,6.046511627906976660e-02,6.511627906976744651e-01,1.860465116279069742e-01,4.651162790697674354e-02,2.325581395348837177e-02,4.651162790697674354e-03
7.058823529411764955e-03,7.058823529411764955e-03,2.352941176470588029e-03,2.352941176470588029e-03,0.000000000000000000e+00,2.352941176470588029e-03,0.000000000000000000e+00,2.352941176470588029e-03,0.000000000000000000e+00,0.000000000000000000e+00,1.411764705882352991e-02,2.352941176470588029e-03,0.000000000000000000e+00,0.000000000000000000e+00,0.000000000000000000e+00,1.176470588235294101e-02,6.352941176470587592e-02,6.447058823529411287e-01,1.788235294117647145e-01,4.000000000000000083e-02,2.117647058823529313e-02
9.650180940892641099e-03,4.825090470446320549e-03,3.618817852834740629e-03,3.618817852834740629e-03,0.000000000000000000e+00,1.206272617611580137e-03,0.000000000000000000e+00,2.412545235223160275e-03,0.000000000000000000e+00,1.206272617611580137e-03,3.618817852834740629e-03,3.618817852834740629e-03,1.206272617611580137e-03,3.618817852834740629e-03,3.618817852834740629e-03,2.412545235223160275e-03,8.443908323281061612e-03,7.237635705669481778e-02,6.767189384800964547e-01,1.737032569360675571e-01,2.412545235223160361e-02
2.398255813953488469e-02,1.380813953488372117e-02,7.994186046511628230e-03,5.813953488372092943e-03,7.267441860465116178e-04,0.000000000000000000e+00,7.267441860465116178e-04,7.267441860465116178e-04,7.267441860465116178e-04,0.000000000000000000e+00,5.087209302325581758e-03,0.000000000000000000e+00,0.000000000000000000e+00,2.180232558139534853e-03,1.453488372093023236e-03,2.906976744186046471e-03,2.906976744186046471e-03,1.162790697674418589e-02,6.831395348837208947e-02,7.078488372093023617e-01,1.431686046511627952e-01
1.068870523415978019e-01,1.487603305785123974e-02,9.917355371900827068e-03,6.060606060606060601e-03,3.856749311294766034e-03,2.203856749311294567e-03,1.652892561983471034e-03,2.203856749311294567e-03,5.509641873278236417e-04,5.509641873278236417e-04,1.157024793388429680e-02,0.000000000000000000e+00,5.509641873278236417e-04,5.509641873278236417e-04,1.101928374655647283e-03,1.101928374655647283e-03,1.101928374655647283e-03,6.611570247933884134e-03,9.917355371900827068e-03,8.209366391184573508e-02,7.366391184573002349e-01
