5.555555555555555802e-01,5.555555555555555247e-02,0.000000000000000000e+00,0.000000000000000000e+00,5.555555555555555247e-02,0.000000000000000000e+00,0.000000000000000000e+00,1.111111111111111049e-01,1.111111111111111049e-01,0.000000000000000000e+00,5.555555555555555247e-02,0.000000000000000000e+00,0.000000000000000000e+00,5.555555555555555247e-02,0.000000000000000000e+00,0.000000000000000000e+00,0.000000000000000000e+00,0.000000000000000000e+00,0.000000000000000000e+00,0.000000000000000000e+00,0.000000000000000000e+00,0.000000000000000000e+00
1.428571428571428492e-01,4.285714285714285476e-01,0.000000000000000000e+00,1.428571428571428492e-01,1.428571428571428492e-01,0.000000000000000000e+00,0.000000000000000000e+00,0.000000000000000000e+00,1.428571428571428492e-01,0.000000000000000000e+00,0.000000000000000000e+00,0.000000000000000000e+00,0.000000000000000000e+00,0.000000000000000000e+00,0.000000000000000000e+00,0.000000000000000000e+00,0.000000000000000000e+00,0.000000000000000000e+00,0.000000000000000000e+00,0.000000000000000000e+00,0.000000000000000000e+00,0.000000000000000000e+00
0.000000000000000000e+00,0.000000000000000000e+00,0.000000000000000000e+00,0.000000000000000000e+00,0.000000000000000000e+00,0.000000000000000000e+00,2.000000000000000111e-01,2.000000000000000111e-01,2.000000000000000111e-01,0.000000000000000000e+00,2.000000000000000111e-01,0.000000000000000000e+00,0.000000000000000000e+00,2.000000000000000111e-01,0.000000000000000000e+00,0.000000000000000000e+00,0.000000000000000000e+00,0.000000000000000000e+00,0.000000000000000000e+00,0.000000000000000000e+00,0.000000000000000000e+00,0.000000000000000000e+00
0.000000000000000000e+00,0.000000000000000000e+00,0.000000000000000000e+00,5.000000000000000000e-01,7.142857142857142461e-02,0.000000000000000000e+00,7.142857142857142461e-02,7.142857142857142461e-02,1.428571428571428492e-01,7.142857142857142461e-02,0.000000000000000000e+00,0.000000000000000000e+00,0.000000000000000000e+00,7.142857142857142461e-02,0.000000000000000000e+00,0.000000000000000000e+00,0.000000000000000000e+00,0.000000000000000000e+00,0.000000000000000000e+00,0.000000000000000000e+00,0.000000000000000000e+00,0.000000000000000000e+00
0.000000000000000000e+00,0.000000000000000000e+00,0.000000000000000000e+00,0.000000000000000000e+00,7.500000000000000000e-01,3.571428571428571230e-02,7.142857142857142461e-02,3.571428571428571230e-02,0.000000000000000000e+00,7.142857142857142461e-02,3.571428571428571230e-02,0.000000000000000000e+00,0.000000000000000000e+00,0.000000000000000000e+00,0.000000000000000000e+00,0.000000000000000000e+00,0.000000000000000000e+00,0.000000000000000000e+00,0.000000000000000000e+00,0.000000000000000000e+00,0.000000000000000000e+00,0.000000000000000000e+00
0.000000000000000000e+00,1.333333333333333419e-02,0.000000000000000000e+00,0.000000000000000000e+00,0.000000000000000000e+00,8.000000000000000444e-01,2.666666666666666838e-02,2.666666666666666838e-02,2.666666666666666838e-02,1.333333333333333419e-02,6.666666666666666574e-02,2.666666666666666838e-02,0.000000000000000000e+00,0.000000000000000000e+00,0.000000000000000000e+00,0.000000000000000000e+00,0.000000000000000000e+00,0.000000000000000000e+00,0.000000000000000000e+00,0.000000000000000000e+00,0.000000000000000000e+00,0.000000000000000000e+00
0.000000000000000000e+00,0.000000000000000000e+00,6.211180124223602064e-03,6.211180124223602064e-03,6.211180124223602064e-03,1.242236024844720413e-02,6.832298136645962305e-01,3.105590062111801206e-02,3.726708074534161586e-02,7.453416149068323171e-02,4.347826086956521618e-02,8.074534161490683204e-02,1.242236024844720413e-02,0.000000000000000000e+00,6.211180124223602064e-03,0.000000000000000000e+00,0.000000000000000000e+00,0.000000000000000000e+00,0.000000000000000000e+00,0.000000000000000000e+00,0.000000000000000000e+00,0.000000000000000000e+00
4.784688995215310818e-03,0.000000000000000000e+00,0.000000000000000000e+00,9.569377990430621636e-03,0.000000000000000000e+00,4.784688995215310818e-03,1.913875598086124327e-02,5.071770334928229484e-01,1.148325358851674666e-01,9.569377990430621983e-02,1.148325358851674666e-01,8.612440191387560340e-02,3.349282296650717833e-02,4.784688995215310818e-03,0.000000000000000000e+00,0.000000000000000000e+00,0.000000000000000000e+00,0.000000000000000000e+00,0.000000000000000000e+00,0.000000000000000000e+00,0.000000000000000000e+00,4.784688995215310818e-03
3.571428571428571317e-03,8.928571428571428076e-03,0.000000000000000000e+00,0.000000000000000000e+00,0.000000000000000000e+00,3.571428571428571317e-03,8.928571428571428076e-03,3.749999999999999861e-02,6.446428571428571841e-01,1.375000000000000111e-01,8.749999999999999445e-02,4.285714285714285754e-02,1.428571428571428527e-02,7.142857142857142634e-03,3.571428571428571317e-03,0.000000000000000000e+00,0.000000000000000000e+00,0.000000000000000000e+00,0.000000000000000000e+00,0.000000000000000000e+00,0.000000000000000000e+00,0.000000000000000000e+00
2.234636871508379700e-03,0.000000000000000000e+00,0.000000000000000000e+00,2.234636871508379700e-03,3.351955307262569767e-03,0.000000000000000000e+00,1.452513966480446957e-02,2.122905027932960736e-02,6.145251396648044456e-02,5.955307262569832227e-01,1.754189944134078305e-01,9.162011173184357593e-02,2.346368715083798837e-02,6.703910614525139533e-03,0.000000000000000000e+00,2.234636871508379700e-03,0.000000000000000000e+00,0.000000000000000000e+00,0.000000000000000000e+00,0.000000000000000000e+00,0.000000000000000000e+00,0.000000000000000000e+00
2.417794970986460526e-03,9.671179883945841453e-04,0.000000000000000000e+00,4.835589941972920727e-04,2.901353965183752544e-03,3.868471953578336581e-03,7.253384912959380711e-03,1.595744680851063704e-02,2.949709864603481529e-02,7.543520309477756702e-02,6.837524177949709792e-01,1.523210831721470149e-01,1.934235976789168421e-02,3.868471953578336581e-03,9.671179883945841453e-04,9.671179883945841453e-04,0.000000000000000000e+00,0.000000000000000000e+00,0.000000000000000000e+00,0.000000000000000000e+00,0.000000000000000000e+00,0.000000000000000000e+00
1.474926253687315614e-03,1.106194690265486710e-03,1.843657817109144517e-03,1.474926253687315614e-03,1.474926253687315614e-03,1.843657817109144517e-03,5.530973451327433552e-03,1.069321533923303820e-02,2.617994100294985388e-02,3.429203539823008628e-02,1.017699115044247843e-01,7.212389380530973559e-01,7.522123893805310324e-02,1.032448377581120930e-02,3.318584070796460131e-03,7.374631268436578069e-04,0.000000000000000000e+00,3.687315634218289034e-04,3.687315634218289034e-04,0.000000000000000000e+00,0.000000000000000000e+00,7.374631268436578069e-04
4.022526146419951910e-03,1.609010458567980591e-03,1.609010458567980591e-03,8.045052292839902953e-04,3.218020917135961181e-03,4.022526146419951910e-03,4.827031375703941772e-03,1.126307320997586500e-02,1.769911504424778736e-02,2.976669348350764396e-02,4.585679806918745161e-02,1.295253419147224527e-01,6.862429605792437215e-01,4.987932421560740265e-02,4.022526146419951910e-03,1.609010458567980591e-03,8.045052292839902953e-04,1.609010458567980591e-03,0.000000000000000000e+00,0.000000000000000000e+00,0.000000000000000000e+00,1.609010458567980591e-03
2.849002849002849145e-03,2.849002849002849145e-03,8.547008547008547868e-03,5.698005698005698290e-03,0.000000000000000000e+00,8.547008547008547868e-03,2.849002849002849145e-03,1.709401709401709574e-02,1.139601139601139658e-02,1.709401709401709574e-02,3.133903133903134103e-02,9.116809116809117264e-02,1.424501424501424529e-01,5.612535612535612950e-01,7.977207977207977085e-02,8.547008547008547868e-03,5.698005698005698290e-03,0.000000000000000000e+00,2.849002849002849145e-03,0.000000000000000000e+00,0.000000000000000000e+00,0.000000000000000000e+00
3.191489361702127409e-02,0.000000000000000000e+00,0.000000000000000000e+00,0.000000000000000000e+00,1.063829787234042527e-02,0.000000000000000000e+00,1.063829787234042527e-02,2.127659574468085055e-02,2.127659574468085055e-02,2.127659574468085055e-02,3.191489361702127409e-02,3.191489361702127409e-02,8.510638297872340219e-02,2.127659574468085124e-01,3.936170212765957577e-01,6.382978723404254817e-02,2.127659574468085055e-02,1.063829787234042527e-02,0.000000000000000000e+00,2.127659574468085055e-02,0.000000000000000000e+00,1.063829787234042527e-02
2.222222222222222307e-02,0.000000000000000000e+00,0.000000000000000000e+00,0.000000000000000000e+00,2.222222222222222307e-02,0.000000000000000000e+00,0.000000000000000000e+00,0.000000000000000000e+00,0.000000000000000000e+00,0.000000000000000000e+00,2.222222222222222307e-02,6.666666666666666574e-02,6.666666666666666574e-02,6.666666666666666574e-02,6.666666666666666574e-02,4.666666666666666741e-01,1.333333333333333315e-01,0.000000000000000000e+00,2.222222222222222307e-02,4.444444444444444614e-02,0.000000000000000000e+00,0.000000000000000000e+00
0.000000000000000000e+00,0.000000000000000000e+00,0.000000000000000000e+00,0.000000000000000000e+00,0.000000000000000000e+00,0.000000000000000000e+00,0.000000000000000000e+00,0.000000000000000000e+00,0.000000000000000000e+00,0.000000000000000000e+00,4.347826086956521618e-02,0.000000000000000000e+00,1.304347826086956486e-01,1.739130434782608647e-01,8.695652173913043237e-02,0.000000000000000000e+00,2.173913043478260809e-01,8.695652173913043237e-02,1.304347826086956486e-01,0.000000000000000000e+00,4.347826086956521618e-02,8.695652173913043237e-02
0.000000000000000000e+00,0.000000000000000000e+00,0.000000000000000000e+00,7.692307692307692735e-02,0.000000000000000000e+00,0.000000000000000000e+00,7.692307692307692735e-02,0.000000000000000000e+00,7.692307692307692735e-02,0.000000000000000000e+00,0.000000000000000000e+00,0.000000000000000000e+00,2.307692307692307820e-01,0.000000000000000000e+00,0.000000000000000000e+00,0.000000000000000000e+00,7.692307692307692735e-02,1.538461538461538547e-01,7.692307692307692735e-02,7.692307692307692735e-02,0.000000000000000000e+00,1.538461538461538547e-01
0.000000000000000000e+00,0.000000000000000000e+00,0.000000000000000000e+00,0.000000000000000000e+00,0.000000000000000000e+00,5.000000000000000278e-02,0.000000000000000000e+00,0.000000000000000000e+00,0.000000000000000000e+00,0.000000000000000000e+00,5.000000000000000278e-02,1.000000000000000056e-01,5.000000000000000278e-02,5.000000000000000278e-02,0.000000000000000000e+00,0.000000000000000000e+00,1.000000000000000056e-01,1.000000000000000056e-01,4.000000000000000222e-01,5.000000000000000278e-02,0.000000000000000000e+00,5.000000000000000278e-02
0.000000000000000000e+00,8.333333333333332871e-02,0.000000000000000000e+00,0.000000000000000000e+00,0.000000000000000000e+00,0.000000000000000000e+00,0.000000000000000000e+00,0.000000000000000000e+00,0.000000000000000000e+00,0.000000000000000000e+00,0.000000000000000000e+00,0.000000000000000000e+00,8.333333333333332871e-02,0.000000000000000000e+00,8.333333333333332871e-02,0.000000000000000000e+00,2.500000000000000000e-01,0.000000000000000000e+00,0.000000000000000000e+00,2.500000000000000000e-01,0.000000000000000000e+00,2.500000000000000000e-01
0.000000000000000000e+00,0.000000000000000000e+00,0.000000000000000000e+00,0.000000000000000000e+00,0.000000000000000000e+00,0.000000000000000000e+00,1.000000000000000000e+00,0.000000000000000000e+00,0.000000000000000000e+00,0.000000000000000000e+00,0.000000000000000000e+00,0.000000000000000000e+00,0.000000000000000000e+00,0.000000000000000000e+00,0.000000000000000000e+00,0.000000000000000000e+00,0.000000000000000000e+00,0.000000000000000000e+00,0.000000000000000000e+00,0.000000000000000000e+00,0.000000000000000000e+00,0.000000000000000000e+00
6.250000000000000000e-02,2.083333333333333218e-02,0.000000000000000000e+00,0.000000000000000000e+00,0.000000000000000000e+00,0.000000000000000000e+00,0.000000000000000000e+00,0.000000000000000000e+00,0.000000000000000000e+00,0.000000000000000000e+00,0.000000000000000000e+00,2.083333333333333218e-02,0.000000000000000000e+00,2.083333333333333218e-02,2.083333333333333218e-02,4.166666666666666435e-02,0.000000000000000000e+00,4.166666666666666435e-02,6.250000000000000000e-02,2.083333333333333218e-02,0.000000000000000000e+00,6.875000000000000000e-01
