7.663975782038344731e-01,7.971745711402623835e-02,1.564076690211907081e-02,4.036326942482341106e-03,4.540867810292633852e-03,2.018163471241170553e-03,1.009081735620585276e-03,1.009081735620585276e-03,5.045408678102926382e-04,5.045408678102926382e-04,7.063572149344096718e-03,0.000000000000000000e+00,0.000000000000000000e+00,0.000000000000000000e+00,0.000000000000000000e+00,5.045408678102926382e-04,5.045408678102926382e-04,1.009081735620585276e-03,1.009081735620585276e-03,1.362260343087790156e-02,1.009081735620585285e-01
1.832524271844660213e-01,6.152912621359223344e-01,8.859223300970874015e-02,2.669902912621359078e-02,7.281553398058252663e-03,2.427184466019417265e-03,8.495145631067960862e-03,4.854368932038834530e-03,1.213592233009708633e-03,2.427184466019417265e-03,1.213592233009708719e-02,0.000000000000000000e+00,0.000000000000000000e+00,0.000000000000000000e+00,0.000000000000000000e+00,0.000000000000000000e+00,0.000000000000000000e+00,1.213592233009708633e-03,4.854368932038834530e-03,7.281553398058252663e-03,3.398058252427184345e-02
8.201058201058200603e-02,1.746031746031745935e-01,4.947089947089947093e-01,7.936507936507936067e-02,3.439153439153438963e-02,1.587301587301587213e-02,1.322751322751322678e-02,7.936507936507936067e-03,1.322751322751322678e-02,1.322751322751322678e-02,2.116402116402116285e-02,0.000000000000000000e+00,0.000000000000000000e+00,0.000000000000000000e+00,0.000000000000000000e+00,0.000000000000000000e+00,0.000000000000000000e+00,0.000000000000000000e+00,2.645502645502645356e-03,1.058201058201058142e-02,3.703703703703703498e-02
9.890109890109889668e-02,1.428571428571428492e-01,1.868131868131868156e-01,3.186813186813186594e-01,9.340659340659340781e-02,3.296703296703296787e-02,2.197802197802197974e-02,2.747252747252747207e-02,5.494505494505494934e-03,1.098901098901098987e-02,2.197802197802197974e-02,0.000000000000000000e+00,0.000000000000000000e+00,5.494505494505494934e-03,0.000000000000000000e+00,0.000000000000000000e+00,0.000000000000000000e+00,0.000000000000000000e+00,5.494505494505494934e-03,5.494505494505494934e-03,2.197802197802197974e-02
7.936507936507936067e-02,8.730158730158729674e-02,7.142857142857142461e-02,1.111111111111111049e-01,3.571428571428571508e-01,7.142857142857142461e-02,1.587301587301587213e-02,4.761904761904761640e-02,1.587301587301587213e-02,0.000000000000000000e+00,8.730158730158729674e-02,0.000000000000000000e+00,0.000000000000000000e+00,0.000000000000000000e+00,0.000000000000000000e+00,0.000000000000000000e+00,0.000000000000000000e+00,0.000000000000000000e+00,0.000000000000000000e+00,2.380952380952380820e-02,3.174603174603174427e-02
4.166666666666666435e-02,4.166666666666666435e-02,5.555555555555555247e-02,9.722222222222222376e-02,1.111111111111111049e-01,3.194444444444444198e-01,1.111111111111111049e-01,2.777777777777777624e-02,2.777777777777777624e-02,0.000000000000000000e+00,5.555555555555555247e-02,0.000000000000000000e+00,0.000000000000000000e+00,0.000000000000000000e+00,0.000000000000000000e+00,0.000000000000000000e+00,0.000000000000000000e+00,0.000000000000000000e+00,0.000000000000000000e+00,5.555555555555555247e-02,5.555555555555555247e-02
1.587301587301587213e-02,7.936507936507936067e-02,9.523809523809523281e-02,4.761904761904761640e-02,9.523809523809523281e-02,7.936507936507936067e-02,2.857142857142856984e-01,3.174603174603174427e-02,7.936507936507936067e-02,0.000000000000000000e+00,1.587301587301587213e-01,0.000000000000000000e+00,0.000000000000000000e+00,0.000000000000000000e+00,0.000000000000000000e+00,0.000000000000000000e+00,0.000000000000000000e+00,0.000000000000000000e+00,1.587301587301587213e-02,0.000000000000000000e+00,1.587301587301587213e-02
1.694915254237288130e-02,5.084745762711864736e-02,8.474576271186440302e-02,1.694915254237288130e-02,1.694915254237288130e-02,6.779661016949152519e-02,5.084745762711864736e-02,3.559322033898305038e-01,8.474576271186440302e-02,8.474576271186440302e-02,1.186440677966101725e-01,0.000000000000000000e+00,0.000000000000000000e+00,0.000000000000000000e+00,0.000000000000000000e+00,0.000000000000000000e+00,0.000000000000000000e+00,0.000000000000000000e+00,0.000000000000000000e+00,1.694915254237288130e-02,3.389830508474576259e-02
7.317073170731706877e-02,2.439024390243902524e-02,9.756097560975610095e-02,1.219512195121951192e-01,0.000000000000000000e+00,2.439024390243902524e-02,1.219512195121951192e-01,4.878048780487805047e-02,2.195121951219512202e-01,9.756097560975610095e-02,1.707317073170731836e-01,0.000000000000000000e+00,0.000000000000000000e+00,0.000000000000000000e+00,0.000000000000000000e+00,0.000000000000000000e+00,0.000000000000000000e+00,0.000000000000000000e+00,0.000000000000000000e+00,0.000000000000000000e+00,0.000000000000000000e+00
2.631578947368420907e-02,7.894736842105262720e-02,5.263157894736841813e-02,5.263157894736841813e-02,0.000000000000000000e+00,2.631578947368420907e-02,2.631578947368420907e-02,5.263157894736841813e-02,0.000000000000000000e+00,3.157894736842105088e-01,2.894736842105263275e-01,0.000000000000000000e+00,0.000000000000000000e+00,0.000000000000000000e+00,0.000000000000000000e+00,0.000000000000000000e+00,0.000000000000000000e+00,2.631578947368420907e-02,0.000000000000000000e+00,0.000000000000000000e+00,5.263157894736841813e-02
2.928870292887029297e-02,5.020920502092050125e-02,2.928870292887029297e-02,5.020920502092050125e-02,5.439330543933054707e-02,2.092050209205020828e-02,2.928870292887029297e-02,3.765690376569037767e-02,5.439330543933054707e-02,2.928870292887029297e-02,5.481171548117155234e-01,0.000000000000000000e+00,0.000000000000000000e+00,4.184100418410041482e-03,0.000000000000000000e+00,0.000000000000000000e+00,0.000000000000000000e+00,0.000000000000000000e+00,4.184100418410041482e-03,1.673640167364016593e-02,4.184100418410041655e-02
0.000000000000000000e+00,0.000000000000000000e+00,0.000000000000000000e+00,0.000000000000000000e+00,0.000000000000000000e+00,0.000000000000000000e+00,0.000000000000000000e+00,0.000000000000000000e+00,0.000000000000000000e+00,0.000000000000000000e+00,0.000000000000000000e+00,7.804878048780488076e-01,1.219512195121951192e-01,2.439024390243902524e-02,0.000000000000000000e+00,0.000000000000000000e+00,0.000000000000000000e+00,0.000000000000000000e+00,0.000000000000000000e+00,2.439024390243902524e-02,4.878048780487805047e-02
0.000000000000000000e+00,0.000000000000000000e+00,0.000000000000000000e+00,0.000000000000000000e+00,0.000000000000000000e+00,0.000000000000000000e+00,0.000000000000000000e+00,0.000000000000000000e+00,0.000000000000000000e+00,0.000000000000000000e+00,0.000000000000000000e+00,1.016949152542372947e-01,7.457627118644067910e-01,5.084745762711864736e-02,1.694915254237288130e-02,0.000000000000000000e+00,3.389830508474576259e-02,1.694915254237288130e-02,1.694915254237288130e-02,1.694915254237288130e-02,0.000000000000000000e+00
0.000000000000000000e+00,0.000000000000000000e+00,0.000000000000000000e+00,3.225806451612903136e-02,0.000000000000000000e+00,0.000000000000000000e+00,0.000000000000000000e+00,3.225806451612903136e-02,0.000000000000000000e+00,0.000000000000000000e+00,0.000000000000000000e+00,0.000000000000000000e+00,9.677419354838709409e-02,6.451612903225806273e-01,3.225806451612903136e-02,3.225806451612903136e-02,3.225806451612903136e-02,3.225806451612903136e-02,3.225806451612903136e-02,3.225806451612903136e-02,0.000000000000000000e+00
0.000000000000000000e+00,0.000000000000000000e+00,0.000000000000000000e+00,0.000000000000000000e+00,0.000000000000000000e+00,0.000000000000000000e+00,0.000000000000000000e+00,0.000000000000000000e+00,0.000000000000000000e+00,0.000000000000000000e+00,0.000000000000000000e+00,0.000000000000000000e+00,0.000000000000000000e+00,3.571428571428571230e-02,8.750000000000000000e-01,3.571428571428571230e-02,1.785714285714285615e-02,1.785714285714285615e-02,1.785714285714285615e-02,0.000000000000000000e+00,0.000000000000000000e+00
0.000000000000000000e+00,0.000000000000000000e+00,0.000000000000000000e+00,0.000000000000000000e+00,0.000000000000000000e+00,0.000000000000000000e+00,0.000000000000000000e+00,0.000000000000000000e+00,0.000000000000000000e+00,0.000000000000000000e+00,0.000000000000000000e+00,0.000000000000000000e+00,0.000000000000000000e+00,1.724137931034482735e-02,1.724137931034482735e-02,8.965517241379310498e-01,6.896551724137930939e-02,0.000000000000000000e+00,0.000000000000000000e+00,0.000000000000000000e+00,0.000000000000000000e+00
2.597402597402597574e-02,1.298701298701298787e-02,0.000000000000000000e+00,0.000000000000000000e+00,1.298701298701298787e-02,0.000000000000000000e+00,0.000000000000000000e+00,0.000000000000000000e+00,0.000000000000000000e+00,0.000000000000000000e+00,1.298701298701298787e-02,0.000000000000000000e+00,1.298701298701298787e-02,1.298701298701298787e-02,1.298701298701298787e-02,2.597402597402597574e-02,6.103896103896103709e-01,2.207792207792207695e-01,0.000000000000000000e+00,1.298701298701298787e-02,2.597402597402597574e-02
1.282051282051282007e-02,4.273504273504273934e-03,0.000000000000000000e+00,0.000000000000000000e+00,0.000000000000000000e+00,0.000000000000000000e+00,0.000000000000000000e+00,0.000000000000000000e+00,0.000000000000000000e+00,0.000000000000000000e+00,0.000000000000000000e+00,0.000000000000000000e+00,0.000000000000000000e+00,0.000000000000000000e+00,1.709401709401709574e-02,0.000000000000000000e+00,5.555555555555555247e-02,6.880341880341880323e-01,1.452991452991453103e-01,2.991452991452991581e-02,4.700854700854700807e-02
6.864988558352402327e-03,0.000000000000000000e+00,0.000000000000000000e+00,4.576659038901601841e-03,0.000000000000000000e+00,0.000000000000000000e+00,0.000000000000000000e+00,0.000000000000000000e+00,0.000000000000000000e+00,0.000000000000000000e+00,6.864988558352402327e-03,0.000000000000000000e+00,2.288329519450800920e-03,0.000000000000000000e+00,0.000000000000000000e+00,4.576659038901601841e-03,4.576659038901601841e-03,5.720823798627002604e-02,7.551487414187643132e-01,1.281464530892448550e-01,2.974828375286041326e-02
1.119724375538328973e-02,7.751937984496123923e-03,2.583979328165374786e-03,0.000000000000000000e+00,0.000000000000000000e+00,1.722652885443583118e-03,8.613264427217915591e-04,0.000000000000000000e+00,8.613264427217915591e-04,8.613264427217915591e-04,2.583979328165374786e-03,0.000000000000000000e+00,8.613264427217915591e-04,0.000000000000000000e+00,0.000000000000000000e+00,0.000000000000000000e+00,2.583979328165374786e-03,9.474590869939706825e-03,5.254091300602928283e-02,7.855297157622739279e-01,1.205857019810508135e-01
8.183306055646481780e-02,1.022913256955810223e-02,5.728314238952536552e-03,3.273322422258592625e-03,2.454991816693944361e-03,8.183306055646481563e-04,8.183306055646481563e-04,4.091653027823240782e-04,0.000000000000000000e+00,8.183306055646481563e-04,2.864157119476268276e-03,8.183306055646481563e-04,0.000000000000000000e+00,4.091653027823240782e-04,0.000000000000000000e+00,4.091653027823240782e-04,4.091653027823240782e-04,2.454991816693944361e-03,6.137479541734860468e-03,5.605564648117839638e-02,8.240589198036006868e-01
