4.285714285714285476e-01,0.000000000000000000e+00,0.000000000000000000e+00,0.000000000000000000e+00,0.000000000000000000e+00,0.000000000000000000e+00,1.428571428571428492e-01,1.428571428571428492e-01,0.000000000000000000e+00,1.428571428571428492e-01,0.000000000000000000e+00,1.428571428571428492e-01,0.000000000000000000e+00,0.000000000000000000e+00,0.000000000000000000e+00,0.000000000000000000e+00,0.000000000000000000e+00,0.000000000000000000e+00,0.000000000000000000e+00,0.000000000000000000e+00,0.000000000000000000e+00,0.000000000000000000e+00
0.000000000000000000e+00,0.000000000000000000e+00,0.000000000000000000e+00,0.000000000000000000e+00,5.000000000000000000e-01,0.000000000000000000e+00,0.000000000000000000e+00,0.000000000000000000e+00,0.000000000000000000e+00,0.000000000000000000e+00,0.000000000000000000e+00,0.000000000000000000e+00,0.000000000000000000e+00,0.000000000000000000e+00,0.000000000000000000e+00,0.000000000000000000e+00,0.000000000000000000e+00,0.000000000000000000e+00,0.000000000000000000e+00,0.000000000000000000e+00,5.000000000000000000e-01,0.000000000000000000e+00
0.000000000000000000e+00,0.000000000000000000e+00,0.000000000000000000e+00,0.000000000000000000e+00,0.000000000000000000e+00,0.000000000000000000e+00,5.000000000000000000e-01,5.000000000000000000e-01,0.000000000000000000e+00,0.000000000000000000e+00,0.000000000000000000e+00,0.000000000000000000e+00,0.000000000000000000e+00,0.000000000000000000e+00,0.000000000000000000e+00,0.000000000000000000e+00,0.000000000000000000e+00,0.000000000000000000e+00,0.000000000000000000e+00,0.000000000000000000e+00,0.000000000000000000e+00,0.000000000000000000e+00
0.000000000000000000e+00,2.702702702702702853e-02,0.000000000000000000e+00,7.567567567567567988e-01,5.405405405405405705e-02,0.000000000000000000e+00,2.702702702702702853e-02,0.000000000000000000e+00,0.000000000000000000e+00,8.108108108108108558e-02,0.000000000000000000e+00,2.702702702702702853e-02,0.000000000000000000e+00,0.000000000000000000e+00,2.702702702702702853e-02,0.000000000000000000e+00,0.000000000000000000e+00,0.000000000000000000e+00,0.000000000000000000e+00,0.000000000000000000e+00,0.000000000000000000e+00,0.000000000000000000e+00
2.127659574468085055e-02,0.000000000000000000e+00,0.000000000000000000e+00,4.255319148936170109e-02,7.234042553191489811e-01,2.127659574468085055e-02,6.382978723404254817e-02,2.127659574468085055e-02,2.127659574468085055e-02,4.255319148936170109e-02,0.000000000000000000e+00,2.127659574468085055e-02,2.127659574468085055e-02,0.000000000000000000e+00,0.000000000000000000e+00,0.000000000000000000e+00,0.000000000000000000e+00,0.000000000000000000e+00,0.000000000000000000e+00,0.000000000000000000e+00,0.000000000000000000e+00,0.000000000000000000e+00
3.125000000000000000e-02,0.000000000000000000e+00,3.125000000000000000e-02,0.000000000000000000e+00,0.000000000000000000e+00,5.000000000000000000e-01,9.375000000000000000e-02,9.375000000000000000e-02,3.125000000000000000e-02,0.000000000000000000e+00,9.375000000000000000e-02,6.250000000000000000e-02,0.000000000000000000e+00,0.000000000000000000e+00,0.000000000000000000e+00,0.000000000000000000e+00,3.125000000000000000e-02,0.000000000000000000e+00,0.000000000000000000e+00,0.000000000000000000e+00,0.000000000000000000e+00,3.125000000000000000e-02
0.000000000000000000e+00,0.000000000000000000e+00,0.000000000000000000e+00,1.282051282051282007e-02,6.410256410256409687e-02,6.410256410256409687e-02,6.025641025641025328e-01,2.564102564102564014e-02,8.974358974358974395e-02,1.282051282051282007e-02,2.564102564102564014e-02,2.564102564102564014e-02,3.846153846153846367e-02,1.282051282051282007e-02,0.000000000000000000e+00,0.000000000000000000e+00,1.282051282051282007e-02,0.000000000000000000e+00,0.000000000000000000e+00,0.000000000000000000e+00,1.282051282051282007e-02,0.000000000000000000e+00
1.000000000000000021e-02,0.000000000000000000e+00,0.000000000000000000e+00,2.999999999999999889e-02,1.000000000000000021e-02,4.000000000000000083e-02,4.000000000000000083e-02,5.799999999999999600e-01,1.000000000000000056e-01,5.999999999999999778e-02,5.000000000000000278e-02,2.999999999999999889e-02,1.000000000000000021e-02,1.000000000000000021e-02,1.000000000000000021e-02,0.000000000000000000e+00,0.000000000000000000e+00,0.000000000000000000e+00,0.000000000000000000e+00,0.000000000000000000e+00,0.000000000000000000e+00,2.000000000000000042e-02
4.464285714285714038e-03,0.000000000000000000e+00,0.000000000000000000e+00,8.928571428571428076e-03,0.000000000000000000e+00,0.000000000000000000e+00,3.125000000000000000e-02,5.803571428571428770e-02,5.669642857142856984e-01,1.562500000000000000e-01,1.116071428571428631e-01,4.464285714285714385e-02,4.464285714285714038e-03,4.464285714285714038e-03,8.928571428571428076e-03,0.000000000000000000e+00,0.000000000000000000e+00,0.000000000000000000e+00,0.000000000000000000e+00,0.000000000000000000e+00,0.000000000000000000e+00,0.000000000000000000e+00
0.000000000000000000e+00,0.000000000000000000e+00,0.000000000000000000e+00,0.000000000000000000e+00,0.000000000000000000e+00,2.053388090349076052e-03,8.213552361396304208e-03,2.874743326488706299e-02,1.129363449691991733e-01,6.488706365503079665e-01,1.314168377823408673e-01,4.517453798767967488e-02,1.437371663244353150e-02,2.053388090349076052e-03,0.000000000000000000e+00,2.053388090349076052e-03,0.000000000000000000e+00,0.000000000000000000e+00,0.000000000000000000e+00,2.053388090349076052e-03,0.000000000000000000e+00,2.053388090349076052e-03
1.443001443001443000e-03,0.000000000000000000e+00,0.000000000000000000e+00,0.000000000000000000e+00,1.443001443001443000e-03,1.443001443001443000e-03,1.443001443001443000e-03,5.772005772005772001e-03,1.587301587301587213e-02,1.298701298701298579e-01,6.796536796536796210e-01,1.197691197691197751e-01,1.731601731601731600e-02,1.154401154401154400e-02,2.886002886002886000e-03,4.329004329004329001e-03,2.886002886002886000e-03,0.000000000000000000e+00,0.000000000000000000e+00,0.000000000000000000e+00,0.000000000000000000e+00,4.329004329004329001e-03
0.000000000000000000e+00,1.652892561983471034e-03,0.000000000000000000e+00,0.000000000000000000e+00,0.000000000000000000e+00,1.652892561983471034e-03,1.652892561983471034e-03,1.652892561983471034e-03,1.322314049586776827e-02,2.148760330578512387e-02,1.966942148760330578e-01,6.181818181818181657e-01,8.429752066115701881e-02,2.644628099173553654e-02,8.264462809917355601e-03,9.917355371900827068e-03,3.305785123966942067e-03,3.305785123966942067e-03,0.000000000000000000e+00,1.652892561983471034e-03,0.000000000000000000e+00,6.611570247933884134e-03
0.000000000000000000e+00,0.000000000000000000e+00,0.000000000000000000e+00,0.000000000000000000e+00,0.000000000000000000e+00,3.690036900369003583e-03,3.690036900369003583e-03,3.690036900369003583e-03,0.000000000000000000e+00,3.690036900369003583e-03,4.797047970479705048e-02,2.287822878228782386e-01,5.830258302583025687e-01,4.797047970479705048e-02,1.845018450184501835e-02,1.476014760147601433e-02,3.690036900369003583e-03,2.214022140221402063e-02,3.690036900369003583e-03,0.000000000000000000e+00,0.000000000000000000e+00,1.476014760147601433e-02
0.000000000000000000e+00,0.000000000000000000e+00,0.000000000000000000e+00,0.000000000000000000e+00,0.000000000000000000e+00,0.000000000000000000e+00,8.064516129032257841e-03,0.000000000000000000e+00,8.064516129032257841e-03,0.000000000000000000e+00,3.225806451612903136e-02,1.048387096774193589e-01,2.580645161290322509e-01,4.435483870967741882e-01,4.838709677419354704e-02,3.225806451612903136e-02,8.064516129032257841e-03,1.612903225806451568e-02,8.064516129032257841e-03,8.064516129032257841e-03,0.000000000000000000e+00,2.419354838709677352e-02
0.000000000000000000e+00,0.000000000000000000e+00,0.000000000000000000e+00,0.000000000000000000e+00,0.000000000000000000e+00,0.000000000000000000e+00,0.000000000000000000e+00,0.000000000000000000e+00,0.000000000000000000e+00,0.000000000000000000e+00,4.347826086956521618e-02,2.826086956521738913e-01,1.521739130434782705e-01,1.956521739130434867e-01,2.173913043478260809e-01,2.173913043478260809e-02,6.521739130434782428e-02,0.000000000000000000e+00,0.000000000000000000e+00,0.000000000000000000e+00,0.000000000000000000e+00,2.173913043478260809e-02
0.000000000000000000e+00,0.000000000000000000e+00,0.000000000000000000e+00,0.000000000000000000e+00,0.000000000000000000e+00,0.000000000000000000e+00,3.448275862068965469e-02,0.000000000000000000e+00,0.000000000000000000e+00,0.000000000000000000e+00,1.379310344827586188e-01,1.034482758620689641e-01,3.448275862068965469e-02,1.034482758620689641e-01,1.379310344827586188e-01,2.413793103448275967e-01,1.379310344827586188e-01,0.000000000000000000e+00,0.000000000000000000e+00,0.000000000000000000e+00,0.000000000000000000e+00,6.896551724137930939e-02
0.000000000000000000e+00,0.000000000000000000e+00,0.000000000000000000e+00,0.000000000000000000e+00,0.000000000000000000e+00,0.000000000000000000e+00,0.000000000000000000e+00,0.000000000000000000e+00,0.000000000000000000e+00,0.000000000000000000e+00,8.695652173913043237e-02,8.695652173913043237e-02,8.695652173913043237e-02,8.695652173913043237e-02,1.304347826086956486e-01,1.304347826086956486e-01,2.608695652173912971e-01,0.000000000000000000e+00,0.000000000000000000e+00,4.347826086956521618e-02,4.347826086956521618e-02,4.347826086956521618e-02
0.000000000000000000e+00,0.000000000000000000e+00,0.000000000000000000e+00,0.000000000000000000e+00,0.000000000000000000e+00,0.000000000000000000e+00,0.000000000000000000e+00,0.000000000000000000e+00,0.000000000000000000e+00,0.000000000000000000e+00,0.000000000000000000e+00,0.000000000000000000e+00,2.999999999999999889e-01,2.999999999999999889e-01,1.000000000000000056e-01,0.000000000000000000e+00,1.000000000000000056e-01,1.000000000000000056e-01,0.000000000000000000e+00,0.000000000000000000e+00,0.000000000000000000e+00,1.000000000000000056e-01
0.000000000000000000e+00,0.000000000000000000e+00,0.000000000000000000e+00,0.000000000000000000e+00,0.000000000000000000e+00,0.000000000000000000e+00,0.000000000000000000e+00,0.000000000000000000e+00,0.000000000000000000e+00,0.000000000000000000e+00,0.000000000000000000e+00,0.000000000000000000e+00,0.000000000000000000e+00,1.000000000000000000e+00,0.000000000000000000e+00,0.000000000000000000e+00,0.000000000000000000e+00,0.000000000000000000e+00,0.000000000000000000e+00,0.000000000000000000e+00,0.000000000000000000e+00,0.000000000000000000e+00
0.000000000000000000e+00,0.000000000000000000e+00,0.000000000000000000e+00,0.000000000000000000e+00,0.000000000000000000e+00,0.000000000000000000e+00,0.000000000000000000e+00,0.000000000000000000e+00,0.000000000000000000e+00,0.000000000000000000e+00,0.000000000000000000e+00,0.000000000000000000e+00,2.000000000000000111e-01,0.000000000000000000e+00,0.000000000000000000e+00,0.000000000000000000e+00,2.000000000000000111e-01,0.000000000000000000e+00,0.000000000000000000e+00,0.000000000000000000e+00,2.000000000000000111e-01,4.000000000000000222e-01
0.000000000000000000e+00,0.000000000000000000e+00,0.000000000000000000e+00,0.000000000000000000e+00,0.000000000000000000e+00,0.000000000000000000e+00,0.000000000000000000e+00,0.000000000000000000e+00,0.000000000000000000e+00,0.000000000000000000e+00,0.000000000000000000e+00,2.000000000000000111e-01,0.000000000000000000e+00,0.000000000000000000e+00,0.000000000000000000e+00,0.000000000000000000e+00,0.000000000000000000e+00,0.000000000000000000e+00,0.000000000000000000e+00,0.000000000000000000e+00,2.000000000000000111e-01,5.999999999999999778e-01
0.000000000000000000e+00,0.000000000000000000e+00,0.000000000000000000e+00,0.000000000000000000e+00,0.000000000000000000e+00,0.000000000000000000e+00,0.000000000000000000e+00,0.000000000000000000e+00,0.000000000000000000e+00,0.000000000000000000e+00,0.000000000000000000e+00,1.162790697674418589e-01,6.976744186046511531e-02,4.651162790697674354e-02,6.976744186046511531e-02,2.325581395348837177e-02,2.325581395348837177e-02,2.325581395348837177e-02,0.000000000000000000e+00,4.651162790697674354e-02,6.976744186046511531e-02,5.116279069767442067e-01
