9.015151515151514916e-01,3.787878787878787984e-02,1.515151515151515194e-02,0.000000000000000000e+00,0.000000000000000000e+00,7.575757575757575968e-03,7.575757575757575968e-03,0.000000000000000000e+00,0.000000000000000000e+00,0.000000000000000000e+00,0.000000000000000000e+00,0.000000000000000000e+00,0.000000000000000000e+00,0.000000000000000000e+00,0.000000000000000000e+00,7.575757575757575968e-03,0.000000000000000000e+00,0.000000000000000000e+00,0.000000000000000000e+00,0.000000000000000000e+00,0.000000000000000000e+00,2.272727272727272790e-02
1.499999999999999944e-01,3.499999999999999778e-01,2.000000000000000111e-01,1.000000000000000056e-01,1.000000000000000056e-01,5.000000000000000278e-02,0.000000000000000000e+00,0.000000000000000000e+00,0.000000000000000000e+00,0.000000000000000000e+00,0.000000000000000000e+00,0.000000000000000000e+00,0.000000000000000000e+00,0.000000000000000000e+00,0.000000000000000000e+00,0.000000000000000000e+00,0.000000000000000000e+00,0.000000000000000000e+00,0.000000000000000000e+00,0.000000000000000000e+00,0.000000000000000000e+00,5.000000000000000278e-02
1.515151515151515194e-02,4.545454545454545581e-02,6.969696969696970168e-01,1.060606060606060635e-01,4.545454545454545581e-02,1.515151515151515194e-02,1.515151515151515194e-02,1.515151515151515194e-02,1.515151515151515194e-02,0.000000000000000000e+00,1.515151515151515194e-02,0.000000000000000000e+00,0.000000000000000000e+00,0.000000000000000000e+00,0.000000000000000000e+00,0.000000000000000000e+00,0.000000000000000000e+00,1.515151515151515194e-02,0.000000000000000000e+00,0.000000000000000000e+00,0.000000000000000000e+00,0.000000000000000000e+00
0.000000000000000000e+00,0.000000000000000000e+00,1.590909090909090884e-01,6.136363636363636465e-01,1.363636363636363535e-01,0.000000000000000000e+00,2.272727272727272790e-02,2.272727272727272790e-02,0.000000000000000000e+00,0.000000000000000000e+00,0.000000000000000000e+00,0.000000000000000000e+00,0.000000000000000000e+00,0.000000000000000000e+00,2.272727272727272790e-02,0.000000000000000000e+00,0.000000000000000000e+00,2.272727272727272790e-02,0.000000000000000000e+00,0.000000000000000000e+00,0.000000000000000000e+00,0.000000000000000000e+00
1.923076923076923184e-02,2.884615384615384776e-02,0.000000000000000000e+00,3.846153846153846367e-02,6.634615384615384359e-01,1.250000000000000000e-01,2.884615384615384776e-02,9.615384615384615918e-03,5.769230769230769551e-02,0.000000000000000000e+00,0.000000000000000000e+00,0.000000000000000000e+00,0.000000000000000000e+00,0.000000000000000000e+00,0.000000000000000000e+00,9.615384615384615918e-03,0.000000000000000000e+00,9.615384615384615918e-03,0.000000000000000000e+00,0.000000000000000000e+00,0.000000000000000000e+00,9.615384615384615918e-03
1.282051282051282007e-02,6.410256410256410034e-03,6.410256410256410034e-03,0.000000000000000000e+00,5.128205128205128027e-02,6.666666666666666297e-01,1.923076923076923184e-01,1.282051282051282007e-02,6.410256410256410034e-03,0.000000000000000000e+00,6.410256410256410034e-03,6.410256410256410034e-03,6.410256410256410034e-03,0.000000000000000000e+00,0.000000000000000000e+00,0.000000000000000000e+00,0.000000000000000000e+00,6.410256410256410034e-03,0.000000000000000000e+00,6.410256410256410034e-03,0.000000000000000000e+00,1.282051282051282007e-02
0.000000000000000000e+00,8.474576271186440649e-03,4.237288135593220324e-03,0.000000000000000000e+00,1.271186440677966184e-02,1.144067796610169496e-01,6.228813559322033955e-01,1.610169491525423602e-01,3.389830508474576259e-02,2.118644067796610075e-02,0.000000000000000000e+00,4.237288135593220324e-03,0.000000000000000000e+00,4.237288135593220324e-03,0.000000000000000000e+00,4.237288135593220324e-03,0.000000000000000000e+00,0.000000000000000000e+00,0.000000000000000000e+00,0.000000000000000000e+00,0.000000000000000000e+00,8.474576271186440649e-03
0.000000000000000000e+00,0.000000000000000000e+00,3.039513677811550140e-03,0.000000000000000000e+00,3.039513677811550140e-03,6.079027355623100280e-03,8.206686930091185161e-02,6.808510638297872175e-01,1.306990881458966469e-01,3.647416413373859995e-02,1.519756838905775113e-02,3.039513677811550140e-03,6.079027355623100280e-03,3.039513677811550140e-03,6.079027355623100280e-03,6.079027355623100280e-03,0.000000000000000000e+00,0.000000000000000000e+00,0.000000000000000000e+00,0.000000000000000000e+00,0.000000000000000000e+00,1.823708206686929997e-02
0.000000000000000000e+00,2.770083102493074798e-03,0.000000000000000000e+00,0.000000000000000000e+00,1.662049861495844966e-02,2.770083102493074798e-03,2.493074792243767449e-02,1.052631578947368363e-01,6.232686980609418725e-01,1.191135734072022168e-01,6.371191135734072253e-02,8.310249307479224828e-03,2.770083102493074798e-03,8.310249307479224828e-03,2.770083102493074798e-03,2.770083102493074798e-03,0.000000000000000000e+00,0.000000000000000000e+00,0.000000000000000000e+00,2.770083102493074798e-03,0.000000000000000000e+00,1.385041551246537356e-02
0.000000000000000000e+00,0.000000000000000000e+00,0.000000000000000000e+00,0.000000000000000000e+00,0.000000000000000000e+00,0.000000000000000000e+00,4.901960784313725422e-03,3.186274509803921351e-02,9.068627450980391858e-02,6.936274509803921351e-01,1.127450980392156882e-01,1.225490196078431356e-02,1.225490196078431356e-02,4.901960784313725422e-03,4.901960784313725422e-03,0.000000000000000000e+00,0.000000000000000000e+00,0.000000000000000000e+00,0.000000000000000000e+00,4.901960784313725422e-03,2.450980392156862711e-03,2.450980392156862711e-02
0.000000000000000000e+00,0.000000000000000000e+00,0.000000000000000000e+00,0.000000000000000000e+00,0.000000000000000000e+00,0.000000000000000000e+00,3.184713375796178504e-03,1.592356687898089165e-02,3.184713375796178331e-02,1.687898089171974425e-01,5.732484076433120856e-01,1.050955414012738898e-01,3.184713375796178331e-02,6.369426751592357008e-03,6.369426751592357008e-03,1.273885350318471402e-02,3.184713375796178504e-03,3.184713375796178504e-03,3.184713375796178504e-03,3.184713375796178504e-03,0.000000000000000000e+00,3.184713375796178331e-02
0.000000000000000000e+00,0.000000000000000000e+00,0.000000000000000000e+00,0.000000000000000000e+00,0.000000000000000000e+00,0.000000000000000000e+00,6.993006993006993001e-03,1.398601398601398600e-02,3.496503496503496761e-02,8.391608391608391948e-02,1.888111888111888015e-01,3.986013986013985932e-01,1.118881118881118880e-01,4.895104895104895187e-02,2.797202797202797200e-02,1.398601398601398600e-02,1.398601398601398600e-02,1.398601398601398600e-02,1.398601398601398600e-02,6.993006993006993001e-03,0.000000000000000000e+00,2.097902097902097987e-02
0.000000000000000000e+00,0.000000000000000000e+00,0.000000000000000000e+00,0.000000000000000000e+00,0.000000000000000000e+00,0.000000000000000000e+00,2.083333333333333218e-02,3.125000000000000000e-02,2.083333333333333218e-02,2.083333333333333218e-02,9.375000000000000000e-02,1.145833333333333287e-01,3.958333333333333148e-01,1.562500000000000000e-01,1.041666666666666609e-02,2.083333333333333218e-02,1.041666666666666609e-02,2.083333333333333218e-02,1.041666666666666609e-02,0.000000000000000000e+00,1.041666666666666609e-02,6.250000000000000000e-02
0.000000000000000000e+00,0.000000000000000000e+00,0.000000000000000000e+00,0.000000000000000000e+00,0.000000000000000000e+00,0.000000000000000000e+00,3.030303030303030387e-02,1.515151515151515194e-02,7.575757575757575968e-02,9.090909090909091161e-02,7.575757575757575968e-02,1.363636363636363535e-01,1.515151515151515194e-01,2.424242424242424310e-01,7.575757575757575968e-02,0.000000000000000000e+00,1.515151515151515194e-02,1.515151515151515194e-02,1.515151515151515194e-02,1.515151515151515194e-02,0.000000000000000000e+00,4.545454545454545581e-02
0.000000000000000000e+00,0.000000000000000000e+00,0.000000000000000000e+00,2.000000000000000042e-02,0.000000000000000000e+00,0.000000000000000000e+00,0.000000000000000000e+00,2.000000000000000042e-02,2.000000000000000042e-02,1.199999999999999956e-01,4.000000000000000083e-02,1.000000000000000056e-01,4.000000000000000083e-02,1.000000000000000056e-01,2.999999999999999889e-01,1.000000000000000056e-01,2.000000000000000042e-02,2.000000000000000042e-02,2.000000000000000042e-02,4.000000000000000083e-02,2.000000000000000042e-02,2.000000000000000042e-02
0.000000000000000000e+00,0.000000000000000000e+00,0.000000000000000000e+00,2.040816326530612082e-02,0.000000000000000000e+00,2.040816326530612082e-02,0.000000000000000000e+00,2.040816326530612082e-02,2.040816326530612082e-02,0.000000000000000000e+00,1.020408163265306145e-01,2.040816326530612082e-02,2.040816326530612082e-02,2.040816326530612082e-02,1.020408163265306145e-01,3.469387755102040782e-01,6.122448979591836593e-02,0.000000000000000000e+00,8.163265306122448328e-02,2.040816326530612082e-02,0.000000000000000000e+00,1.428571428571428492e-01
2.702702702702702853e-02,0.000000000000000000e+00,0.000000000000000000e+00,0.000000000000000000e+00,0.000000000000000000e+00,0.000000000000000000e+00,0.000000000000000000e+00,2.702702702702702853e-02,0.000000000000000000e+00,0.000000000000000000e+00,5.405405405405405705e-02,1.081081081081081141e-01,8.108108108108108558e-02,5.405405405405405705e-02,0.000000000000000000e+00,1.081081081081081141e-01,4.054054054054054279e-01,5.405405405405405705e-02,0.000000000000000000e+00,0.000000000000000000e+00,0.000000000000000000e+00,8.108108108108108558e-02
2.439024390243902524e-02,0.000000000000000000e+00,0.000000000000000000e+00,0.000000000000000000e+00,0.000000000000000000e+00,2.439024390243902524e-02,2.439024390243902524e-02,0.000000000000000000e+00,0.000000000000000000e+00,0.000000000000000000e+00,0.000000000000000000e+00,7.317073170731706877e-02,1.219512195121951192e-01,2.439024390243902524e-02,2.439024390243902524e-02,2.439024390243902524e-02,7.317073170731706877e-02,4.146341463414633943e-01,4.878048780487805047e-02,4.878048780487805047e-02,0.000000000000000000e+00,7.317073170731706877e-02
0.000000000000000000e+00,0.000000000000000000e+00,0.000000000000000000e+00,0.000000000000000000e+00,0.000000000000000000e+00,0.000000000000000000e+00,0.000000000000000000e+00,0.000000000000000000e+00,0.000000000000000000e+00,0.000000000000000000e+00,0.000000000000000000e+00,4.761904761904761640e-02,4.761904761904761640e-02,4.761904761904761640e-02,9.523809523809523281e-02,4.761904761904761640e-02,9.523809523809523281e-02,1.428571428571428492e-01,2.380952380952380820e-01,0.000000000000000000e+00,4.761904761904761640e-02,1.904761904761904656e-01
0.000000000000000000e+00,0.000000000000000000e+00,0.000000000000000000e+00,0.000000000000000000e+00,0.000000000000000000e+00,0.000000000000000000e+00,0.000000000000000000e+00,0.000000000000000000e+00,9.523809523809523281e-02,0.000000000000000000e+00,4.761904761904761640e-02,9.523809523809523281e-02,9.523809523809523281e-02,4.761904761904761640e-02,9.523809523809523281e-02,0.000000000000000000e+00,0.000000000000000000e+00,9.523809523809523281e-02,4.761904761904761640e-02,2.857142857142856984e-01,4.761904761904761640e-02,4.761904761904761640e-02
0.000000000000000000e+00,0.000000000000000000e+00,1.111111111111111049e-01,0.000000000000000000e+00,0.000000000000000000e+00,0.000000000000000000e+00,0.000000000000000000e+00,0.000000000000000000e+00,0.000000000000000000e+00,0.000000000000000000e+00,0.000000000000000000e+00,1.111111111111111049e-01,0.000000000000000000e+00,0.000000000000000000e+00,1.111111111111111049e-01,0.000000000000000000e+00,0.000000000000000000e+00,0.000000000000000000e+00,0.000000000000000000e+00,2.222222222222222099e-01,1.111111111111111049e-01,3.333333333333333148e-01
2.380952380952380820e-02,0.000000000000000000e+00,0.000000000000000000e+00,0.000000000000000000e+00,0.000000000000000000e+00,5.952380952380952051e-03,5.952380952380952051e-03,5.952380952380952051e-03,1.785714285714285615e-02,1.785714285714285615e-02,4.761904761904761640e-02,2.380952380952380820e-02,2.380952380952380820e-02,2.976190476190476025e-02,1.785714285714285615e-02,4.761904761904761640e-02,3.571428571428571230e-02,3.571428571428571230e-02,2.380952380952380820e-02,2.976190476190476025e-02,1.190476190476190410e-02,5.952380952380952328e-01
