5.714285714285713969e-01,0.000000000000000000e+00,1.428571428571428492e-01,0.000000000000000000e+00,1.428571428571428492e-01,1.428571428571428492e-01,0.000000000000000000e+00,0.000000000000000000e+00,0.000000000000000000e+00,0.000000000000000000e+00,0.000000000000000000e+00,0.000000000000000000e+00,0.000000000000000000e+00,0.000000000000000000e+00,0.000000000000000000e+00,0.000000000000000000e+00,0.000000000000000000e+00,0.000000000000000000e+00,0.000000000000000000e+00,0.000000000000000000e+00,0.000000000000000000e+00,0.000000000000000000e+00
0.000000000000000000e+00,9.662921348314607028e-01,3.370786516853932491e-02,0.000000000000000000e+00,0.000000000000000000e+00,0.000000000000000000e+00,0.000000000000000000e+00,0.000000000000000000e+00,0.000000000000000000e+00,0.000000000000000000e+00,0.000000000000000000e+00,0.000000000000000000e+00,0.000000000000000000e+00,0.000000000000000000e+00,0.000000000000000000e+00,0.000000000000000000e+00,0.000000000000000000e+00,0.000000000000000000e+00,0.000000000000000000e+00,0.000000000000000000e+00,0.000000000000000000e+00,0.000000000000000000e+00
0.000000000000000000e+00,1.086956521739130405e-02,7.282608695652174058e-01,2.282608695652173780e-01,2.173913043478260809e-02,0.000000000000000000e+00,0.000000000000000000e+00,0.000000000000000000e+00,0.000000000000000000e+00,0.000000000000000000e+00,0.000000000000000000e+00,0.000000000000000000e+00,0.000000000000000000e+00,0.000000000000000000e+00,0.000000000000000000e+00,0.000000000000000000e+00,0.000000000000000000e+00,0.000000000000000000e+00,1.086956521739130405e-02,0.000000000000000000e+00,0.000000000000000000e+00,0.000000000000000000e+00
0.000000000000000000e+00,1.615508885298869244e-03,3.554119547657512423e-02,8.206785137318255430e-01,1.195476575121163232e-01,1.615508885298869157e-02,3.231017770597738488e-03,0.000000000000000000e+00,0.000000000000000000e+00,0.000000000000000000e+00,0.000000000000000000e+00,1.615508885298869244e-03,0.000000000000000000e+00,0.000000000000000000e+00,1.615508885298869244e-03,0.000000000000000000e+00,0.000000000000000000e+00,0.000000000000000000e+00,0.000000000000000000e+00,0.000000000000000000e+00,0.000000000000000000e+00,0.000000000000000000e+00
2.155172413793103418e-03,1.077586206896551709e-03,4.310344827586206837e-03,5.495689655172413673e-02,8.157327586206896131e-01,9.913793103448276245e-02,6.465517241379310255e-03,4.310344827586206837e-03,2.155172413793103418e-03,2.155172413793103418e-03,1.077586206896551709e-03,1.077586206896551709e-03,0.000000000000000000e+00,0.000000000000000000e+00,1.077586206896551709e-03,0.000000000000000000e+00,2.155172413793103418e-03,0.000000000000000000e+00,0.000000000000000000e+00,0.000000000000000000e+00,0.000000000000000000e+00,2.155172413793103418e-03
0.000000000000000000e+00,0.000000000000000000e+00,2.020202020202020200e-03,3.434343434343434254e-02,1.555555555555555580e-01,6.626262626262626743e-01,7.676767676767676241e-02,2.222222222222222307e-02,1.414141414141414227e-02,2.020202020202020200e-03,0.000000000000000000e+00,2.020202020202020200e-03,4.040404040404040401e-03,2.020202020202020200e-03,2.020202020202020200e-03,2.020202020202020200e-03,4.040404040404040401e-03,2.020202020202020200e-03,4.040404040404040401e-03,2.020202020202020200e-03,0.000000000000000000e+00,6.060606060606060601e-03
0.000000000000000000e+00,0.000000000000000000e+00,0.000000000000000000e+00,2.112676056338028130e-02,6.338028169014084390e-02,2.323943661971830943e-01,4.718309859154929398e-01,1.267605633802816878e-01,7.042253521126760722e-03,2.816901408450704289e-02,7.042253521126760722e-03,7.042253521126760722e-03,7.042253521126760722e-03,0.000000000000000000e+00,0.000000000000000000e+00,0.000000000000000000e+00,1.408450704225352144e-02,0.000000000000000000e+00,0.000000000000000000e+00,0.000000000000000000e+00,7.042253521126760722e-03,7.042253521126760722e-03
0.000000000000000000e+00,0.000000000000000000e+00,0.000000000000000000e+00,2.777777777777777624e-02,4.166666666666666435e-02,1.111111111111111049e-01,1.527777777777777901e-01,3.472222222222222099e-01,1.944444444444444475e-01,5.555555555555555247e-02,1.388888888888888812e-02,1.388888888888888812e-02,2.777777777777777624e-02,0.000000000000000000e+00,0.000000000000000000e+00,0.000000000000000000e+00,0.000000000000000000e+00,0.000000000000000000e+00,0.000000000000000000e+00,0.000000000000000000e+00,0.000000000000000000e+00,1.388888888888888812e-02
0.000000000000000000e+00,0.000000000000000000e+00,1.408450704225352144e-02,0.000000000000000000e+00,2.816901408450704289e-02,7.042253521126760896e-02,8.450704225352112520e-02,8.450704225352112520e-02,5.352112676056337559e-01,5.633802816901408578e-02,4.225352112676056260e-02,1.408450704225352144e-02,4.225352112676056260e-02,1.408450704225352144e-02,0.000000000000000000e+00,0.000000000000000000e+00,0.000000000000000000e+00,0.000000000000000000e+00,1.408450704225352144e-02,0.000000000000000000e+00,0.000000000000000000e+00,0.000000000000000000e+00
0.000000000000000000e+00,0.000000000000000000e+00,0.000000000000000000e+00,2.631578947368420907e-02,1.052631578947368363e-01,5.263157894736841813e-02,2.631578947368420907e-02,2.631578947368420907e-02,1.315789473684210453e-01,5.000000000000000000e-01,2.631578947368420907e-02,5.263157894736841813e-02,0.000000000000000000e+00,2.631578947368420907e-02,0.000000000000000000e+00,0.000000000000000000e+00,0.000000000000000000e+00,0.000000000000000000e+00,0.000000000000000000e+00,0.000000000000000000e+00,0.000000000000000000e+00,2.631578947368420907e-02
0.000000000000000000e+00,0.000000000000000000e+00,0.000000000000000000e+00,0.000000000000000000e+00,1.250000000000000000e-01,6.250000000000000000e-02,1.875000000000000000e-01,0.000000000000000000e+00,1.250000000000000000e-01,6.250000000000000000e-02,3.125000000000000000e-01,0.000000000000000000e+00,0.000000000000000000e+00,0.000000000000000000e+00,6.250000000000000000e-02,6.250000000000000000e-02,0.000000000000000000e+00,0.000000000000000000e+00,0.000000000000000000e+00,0.000000000000000000e+00,0.000000000000000000e+00,0.000000000000000000e+00
0.000000000000000000e+00,0.000000000000000000e+00,0.000000000000000000e+00,2.941176470588235253e-02,8.823529411764706454e-02,0.000000000000000000e+00,2.941176470588235253e-02,2.941176470588235253e-02,5.882352941176470507e-02,2.941176470588235253e-02,2.941176470588235253e-02,5.000000000000000000e-01,5.882352941176470507e-02,5.882352941176470507e-02,2.941176470588235253e-02,0.000000000000000000e+00,0.000000000000000000e+00,0.000000000000000000e+00,2.941176470588235253e-02,0.000000000000000000e+00,0.000000000000000000e+00,2.941176470588235253e-02
0.000000000000000000e+00,0.000000000000000000e+00,0.000000000000000000e+00,2.941176470588235253e-02,0.000000000000000000e+00,0.000000000000000000e+00,2.941176470588235253e-02,5.882352941176470507e-02,0.000000000000000000e+00,8.823529411764706454e-02,0.000000000000000000e+00,8.823529411764706454e-02,3.823529411764705621e-01,1.176470588235294101e-01,2.941176470588235253e-02,5.882352941176470507e-02,2.941176470588235253e-02,5.882352941176470507e-02,2.941176470588235253e-02,0.000000000000000000e+00,0.000000000000000000e+00,0.000000000000000000e+00
0.000000000000000000e+00,0.000000000000000000e+00,0.000000000000000000e+00,0.000000000000000000e+00,0.000000000000000000e+00,4.166666666666666435e-02,0.000000000000000000e+00,0.000000000000000000e+00,0.000000000000000000e+00,4.166666666666666435e-02,4.166666666666666435e-02,1.250000000000000000e-01,1.250000000000000000e-01,3.333333333333333148e-01,1.250000000000000000e-01,8.333333333333332871e-02,0.000000000000000000e+00,0.000000000000000000e+00,0.000000000000000000e+00,0.000000000000000000e+00,0.000000000000000000e+00,8.333333333333332871e-02
0.000000000000000000e+00,0.000000000000000000e+00,0.000000000000000000e+00,0.000000000000000000e+00,0.000000000000000000e+00,0.000000000000000000e+00,0.000000000000000000e+00,0.000000000000000000e+00,0.000000000000000000e+00,0.000000000000000000e+00,0.000000000000000000e+00,0.000000000000000000e+00,1.199999999999999956e-01,4.000000000000000083e-02,2.000000000000000111e-01,3.599999999999999867e-01,1.199999999999999956e-01,0.000000000000000000e+00,0.000000000000000000e+00,0.000000000000000000e+00,0.000000000000000000e+00,1.600000000000000033e-01
0.000000000000000000e+00,0.000000000000000000e+00,0.000000000000000000e+00,0.000000000000000000e+00,3.125000000000000000e-02,0.000000000000000000e+00,0.000000000000000000e+00,3.125000000000000000e-02,0.000000000000000000e+00,0.000000000000000000e+00,3.125000000000000000e-02,3.125000000000000000e-02,3.125000000000000000e-02,6.250000000000000000e-02,1.875000000000000000e-01,4.062500000000000000e-01,3.125000000000000000e-02,6.250000000000000000e-02,3.125000000000000000e-02,0.000000000000000000e+00,0.000000000000000000e+00,6.250000000000000000e-02
0.000000000000000000e+00,0.000000000000000000e+00,0.000000000000000000e+00,0.000000000000000000e+00,7.692307692307692735e-02,1.538461538461538547e-01,7.692307692307692735e-02,0.000000000000000000e+00,7.692307692307692735e-02,7.692307692307692735e-02,0.000000000000000000e+00,0.000000000000000000e+00,7.692307692307692735e-02,0.000000000000000000e+00,7.692307692307692735e-02,0.000000000000000000e+00,2.307692307692307820e-01,0.000000000000000000e+00,0.000000000000000000e+00,0.000000000000000000e+00,7.692307692307692735e-02,7.692307692307692735e-02
0.000000000000000000e+00,0.000000000000000000e+00,0.000000000000000000e+00,0.000000000000000000e+00,0.000000000000000000e+00,7.692307692307692735e-02,7.692307692307692735e-02,0.000000000000000000e+00,0.000000000000000000e+00,7.692307692307692735e-02,7.692307692307692735e-02,0.000000000000000000e+00,0.000000000000000000e+00,0.000000000000000000e+00,1.538461538461538547e-01,0.000000000000000000e+00,0.000000000000000000e+00,1.538461538461538547e-01,7.692307692307692735e-02,0.000000000000000000e+00,7.692307692307692735e-02,2.307692307692307820e-01
0.000000000000000000e+00,0.000000000000000000e+00,0.000000000000000000e+00,0.000000000000000000e+00,0.000000000000000000e+00,6.250000000000000000e-02,1.250000000000000000e-01,0.000000000000000000e+00,0.000000000000000000e+00,6.250000000000000000e-02,0.000000000000000000e+00,0.000000000000000000e+00,0.000000000000000000e+00,0.000000000000000000e+00,0.000000000000000000e+00,0.000000000000000000e+00,6.250000000000000000e-02,1.875000000000000000e-01,3.750000000000000000e-01,0.000000000000000000e+00,0.000000000000000000e+00,1.250000000000000000e-01
0.000000000000000000e+00,0.000000000000000000e+00,0.000000000000000000e+00,0.000000000000000000e+00,0.000000000000000000e+00,0.000000000000000000e+00,0.000000000000000000e+00,0.000000000000000000e+00,0.000000000000000000e+00,0.000000000000000000e+00,2.000000000000000111e-01,0.000000000000000000e+00,2.000000000000000111e-01,0.000000000000000000e+00,0.000000000000000000e+00,0.000000000000000000e+00,0.000000000000000000e+00,0.000000000000000000e+00,0.000000000000000000e+00,2.000000000000000111e-01,4.000000000000000222e-01,0.000000000000000000e+00
0.000000000000000000e+00,0.000000000000000000e+00,0.000000000000000000e+00,0.000000000000000000e+00,0.000000000000000000e+00,0.000000000000000000e+00,7.692307692307692735e-02,0.000000000000000000e+00,0.000000000000000000e+00,0.000000000000000000e+00,0.000000000000000000e+00,0.000000000000000000e+00,0.000000000000000000e+00,0.000000000000000000e+00,0.000000000000000000e+00,7.692307692307692735e-02,0.000000000000000000e+00,0.000000000000000000e+00,0.000000000000000000e+00,7.692307692307692735e-02,4.615384615384615641e-01,3.076923076923077094e-01
0.000000000000000000e+00,0.000000000000000000e+00,0.000000000000000000e+00,1.075268817204301161e-02,1.075268817204301161e-02,3.225806451612903136e-02,2.150537634408602322e-02,1.075268817204301161e-02,4.301075268817204644e-02,1.075268817204301161e-02,0.000000000000000000e+00,2.150537634408602322e-02,1.075268817204301161e-02,1.075268817204301161e-02,1.075268817204301161e-02,1.075268817204301161e-02,2.150537634408602322e-02,4.301075268817204644e-02,1.075268817204301161e-02,4.301075268817204644e-02,2.150537634408602322e-02,6.559139784946236285e-01
