5.625000000000000000e-01,1.250000000000000000e-01,2.500000000000000000e-01,0.000000000000000000e+00,0.000000000000000000e+00,0.000000000000000000e+00,0.000000000000000000e+00,0.000000000000000000e+00,0.000000000000000000e+00,0.000000000000000000e+00,0.000000000000000000e+00,0.000000000000000000e+00,0.000000000000000000e+00,0.000000000000000000e+00,0.000000000000000000e+00,0.000000000000000000e+00,0.000000000000000000e+00,0.000000000000000000e+00,0.000000000000000000e+00,0.000000000000000000e+00,0.000000000000000000e+00,6.250000000000000000e-02
2.439024390243902524e-02,8.780487804878048808e-01,4.878048780487805047e-02,4.878048780487805047e-02,0.000000000000000000e+00,0.000000000000000000e+00,0.000000000000000000e+00,0.000000000000000000e+00,0.000000000000000000e+00,0.000000000000000000e+00,0.000000000000000000e+00,0.000000000000000000e+00,0.000000000000000000e+00,0.000000000000000000e+00,0.000000000000000000e+00,0.000000000000000000e+00,0.000000000000000000e+00,0.000000000000000000e+00,0.000000000000000000e+00,0.000000000000000000e+00,0.000000000000000000e+00,0.000000000000000000e+00
1.418439716312056703e-02,7.092198581560283516e-03,7.588652482269503396e-01,1.843971631205673645e-01,7.092198581560283516e-03,2.836879432624113406e-02,0.000000000000000000e+00,0.000000000000000000e+00,0.000000000000000000e+00,0.000000000000000000e+00,0.000000000000000000e+00,0.000000000000000000e+00,0.000000000000000000e+00,0.000000000000000000e+00,0.000000000000000000e+00,0.000000000000000000e+00,0.000000000000000000e+00,0.000000000000000000e+00,0.000000000000000000e+00,0.000000000000000000e+00,0.000000000000000000e+00,0.000000000000000000e+00
1.633986928104575213e-03,4.901960784313725422e-03,3.104575163398692883e-02,8.218954248366012738e-01,1.013071895424836610e-01,2.287581699346405081e-02,6.535947712418300852e-03,1.633986928104575213e-03,0.000000000000000000e+00,1.633986928104575213e-03,0.000000000000000000e+00,1.633986928104575213e-03,0.000000000000000000e+00,0.000000000000000000e+00,0.000000000000000000e+00,0.000000000000000000e+00,0.000000000000000000e+00,0.000000000000000000e+00,1.633986928104575213e-03,0.000000000000000000e+00,1.633986928104575213e-03,1.633986928104575213e-03
0.000000000000000000e+00,1.158748551564310527e-03,1.158748551564310527e-03,5.677867902665121452e-02,8.006952491309385911e-01,1.066048667439165737e-01,1.390498261877172632e-02,2.317497103128621054e-03,2.317497103128621054e-03,0.000000000000000000e+00,1.158748551564310527e-03,0.000000000000000000e+00,4.634994206257242108e-03,0.000000000000000000e+00,0.000000000000000000e+00,0.000000000000000000e+00,0.000000000000000000e+00,1.158748551564310527e-03,0.000000000000000000e+00,1.158748551564310527e-03,0.000000000000000000e+00,6.952491309385863162e-03
1.976284584980237020e-03,0.000000000000000000e+00,1.976284584980237020e-03,3.557312252964427157e-02,1.561264822134387220e-01,6.739130434782608647e-01,5.335968379446640042e-02,2.173913043478260809e-02,1.383399209486166001e-02,5.928853754940711061e-03,1.976284584980237020e-03,1.976284584980237020e-03,5.928853754940711061e-03,5.928853754940711061e-03,0.000000000000000000e+00,3.952569169960474041e-03,1.976284584980237020e-03,0.000000000000000000e+00,0.000000000000000000e+00,0.000000000000000000e+00,1.976284584980237020e-03,1.185770750988142212e-02
0.000000000000000000e+00,0.000000000000000000e+00,0.000000000000000000e+00,2.439024390243902524e-02,6.707317073170732113e-02,2.439024390243902385e-01,4.695121951219511924e-01,6.097560975609755962e-02,3.658536585365853439e-02,1.219512195121951262e-02,1.829268292682926719e-02,0.000000000000000000e+00,1.219512195121951262e-02,0.000000000000000000e+00,6.097560975609756309e-03,6.097560975609756309e-03,0.000000000000000000e+00,1.219512195121951262e-02,0.000000000000000000e+00,0.000000000000000000e+00,0.000000000000000000e+00,3.048780487804877981e-02
0.000000000000000000e+00,0.000000000000000000e+00,1.219512195121951262e-02,2.439024390243902524e-02,0.000000000000000000e+00,1.097560975609756101e-01,2.317073170731707432e-01,4.146341463414633943e-01,9.756097560975610095e-02,3.658536585365853439e-02,2.439024390243902524e-02,0.000000000000000000e+00,1.219512195121951262e-02,0.000000000000000000e+00,0.000000000000000000e+00,0.000000000000000000e+00,0.000000000000000000e+00,1.219512195121951262e-02,0.000000000000000000e+00,0.000000000000000000e+00,0.000000000000000000e+00,2.439024390243902524e-02
0.000000000000000000e+00,0.000000000000000000e+00,1.639344262295082053e-02,1.639344262295082053e-02,1.639344262295082053e-02,8.196721311475409222e-02,1.475409836065573743e-01,1.967213114754098324e-01,3.442622950819672067e-01,3.278688524590164105e-02,0.000000000000000000e+00,6.557377049180328210e-02,3.278688524590164105e-02,0.000000000000000000e+00,0.000000000000000000e+00,0.000000000000000000e+00,0.000000000000000000e+00,0.000000000000000000e+00,0.000000000000000000e+00,0.000000000000000000e+00,0.000000000000000000e+00,4.918032786885245811e-02
0.000000000000000000e+00,0.000000000000000000e+00,0.000000000000000000e+00,0.000000000000000000e+00,0.000000000000000000e+00,5.405405405405405705e-02,2.702702702702702853e-02,1.351351351351351426e-01,5.405405405405405705e-02,4.594594594594594850e-01,8.108108108108108558e-02,2.702702702702702853e-02,2.702702702702702853e-02,0.000000000000000000e+00,0.000000000000000000e+00,0.000000000000000000e+00,5.405405405405405705e-02,2.702702702702702853e-02,0.000000000000000000e+00,0.000000000000000000e+00,0.000000000000000000e+00,5.405405405405405705e-02
0.000000000000000000e+00,0.000000000000000000e+00,3.846153846153846367e-02,0.000000000000000000e+00,0.000000000000000000e+00,1.153846153846153910e-01,3.846153846153846367e-02,7.692307692307692735e-02,0.000000000000000000e+00,7.692307692307692735e-02,5.384615384615384359e-01,0.000000000000000000e+00,0.000000000000000000e+00,0.000000000000000000e+00,0.000000000000000000e+00,3.846153846153846367e-02,0.000000000000000000e+00,0.000000000000000000e+00,0.000000000000000000e+00,0.000000000000000000e+00,3.846153846153846367e-02,3.846153846153846367e-02
0.000000000000000000e+00,0.000000000000000000e+00,0.000000000000000000e+00,0.000000000000000000e+00,0.000000000000000000e+00,0.000000000000000000e+00,4.761904761904761640e-02,0.000000000000000000e+00,2.380952380952380820e-01,9.523809523809523281e-02,4.761904761904761640e-02,3.809523809523809312e-01,1.428571428571428492e-01,0.000000000000000000e+00,0.000000000000000000e+00,0.000000000000000000e+00,0.000000000000000000e+00,0.000000000000000000e+00,0.000000000000000000e+00,0.000000000000000000e+00,0.000000000000000000e+00,4.761904761904761640e-02
0.000000000000000000e+00,0.000000000000000000e+00,0.000000000000000000e+00,0.000000000000000000e+00,0.000000000000000000e+00,2.325581395348837177e-02,6.976744186046511531e-02,4.651162790697674354e-02,9.302325581395348708e-02,2.325581395348837177e-02,2.325581395348837177e-02,4.651162790697674354e-02,5.581395348837209225e-01,4.651162790697674354e-02,2.325581395348837177e-02,0.000000000000000000e+00,0.000000000000000000e+00,0.000000000000000000e+00,0.000000000000000000e+00,0.000000000000000000e+00,0.000000000000000000e+00,4.651162790697674354e-02
0.000000000000000000e+00,0.000000000000000000e+00,0.000000000000000000e+00,0.000000000000000000e+00,0.000000000000000000e+00,4.000000000000000083e-02,0.000000000000000000e+00,0.000000000000000000e+00,4.000000000000000083e-02,0.000000000000000000e+00,4.000000000000000083e-02,4.000000000000000083e-02,1.600000000000000033e-01,5.600000000000000533e-01,0.000000000000000000e+00,0.000000000000000000e+00,0.000000000000000000e+00,1.199999999999999956e-01,0.000000000000000000e+00,0.000000000000000000e+00,0.000000000000000000e+00,0.000000000000000000e+00
0.000000000000000000e+00,0.000000000000000000e+00,0.000000000000000000e+00,0.000000000000000000e+00,0.000000000000000000e+00,0.000000000000000000e+00,5.882352941176470507e-02,5.882352941176470507e-02,1.176470588235294101e-01,0.000000000000000000e+00,0.000000000000000000e+00,0.000000000000000000e+00,0.000000000000000000e+00,1.176470588235294101e-01,1.764705882352941291e-01,2.941176470588235392e-01,0.000000000000000000e+00,1.176470588235294101e-01,0.000000000000000000e+00,0.000000000000000000e+00,0.000000000000000000e+00,5.882352941176470507e-02
0.000000000000000000e+00,0.000000000000000000e+00,0.000000000000000000e+00,0.000000000000000000e+00,0.000000000000000000e+00,3.703703703703703498e-02,3.703703703703703498e-02,0.000000000000000000e+00,7.407407407407406996e-02,0.000000000000000000e+00,0.000000000000000000e+00,0.000000000000000000e+00,0.000000000000000000e+00,7.407407407407406996e-02,1.851851851851851749e-01,4.814814814814814548e-01,3.703703703703703498e-02,3.703703703703703498e-02,0.000000000000000000e+00,0.000000000000000000e+00,0.000000000000000000e+00,3.703703703703703498e-02
0.000000000000000000e+00,0.000000000000000000e+00,0.000000000000000000e+00,0.000000000000000000e+00,0.000000000000000000e+00,7.142857142857142461e-02,7.142857142857142461e-02,0.000000000000000000e+00,0.000000000000000000e+00,7.142857142857142461e-02,0.000000000000000000e+00,0.000000000000000000e+00,7.142857142857142461e-02,7.142857142857142461e-02,7.142857142857142461e-02,2.142857142857142738e-01,2.857142857142856984e-01,0.000000000000000000e+00,0.000000000000000000e+00,0.000000000000000000e+00,0.000000000000000000e+00,7.142857142857142461e-02
0.000000000000000000e+00,0.000000000000000000e+00,0.000000000000000000e+00,0.000000000000000000e+00,0.000000000000000000e+00,0.000000000000000000e+00,1.176470588235294101e-01,5.882352941176470507e-02,0.000000000000000000e+00,1.176470588235294101e-01,0.000000000000000000e+00,0.000000000000000000e+00,0.000000000000000000e+00,0.000000000000000000e+00,1.176470588235294101e-01,1.176470588235294101e-01,5.882352941176470507e-02,2.941176470588235392e-01,0.000000000000000000e+00,0.000000000000000000e+00,0.000000000000000000e+00,1.176470588235294101e-01
0.000000000000000000e+00,0.000000000000000000e+00,0.000000000000000000e+00,0.000000000000000000e+00,0.000000000000000000e+00,0.000000000000000000e+00,0.000000000000000000e+00,3.333333333333333148e-01,0.000000000000000000e+00,0.000000000000000000e+00,0.000000000000000000e+00,0.000000000000000000e+00,0.000000000000000000e+00,0.000000000000000000e+00,0.000000000000000000e+00,0.000000000000000000e+00,0.000000000000000000e+00,0.000000000000000000e+00,3.333333333333333148e-01,0.000000000000000000e+00,0.000000000000000000e+00,3.333333333333333148e-01
0.000000000000000000e+00,0.000000000000000000e+00,0.000000000000000000e+00,0.000000000000000000e+00,0.000000000000000000e+00,5.000000000000000000e-01,0.000000000000000000e+00,0.000000000000000000e+00,0.000000000000000000e+00,0.000000000000000000e+00,0.000000000000000000e+00,0.000000000000000000e+00,0.000000000000000000e+00,0.000000000000000000e+00,0.000000000000000000e+00,0.000000000000000000e+00,5.000000000000000000e-01,0.000000000000000000e+00,0.000000000000000000e+00,0.000000000000000000e+00,0.000000000000000000e+00,0.000000000000000000e+00
0.000000000000000000e+00,0.000000000000000000e+00,0.000000000000000000e+00,0.000000000000000000e+00,0.000000000000000000e+00,1.250000000000000000e-01,0.000000000000000000e+00,0.000000000000000000e+00,1.250000000000000000e-01,0.000000000000000000e+00,0.000000000000000000e+00,0.000000000000000000e+00,0.000000000000000000e+00,0.000000000000000000e+00,0.000000000000000000e+00,0.000000000000000000e+00,0.000000000000000000e+00,0.000000000000000000e+00,0.000000000000000000e+00,1.250000000000000000e-01,2.500000000000000000e-01,3.750000000000000000e-01
9.615384615384615918e-03,0.000000000000000000e+00,0.000000000000000000e+00,0.000000000000000000e+00,9.615384615384615918e-03,5.769230769230769551e-02,2.884615384615384776e-02,9.615384615384615918e-03,3.846153846153846367e-02,5.769230769230769551e-02,9.615384615384615918e-03,9.615384615384615918e-03,1.923076923076923184e-02,9.615384615384615918e-03,9.615384615384615918e-03,9.615384615384615918e-03,2.884615384615384776e-02,9.615384615384615918e-03,0.000000000000000000e+00,0.000000000000000000e+00,9.615384615384615918e-03,6.730769230769231282e-01
