6.757925072046109261e-01,1.195965417867435182e-01,1.873198847262247738e-02,1.152737752161383210e-02,2.881844380403458025e-03,4.322766570605187687e-03,2.881844380403458025e-03,0.000000000000000000e+00,0.000000000000000000e+00,0.000000000000000000e+00,4.322766570605187687e-03,1.440922190201729012e-03,0.000000000000000000e+00,0.000000000000000000e+00,0.000000000000000000e+00,1.440922190201729012e-03,2.881844380403458025e-03,1.440922190201729012e-03,5.763688760806916049e-03,1.585014409221902065e-02,1.311239193083573451e-01
1.966942148760330578e-01,6.181818181818181657e-01,8.429752066115701881e-02,2.479338842975206680e-02,9.917355371900827068e-03,9.917355371900827068e-03,3.305785123966942067e-03,3.305785123966942067e-03,0.000000000000000000e+00,1.652892561983471034e-03,6.611570247933884134e-03,0.000000000000000000e+00,1.652892561983471034e-03,0.000000000000000000e+00,0.000000000000000000e+00,0.000000000000000000e+00,1.652892561983471034e-03,1.652892561983471034e-03,1.652892561983471034e-03,1.322314049586776827e-02,2.148760330578512387e-02
4.779411764705882026e-02,2.316176470588235392e-01,5.808823529411765163e-01,4.779411764705882026e-02,1.838235294117647120e-02,1.470588235294117627e-02,3.676470588235294067e-03,2.205882352941176613e-02,3.676470588235294067e-03,0.000000000000000000e+00,1.470588235294117627e-02,0.000000000000000000e+00,0.000000000000000000e+00,0.000000000000000000e+00,0.000000000000000000e+00,0.000000000000000000e+00,3.676470588235294067e-03,3.676470588235294067e-03,3.676470588235294067e-03,0.000000000000000000e+00,3.676470588235294067e-03
3.252032520325203596e-02,1.056910569105691117e-01,2.601626016260162877e-01,4.390243902439024404e-01,4.878048780487805047e-02,3.252032520325203596e-02,8.130081300813008990e-03,1.626016260162601798e-02,8.130081300813008990e-03,8.130081300813008990e-03,2.439024390243902524e-02,0.000000000000000000e+00,0.000000000000000000e+00,0.000000000000000000e+00,0.000000000000000000e+00,0.000000000000000000e+00,0.000000000000000000e+00,8.130081300813008990e-03,0.000000000000000000e+00,8.130081300813008990e-03,0.000000000000000000e+00
4.255319148936170109e-02,2.765957446808510745e-01,1.489361702127659504e-01,2.127659574468085124e-01,2.127659574468085124e-01,2.127659574468085055e-02,6.382978723404254817e-02,0.000000000000000000e+00,0.000000000000000000e+00,0.000000000000000000e+00,2.127659574468085055e-02,0.000000000000000000e+00,0.000000000000000000e+00,0.000000000000000000e+00,0.000000000000000000e+00,0.000000000000000000e+00,0.000000000000000000e+00,0.000000000000000000e+00,0.000000000000000000e+00,0.000000000000000000e+00,0.000000000000000000e+00
1.379310344827586188e-01,1.034482758620689641e-01,3.448275862068965469e-02,1.034482758620689641e-01,1.379310344827586188e-01,2.413793103448275967e-01,1.379310344827586188e-01,0.000000000000000000e+00,0.000000000000000000e+00,0.000000000000000000e+00,6.896551724137930939e-02,0.000000000000000000e+00,0.000000000000000000e+00,0.000000000000000000e+00,0.000000000000000000e+00,0.000000000000000000e+00,0.000000000000000000e+00,3.448275862068965469e-02,0.000000000000000000e+00,0.000000000000000000e+00,0.000000000000000000e+00
8.695652173913043237e-02,8.695652173913043237e-02,8.695652173913043237e-02,8.695652173913043237e-02,1.304347826086956486e-01,1.304347826086956486e-01,2.608695652173912971e-01,0.000000000000000000e+00,0.000000000000000000e+00,4.347826086956521618e-02,8.695652173913043237e-02,0.000000000000000000e+00,0.000000000000000000e+00,0.000000000000000000e+00,0.000000000000000000e+00,0.000000000000000000e+00,0.000000000000000000e+00,0.000000000000000000e+00,0.000000000000000000e+00,0.000000000000000000e+00,0.000000000000000000e+00
0.000000000000000000e+00,0.000000000000000000e+00,2.999999999999999889e-01,2.999999999999999889e-01,1.000000000000000056e-01,0.000000000000000000e+00,1.000000000000000056e-01,1.000000000000000056e-01,0.000000000000000000e+00,0.000000000000000000e+00,1.000000000000000056e-01,0.000000000000000000e+00,0.000000000000000000e+00,0.000000000000000000e+00,0.000000000000000000e+00,0.000000000000000000e+00,0.000000000000000000e+00,0.000000000000000000e+00,0.000000000000000000e+00,0.000000000000000000e+00,0.000000000000000000e+00
0.000000000000000000e+00,0.000000000000000000e+00,0.000000000000000000e+00,1.000000000000000000e+00,0.000000000000000000e+00,0.000000000000000000e+00,0.000000000000000000e+00,0.000000000000000000e+00,0.000000000000000000e+00,0.000000000000000000e+00,0.000000000000000000e+00,0.000000000000000000e+00,0.000000000000000000e+00,0.000000000000000000e+00,0.000000000000000000e+00,0.000000000000000000e+00,0.000000000000000000e+00,0.000000000000000000e+00,0.000000000000000000e+00,0.000000000000000000e+00,0.000000000000000000e+00
0.000000000000000000e+00,0.000000000000000000e+00,2.000000000000000111e-01,0.000000000000000000e+00,0.000000000000000000e+00,0.000000000000000000e+00,2.000000000000000111e-01,0.000000000000000000e+00,0.000000000000000000e+00,0.000000000000000000e+00,5.999999999999999778e-01,0.000000000000000000e+00,0.000000000000000000e+00,0.000000000000000000e+00,0.000000000000000000e+00,0.000000000000000000e+00,0.000000000000000000e+00,0.000000000000000000e+00,0.000000000000000000e+00,0.000000000000000000e+00,0.000000000000000000e+00
0.000000000000000000e+00,1.250000000000000000e-01,6.250000000000000000e-02,4.166666666666666435e-02,6.250000000000000000e-02,2.083333333333333218e-02,2.083333333333333218e-02,2.083333333333333218e-02,0.000000000000000000e+00,4.166666666666666435e-02,6.041666666666666297e-01,0.000000000000000000e+00,0.000000000000000000e+00,0.000000000000000000e+00,0.000000000000000000e+00,0.000000000000000000e+00,0.000000000000000000e+00,0.000000000000000000e+00,0.000000000000000000e+00,0.000000000000000000e+00,0.000000000000000000e+00
1.428571428571428492e-01,1.428571428571428492e-01,0.000000000000000000e+00,0.000000000000000000e+00,0.000000000000000000e+00,0.000000000000000000e+00,0.000000000000000000e+00,0.000000000000000000e+00,0.000000000000000000e+00,0.000000000000000000e+00,0.000000000000000000e+00,4.285714285714285476e-01,0.000000000000000000e+00,0.000000000000000000e+00,0.000000000000000000e+00,0.000000000000000000e+00,0.000000000000000000e+00,1.428571428571428492e-01,1.428571428571428492e-01,0.000000000000000000e+00,0.000000000000000000e+00
0.000000000000000000e+00,0.000000000000000000e+00,0.000000000000000000e+00,0.000000000000000000e+00,0.000000000000000000e+00,0.000000000000000000e+00,0.000000000000000000e+00,0.000000000000000000e+00,0.000000000000000000e+00,0.000000000000000000e+00,5.000000000000000000e-01,0.000000000000000000e+00,0.000000000000000000e+00,0.000000000000000000e+00,0.000000000000000000e+00,5.000000000000000000e-01,0.000000000000000000e+00,0.000000000000000000e+00,0.000000000000000000e+00,0.000000000000000000e+00,0.000000000000000000e+00
0.000000000000000000e+00,0.000000000000000000e+00,0.000000000000000000e+00,0.000000000000000000e+00,0.000000000000000000e+00,0.000000000000000000e+00,0.000000000000000000e+00,0.000000000000000000e+00,0.000000000000000000e+00,0.000000000000000000e+00,0.000000000000000000e+00,0.000000000000000000e+00,0.000000000000000000e+00,0.000000000000000000e+00,0.000000000000000000e+00,0.000000000000000000e+00,0.000000000000000000e+00,5.000000000000000000e-01,5.000000000000000000e-01,0.000000000000000000e+00,0.000000000000000000e+00
0.000000000000000000e+00,2.777777777777777624e-02,0.000000000000000000e+00,0.000000000000000000e+00,2.777777777777777624e-02,0.000000000000000000e+00,0.000000000000000000e+00,0.000000000000000000e+00,0.000000000000000000e+00,0.000000000000000000e+00,0.000000000000000000e+00,0.000000000000000000e+00,2.777777777777777624e-02,0.000000000000000000e+00,7.500000000000000000e-01,8.333333333333332871e-02,0.000000000000000000e+00,2.777777777777777624e-02,0.000000000000000000e+00,0.000000000000000000e+00,5.555555555555555247e-02
0.000000000000000000e+00,2.083333333333333218e-02,2.083333333333333218e-02,0.000000000000000000e+00,0.000000000000000000e+00,0.000000000000000000e+00,0.000000000000000000e+00,0.000000000000000000e+00,0.000000000000000000e+00,0.000000000000000000e+00,0.000000000000000000e+00,2.083333333333333218e-02,0.000000000000000000e+00,0.000000000000000000e+00,4.166666666666666435e-02,7.083333333333333703e-01,2.083333333333333218e-02,6.250000000000000000e-02,2.083333333333333218e-02,2.083333333333333218e-02,6.250000000000000000e-02
9.375000000000000000e-02,6.250000000000000000e-02,0.000000000000000000e+00,0.000000000000000000e+00,0.000000000000000000e+00,0.000000000000000000e+00,3.125000000000000000e-02,0.000000000000000000e+00,0.000000000000000000e+00,0.000000000000000000e+00,3.125000000000000000e-02,3.125000000000000000e-02,0.000000000000000000e+00,3.125000000000000000e-02,0.000000000000000000e+00,0.000000000000000000e+00,5.000000000000000000e-01,9.375000000000000000e-02,9.375000000000000000e-02,3.125000000000000000e-02,0.000000000000000000e+00
2.564102564102564014e-02,2.564102564102564014e-02,3.846153846153846367e-02,1.282051282051282007e-02,0.000000000000000000e+00,0.000000000000000000e+00,1.282051282051282007e-02,0.000000000000000000e+00,0.000000000000000000e+00,0.000000000000000000e+00,1.282051282051282007e-02,0.000000000000000000e+00,0.000000000000000000e+00,0.000000000000000000e+00,1.282051282051282007e-02,6.410256410256409687e-02,6.410256410256409687e-02,6.025641025641025328e-01,2.564102564102564014e-02,8.974358974358974395e-02,1.282051282051282007e-02
5.050505050505050414e-02,3.030303030303030387e-02,1.010101010101010187e-02,0.000000000000000000e+00,1.010101010101010187e-02,0.000000000000000000e+00,0.000000000000000000e+00,0.000000000000000000e+00,0.000000000000000000e+00,0.000000000000000000e+00,2.020202020202020374e-02,1.010101010101010187e-02,0.000000000000000000e+00,0.000000000000000000e+00,3.030303030303030387e-02,1.010101010101010187e-02,4.040404040404040747e-02,4.040404040404040747e-02,5.858585858585858563e-01,1.010101010101010083e-01,6.060606060606060774e-02
1.111111111111111049e-01,4.444444444444444614e-02,4.444444444444444441e-03,8.888888888888888881e-03,8.888888888888888881e-03,0.000000000000000000e+00,0.000000000000000000e+00,0.000000000000000000e+00,0.000000000000000000e+00,0.000000000000000000e+00,0.000000000000000000e+00,4.444444444444444441e-03,0.000000000000000000e+00,0.000000000000000000e+00,8.888888888888888881e-03,0.000000000000000000e+00,0.000000000000000000e+00,3.111111111111111022e-02,5.777777777777777513e-02,5.644444444444444153e-01,1.555555555555555580e-01
1.340206185567010266e-01,4.536082474226803968e-02,1.443298969072165025e-02,2.061855670103092831e-03,0.000000000000000000e+00,2.061855670103092831e-03,0.000000000000000000e+00,0.000000000000000000e+00,0.000000000000000000e+00,2.061855670103092831e-03,2.061855670103092831e-03,0.000000000000000000e+00,0.000000000000000000e+00,0.000000000000000000e+00,0.000000000000000000e+00,0.000000000000000000e+00,0.000000000000000000e+00,8.247422680412371324e-03,2.680412371134020463e-02,1.154639175257732020e-01,6.474226804123711654e-01
