7.360912981455064452e-01,1.098430813124108424e-01,1.283880171184022777e-02,8.559201141226819090e-03,2.853067047075606363e-03,2.853067047075606363e-03,0.000000000000000000e+00,0.000000000000000000e+00,0.000000000000000000e+00,1.426533523537803182e-03,5.706134094151212727e-03,0.000000000000000000e+00,0.000000000000000000e+00,0.000000000000000000e+00,0.000000000000000000e+00,0.000000000000000000e+00,2.853067047075606363e-03,2.853067047075606363e-03,7.132667617689015908e-03,1.283880171184022777e-02,9.415121255349501173e-02
1.133200795228628266e-01,7.415506958250497327e-01,8.548707753479124760e-02,1.988071570576540811e-02,1.988071570576540551e-03,0.000000000000000000e+00,3.976143141153081102e-03,1.988071570576540551e-03,0.000000000000000000e+00,1.988071570576540551e-03,3.976143141153081102e-03,0.000000000000000000e+00,0.000000000000000000e+00,0.000000000000000000e+00,0.000000000000000000e+00,1.988071570576540551e-03,1.988071570576540551e-03,1.988071570576540551e-03,0.000000000000000000e+00,3.976143141153081102e-03,1.590457256461232441e-02
3.940886699507389207e-02,1.871921182266009787e-01,6.453201970443349644e-01,7.389162561576355370e-02,1.477832512315270866e-02,9.852216748768473017e-03,4.926108374384236509e-03,0.000000000000000000e+00,0.000000000000000000e+00,4.926108374384236509e-03,4.926108374384236509e-03,0.000000000000000000e+00,0.000000000000000000e+00,0.000000000000000000e+00,0.000000000000000000e+00,0.000000000000000000e+00,0.000000000000000000e+00,0.000000000000000000e+00,4.926108374384236509e-03,4.926108374384236509e-03,4.926108374384236509e-03
9.375000000000000000e-02,1.250000000000000000e-01,2.187500000000000000e-01,3.281250000000000000e-01,9.375000000000000000e-02,1.562500000000000000e-02,0.000000000000000000e+00,1.562500000000000000e-02,0.000000000000000000e+00,1.562500000000000000e-02,3.125000000000000000e-02,0.000000000000000000e+00,0.000000000000000000e+00,0.000000000000000000e+00,0.000000000000000000e+00,0.000000000000000000e+00,0.000000000000000000e+00,0.000000000000000000e+00,0.000000000000000000e+00,3.125000000000000000e-02,3.125000000000000000e-02
5.714285714285714107e-02,1.714285714285714302e-01,5.714285714285714107e-02,8.571428571428571508e-02,3.142857142857142794e-01,1.714285714285714302e-01,2.857142857142857054e-02,2.857142857142857054e-02,0.000000000000000000e+00,0.000000000000000000e+00,5.714285714285714107e-02,0.000000000000000000e+00,0.000000000000000000e+00,0.000000000000000000e+00,0.000000000000000000e+00,0.000000000000000000e+00,0.000000000000000000e+00,0.000000000000000000e+00,0.000000000000000000e+00,0.000000000000000000e+00,2.857142857142857054e-02
8.333333333333332871e-02,1.250000000000000000e-01,0.000000000000000000e+00,8.333333333333332871e-02,1.250000000000000000e-01,3.333333333333333148e-01,0.000000000000000000e+00,8.333333333333332871e-02,0.000000000000000000e+00,4.166666666666666435e-02,4.166666666666666435e-02,0.000000000000000000e+00,0.000000000000000000e+00,0.000000000000000000e+00,0.000000000000000000e+00,0.000000000000000000e+00,0.000000000000000000e+00,0.000000000000000000e+00,0.000000000000000000e+00,0.000000000000000000e+00,8.333333333333332871e-02
8.333333333333332871e-02,1.666666666666666574e-01,8.333333333333332871e-02,0.000000000000000000e+00,0.000000000000000000e+00,0.000000000000000000e+00,4.166666666666666852e-01,8.333333333333332871e-02,8.333333333333332871e-02,0.000000000000000000e+00,8.333333333333332871e-02,0.000000000000000000e+00,0.000000000000000000e+00,0.000000000000000000e+00,0.000000000000000000e+00,0.000000000000000000e+00,0.000000000000000000e+00,0.000000000000000000e+00,0.000000000000000000e+00,0.000000000000000000e+00,0.000000000000000000e+00
7.142857142857142461e-02,0.000000000000000000e+00,7.142857142857142461e-02,0.000000000000000000e+00,7.142857142857142461e-02,1.428571428571428492e-01,7.142857142857142461e-02,3.571428571428571508e-01,0.000000000000000000e+00,0.000000000000000000e+00,1.428571428571428492e-01,0.000000000000000000e+00,0.000000000000000000e+00,0.000000000000000000e+00,0.000000000000000000e+00,0.000000000000000000e+00,0.000000000000000000e+00,0.000000000000000000e+00,7.142857142857142461e-02,0.000000000000000000e+00,0.000000000000000000e+00
0.000000000000000000e+00,0.000000000000000000e+00,0.000000000000000000e+00,0.000000000000000000e+00,0.000000000000000000e+00,0.000000000000000000e+00,0.000000000000000000e+00,0.000000000000000000e+00,0.000000000000000000e+00,0.000000000000000000e+00,0.000000000000000000e+00,0.000000000000000000e+00,0.000000000000000000e+00,0.000000000000000000e+00,0.000000000000000000e+00,0.000000000000000000e+00,0.000000000000000000e+00,0.000000000000000000e+00,0.000000000000000000e+00,0.000000000000000000e+00,1.000000000000000000e+00
2.999999999999999889e-01,0.000000000000000000e+00,0.000000000000000000e+00,1.000000000000000056e-01,0.000000000000000000e+00,0.000000000000000000e+00,0.000000000000000000e+00,0.000000000000000000e+00,0.000000000000000000e+00,4.000000000000000222e-01,1.000000000000000056e-01,0.000000000000000000e+00,0.000000000000000000e+00,0.000000000000000000e+00,0.000000000000000000e+00,0.000000000000000000e+00,0.000000000000000000e+00,0.000000000000000000e+00,0.000000000000000000e+00,0.000000000000000000e+00,1.000000000000000056e-01
6.896551724137930939e-02,0.000000000000000000e+00,8.620689655172414367e-02,1.724137931034482735e-02,0.000000000000000000e+00,1.724137931034482735e-02,1.724137931034482735e-02,1.724137931034482735e-02,0.000000000000000000e+00,6.896551724137930939e-02,6.379310344827586743e-01,0.000000000000000000e+00,0.000000000000000000e+00,0.000000000000000000e+00,0.000000000000000000e+00,0.000000000000000000e+00,0.000000000000000000e+00,0.000000000000000000e+00,3.448275862068965469e-02,1.724137931034482735e-02,1.724137931034482735e-02
6.666666666666666574e-02,0.000000000000000000e+00,0.000000000000000000e+00,0.000000000000000000e+00,0.000000000000000000e+00,0.000000000000000000e+00,0.000000000000000000e+00,0.000000000000000000e+00,3.333333333333333287e-02,0.000000000000000000e+00,0.000000000000000000e+00,8.000000000000000444e-01,0.000000000000000000e+00,0.000000000000000000e+00,0.000000000000000000e+00,0.000000000000000000e+00,0.000000000000000000e+00,0.000000000000000000e+00,0.000000000000000000e+00,3.333333333333333287e-02,6.666666666666666574e-02
0.000000000000000000e+00,0.000000000000000000e+00,0.000000000000000000e+00,0.000000000000000000e+00,0.000000000000000000e+00,0.000000000000000000e+00,0.000000000000000000e+00,0.000000000000000000e+00,0.000000000000000000e+00,0.000000000000000000e+00,0.000000000000000000e+00,2.500000000000000000e-01,2.500000000000000000e-01,2.500000000000000000e-01,0.000000000000000000e+00,0.000000000000000000e+00,0.000000000000000000e+00,0.000000000000000000e+00,0.000000000000000000e+00,0.000000000000000000e+00,2.500000000000000000e-01
0.000000000000000000e+00,0.000000000000000000e+00,0.000000000000000000e+00,0.000000000000000000e+00,0.000000000000000000e+00,0.000000000000000000e+00,0.000000000000000000e+00,0.000000000000000000e+00,0.000000000000000000e+00,0.000000000000000000e+00,0.000000000000000000e+00,2.500000000000000000e-01,0.000000000000000000e+00,0.000000000000000000e+00,5.000000000000000000e-01,0.000000000000000000e+00,0.000000000000000000e+00,0.000000000000000000e+00,0.000000000000000000e+00,0.000000000000000000e+00,2.500000000000000000e-01
0.000000000000000000e+00,0.000000000000000000e+00,0.000000000000000000e+00,0.000000000000000000e+00,0.000000000000000000e+00,0.000000000000000000e+00,0.000000000000000000e+00,0.000000000000000000e+00,0.000000000000000000e+00,0.000000000000000000e+00,0.000000000000000000e+00,0.000000000000000000e+00,0.000000000000000000e+00,1.960784313725490169e-02,8.431372549019607865e-01,5.882352941176470507e-02,0.000000000000000000e+00,1.960784313725490169e-02,3.921568627450980338e-02,0.000000000000000000e+00,1.960784313725490169e-02
0.000000000000000000e+00,2.127659574468085055e-02,0.000000000000000000e+00,0.000000000000000000e+00,0.000000000000000000e+00,0.000000000000000000e+00,0.000000000000000000e+00,0.000000000000000000e+00,0.000000000000000000e+00,0.000000000000000000e+00,0.000000000000000000e+00,2.127659574468085055e-02,0.000000000000000000e+00,0.000000000000000000e+00,4.255319148936170109e-02,7.234042553191489811e-01,1.063829787234042562e-01,2.127659574468085055e-02,6.382978723404254817e-02,0.000000000000000000e+00,0.000000000000000000e+00
1.449275362318840597e-02,0.000000000000000000e+00,0.000000000000000000e+00,0.000000000000000000e+00,0.000000000000000000e+00,0.000000000000000000e+00,0.000000000000000000e+00,0.000000000000000000e+00,0.000000000000000000e+00,0.000000000000000000e+00,0.000000000000000000e+00,1.449275362318840597e-02,0.000000000000000000e+00,0.000000000000000000e+00,1.449275362318840597e-02,5.797101449275362389e-02,6.376811594202898004e-01,8.695652173913043237e-02,1.014492753623188470e-01,4.347826086956521618e-02,2.898550724637681195e-02
1.785714285714285615e-02,3.571428571428571230e-02,0.000000000000000000e+00,0.000000000000000000e+00,0.000000000000000000e+00,0.000000000000000000e+00,0.000000000000000000e+00,0.000000000000000000e+00,0.000000000000000000e+00,0.000000000000000000e+00,0.000000000000000000e+00,0.000000000000000000e+00,0.000000000000000000e+00,1.785714285714285615e-02,0.000000000000000000e+00,1.785714285714285615e-02,1.250000000000000000e-01,4.464285714285714524e-01,2.500000000000000000e-01,3.571428571428571230e-02,5.357142857142856845e-02
4.729729729729729992e-02,0.000000000000000000e+00,6.756756756756757132e-03,0.000000000000000000e+00,0.000000000000000000e+00,0.000000000000000000e+00,0.000000000000000000e+00,0.000000000000000000e+00,0.000000000000000000e+00,0.000000000000000000e+00,6.756756756756757132e-03,0.000000000000000000e+00,0.000000000000000000e+00,0.000000000000000000e+00,1.351351351351351426e-02,2.027027027027027140e-02,2.027027027027027140e-02,6.756756756756757132e-02,5.743243243243243423e-01,1.824324324324324287e-01,6.081081081081081419e-02
4.268292682926829590e-02,1.219512195121951262e-02,9.146341463414633596e-03,0.000000000000000000e+00,6.097560975609756309e-03,0.000000000000000000e+00,0.000000000000000000e+00,0.000000000000000000e+00,0.000000000000000000e+00,3.048780487804878155e-03,3.048780487804878155e-03,0.000000000000000000e+00,0.000000000000000000e+00,0.000000000000000000e+00,0.000000000000000000e+00,0.000000000000000000e+00,0.000000000000000000e+00,3.048780487804878155e-03,7.012195121951220189e-02,6.890243902439023849e-01,1.615853658536585413e-01
1.571709233791748483e-01,1.964636542239685604e-02,9.823182711198428022e-03,5.893909626719056986e-03,5.893909626719056986e-03,1.964636542239685518e-03,1.964636542239685518e-03,1.964636542239685518e-03,0.000000000000000000e+00,1.964636542239685518e-03,1.964636542239685518e-03,1.964636542239685518e-03,3.929273084479371035e-03,0.000000000000000000e+00,0.000000000000000000e+00,1.964636542239685518e-03,1.964636542239685518e-03,5.893909626719056986e-03,9.823182711198428022e-03,1.001964636542239662e-01,6.660117878192534091e-01
