7.358208955223880521e-01,7.611940298507462177e-02,8.955223880597015448e-03,1.194029850746268669e-02,0.000000000000000000e+00,7.462686567164178962e-03,1.492537313432835836e-03,2.985074626865671672e-03,4.477611940298507724e-03,0.000000000000000000e+00,2.985074626865671672e-03,0.000000000000000000e+00,0.000000000000000000e+00,1.492537313432835836e-03,0.000000000000000000e+00,0.000000000000000000e+00,0.000000000000000000e+00,4.477611940298507724e-03,4.477611940298507724e-03,2.089552238805970213e-02,1.164179104477611887e-01
1.436464088397789995e-01,7.099447513812154886e-01,6.353591160220994905e-02,1.104972375690607689e-02,8.287292817679557666e-03,8.287292817679557666e-03,0.000000000000000000e+00,2.762430939226519222e-03,0.000000000000000000e+00,2.762430939226519222e-03,5.524861878453038444e-03,0.000000000000000000e+00,0.000000000000000000e+00,0.000000000000000000e+00,0.000000000000000000e+00,0.000000000000000000e+00,0.000000000000000000e+00,0.000000000000000000e+00,0.000000000000000000e+00,2.762430939226519222e-03,4.143646408839778833e-02
8.045977011494252762e-02,2.183908045977011603e-01,3.793103448275861878e-01,1.034482758620689641e-01,1.149425287356321823e-02,5.747126436781609116e-02,1.149425287356321823e-02,0.000000000000000000e+00,0.000000000000000000e+00,1.149425287356321823e-02,2.298850574712643646e-02,0.000000000000000000e+00,0.000000000000000000e+00,0.000000000000000000e+00,0.000000000000000000e+00,0.000000000000000000e+00,0.000000000000000000e+00,1.149425287356321823e-02,1.149425287356321823e-02,1.149425287356321823e-02,6.896551724137930939e-02
1.666666666666666574e-01,8.333333333333332871e-02,1.458333333333333426e-01,2.291666666666666574e-01,8.333333333333332871e-02,4.166666666666666435e-02,0.000000000000000000e+00,0.000000000000000000e+00,2.083333333333333218e-02,0.000000000000000000e+00,8.333333333333332871e-02,0.000000000000000000e+00,0.000000000000000000e+00,0.000000000000000000e+00,0.000000000000000000e+00,0.000000000000000000e+00,0.000000000000000000e+00,0.000000000000000000e+00,0.000000000000000000e+00,2.083333333333333218e-02,1.250000000000000000e-01
1.034482758620689641e-01,6.896551724137930939e-02,6.896551724137930939e-02,1.379310344827586188e-01,3.793103448275861878e-01,1.034482758620689641e-01,0.000000000000000000e+00,0.000000000000000000e+00,0.000000000000000000e+00,3.448275862068965469e-02,3.448275862068965469e-02,3.448275862068965469e-02,0.000000000000000000e+00,0.000000000000000000e+00,3.448275862068965469e-02,0.000000000000000000e+00,0.000000000000000000e+00,0.000000000000000000e+00,0.000000000000000000e+00,0.000000000000000000e+00,0.000000000000000000e+00
1.724137931034482873e-01,3.448275862068965469e-02,1.724137931034482873e-01,3.448275862068965469e-02,1.379310344827586188e-01,2.758620689655172376e-01,3.448275862068965469e-02,3.448275862068965469e-02,0.000000000000000000e+00,0.000000000000000000e+00,3.448275862068965469e-02,0.000000000000000000e+00,0.000000000000000000e+00,0.000000000000000000e+00,0.000000000000000000e+00,0.000000000000000000e+00,0.000000000000000000e+00,0.000000000000000000e+00,3.448275862068965469e-02,0.000000000000000000e+00,3.448275862068965469e-02
9.090909090909091161e-02,9.090909090909091161e-02,9.090909090909091161e-02,9.090909090909091161e-02,0.000000000000000000e+00,0.000000000000000000e+00,2.727272727272727071e-01,9.090909090909091161e-02,0.000000000000000000e+00,0.000000000000000000e+00,1.818181818181818232e-01,0.000000000000000000e+00,0.000000000000000000e+00,0.000000000000000000e+00,0.000000000000000000e+00,0.000000000000000000e+00,0.000000000000000000e+00,0.000000000000000000e+00,0.000000000000000000e+00,0.000000000000000000e+00,9.090909090909091161e-02
7.142857142857142461e-02,0.000000000000000000e+00,0.000000000000000000e+00,7.142857142857142461e-02,7.142857142857142461e-02,1.428571428571428492e-01,0.000000000000000000e+00,1.428571428571428492e-01,7.142857142857142461e-02,0.000000000000000000e+00,3.571428571428571508e-01,0.000000000000000000e+00,0.000000000000000000e+00,0.000000000000000000e+00,0.000000000000000000e+00,0.000000000000000000e+00,0.000000000000000000e+00,0.000000000000000000e+00,0.000000000000000000e+00,7.142857142857142461e-02,0.000000000000000000e+00
0.000000000000000000e+00,6.666666666666666574e-02,6.666666666666666574e-02,0.000000000000000000e+00,6.666666666666666574e-02,0.000000000000000000e+00,0.000000000000000000e+00,1.333333333333333315e-01,4.000000000000000222e-01,6.666666666666666574e-02,6.666666666666666574e-02,0.000000000000000000e+00,0.000000000000000000e+00,0.000000000000000000e+00,0.000000000000000000e+00,0.000000000000000000e+00,0.000000000000000000e+00,0.000000000000000000e+00,0.000000000000000000e+00,0.000000000000000000e+00,1.333333333333333315e-01
7.692307692307692735e-02,7.692307692307692735e-02,0.000000000000000000e+00,7.692307692307692735e-02,0.000000000000000000e+00,7.692307692307692735e-02,0.000000000000000000e+00,0.000000000000000000e+00,7.692307692307692735e-02,3.846153846153846367e-01,2.307692307692307820e-01,0.000000000000000000e+00,0.000000000000000000e+00,0.000000000000000000e+00,0.000000000000000000e+00,0.000000000000000000e+00,0.000000000000000000e+00,0.000000000000000000e+00,0.000000000000000000e+00,0.000000000000000000e+00,0.000000000000000000e+00
2.325581395348837177e-02,2.325581395348837177e-02,3.488372093023255766e-02,3.488372093023255766e-02,3.488372093023255766e-02,1.162790697674418589e-02,6.976744186046511531e-02,4.651162790697674354e-02,2.325581395348837177e-02,4.651162790697674354e-02,6.046511627906976383e-01,0.000000000000000000e+00,0.000000000000000000e+00,1.162790697674418589e-02,0.000000000000000000e+00,0.000000000000000000e+00,1.162790697674418589e-02,1.162790697674418589e-02,0.000000000000000000e+00,0.000000000000000000e+00,1.162790697674418589e-02
2.083333333333333218e-02,0.000000000000000000e+00,0.000000000000000000e+00,4.166666666666666435e-02,0.000000000000000000e+00,0.000000000000000000e+00,0.000000000000000000e+00,0.000000000000000000e+00,0.000000000000000000e+00,0.000000000000000000e+00,2.083333333333333218e-02,8.125000000000000000e-01,4.166666666666666435e-02,0.000000000000000000e+00,0.000000000000000000e+00,2.083333333333333218e-02,0.000000000000000000e+00,2.083333333333333218e-02,2.083333333333333218e-02,0.000000000000000000e+00,0.000000000000000000e+00
0.000000000000000000e+00,0.000000000000000000e+00,0.000000000000000000e+00,0.000000000000000000e+00,0.000000000000000000e+00,0.000000000000000000e+00,0.000000000000000000e+00,0.000000000000000000e+00,0.000000000000000000e+00,0.000000000000000000e+00,0.000000000000000000e+00,2.272727272727272652e-01,6.363636363636363535e-01,1.363636363636363535e-01,0.000000000000000000e+00,0.000000000000000000e+00,0.000000000000000000e+00,0.000000000000000000e+00,0.000000000000000000e+00,0.000000000000000000e+00,0.000000000000000000e+00
0.000000000000000000e+00,0.000000000000000000e+00,0.000000000000000000e+00,0.000000000000000000e+00,0.000000000000000000e+00,0.000000000000000000e+00,0.000000000000000000e+00,0.000000000000000000e+00,0.000000000000000000e+00,0.000000000000000000e+00,0.000000000000000000e+00,2.127659574468085055e-02,2.127659574468085055e-02,9.361702127659574657e-01,0.000000000000000000e+00,0.000000000000000000e+00,2.127659574468085055e-02,0.000000000000000000e+00,0.000000000000000000e+00,0.000000000000000000e+00,0.000000000000000000e+00
0.000000000000000000e+00,0.000000000000000000e+00,0.000000000000000000e+00,0.000000000000000000e+00,0.000000000000000000e+00,0.000000000000000000e+00,0.000000000000000000e+00,0.000000000000000000e+00,0.000000000000000000e+00,0.000000000000000000e+00,0.000000000000000000e+00,0.000000000000000000e+00,0.000000000000000000e+00,0.000000000000000000e+00,0.000000000000000000e+00,0.000000000000000000e+00,0.000000000000000000e+00,0.000000000000000000e+00,0.000000000000000000e+00,0.000000000000000000e+00,1.000000000000000000e+00
0.000000000000000000e+00,2.631578947368420907e-02,0.000000000000000000e+00,0.000000000000000000e+00,0.000000000000000000e+00,0.000000000000000000e+00,0.000000000000000000e+00,0.000000000000000000e+00,0.000000000000000000e+00,0.000000000000000000e+00,0.000000000000000000e+00,0.000000000000000000e+00,0.000000000000000000e+00,0.000000000000000000e+00,0.000000000000000000e+00,7.631578947368421462e-01,5.263157894736841813e-02,1.315789473684210453e-01,0.000000000000000000e+00,2.631578947368420907e-02,0.000000000000000000e+00
4.166666666666666435e-02,0.000000000000000000e+00,0.000000000000000000e+00,0.000000000000000000e+00,0.000000000000000000e+00,0.000000000000000000e+00,0.000000000000000000e+00,0.000000000000000000e+00,0.000000000000000000e+00,0.000000000000000000e+00,4.166666666666666435e-02,0.000000000000000000e+00,4.166666666666666435e-02,0.000000000000000000e+00,0.000000000000000000e+00,4.166666666666666435e-02,3.750000000000000000e-01,2.916666666666666852e-01,1.250000000000000000e-01,4.166666666666666435e-02,0.000000000000000000e+00
2.500000000000000139e-02,1.250000000000000069e-02,0.000000000000000000e+00,0.000000000000000000e+00,0.000000000000000000e+00,0.000000000000000000e+00,0.000000000000000000e+00,0.000000000000000000e+00,0.000000000000000000e+00,0.000000000000000000e+00,1.250000000000000069e-02,1.250000000000000069e-02,1.250000000000000069e-02,0.000000000000000000e+00,0.000000000000000000e+00,7.499999999999999722e-02,6.250000000000000000e-02,5.374999999999999778e-01,1.250000000000000000e-01,7.499999999999999722e-02,5.000000000000000278e-02
2.469135802469135665e-02,6.172839506172839164e-03,6.172839506172839164e-03,0.000000000000000000e+00,0.000000000000000000e+00,0.000000000000000000e+00,0.000000000000000000e+00,0.000000000000000000e+00,0.000000000000000000e+00,0.000000000000000000e+00,0.000000000000000000e+00,0.000000000000000000e+00,0.000000000000000000e+00,6.172839506172839164e-03,0.000000000000000000e+00,0.000000000000000000e+00,6.172839506172839164e-03,4.938271604938271331e-02,6.728395061728394966e-01,1.851851851851851749e-01,4.320987654320987414e-02
1.864801864801864800e-02,6.993006993006993001e-03,0.000000000000000000e+00,0.000000000000000000e+00,0.000000000000000000e+00,0.000000000000000000e+00,0.000000000000000000e+00,0.000000000000000000e+00,0.000000000000000000e+00,0.000000000000000000e+00,6.993006993006993001e-03,0.000000000000000000e+00,0.000000000000000000e+00,0.000000000000000000e+00,0.000000000000000000e+00,0.000000000000000000e+00,2.331002331002331000e-03,1.398601398601398600e-02,6.759906759906759988e-02,7.435897435897436125e-01,1.398601398601398704e-01
1.341463414634146423e-01,1.676829268292683028e-02,4.573170731707316798e-03,6.097560975609756309e-03,0.000000000000000000e+00,0.000000000000000000e+00,3.048780487804878155e-03,0.000000000000000000e+00,1.524390243902439077e-03,0.000000000000000000e+00,7.621951219512194953e-03,3.048780487804878155e-03,3.048780487804878155e-03,1.524390243902439077e-03,1.524390243902439077e-03,0.000000000000000000e+00,0.000000000000000000e+00,4.573170731707316798e-03,1.829268292682926719e-02,7.317073170731706877e-02,7.210365853658536883e-01
