0.000000000000000000e+00,0.000000000000000000e+00,0.000000000000000000e+00,0.000000000000000000e+00,0.000000000000000000e+00,0.000000000000000000e+00,0.000000000000000000e+00,0.000000000000000000e+00,0.000000000000000000e+00,0.000000000000000000e+00,0.000000000000000000e+00,0.000000000000000000e+00,0.000000000000000000e+00,0.000000000000000000e+00,0.000000000000000000e+00,0.000000000000000000e+00,0.000000000000000000e+00,0.000000000000000000e+00,0.000000000000000000e+00,0.000000000000000000e+00,0.000000000000000000e+00,0.000000000000000000e+00
0.000000000000000000e+00,9.425287356321838672e-01,3.448275862068965469e-02,1.149425287356321823e-02,1.149425287356321823e-02,0.000000000000000000e+00,0.000000000000000000e+00,0.000000000000000000e+00,0.000000000000000000e+00,0.000000000000000000e+00,0.000000000000000000e+00,0.000000000000000000e+00,0.000000000000000000e+00,0.000000000000000000e+00,0.000000000000000000e+00,0.000000000000000000e+00,0.000000000000000000e+00,0.000000000000000000e+00,0.000000000000000000e+00,0.000000000000000000e+00,0.000000000000000000e+00,0.000000000000000000e+00
0.000000000000000000e+00,3.370786516853932491e-02,8.089887640449437978e-01,1.460674157303370746e-01,0.000000000000000000e+00,0.000000000000000000e+00,0.000000000000000000e+00,0.000000000000000000e+00,0.000000000000000000e+00,0.000000000000000000e+00,0.000000000000000000e+00,0.000000000000000000e+00,0.000000000000000000e+00,0.000000000000000000e+00,0.000000000000000000e+00,0.000000000000000000e+00,0.000000000000000000e+00,0.000000000000000000e+00,0.000000000000000000e+00,0.000000000000000000e+00,0.000000000000000000e+00,1.123595505617977497e-02
0.000000000000000000e+00,1.455604075691412005e-03,2.620087336244541348e-02,8.951965065502183183e-01,6.695778748180494788e-02,2.911208151382824010e-03,2.911208151382824010e-03,0.000000000000000000e+00,1.455604075691412005e-03,0.000000000000000000e+00,0.000000000000000000e+00,0.000000000000000000e+00,0.000000000000000000e+00,0.000000000000000000e+00,0.000000000000000000e+00,0.000000000000000000e+00,0.000000000000000000e+00,0.000000000000000000e+00,0.000000000000000000e+00,0.000000000000000000e+00,0.000000000000000000e+00,2.911208151382824010e-03
0.000000000000000000e+00,1.020408163265306214e-03,0.000000000000000000e+00,5.714285714285714107e-02,8.551020408163265696e-01,7.142857142857142461e-02,4.081632653061224858e-03,3.061224489795918210e-03,0.000000000000000000e+00,0.000000000000000000e+00,1.020408163265306214e-03,0.000000000000000000e+00,0.000000000000000000e+00,0.000000000000000000e+00,2.040816326530612429e-03,0.000000000000000000e+00,1.020408163265306214e-03,0.000000000000000000e+00,1.020408163265306214e-03,1.020408163265306214e-03,1.020408163265306214e-03,1.020408163265306214e-03
0.000000000000000000e+00,0.000000000000000000e+00,0.000000000000000000e+00,1.323251417769376152e-02,1.323251417769376048e-01,7.712665406427221537e-01,4.536862003780718633e-02,1.323251417769376152e-02,5.671077504725898291e-03,7.561436672967864099e-03,0.000000000000000000e+00,0.000000000000000000e+00,1.890359168241966025e-03,0.000000000000000000e+00,1.890359168241966025e-03,0.000000000000000000e+00,0.000000000000000000e+00,0.000000000000000000e+00,1.890359168241966025e-03,1.890359168241966025e-03,0.000000000000000000e+00,3.780718336483932050e-03
0.000000000000000000e+00,0.000000000000000000e+00,0.000000000000000000e+00,0.000000000000000000e+00,9.166666666666666019e-02,2.166666666666666741e-01,5.416666666666666297e-01,6.666666666666666574e-02,2.500000000000000139e-02,1.666666666666666644e-02,8.333333333333333218e-03,0.000000000000000000e+00,8.333333333333333218e-03,0.000000000000000000e+00,8.333333333333333218e-03,0.000000000000000000e+00,8.333333333333333218e-03,0.000000000000000000e+00,0.000000000000000000e+00,0.000000000000000000e+00,0.000000000000000000e+00,8.333333333333333218e-03
0.000000000000000000e+00,0.000000000000000000e+00,0.000000000000000000e+00,0.000000000000000000e+00,3.703703703703703498e-02,7.407407407407406996e-02,1.481481481481481399e-01,4.444444444444444198e-01,1.296296296296296224e-01,7.407407407407406996e-02,3.703703703703703498e-02,1.851851851851851749e-02,0.000000000000000000e+00,0.000000000000000000e+00,0.000000000000000000e+00,3.703703703703703498e-02,0.000000000000000000e+00,0.000000000000000000e+00,0.000000000000000000e+00,0.000000000000000000e+00,0.000000000000000000e+00,0.000000000000000000e+00
0.000000000000000000e+00,0.000000000000000000e+00,0.000000000000000000e+00,0.000000000000000000e+00,2.173913043478260809e-02,1.086956521739130405e-01,1.086956521739130405e-01,8.695652173913043237e-02,5.000000000000000000e-01,1.086956521739130405e-01,2.173913043478260809e-02,0.000000000000000000e+00,0.000000000000000000e+00,0.000000000000000000e+00,0.000000000000000000e+00,0.000000000000000000e+00,4.347826086956521618e-02,0.000000000000000000e+00,0.000000000000000000e+00,0.000000000000000000e+00,0.000000000000000000e+00,0.000000000000000000e+00
0.000000000000000000e+00,0.000000000000000000e+00,0.000000000000000000e+00,0.000000000000000000e+00,0.000000000000000000e+00,8.510638297872340219e-02,6.382978723404254817e-02,1.063829787234042562e-01,2.127659574468085055e-02,4.680851063829787329e-01,8.510638297872340219e-02,6.382978723404254817e-02,2.127659574468085055e-02,4.255319148936170109e-02,2.127659574468085055e-02,0.000000000000000000e+00,0.000000000000000000e+00,0.000000000000000000e+00,0.000000000000000000e+00,0.000000000000000000e+00,0.000000000000000000e+00,2.127659574468085055e-02
0.000000000000000000e+00,0.000000000000000000e+00,0.000000000000000000e+00,0.000000000000000000e+00,0.000000000000000000e+00,5.882352941176470507e-02,1.764705882352941291e-01,5.882352941176470507e-02,0.000000000000000000e+00,2.941176470588235392e-01,2.352941176470588203e-01,5.882352941176470507e-02,5.882352941176470507e-02,5.882352941176470507e-02,0.000000000000000000e+00,0.000000000000000000e+00,0.000000000000000000e+00,0.000000000000000000e+00,0.000000000000000000e+00,0.000000000000000000e+00,0.000000000000000000e+00,0.000000000000000000e+00
0.000000000000000000e+00,0.000000000000000000e+00,0.000000000000000000e+00,0.000000000000000000e+00,0.000000000000000000e+00,0.000000000000000000e+00,0.000000000000000000e+00,0.000000000000000000e+00,4.000000000000000083e-02,4.000000000000000083e-02,1.199999999999999956e-01,6.400000000000000133e-01,8.000000000000000167e-02,0.000000000000000000e+00,4.000000000000000083e-02,4.000000000000000083e-02,0.000000000000000000e+00,0.000000000000000000e+00,0.000000000000000000e+00,0.000000000000000000e+00,0.000000000000000000e+00,0.000000000000000000e+00
0.000000000000000000e+00,0.000000000000000000e+00,0.000000000000000000e+00,0.000000000000000000e+00,0.000000000000000000e+00,0.000000000000000000e+00,8.695652173913043237e-02,0.000000000000000000e+00,4.347826086956521618e-02,4.347826086956521618e-02,4.347826086956521618e-02,4.347826086956521618e-02,3.478260869565217295e-01,2.608695652173912971e-01,0.000000000000000000e+00,4.347826086956521618e-02,0.000000000000000000e+00,0.000000000000000000e+00,8.695652173913043237e-02,0.000000000000000000e+00,0.000000000000000000e+00,0.000000000000000000e+00
0.000000000000000000e+00,0.000000000000000000e+00,0.000000000000000000e+00,0.000000000000000000e+00,0.000000000000000000e+00,0.000000000000000000e+00,0.000000000000000000e+00,0.000000000000000000e+00,2.631578947368420907e-02,0.000000000000000000e+00,5.263157894736841813e-02,2.631578947368420907e-02,1.315789473684210453e-01,6.052631578947368363e-01,1.315789473684210453e-01,2.631578947368420907e-02,0.000000000000000000e+00,0.000000000000000000e+00,0.000000000000000000e+00,0.000000000000000000e+00,0.000000000000000000e+00,0.000000000000000000e+00
0.000000000000000000e+00,0.000000000000000000e+00,0.000000000000000000e+00,0.000000000000000000e+00,3.448275862068965469e-02,1.034482758620689641e-01,0.000000000000000000e+00,0.000000000000000000e+00,0.000000000000000000e+00,3.448275862068965469e-02,0.000000000000000000e+00,0.000000000000000000e+00,3.448275862068965469e-02,1.034482758620689641e-01,5.172413793103448620e-01,1.034482758620689641e-01,0.000000000000000000e+00,3.448275862068965469e-02,0.000000000000000000e+00,0.000000000000000000e+00,0.000000000000000000e+00,3.448275862068965469e-02
0.000000000000000000e+00,0.000000000000000000e+00,0.000000000000000000e+00,0.000000000000000000e+00,0.000000000000000000e+00,8.333333333333332871e-02,1.666666666666666574e-01,0.000000000000000000e+00,0.000000000000000000e+00,1.666666666666666574e-01,0.000000000000000000e+00,0.000000000000000000e+00,0.000000000000000000e+00,8.333333333333332871e-02,8.333333333333332871e-02,1.666666666666666574e-01,1.666666666666666574e-01,0.000000000000000000e+00,0.000000000000000000e+00,8.333333333333332871e-02,0.000000000000000000e+00,0.000000000000000000e+00
0.000000000000000000e+00,0.000000000000000000e+00,0.000000000000000000e+00,0.000000000000000000e+00,0.000000000000000000e+00,6.666666666666666574e-02,0.000000000000000000e+00,0.000000000000000000e+00,0.000000000000000000e+00,0.000000000000000000e+00,0.000000000000000000e+00,0.000000000000000000e+00,0.000000000000000000e+00,1.333333333333333315e-01,6.666666666666666574e-02,1.333333333333333315e-01,3.333333333333333148e-01,1.333333333333333315e-01,0.000000000000000000e+00,0.000000000000000000e+00,0.000000000000000000e+00,1.333333333333333315e-01
0.000000000000000000e+00,0.000000000000000000e+00,0.000000000000000000e+00,0.000000000000000000e+00,0.000000000000000000e+00,0.000000000000000000e+00,0.000000000000000000e+00,0.000000000000000000e+00,0.000000000000000000e+00,0.000000000000000000e+00,0.000000000000000000e+00,1.000000000000000056e-01,0.000000000000000000e+00,0.000000000000000000e+00,0.000000000000000000e+00,1.000000000000000056e-01,1.000000000000000056e-01,5.999999999999999778e-01,0.000000000000000000e+00,1.000000000000000056e-01,0.000000000000000000e+00,0.000000000000000000e+00
0.000000000000000000e+00,0.000000000000000000e+00,0.000000000000000000e+00,0.000000000000000000e+00,0.000000000000000000e+00,0.000000000000000000e+00,1.111111111111111049e-01,0.000000000000000000e+00,0.000000000000000000e+00,0.000000000000000000e+00,0.000000000000000000e+00,0.000000000000000000e+00,0.000000000000000000e+00,0.000000000000000000e+00,0.000000000000000000e+00,0.000000000000000000e+00,0.000000000000000000e+00,1.111111111111111049e-01,5.555555555555555802e-01,0.000000000000000000e+00,0.000000000000000000e+00,2.222222222222222099e-01
0.000000000000000000e+00,0.000000000000000000e+00,0.000000000000000000e+00,0.000000000000000000e+00,0.000000000000000000e+00,2.000000000000000111e-01,2.000000000000000111e-01,2.000000000000000111e-01,0.000000000000000000e+00,0.000000000000000000e+00,0.000000000000000000e+00,0.000000000000000000e+00,0.000000000000000000e+00,0.000000000000000000e+00,0.000000000000000000e+00,0.000000000000000000e+00,2.000000000000000111e-01,0.000000000000000000e+00,0.000000000000000000e+00,2.000000000000000111e-01,0.000000000000000000e+00,0.000000000000000000e+00
0.000000000000000000e+00,0.000000000000000000e+00,0.000000000000000000e+00,0.000000000000000000e+00,0.000000000000000000e+00,1.000000000000000000e+00,0.000000000000000000e+00,0.000000000000000000e+00,0.000000000000000000e+00,0.000000000000000000e+00,0.000000000000000000e+00,0.000000000000000000e+00,0.000000000000000000e+00,0.000000000000000000e+00,0.000000000000000000e+00,0.000000000000000000e+00,0.000000000000000000e+00,0.000000000000000000e+00,0.000000000000000000e+00,0.000000000000000000e+00,0.000000000000000000e+00,0.000000000000000000e+00
0.000000000000000000e+00,0.000000000000000000e+00,0.000000000000000000e+00,0.000000000000000000e+00,2.127659574468085055e-02,4.255319148936170109e-02,2.127659574468085055e-02,0.000000000000000000e+00,1.063829787234042562e-01,2.127659574468085055e-02,0.000000000000000000e+00,2.127659574468085055e-02,2.127659574468085055e-02,0.000000000000000000e+00,2.127659574468085055e-02,0.000000000000000000e+00,2.127659574468085055e-02,0.000000000000000000e+00,2.127659574468085055e-02,0.000000000000000000e+00,0.000000000000000000e+00,6.808510638297872175e-01
