7.500000000000000000e-01,1.250000000000000000e-01,0.000000000000000000e+00,1.250000000000000000e-01,0.000000000000000000e+00,0.000000000000000000e+00,0.000000000000000000e+00,0.000000000000000000e+00,0.000000000000000000e+00,0.000000000000000000e+00,0.000000000000000000e+00,0.000000000000000000e+00,0.000000000000000000e+00,0.000000000000000000e+00,0.000000000000000000e+00,0.000000000000000000e+00,0.000000000000000000e+00,0.000000000000000000e+00,0.000000000000000000e+00,0.000000000000000000e+00,0.000000000000000000e+00,0.000000000000000000e+00
3.610108303249097601e-03,8.050541516245487417e-01,1.552346570397112047e-01,2.166064981949458387e-02,7.220216606498195203e-03,3.610108303249097601e-03,0.000000000000000000e+00,0.000000000000000000e+00,0.000000000000000000e+00,0.000000000000000000e+00,0.000000000000000000e+00,0.000000000000000000e+00,0.000000000000000000e+00,0.000000000000000000e+00,0.000000000000000000e+00,0.000000000000000000e+00,0.000000000000000000e+00,0.000000000000000000e+00,0.000000000000000000e+00,0.000000000000000000e+00,0.000000000000000000e+00,3.610108303249097601e-03
2.141327623126338450e-03,4.817987152034261533e-02,8.361884368308351023e-01,1.059957173447537426e-01,5.353319057815845473e-03,1.070663811563169225e-03,0.000000000000000000e+00,1.070663811563169225e-03,0.000000000000000000e+00,0.000000000000000000e+00,0.000000000000000000e+00,0.000000000000000000e+00,0.000000000000000000e+00,0.000000000000000000e+00,0.000000000000000000e+00,0.000000000000000000e+00,0.000000000000000000e+00,0.000000000000000000e+00,0.000000000000000000e+00,0.000000000000000000e+00,0.000000000000000000e+00,0.000000000000000000e+00
4.633920296570899055e-04,4.633920296570898621e-03,5.236329935125115520e-02,8.489341983317887363e-01,7.275254865616311017e-02,1.019462465245597749e-02,2.316960148285449311e-03,4.170528266913809366e-03,1.390176088971269716e-03,1.390176088971269716e-03,4.633920296570899055e-04,0.000000000000000000e+00,0.000000000000000000e+00,0.000000000000000000e+00,0.000000000000000000e+00,0.000000000000000000e+00,0.000000000000000000e+00,0.000000000000000000e+00,0.000000000000000000e+00,0.000000000000000000e+00,0.000000000000000000e+00,9.267840593141798110e-04
0.000000000000000000e+00,3.489183531053733408e-03,6.978367062107466816e-03,1.074668527564549836e-01,7.780879274249825617e-01,7.536636427076064126e-02,1.535240753663642647e-02,3.489183531053733408e-03,2.791346824842986553e-03,6.978367062107466382e-04,1.395673412421493276e-03,1.395673412421493276e-03,0.000000000000000000e+00,6.978367062107466382e-04,0.000000000000000000e+00,0.000000000000000000e+00,6.978367062107466382e-04,0.000000000000000000e+00,6.978367062107466382e-04,0.000000000000000000e+00,6.978367062107466382e-04,6.978367062107466382e-04
1.253132832080200432e-03,2.506265664160400863e-03,7.518796992481202590e-03,3.634085213032581252e-02,1.353383458646616466e-01,6.929824561403509220e-01,8.145363408521302806e-02,1.629072681704260561e-02,8.771929824561403022e-03,7.518796992481202590e-03,2.506265664160400863e-03,0.000000000000000000e+00,1.253132832080200432e-03,0.000000000000000000e+00,0.000000000000000000e+00,1.253132832080200432e-03,0.000000000000000000e+00,0.000000000000000000e+00,0.000000000000000000e+00,2.506265664160400863e-03,0.000000000000000000e+00,2.506265664160400863e-03
0.000000000000000000e+00,0.000000000000000000e+00,8.746355685131195629e-03,3.498542274052478251e-02,9.329446064139941541e-02,1.311953352769679171e-01,5.860058309037901036e-01,9.620991253644314845e-02,2.332361516034985385e-02,2.915451895043731732e-03,0.000000000000000000e+00,1.166180758017492693e-02,0.000000000000000000e+00,2.915451895043731732e-03,0.000000000000000000e+00,0.000000000000000000e+00,0.000000000000000000e+00,0.000000000000000000e+00,2.915451895043731732e-03,2.915451895043731732e-03,0.000000000000000000e+00,2.915451895043731732e-03
0.000000000000000000e+00,0.000000000000000000e+00,1.538461538461538547e-02,4.102564102564102561e-02,8.717948717948717507e-02,6.153846153846154188e-02,1.128205128205128221e-01,5.282051282051282159e-01,8.717948717948717507e-02,2.051282051282051280e-02,5.128205128205128201e-03,1.025641025641025640e-02,0.000000000000000000e+00,0.000000000000000000e+00,0.000000000000000000e+00,0.000000000000000000e+00,0.000000000000000000e+00,0.000000000000000000e+00,5.128205128205128201e-03,1.538461538461538547e-02,0.000000000000000000e+00,1.025641025641025640e-02
0.000000000000000000e+00,2.500000000000000139e-02,0.000000000000000000e+00,1.666666666666666644e-02,5.000000000000000278e-02,9.166666666666666019e-02,1.083333333333333370e-01,9.166666666666666019e-02,4.749999999999999778e-01,6.666666666666666574e-02,0.000000000000000000e+00,3.333333333333333287e-02,0.000000000000000000e+00,8.333333333333333218e-03,0.000000000000000000e+00,0.000000000000000000e+00,0.000000000000000000e+00,0.000000000000000000e+00,0.000000000000000000e+00,0.000000000000000000e+00,0.000000000000000000e+00,3.333333333333333287e-02
0.000000000000000000e+00,0.000000000000000000e+00,0.000000000000000000e+00,1.680672268907562952e-02,3.361344537815125905e-02,5.042016806722689204e-02,3.361344537815125905e-02,6.722689075630251809e-02,4.201680672268907901e-02,6.302521008403361158e-01,4.201680672268907901e-02,4.201680672268907901e-02,1.680672268907562952e-02,8.403361344537814762e-03,0.000000000000000000e+00,0.000000000000000000e+00,0.000000000000000000e+00,0.000000000000000000e+00,0.000000000000000000e+00,0.000000000000000000e+00,0.000000000000000000e+00,1.680672268907562952e-02
0.000000000000000000e+00,0.000000000000000000e+00,0.000000000000000000e+00,4.000000000000000083e-02,0.000000000000000000e+00,4.000000000000000083e-02,4.000000000000000083e-02,4.000000000000000083e-02,8.000000000000000167e-02,2.399999999999999911e-01,2.399999999999999911e-01,1.600000000000000033e-01,0.000000000000000000e+00,8.000000000000000167e-02,0.000000000000000000e+00,0.000000000000000000e+00,4.000000000000000083e-02,0.000000000000000000e+00,0.000000000000000000e+00,0.000000000000000000e+00,0.000000000000000000e+00,0.000000000000000000e+00
0.000000000000000000e+00,1.298701298701298787e-02,0.000000000000000000e+00,1.298701298701298787e-02,1.298701298701298787e-02,2.597402597402597574e-02,5.194805194805195148e-02,0.000000000000000000e+00,6.493506493506492894e-02,5.194805194805195148e-02,5.194805194805195148e-02,5.844155844155843882e-01,5.194805194805195148e-02,2.597402597402597574e-02,1.298701298701298787e-02,0.000000000000000000e+00,1.298701298701298787e-02,0.000000000000000000e+00,0.000000000000000000e+00,0.000000000000000000e+00,0.000000000000000000e+00,2.597402597402597574e-02
0.000000000000000000e+00,0.000000000000000000e+00,0.000000000000000000e+00,0.000000000000000000e+00,0.000000000000000000e+00,3.448275862068965469e-02,6.896551724137930939e-02,3.448275862068965469e-02,3.448275862068965469e-02,3.448275862068965469e-02,0.000000000000000000e+00,6.896551724137930939e-02,4.482758620689655249e-01,6.896551724137930939e-02,6.896551724137930939e-02,0.000000000000000000e+00,6.896551724137930939e-02,0.000000000000000000e+00,0.000000000000000000e+00,3.448275862068965469e-02,0.000000000000000000e+00,3.448275862068965469e-02
0.000000000000000000e+00,0.000000000000000000e+00,0.000000000000000000e+00,3.703703703703703498e-02,0.000000000000000000e+00,3.703703703703703498e-02,0.000000000000000000e+00,7.407407407407406996e-02,0.000000000000000000e+00,0.000000000000000000e+00,7.407407407407406996e-02,3.703703703703703498e-02,1.481481481481481399e-01,4.074074074074073848e-01,7.407407407407406996e-02,0.000000000000000000e+00,7.407407407407406996e-02,0.000000000000000000e+00,3.703703703703703498e-02,0.000000000000000000e+00,0.000000000000000000e+00,0.000000000000000000e+00
0.000000000000000000e+00,0.000000000000000000e+00,0.000000000000000000e+00,0.000000000000000000e+00,0.000000000000000000e+00,2.380952380952380820e-02,0.000000000000000000e+00,0.000000000000000000e+00,0.000000000000000000e+00,0.000000000000000000e+00,4.761904761904761640e-02,2.380952380952380820e-02,4.761904761904761640e-02,7.142857142857142461e-02,6.428571428571429047e-01,9.523809523809523281e-02,2.380952380952380820e-02,0.000000000000000000e+00,0.000000000000000000e+00,0.000000000000000000e+00,0.000000000000000000e+00,2.380952380952380820e-02
0.000000000000000000e+00,0.000000000000000000e+00,0.000000000000000000e+00,4.166666666666666435e-02,0.000000000000000000e+00,4.166666666666666435e-02,0.000000000000000000e+00,0.000000000000000000e+00,0.000000000000000000e+00,0.000000000000000000e+00,0.000000000000000000e+00,0.000000000000000000e+00,0.000000000000000000e+00,1.250000000000000000e-01,2.500000000000000000e-01,3.750000000000000000e-01,1.250000000000000000e-01,0.000000000000000000e+00,0.000000000000000000e+00,0.000000000000000000e+00,0.000000000000000000e+00,4.166666666666666435e-02
0.000000000000000000e+00,0.000000000000000000e+00,0.000000000000000000e+00,4.166666666666666435e-02,0.000000000000000000e+00,0.000000000000000000e+00,4.166666666666666435e-02,0.000000000000000000e+00,4.166666666666666435e-02,0.000000000000000000e+00,0.000000000000000000e+00,0.000000000000000000e+00,0.000000000000000000e+00,8.333333333333332871e-02,4.166666666666666435e-02,2.083333333333333426e-01,3.750000000000000000e-01,8.333333333333332871e-02,4.166666666666666435e-02,0.000000000000000000e+00,0.000000000000000000e+00,4.166666666666666435e-02
0.000000000000000000e+00,0.000000000000000000e+00,0.000000000000000000e+00,0.000000000000000000e+00,0.000000000000000000e+00,0.000000000000000000e+00,0.000000000000000000e+00,0.000000000000000000e+00,0.000000000000000000e+00,0.000000000000000000e+00,0.000000000000000000e+00,8.333333333333332871e-02,0.000000000000000000e+00,0.000000000000000000e+00,8.333333333333332871e-02,8.333333333333332871e-02,8.333333333333332871e-02,2.500000000000000000e-01,2.500000000000000000e-01,8.333333333333332871e-02,8.333333333333332871e-02,0.000000000000000000e+00
0.000000000000000000e+00,0.000000000000000000e+00,0.000000000000000000e+00,0.000000000000000000e+00,9.090909090909091161e-02,9.090909090909091161e-02,0.000000000000000000e+00,0.000000000000000000e+00,9.090909090909091161e-02,0.000000000000000000e+00,0.000000000000000000e+00,9.090909090909091161e-02,0.000000000000000000e+00,9.090909090909091161e-02,0.000000000000000000e+00,0.000000000000000000e+00,9.090909090909091161e-02,2.727272727272727071e-01,0.000000000000000000e+00,0.000000000000000000e+00,0.000000000000000000e+00,1.818181818181818232e-01
0.000000000000000000e+00,0.000000000000000000e+00,0.000000000000000000e+00,0.000000000000000000e+00,5.882352941176470507e-02,1.176470588235294101e-01,1.176470588235294101e-01,5.882352941176470507e-02,0.000000000000000000e+00,5.882352941176470507e-02,0.000000000000000000e+00,5.882352941176470507e-02,0.000000000000000000e+00,0.000000000000000000e+00,5.882352941176470507e-02,0.000000000000000000e+00,5.882352941176470507e-02,5.882352941176470507e-02,1.176470588235294101e-01,1.176470588235294101e-01,0.000000000000000000e+00,1.176470588235294101e-01
0.000000000000000000e+00,0.000000000000000000e+00,0.000000000000000000e+00,0.000000000000000000e+00,0.000000000000000000e+00,0.000000000000000000e+00,0.000000000000000000e+00,3.333333333333333148e-01,0.000000000000000000e+00,3.333333333333333148e-01,0.000000000000000000e+00,0.000000000000000000e+00,0.000000000000000000e+00,0.000000000000000000e+00,0.000000000000000000e+00,3.333333333333333148e-01,0.000000000000000000e+00,0.000000000000000000e+00,0.000000000000000000e+00,0.000000000000000000e+00,0.000000000000000000e+00,0.000000000000000000e+00
0.000000000000000000e+00,0.000000000000000000e+00,0.000000000000000000e+00,2.985074626865671585e-02,4.477611940298507204e-02,2.985074626865671585e-02,0.000000000000000000e+00,4.477611940298507204e-02,4.477611940298507204e-02,2.985074626865671585e-02,0.000000000000000000e+00,2.985074626865671585e-02,5.970149253731343170e-02,0.000000000000000000e+00,2.985074626865671585e-02,2.985074626865671585e-02,0.000000000000000000e+00,0.000000000000000000e+00,0.000000000000000000e+00,5.970149253731343170e-02,0.000000000000000000e+00,5.671641791044775838e-01
