9.215686274509803377e-01,5.882352941176470507e-02,1.960784313725490169e-02,0.000000000000000000e+00,0.000000000000000000e+00,0.000000000000000000e+00,0.000000000000000000e+00,0.000000000000000000e+00,0.000000000000000000e+00,0.000000000000000000e+00,0.000000000000000000e+00,0.000000000000000000e+00,0.000000000000000000e+00,0.000000000000000000e+00,0.000000000000000000e+00,0.000000000000000000e+00,0.000000000000000000e+00,0.000000000000000000e+00,0.000000000000000000e+00,0.000000000000000000e+00,0.000000000000000000e+00,0.000000000000000000e+00
6.666666666666666574e-02,5.333333333333333259e-01,2.000000000000000111e-01,1.333333333333333315e-01,6.666666666666666574e-02,0.000000000000000000e+00,0.000000000000000000e+00,0.000000000000000000e+00,0.000000000000000000e+00,0.000000000000000000e+00,0.000000000000000000e+00,0.000000000000000000e+00,0.000000000000000000e+00,0.000000000000000000e+00,0.000000000000000000e+00,0.000000000000000000e+00,0.000000000000000000e+00,0.000000000000000000e+00,0.000000000000000000e+00,0.000000000000000000e+00,0.000000000000000000e+00,0.000000000000000000e+00
0.000000000000000000e+00,1.052631578947368363e-01,7.631578947368421462e-01,7.894736842105262720e-02,0.000000000000000000e+00,2.631578947368420907e-02,2.631578947368420907e-02,0.000000000000000000e+00,0.000000000000000000e+00,0.000000000000000000e+00,0.000000000000000000e+00,0.000000000000000000e+00,0.000000000000000000e+00,0.000000000000000000e+00,0.000000000000000000e+00,0.000000000000000000e+00,0.000000000000000000e+00,0.000000000000000000e+00,0.000000000000000000e+00,0.000000000000000000e+00,0.000000000000000000e+00,0.000000000000000000e+00
0.000000000000000000e+00,1.298701298701298787e-02,3.896103896103896014e-02,7.272727272727272929e-01,6.493506493506492894e-02,0.000000000000000000e+00,1.298701298701298787e-02,2.597402597402597574e-02,2.597402597402597574e-02,1.298701298701298787e-02,2.597402597402597574e-02,1.298701298701298787e-02,1.298701298701298787e-02,0.000000000000000000e+00,0.000000000000000000e+00,0.000000000000000000e+00,0.000000000000000000e+00,0.000000000000000000e+00,0.000000000000000000e+00,1.298701298701298787e-02,0.000000000000000000e+00,1.298701298701298787e-02
1.351351351351351426e-02,0.000000000000000000e+00,1.351351351351351426e-02,5.405405405405405705e-02,7.162162162162162282e-01,9.459459459459459985e-02,4.054054054054054279e-02,4.054054054054054279e-02,1.351351351351351426e-02,1.351351351351351426e-02,0.000000000000000000e+00,0.000000000000000000e+00,0.000000000000000000e+00,0.000000000000000000e+00,0.000000000000000000e+00,0.000000000000000000e+00,0.000000000000000000e+00,0.000000000000000000e+00,0.000000000000000000e+00,0.000000000000000000e+00,0.000000000000000000e+00,0.000000000000000000e+00
7.407407407407407690e-03,0.000000000000000000e+00,0.000000000000000000e+00,2.962962962962963076e-02,6.666666666666666574e-02,6.444444444444444864e-01,1.481481481481481399e-01,3.703703703703703498e-02,4.444444444444444614e-02,0.000000000000000000e+00,7.407407407407407690e-03,7.407407407407407690e-03,0.000000000000000000e+00,7.407407407407407690e-03,0.000000000000000000e+00,0.000000000000000000e+00,0.000000000000000000e+00,0.000000000000000000e+00,0.000000000000000000e+00,0.000000000000000000e+00,0.000000000000000000e+00,0.000000000000000000e+00
0.000000000000000000e+00,0.000000000000000000e+00,0.000000000000000000e+00,0.000000000000000000e+00,1.123595505617977497e-02,1.048689138576779090e-01,6.891385767790262351e-01,1.161048689138576839e-01,2.247191011235954994e-02,1.123595505617977497e-02,7.490636704119850268e-03,7.490636704119850268e-03,3.745318352059925134e-03,3.745318352059925134e-03,7.490636704119850268e-03,3.745318352059925134e-03,3.745318352059925134e-03,0.000000000000000000e+00,0.000000000000000000e+00,0.000000000000000000e+00,0.000000000000000000e+00,7.490636704119850268e-03
0.000000000000000000e+00,0.000000000000000000e+00,2.070393374741200977e-03,4.140786749482401954e-03,6.211180124223602064e-03,4.140786749482401954e-03,6.832298136645963138e-02,7.577639751552794900e-01,1.200828157349896480e-01,1.035196687370600402e-02,1.656314699792960782e-02,2.070393374741200977e-03,4.140786749482401954e-03,4.140786749482401954e-03,0.000000000000000000e+00,0.000000000000000000e+00,0.000000000000000000e+00,0.000000000000000000e+00,0.000000000000000000e+00,0.000000000000000000e+00,0.000000000000000000e+00,0.000000000000000000e+00
0.000000000000000000e+00,0.000000000000000000e+00,0.000000000000000000e+00,0.000000000000000000e+00,1.340482573726541581e-03,9.383378016085790196e-03,9.383378016085790196e-03,6.434316353887399587e-02,7.104557640750670533e-01,1.501340482573726431e-01,3.083109919571045549e-02,4.021447721179624742e-03,9.383378016085790196e-03,1.340482573726541581e-03,1.340482573726541581e-03,0.000000000000000000e+00,1.340482573726541581e-03,0.000000000000000000e+00,0.000000000000000000e+00,1.340482573726541581e-03,0.000000000000000000e+00,5.361930294906166322e-03
0.000000000000000000e+00,0.000000000000000000e+00,0.000000000000000000e+00,2.111189303307529994e-03,0.000000000000000000e+00,7.037297677691766286e-04,2.814919071076706514e-03,1.337086558761435562e-02,8.515130190007037803e-02,7.839549612948627511e-01,7.741027445460943457e-02,1.618578465869106170e-02,8.444757213230119977e-03,4.222378606615059989e-03,1.407459535538353257e-03,7.037297677691766286e-04,0.000000000000000000e+00,7.037297677691766286e-04,7.037297677691766286e-04,0.000000000000000000e+00,0.000000000000000000e+00,2.111189303307529994e-03
0.000000000000000000e+00,0.000000000000000000e+00,0.000000000000000000e+00,7.380073800738007166e-04,7.380073800738007166e-04,7.380073800738007166e-04,2.952029520295202866e-03,6.642066420664206883e-03,1.476014760147601433e-02,9.077490774907749638e-02,7.749077490774908261e-01,7.453874538745387801e-02,1.328413284132841377e-02,3.690036900369003583e-03,5.166051660516605450e-03,1.476014760147601433e-03,1.476014760147601433e-03,2.952029520295202866e-03,0.000000000000000000e+00,1.476014760147601433e-03,7.380073800738007166e-04,2.952029520295202866e-03
0.000000000000000000e+00,0.000000000000000000e+00,0.000000000000000000e+00,2.808988764044943742e-03,1.404494382022471871e-03,1.404494382022471871e-03,0.000000000000000000e+00,7.022471910112359356e-03,5.617977528089887485e-03,2.808988764044943742e-02,1.544943820224718989e-01,6.306179775280899014e-01,9.550561797752808724e-02,2.949438202247190929e-02,9.831460674157303098e-03,2.808988764044943742e-03,2.808988764044943742e-03,9.831460674157303098e-03,4.213483146067415613e-03,1.404494382022471871e-03,1.404494382022471871e-03,1.123595505617977497e-02
0.000000000000000000e+00,0.000000000000000000e+00,0.000000000000000000e+00,2.183406113537117790e-03,0.000000000000000000e+00,0.000000000000000000e+00,0.000000000000000000e+00,6.550218340611353371e-03,1.310043668122270674e-02,2.401746724890829743e-02,3.930131004366812369e-02,1.746724890829694232e-01,5.873362445414846977e-01,7.423580786026201528e-02,2.838427947598253301e-02,1.746724890829694232e-02,2.183406113537117790e-03,4.366812227074235581e-03,8.733624454148471161e-03,4.366812227074235581e-03,0.000000000000000000e+00,1.310043668122270674e-02
0.000000000000000000e+00,0.000000000000000000e+00,0.000000000000000000e+00,3.558718861209964231e-03,0.000000000000000000e+00,0.000000000000000000e+00,3.558718861209964231e-03,7.117437722419928461e-03,3.558718861209964231e-03,1.423487544483985692e-02,4.270462633451957424e-02,9.964412811387900193e-02,1.174377224199288222e-01,6.014234875444839368e-01,4.270462633451957424e-02,1.423487544483985692e-02,1.779359430604982376e-02,1.067615658362989356e-02,3.558718861209964231e-03,3.558718861209964231e-03,3.558718861209964231e-03,1.067615658362989356e-02
0.000000000000000000e+00,0.000000000000000000e+00,0.000000000000000000e+00,0.000000000000000000e+00,0.000000000000000000e+00,0.000000000000000000e+00,0.000000000000000000e+00,0.000000000000000000e+00,6.849315068493150305e-03,2.739726027397260122e-02,2.054794520547945091e-02,6.164383561643835274e-02,8.904109589041095396e-02,1.095890410958904049e-01,5.205479452054794232e-01,6.849315068493150305e-02,2.739726027397260122e-02,1.369863013698630061e-02,4.109589041095890183e-02,0.000000000000000000e+00,6.849315068493150305e-03,6.849315068493150305e-03
0.000000000000000000e+00,0.000000000000000000e+00,0.000000000000000000e+00,0.000000000000000000e+00,0.000000000000000000e+00,0.000000000000000000e+00,0.000000000000000000e+00,0.000000000000000000e+00,2.439024390243902524e-02,1.219512195121951262e-02,6.097560975609755962e-02,4.878048780487805047e-02,7.317073170731706877e-02,3.658536585365853439e-02,1.585365853658536606e-01,4.390243902439024404e-01,7.317073170731706877e-02,2.439024390243902524e-02,1.219512195121951262e-02,1.219512195121951262e-02,1.219512195121951262e-02,1.219512195121951262e-02
0.000000000000000000e+00,0.000000000000000000e+00,0.000000000000000000e+00,0.000000000000000000e+00,0.000000000000000000e+00,0.000000000000000000e+00,0.000000000000000000e+00,1.190476190476190410e-02,0.000000000000000000e+00,0.000000000000000000e+00,1.190476190476190410e-02,1.190476190476190410e-02,3.571428571428571230e-02,5.952380952380952051e-02,1.071428571428571369e-01,8.333333333333332871e-02,5.238095238095238360e-01,1.190476190476190410e-02,5.952380952380952051e-02,1.190476190476190410e-02,0.000000000000000000e+00,7.142857142857142461e-02
0.000000000000000000e+00,0.000000000000000000e+00,0.000000000000000000e+00,0.000000000000000000e+00,0.000000000000000000e+00,0.000000000000000000e+00,0.000000000000000000e+00,0.000000000000000000e+00,0.000000000000000000e+00,1.754385964912280604e-02,3.508771929824561209e-02,8.771929824561403022e-02,7.017543859649122417e-02,3.508771929824561209e-02,1.754385964912280604e-02,1.228070175438596423e-01,3.508771929824561209e-02,4.210526315789473450e-01,5.263157894736841813e-02,1.754385964912280604e-02,0.000000000000000000e+00,8.771929824561403022e-02
0.000000000000000000e+00,0.000000000000000000e+00,0.000000000000000000e+00,0.000000000000000000e+00,0.000000000000000000e+00,0.000000000000000000e+00,0.000000000000000000e+00,0.000000000000000000e+00,0.000000000000000000e+00,0.000000000000000000e+00,4.651162790697674354e-02,1.162790697674418589e-01,6.976744186046511531e-02,1.162790697674418589e-01,6.976744186046511531e-02,2.325581395348837177e-02,4.651162790697674354e-02,1.627906976744186163e-01,2.093023255813953598e-01,4.651162790697674354e-02,0.000000000000000000e+00,9.302325581395348708e-02
0.000000000000000000e+00,0.000000000000000000e+00,0.000000000000000000e+00,0.000000000000000000e+00,0.000000000000000000e+00,0.000000000000000000e+00,0.000000000000000000e+00,0.000000000000000000e+00,0.000000000000000000e+00,0.000000000000000000e+00,1.071428571428571369e-01,3.571428571428571230e-02,7.142857142857142461e-02,0.000000000000000000e+00,0.000000000000000000e+00,7.142857142857142461e-02,3.571428571428571230e-02,3.571428571428571230e-02,1.071428571428571369e-01,3.214285714285714524e-01,3.571428571428571230e-02,1.785714285714285754e-01
0.000000000000000000e+00,0.000000000000000000e+00,0.000000000000000000e+00,0.000000000000000000e+00,0.000000000000000000e+00,0.000000000000000000e+00,0.000000000000000000e+00,0.000000000000000000e+00,0.000000000000000000e+00,4.000000000000000083e-02,8.000000000000000167e-02,8.000000000000000167e-02,4.000000000000000083e-02,8.000000000000000167e-02,0.000000000000000000e+00,0.000000000000000000e+00,8.000000000000000167e-02,4.000000000000000083e-02,0.000000000000000000e+00,0.000000000000000000e+00,3.599999999999999867e-01,2.000000000000000111e-01
0.000000000000000000e+00,0.000000000000000000e+00,0.000000000000000000e+00,6.060606060606060601e-03,6.060606060606060601e-03,0.000000000000000000e+00,0.000000000000000000e+00,0.000000000000000000e+00,6.060606060606060601e-03,1.818181818181818094e-02,6.060606060606060601e-03,2.424242424242424240e-02,5.454545454545454281e-02,2.424242424242424240e-02,1.212121212121212120e-02,1.818181818181818094e-02,4.848484848484848481e-02,1.818181818181818094e-02,3.030303030303030387e-02,3.636363636363636187e-02,4.242424242424242681e-02,6.484848484848484418e-01
