2.972972972972973138e-01,1.486486486486486569e-01,2.702702702702702853e-01,9.459459459459459985e-02,8.108108108108108558e-02,4.054054054054054279e-02,0.000000000000000000e+00,1.351351351351351426e-02,0.000000000000000000e+00,0.000000000000000000e+00,0.000000000000000000e+00,0.000000000000000000e+00,0.000000000000000000e+00,0.000000000000000000e+00,0.000000000000000000e+00,1.351351351351351426e-02,0.000000000000000000e+00,0.000000000000000000e+00,1.351351351351351426e-02,0.000000000000000000e+00,0.000000000000000000e+00,2.702702702702702853e-02
4.898648648648648574e-02,7.483108108108108558e-01,1.233108108108108142e-01,5.743243243243243562e-02,1.182432432432432498e-02,6.756756756756757132e-03,0.000000000000000000e+00,3.378378378378378566e-03,0.000000000000000000e+00,0.000000000000000000e+00,0.000000000000000000e+00,0.000000000000000000e+00,0.000000000000000000e+00,0.000000000000000000e+00,0.000000000000000000e+00,0.000000000000000000e+00,0.000000000000000000e+00,0.000000000000000000e+00,0.000000000000000000e+00,0.000000000000000000e+00,0.000000000000000000e+00,0.000000000000000000e+00
5.847953216374268681e-03,6.757634827810266032e-02,7.342430149447692900e-01,1.637426900584795231e-01,1.494476933073424219e-02,4.548408057179986752e-03,5.198180636777127717e-03,1.949317738791422894e-03,6.497725795971409646e-04,6.497725795971409646e-04,0.000000000000000000e+00,0.000000000000000000e+00,0.000000000000000000e+00,0.000000000000000000e+00,0.000000000000000000e+00,0.000000000000000000e+00,0.000000000000000000e+00,0.000000000000000000e+00,0.000000000000000000e+00,0.000000000000000000e+00,0.000000000000000000e+00,6.497725795971409646e-04
8.087343307723412382e-04,1.051354630004043729e-02,1.103922361504245803e-01,7.860897695107157412e-01,6.955115244642134931e-02,1.334411645774363081e-02,3.234937323089364953e-03,8.087343307723412382e-04,1.617468661544682476e-03,0.000000000000000000e+00,8.087343307723412382e-04,8.087343307723412382e-04,0.000000000000000000e+00,4.043671653861706191e-04,0.000000000000000000e+00,0.000000000000000000e+00,0.000000000000000000e+00,0.000000000000000000e+00,0.000000000000000000e+00,4.043671653861706191e-04,0.000000000000000000e+00,1.213101496158511912e-03
0.000000000000000000e+00,6.122448979591836420e-03,1.428571428571428527e-02,1.857142857142857206e-01,6.806122448979591288e-01,6.836734693877551117e-02,2.244897959183673325e-02,1.224489795918367284e-02,0.000000000000000000e+00,0.000000000000000000e+00,1.020408163265306214e-03,2.040816326530612429e-03,2.040816326530612429e-03,1.020408163265306214e-03,2.040816326530612429e-03,0.000000000000000000e+00,0.000000000000000000e+00,0.000000000000000000e+00,0.000000000000000000e+00,0.000000000000000000e+00,0.000000000000000000e+00,2.040816326530612429e-03
2.857142857142857140e-03,2.857142857142857140e-03,1.142857142857142856e-02,9.142857142857142849e-02,2.257142857142857006e-01,5.371428571428571441e-01,5.142857142857142766e-02,4.857142857142857095e-02,5.714285714285714281e-03,2.857142857142857140e-03,8.571428571428571855e-03,2.857142857142857140e-03,0.000000000000000000e+00,0.000000000000000000e+00,0.000000000000000000e+00,0.000000000000000000e+00,2.857142857142857140e-03,0.000000000000000000e+00,0.000000000000000000e+00,2.857142857142857140e-03,0.000000000000000000e+00,2.857142857142857140e-03
0.000000000000000000e+00,4.901960784313725422e-03,2.450980392156862711e-02,6.862745098039216285e-02,1.029411764705882304e-01,1.519607843137254777e-01,4.901960784313725283e-01,6.372549019607842702e-02,3.431372549019608142e-02,9.803921568627450844e-03,4.901960784313725422e-03,4.901960784313725422e-03,0.000000000000000000e+00,1.470588235294117627e-02,0.000000000000000000e+00,0.000000000000000000e+00,0.000000000000000000e+00,0.000000000000000000e+00,4.901960784313725422e-03,0.000000000000000000e+00,0.000000000000000000e+00,1.960784313725490169e-02
0.000000000000000000e+00,0.000000000000000000e+00,2.678571428571428423e-02,4.464285714285714385e-02,8.035714285714286309e-02,1.696428571428571508e-01,2.500000000000000000e-01,2.946428571428571508e-01,2.678571428571428423e-02,2.678571428571428423e-02,8.928571428571428076e-03,3.571428571428571230e-02,0.000000000000000000e+00,8.928571428571428076e-03,0.000000000000000000e+00,0.000000000000000000e+00,0.000000000000000000e+00,0.000000000000000000e+00,1.785714285714285615e-02,0.000000000000000000e+00,0.000000000000000000e+00,8.928571428571428076e-03
1.388888888888888812e-02,0.000000000000000000e+00,1.388888888888888812e-02,4.166666666666666435e-02,2.777777777777777624e-02,9.722222222222222376e-02,1.111111111111111049e-01,1.527777777777777901e-01,3.750000000000000000e-01,4.166666666666666435e-02,1.388888888888888812e-02,6.944444444444444753e-02,0.000000000000000000e+00,1.388888888888888812e-02,1.388888888888888812e-02,0.000000000000000000e+00,0.000000000000000000e+00,0.000000000000000000e+00,0.000000000000000000e+00,0.000000000000000000e+00,0.000000000000000000e+00,1.388888888888888812e-02
0.000000000000000000e+00,0.000000000000000000e+00,0.000000000000000000e+00,3.030303030303030387e-02,3.030303030303030387e-02,6.060606060606060774e-02,3.030303030303030387e-02,3.030303030303030387e-02,3.030303030303030387e-01,2.424242424242424310e-01,1.212121212121212155e-01,3.030303030303030387e-02,6.060606060606060774e-02,0.000000000000000000e+00,3.030303030303030387e-02,0.000000000000000000e+00,0.000000000000000000e+00,0.000000000000000000e+00,0.000000000000000000e+00,0.000000000000000000e+00,0.000000000000000000e+00,3.030303030303030387e-02
0.000000000000000000e+00,0.000000000000000000e+00,0.000000000000000000e+00,0.000000000000000000e+00,2.941176470588235253e-02,5.882352941176470507e-02,0.000000000000000000e+00,1.470588235294117696e-01,5.882352941176470507e-02,8.823529411764706454e-02,3.235294117647058987e-01,1.176470588235294101e-01,8.823529411764706454e-02,2.941176470588235253e-02,0.000000000000000000e+00,0.000000000000000000e+00,2.941176470588235253e-02,0.000000000000000000e+00,0.000000000000000000e+00,0.000000000000000000e+00,0.000000000000000000e+00,2.941176470588235253e-02
0.000000000000000000e+00,0.000000000000000000e+00,1.388888888888888812e-02,0.000000000000000000e+00,4.166666666666666435e-02,1.388888888888888812e-02,1.388888888888888812e-02,5.555555555555555247e-02,5.555555555555555247e-02,9.722222222222222376e-02,6.944444444444444753e-02,4.583333333333333148e-01,6.944444444444444753e-02,1.388888888888888812e-02,2.777777777777777624e-02,1.388888888888888812e-02,2.777777777777777624e-02,0.000000000000000000e+00,0.000000000000000000e+00,0.000000000000000000e+00,0.000000000000000000e+00,2.777777777777777624e-02
0.000000000000000000e+00,0.000000000000000000e+00,2.564102564102564014e-02,0.000000000000000000e+00,2.564102564102564014e-02,0.000000000000000000e+00,2.564102564102564014e-02,0.000000000000000000e+00,2.564102564102564014e-02,2.564102564102564014e-02,5.128205128205128027e-02,2.051282051282051211e-01,4.871794871794871695e-01,7.692307692307692735e-02,2.564102564102564014e-02,0.000000000000000000e+00,0.000000000000000000e+00,0.000000000000000000e+00,0.000000000000000000e+00,0.000000000000000000e+00,0.000000000000000000e+00,2.564102564102564014e-02
0.000000000000000000e+00,0.000000000000000000e+00,0.000000000000000000e+00,0.000000000000000000e+00,1.666666666666666644e-02,3.333333333333333287e-02,1.666666666666666644e-02,6.666666666666666574e-02,1.666666666666666644e-02,0.000000000000000000e+00,3.333333333333333287e-02,6.666666666666666574e-02,1.000000000000000056e-01,5.333333333333333259e-01,3.333333333333333287e-02,1.666666666666666644e-02,3.333333333333333287e-02,0.000000000000000000e+00,1.666666666666666644e-02,0.000000000000000000e+00,0.000000000000000000e+00,1.666666666666666644e-02
0.000000000000000000e+00,0.000000000000000000e+00,3.125000000000000000e-02,3.125000000000000000e-02,3.125000000000000000e-02,0.000000000000000000e+00,0.000000000000000000e+00,3.125000000000000000e-02,3.125000000000000000e-02,0.000000000000000000e+00,3.125000000000000000e-02,3.125000000000000000e-02,3.125000000000000000e-02,2.187500000000000000e-01,4.687500000000000000e-01,0.000000000000000000e+00,0.000000000000000000e+00,0.000000000000000000e+00,0.000000000000000000e+00,0.000000000000000000e+00,3.125000000000000000e-02,3.125000000000000000e-02
0.000000000000000000e+00,0.000000000000000000e+00,0.000000000000000000e+00,0.000000000000000000e+00,0.000000000000000000e+00,0.000000000000000000e+00,0.000000000000000000e+00,0.000000000000000000e+00,0.000000000000000000e+00,0.000000000000000000e+00,0.000000000000000000e+00,1.666666666666666574e-01,1.666666666666666574e-01,1.666666666666666574e-01,1.666666666666666574e-01,1.666666666666666574e-01,0.000000000000000000e+00,0.000000000000000000e+00,0.000000000000000000e+00,0.000000000000000000e+00,0.000000000000000000e+00,1.666666666666666574e-01
0.000000000000000000e+00,0.000000000000000000e+00,0.000000000000000000e+00,1.111111111111111049e-01,0.000000000000000000e+00,0.000000000000000000e+00,0.000000000000000000e+00,0.000000000000000000e+00,3.333333333333333148e-01,0.000000000000000000e+00,0.000000000000000000e+00,1.111111111111111049e-01,0.000000000000000000e+00,0.000000000000000000e+00,2.222222222222222099e-01,1.111111111111111049e-01,1.111111111111111049e-01,0.000000000000000000e+00,0.000000000000000000e+00,0.000000000000000000e+00,0.000000000000000000e+00,0.000000000000000000e+00
0.000000000000000000e+00,0.000000000000000000e+00,0.000000000000000000e+00,1.000000000000000000e+00,0.000000000000000000e+00,0.000000000000000000e+00,0.000000000000000000e+00,0.000000000000000000e+00,0.000000000000000000e+00,0.000000000000000000e+00,0.000000000000000000e+00,0.000000000000000000e+00,0.000000000000000000e+00,0.000000000000000000e+00,0.000000000000000000e+00,0.000000000000000000e+00,0.000000000000000000e+00,0.000000000000000000e+00,0.000000000000000000e+00,0.000000000000000000e+00,0.000000000000000000e+00,0.000000000000000000e+00
0.000000000000000000e+00,0.000000000000000000e+00,9.090909090909091161e-02,0.000000000000000000e+00,0.000000000000000000e+00,0.000000000000000000e+00,1.818181818181818232e-01,9.090909090909091161e-02,0.000000000000000000e+00,0.000000000000000000e+00,0.000000000000000000e+00,0.000000000000000000e+00,9.090909090909091161e-02,0.000000000000000000e+00,0.000000000000000000e+00,0.000000000000000000e+00,9.090909090909091161e-02,0.000000000000000000e+00,3.636363636363636465e-01,9.090909090909091161e-02,0.000000000000000000e+00,0.000000000000000000e+00
0.000000000000000000e+00,0.000000000000000000e+00,0.000000000000000000e+00,1.111111111111111049e-01,1.111111111111111049e-01,0.000000000000000000e+00,0.000000000000000000e+00,0.000000000000000000e+00,0.000000000000000000e+00,0.000000000000000000e+00,1.111111111111111049e-01,0.000000000000000000e+00,0.000000000000000000e+00,0.000000000000000000e+00,0.000000000000000000e+00,0.000000000000000000e+00,0.000000000000000000e+00,0.000000000000000000e+00,2.222222222222222099e-01,4.444444444444444198e-01,0.000000000000000000e+00,0.000000000000000000e+00
0.000000000000000000e+00,0.000000000000000000e+00,0.000000000000000000e+00,0.000000000000000000e+00,0.000000000000000000e+00,0.000000000000000000e+00,0.000000000000000000e+00,0.000000000000000000e+00,0.000000000000000000e+00,0.000000000000000000e+00,0.000000000000000000e+00,0.000000000000000000e+00,0.000000000000000000e+00,0.000000000000000000e+00,0.000000000000000000e+00,0.000000000000000000e+00,5.000000000000000000e-01,0.000000000000000000e+00,0.000000000000000000e+00,5.000000000000000000e-01,0.000000000000000000e+00,0.000000000000000000e+00
0.000000000000000000e+00,0.000000000000000000e+00,2.564102564102564014e-02,1.025641025641025605e-01,1.282051282051281937e-01,7.692307692307692735e-02,5.128205128205128027e-02,5.128205128205128027e-02,2.564102564102564014e-02,0.000000000000000000e+00,0.000000000000000000e+00,2.564102564102564014e-02,0.000000000000000000e+00,2.564102564102564014e-02,7.692307692307692735e-02,0.000000000000000000e+00,0.000000000000000000e+00,0.000000000000000000e+00,0.000000000000000000e+00,0.000000000000000000e+00,0.000000000000000000e+00,4.102564102564102422e-01
