6.227810650887574129e-01,8.875739644970413733e-02,2.958579881656804578e-02,1.331360946745562164e-02,1.183431952662721866e-02,7.396449704142011444e-03,1.331360946745562164e-02,1.479289940828402332e-03,2.958579881656804664e-03,2.958579881656804664e-03,1.923076923076923184e-02,0.000000000000000000e+00,0.000000000000000000e+00,0.000000000000000000e+00,0.000000000000000000e+00,2.958579881656804664e-03,4.437869822485207214e-03,4.437869822485207214e-03,1.923076923076923184e-02,3.254437869822485174e-02,1.227810650887573990e-01
1.061452513966480438e-01,5.418994413407821620e-01,6.983240223463686724e-02,2.513966480446927498e-02,2.513966480446927498e-02,1.675977653631284883e-02,8.379888268156424416e-03,8.379888268156424416e-03,1.117318435754189980e-02,1.117318435754189980e-02,3.351955307262569767e-02,5.586592178770949900e-03,0.000000000000000000e+00,2.793296089385474950e-03,0.000000000000000000e+00,5.586592178770949900e-03,2.793296089385474950e-03,8.379888268156424416e-03,1.675977653631284883e-02,3.351955307262569767e-02,6.703910614525139533e-02
7.786885245901639663e-02,6.557377049180328210e-02,4.959016393442622905e-01,9.836065573770491621e-02,2.868852459016393505e-02,8.196721311475410263e-03,2.049180327868852305e-02,2.049180327868852305e-02,8.196721311475410263e-03,8.196721311475410263e-03,6.147540983606557263e-02,4.098360655737705131e-03,0.000000000000000000e+00,0.000000000000000000e+00,0.000000000000000000e+00,4.098360655737705131e-03,4.098360655737705131e-03,1.229508196721311453e-02,8.196721311475410263e-03,2.459016393442622905e-02,4.918032786885245811e-02
3.703703703703703498e-02,6.878306878306877925e-02,8.994708994708994210e-02,4.761904761904761640e-01,5.291005291005290712e-02,3.703703703703703498e-02,0.000000000000000000e+00,0.000000000000000000e+00,5.291005291005290712e-03,0.000000000000000000e+00,6.349206349206348854e-02,5.291005291005290712e-03,0.000000000000000000e+00,0.000000000000000000e+00,0.000000000000000000e+00,1.058201058201058142e-02,1.587301587301587213e-02,1.587301587301587213e-02,3.703703703703703498e-02,2.645502645502645356e-02,5.820105820105819783e-02
4.716981132075472039e-02,3.773584905660377214e-02,9.433962264150944077e-02,7.547169811320754429e-02,3.584905660377358250e-01,1.037735849056603821e-01,1.886792452830188607e-02,1.886792452830188607e-02,0.000000000000000000e+00,3.773584905660377214e-02,8.490566037735848559e-02,0.000000000000000000e+00,0.000000000000000000e+00,0.000000000000000000e+00,9.433962264150943036e-03,0.000000000000000000e+00,0.000000000000000000e+00,0.000000000000000000e+00,2.830188679245283084e-02,1.886792452830188607e-02,6.603773584905660299e-02
2.608695652173912902e-02,2.608695652173912902e-02,8.695652173913043237e-02,6.086956521739130682e-02,8.695652173913043237e-02,4.695652173913043570e-01,1.739130434782608717e-02,1.739130434782608717e-02,0.000000000000000000e+00,3.478260869565217434e-02,1.217391304347826136e-01,0.000000000000000000e+00,8.695652173913043584e-03,0.000000000000000000e+00,0.000000000000000000e+00,0.000000000000000000e+00,0.000000000000000000e+00,8.695652173913043584e-03,0.000000000000000000e+00,1.739130434782608717e-02,1.739130434782608717e-02
4.838709677419354704e-02,6.451612903225806273e-02,4.838709677419354704e-02,0.000000000000000000e+00,3.225806451612903136e-02,1.290322580645161255e-01,3.870967741935483764e-01,4.838709677419354704e-02,4.838709677419354704e-02,0.000000000000000000e+00,3.225806451612903136e-02,0.000000000000000000e+00,1.612903225806451568e-02,1.612903225806451568e-02,0.000000000000000000e+00,0.000000000000000000e+00,1.612903225806451568e-02,1.612903225806451568e-02,1.612903225806451568e-02,3.225806451612903136e-02,4.838709677419354704e-02
1.587301587301587213e-02,4.761904761904761640e-02,6.349206349206348854e-02,0.000000000000000000e+00,1.587301587301587213e-02,0.000000000000000000e+00,1.111111111111111049e-01,3.650793650793650591e-01,9.523809523809523281e-02,6.349206349206348854e-02,7.936507936507936067e-02,1.587301587301587213e-02,0.000000000000000000e+00,1.587301587301587213e-02,0.000000000000000000e+00,0.000000000000000000e+00,1.587301587301587213e-02,3.174603174603174427e-02,0.000000000000000000e+00,1.587301587301587213e-02,4.761904761904761640e-02
3.448275862068965469e-02,1.724137931034482735e-02,1.724137931034482735e-02,5.172413793103448204e-02,0.000000000000000000e+00,1.724137931034482735e-02,0.000000000000000000e+00,1.034482758620689641e-01,4.655172413793103314e-01,8.620689655172414367e-02,1.206896551724137984e-01,0.000000000000000000e+00,0.000000000000000000e+00,0.000000000000000000e+00,0.000000000000000000e+00,0.000000000000000000e+00,1.724137931034482735e-02,0.000000000000000000e+00,1.724137931034482735e-02,1.724137931034482735e-02,3.448275862068965469e-02
0.000000000000000000e+00,6.451612903225806273e-02,6.451612903225806273e-02,1.612903225806451568e-02,3.225806451612903136e-02,0.000000000000000000e+00,0.000000000000000000e+00,3.225806451612903136e-02,8.064516129032257841e-02,3.387096774193548154e-01,2.903225806451613100e-01,0.000000000000000000e+00,1.612903225806451568e-02,0.000000000000000000e+00,0.000000000000000000e+00,0.000000000000000000e+00,0.000000000000000000e+00,1.612903225806451568e-02,3.225806451612903136e-02,0.000000000000000000e+00,1.612903225806451568e-02
4.775280898876404362e-02,2.247191011235954994e-02,3.932584269662921239e-02,2.808988764044943742e-02,3.089887640449438116e-02,3.370786516853932491e-02,1.404494382022471871e-02,1.404494382022471871e-02,1.966292134831460620e-02,5.056179775280898736e-02,5.646067415730336991e-01,8.426966292134831227e-03,2.808988764044943742e-03,2.808988764044943742e-03,5.617977528089887485e-03,8.426966292134831227e-03,1.685393258426966245e-02,1.404494382022471871e-02,1.966292134831460620e-02,3.089887640449438116e-02,2.528089887640449368e-02
3.846153846153846367e-03,3.846153846153846367e-03,0.000000000000000000e+00,0.000000000000000000e+00,0.000000000000000000e+00,0.000000000000000000e+00,0.000000000000000000e+00,3.846153846153846367e-03,0.000000000000000000e+00,0.000000000000000000e+00,1.923076923076923184e-02,7.692307692307692735e-01,8.461538461538462008e-02,3.076923076923077094e-02,2.692307692307692457e-02,1.153846153846153910e-02,1.538461538461538547e-02,7.692307692307692735e-03,1.153846153846153910e-02,7.692307692307692735e-03,3.846153846153846367e-03
7.092198581560283516e-03,0.000000000000000000e+00,0.000000000000000000e+00,0.000000000000000000e+00,0.000000000000000000e+00,0.000000000000000000e+00,0.000000000000000000e+00,0.000000000000000000e+00,0.000000000000000000e+00,7.092198581560283516e-03,2.127659574468085055e-02,1.134751773049645363e-01,6.241134751773049771e-01,1.276595744680850963e-01,3.546099290780142105e-02,2.127659574468085055e-02,7.092198581560283516e-03,7.092198581560283516e-03,1.418439716312056703e-02,1.418439716312056703e-02,0.000000000000000000e+00
0.000000000000000000e+00,0.000000000000000000e+00,0.000000000000000000e+00,0.000000000000000000e+00,0.000000000000000000e+00,5.555555555555555768e-03,0.000000000000000000e+00,5.555555555555555768e-03,0.000000000000000000e+00,0.000000000000000000e+00,1.666666666666666644e-02,5.000000000000000278e-02,7.222222222222221544e-02,6.111111111111111605e-01,1.944444444444444475e-01,2.777777777777777624e-02,0.000000000000000000e+00,1.111111111111111154e-02,0.000000000000000000e+00,0.000000000000000000e+00,5.555555555555555768e-03
1.224489795918367284e-02,8.163265306122449716e-03,0.000000000000000000e+00,4.081632653061224858e-03,0.000000000000000000e+00,0.000000000000000000e+00,0.000000000000000000e+00,0.000000000000000000e+00,0.000000000000000000e+00,4.081632653061224858e-03,2.040816326530612082e-02,8.163265306122449716e-03,1.224489795918367284e-02,7.755102040816326536e-02,6.122448979591836871e-01,1.673469387755102122e-01,3.673469387755102372e-02,4.081632653061224858e-03,1.632653061224489943e-02,1.224489795918367284e-02,4.081632653061224858e-03
3.144654088050314635e-03,3.144654088050314635e-03,0.000000000000000000e+00,0.000000000000000000e+00,3.144654088050314635e-03,6.289308176100629269e-03,0.000000000000000000e+00,3.144654088050314635e-03,0.000000000000000000e+00,0.000000000000000000e+00,2.515723270440251708e-02,6.289308176100629269e-03,0.000000000000000000e+00,1.572327044025157231e-02,7.861635220125785806e-02,5.911949685534590992e-01,1.823899371069182263e-01,2.830188679245283084e-02,2.201257861635219984e-02,1.257861635220125854e-02,1.886792452830188607e-02
6.896551724137930939e-03,6.896551724137930939e-03,0.000000000000000000e+00,9.195402298850574585e-03,0.000000000000000000e+00,0.000000000000000000e+00,2.298850574712643646e-03,2.298850574712643646e-03,0.000000000000000000e+00,0.000000000000000000e+00,9.195402298850574585e-03,9.195402298850574585e-03,4.597701149425287293e-03,2.298850574712643646e-03,3.218390804597701105e-02,9.425287356321838950e-02,6.275862068965517571e-01,1.149425287356321823e-01,3.448275862068965469e-02,2.758620689655172376e-02,1.609195402298850552e-02
8.503401360544218454e-03,5.102040816326530205e-03,1.700680272108843474e-03,0.000000000000000000e+00,0.000000000000000000e+00,0.000000000000000000e+00,1.700680272108843474e-03,3.401360544217686948e-03,0.000000000000000000e+00,0.000000000000000000e+00,8.503401360544218454e-03,1.700680272108843474e-03,3.401360544217686948e-03,3.401360544217686948e-03,5.102040816326530205e-03,1.530612244897959148e-02,5.272108843537415268e-02,6.887755102040816757e-01,1.343537414965986498e-01,4.761904761904761640e-02,1.870748299319727886e-02
2.639751552795031181e-02,9.316770186335403964e-03,3.105590062111801032e-03,4.658385093167701982e-03,4.658385093167701982e-03,3.105590062111801032e-03,3.105590062111801032e-03,0.000000000000000000e+00,0.000000000000000000e+00,1.552795031055900516e-03,1.708074534161490785e-02,0.000000000000000000e+00,0.000000000000000000e+00,3.105590062111801032e-03,7.763975155279503014e-03,6.211180124223602064e-03,2.018633540372670801e-02,8.540372670807452882e-02,6.350931677018633037e-01,1.413043478260869457e-01,2.795031055900621189e-02
3.626943005181346852e-02,1.554404145077720178e-02,1.036269430051813510e-02,1.165803108808290134e-02,3.886010362694300446e-03,3.886010362694300446e-03,1.295336787564766888e-03,0.000000000000000000e+00,1.295336787564766888e-03,0.000000000000000000e+00,1.683937823834196976e-02,2.590673575129533775e-03,1.295336787564766888e-03,0.000000000000000000e+00,0.000000000000000000e+00,3.886010362694300446e-03,7.772020725388600892e-03,1.424870466321243555e-02,9.067357512953368170e-02,6.373056994818653287e-01,1.411917098445595875e-01
1.194029850746268634e-01,2.870264064293915132e-02,1.033295063145809461e-02,1.492537313432835792e-02,2.296211251435132088e-03,3.444316877152697916e-03,1.148105625717566044e-03,2.296211251435132088e-03,4.592422502870264177e-03,1.148105625717566044e-03,1.492537313432835792e-02,2.296211251435132088e-03,0.000000000000000000e+00,1.148105625717566044e-03,3.444316877152697916e-03,1.148105625717566044e-03,8.036739380022962093e-03,1.148105625717566088e-02,1.377726750861079166e-02,9.644087256027554511e-02,6.590126291618828569e-01
