6.289062500000000000e-01,6.250000000000000000e-02,2.343750000000000000e-02,1.074218750000000000e-02,9.765625000000000000e-03,7.812500000000000000e-03,2.929687500000000000e-03,3.906250000000000000e-03,1.953125000000000000e-03,1.953125000000000000e-03,2.246093750000000000e-02,1.953125000000000000e-03,0.000000000000000000e+00,0.000000000000000000e+00,0.000000000000000000e+00,1.953125000000000000e-03,2.929687500000000000e-03,8.789062500000000000e-03,9.765625000000000000e-03,3.710937500000000000e-02,1.611328125000000000e-01
2.212189616252821789e-01,4.762979683972912159e-01,8.577878103837471846e-02,3.837471783295710870e-02,1.354401805869074465e-02,1.128668171557562112e-02,9.029345372460495858e-03,4.514672686230247929e-03,6.772009029345372327e-03,0.000000000000000000e+00,2.031602708803611698e-02,0.000000000000000000e+00,0.000000000000000000e+00,0.000000000000000000e+00,0.000000000000000000e+00,0.000000000000000000e+00,0.000000000000000000e+00,0.000000000000000000e+00,2.031602708803611698e-02,2.483069977426636404e-02,6.772009029345373021e-02
1.147540983606557402e-01,1.770491803278688436e-01,4.000000000000000222e-01,7.868852459016394130e-02,1.967213114754098532e-02,1.639344262295082053e-02,2.622950819672131145e-02,6.557377049180327863e-03,6.557377049180327863e-03,0.000000000000000000e+00,2.622950819672131145e-02,0.000000000000000000e+00,0.000000000000000000e+00,0.000000000000000000e+00,0.000000000000000000e+00,0.000000000000000000e+00,9.836065573770492662e-03,1.639344262295082053e-02,3.278688524590163932e-03,3.606557377049180585e-02,6.229508196721311730e-02
1.062499999999999972e-01,1.312500000000000056e-01,1.875000000000000000e-01,3.125000000000000000e-01,1.874999999999999931e-02,1.250000000000000069e-02,3.749999999999999861e-02,1.250000000000000069e-02,6.250000000000000347e-03,1.250000000000000069e-02,5.000000000000000278e-02,0.000000000000000000e+00,0.000000000000000000e+00,0.000000000000000000e+00,0.000000000000000000e+00,0.000000000000000000e+00,0.000000000000000000e+00,0.000000000000000000e+00,1.250000000000000069e-02,5.000000000000000278e-02,5.000000000000000278e-02
8.333333333333332871e-02,9.259259259259258745e-02,1.111111111111111049e-01,1.018518518518518462e-01,3.148148148148148251e-01,3.703703703703703498e-02,9.259259259259258745e-03,2.777777777777777624e-02,1.851851851851851749e-02,1.851851851851851749e-02,9.259259259259258745e-02,0.000000000000000000e+00,0.000000000000000000e+00,0.000000000000000000e+00,0.000000000000000000e+00,9.259259259259258745e-03,9.259259259259258745e-03,0.000000000000000000e+00,0.000000000000000000e+00,1.851851851851851749e-02,5.555555555555555247e-02
3.529411764705882304e-02,3.529411764705882304e-02,5.882352941176470507e-02,1.058823529411764691e-01,1.058823529411764691e-01,3.411764705882353033e-01,9.411764705882352811e-02,1.176470588235294101e-02,0.000000000000000000e+00,0.000000000000000000e+00,7.058823529411764608e-02,1.176470588235294101e-02,0.000000000000000000e+00,0.000000000000000000e+00,0.000000000000000000e+00,0.000000000000000000e+00,0.000000000000000000e+00,0.000000000000000000e+00,1.176470588235294101e-02,4.705882352941176405e-02,7.058823529411764608e-02
6.756756756756757132e-02,5.405405405405405705e-02,9.459459459459459985e-02,8.108108108108108558e-02,4.054054054054054279e-02,6.756756756756757132e-02,3.243243243243243423e-01,4.054054054054054279e-02,1.351351351351351426e-02,0.000000000000000000e+00,8.108108108108108558e-02,0.000000000000000000e+00,0.000000000000000000e+00,0.000000000000000000e+00,0.000000000000000000e+00,1.351351351351351426e-02,0.000000000000000000e+00,0.000000000000000000e+00,0.000000000000000000e+00,4.054054054054054279e-02,8.108108108108108558e-02
9.375000000000000000e-02,9.375000000000000000e-02,3.125000000000000000e-02,3.125000000000000000e-02,0.000000000000000000e+00,3.125000000000000000e-02,9.375000000000000000e-02,1.562500000000000000e-01,9.375000000000000000e-02,3.125000000000000000e-02,1.875000000000000000e-01,0.000000000000000000e+00,0.000000000000000000e+00,0.000000000000000000e+00,0.000000000000000000e+00,0.000000000000000000e+00,0.000000000000000000e+00,3.125000000000000000e-02,3.125000000000000000e-02,0.000000000000000000e+00,9.375000000000000000e-02
1.290322580645161255e-01,6.451612903225806273e-02,6.451612903225806273e-02,0.000000000000000000e+00,9.677419354838709409e-02,6.451612903225806273e-02,6.451612903225806273e-02,6.451612903225806273e-02,1.935483870967741882e-01,6.451612903225806273e-02,6.451612903225806273e-02,0.000000000000000000e+00,0.000000000000000000e+00,0.000000000000000000e+00,0.000000000000000000e+00,3.225806451612903136e-02,0.000000000000000000e+00,3.225806451612903136e-02,0.000000000000000000e+00,0.000000000000000000e+00,6.451612903225806273e-02
3.333333333333333287e-02,6.666666666666666574e-02,1.333333333333333315e-01,0.000000000000000000e+00,6.666666666666666574e-02,3.333333333333333287e-02,0.000000000000000000e+00,0.000000000000000000e+00,6.666666666666666574e-02,4.666666666666666741e-01,1.000000000000000056e-01,0.000000000000000000e+00,0.000000000000000000e+00,0.000000000000000000e+00,0.000000000000000000e+00,0.000000000000000000e+00,0.000000000000000000e+00,0.000000000000000000e+00,0.000000000000000000e+00,0.000000000000000000e+00,3.333333333333333287e-02
7.421875000000000000e-02,4.687500000000000000e-02,5.078125000000000000e-02,4.687500000000000000e-02,2.734375000000000000e-02,3.125000000000000000e-02,3.906250000000000000e-02,7.812500000000000000e-03,1.171875000000000000e-02,1.562500000000000000e-02,5.039062500000000000e-01,0.000000000000000000e+00,0.000000000000000000e+00,0.000000000000000000e+00,7.812500000000000000e-03,0.000000000000000000e+00,0.000000000000000000e+00,2.343750000000000000e-02,1.171875000000000000e-02,3.906250000000000000e-02,6.250000000000000000e-02
0.000000000000000000e+00,0.000000000000000000e+00,8.547008547008547868e-03,1.709401709401709574e-02,0.000000000000000000e+00,0.000000000000000000e+00,0.000000000000000000e+00,0.000000000000000000e+00,0.000000000000000000e+00,8.547008547008547868e-03,8.547008547008547868e-03,8.034188034188034511e-01,4.273504273504273587e-02,1.709401709401709574e-02,3.418803418803419147e-02,0.000000000000000000e+00,1.709401709401709574e-02,2.564102564102564014e-02,8.547008547008547868e-03,8.547008547008547868e-03,0.000000000000000000e+00
0.000000000000000000e+00,0.000000000000000000e+00,0.000000000000000000e+00,0.000000000000000000e+00,0.000000000000000000e+00,0.000000000000000000e+00,0.000000000000000000e+00,0.000000000000000000e+00,0.000000000000000000e+00,0.000000000000000000e+00,7.317073170731706877e-02,2.439024390243902385e-01,5.365853658536585691e-01,2.439024390243902524e-02,4.878048780487805047e-02,0.000000000000000000e+00,0.000000000000000000e+00,2.439024390243902524e-02,0.000000000000000000e+00,4.878048780487805047e-02,0.000000000000000000e+00
0.000000000000000000e+00,0.000000000000000000e+00,0.000000000000000000e+00,2.380952380952380820e-02,0.000000000000000000e+00,0.000000000000000000e+00,0.000000000000000000e+00,0.000000000000000000e+00,0.000000000000000000e+00,0.000000000000000000e+00,1.190476190476190410e-02,7.142857142857142461e-02,5.952380952380952051e-02,6.190476190476190688e-01,4.761904761904761640e-02,8.333333333333332871e-02,2.380952380952380820e-02,3.571428571428571230e-02,2.380952380952380820e-02,0.000000000000000000e+00,0.000000000000000000e+00
0.000000000000000000e+00,0.000000000000000000e+00,0.000000000000000000e+00,8.474576271186440649e-03,0.000000000000000000e+00,0.000000000000000000e+00,0.000000000000000000e+00,0.000000000000000000e+00,0.000000000000000000e+00,0.000000000000000000e+00,8.474576271186440649e-03,2.542372881355932368e-02,1.694915254237288130e-02,7.627118644067797104e-02,6.101694915254237683e-01,1.101694915254237267e-01,7.627118644067797104e-02,8.474576271186440649e-03,2.542372881355932368e-02,1.694915254237288130e-02,1.694915254237288130e-02
1.704545454545454419e-02,5.681818181818181976e-03,0.000000000000000000e+00,0.000000000000000000e+00,0.000000000000000000e+00,0.000000000000000000e+00,0.000000000000000000e+00,1.136363636363636395e-02,0.000000000000000000e+00,0.000000000000000000e+00,1.136363636363636395e-02,0.000000000000000000e+00,1.704545454545454419e-02,2.840909090909090814e-02,1.136363636363636326e-01,5.909090909090909394e-01,9.659090909090908839e-02,4.545454545454545581e-02,1.704545454545454419e-02,1.704545454545454419e-02,2.840909090909090814e-02
1.287553648068669523e-02,1.287553648068669523e-02,8.583690987124463490e-03,8.583690987124463490e-03,1.287553648068669523e-02,8.583690987124463490e-03,0.000000000000000000e+00,0.000000000000000000e+00,0.000000000000000000e+00,0.000000000000000000e+00,4.291845493562231745e-03,0.000000000000000000e+00,8.583690987124463490e-03,1.716738197424892698e-02,5.150214592274678094e-02,1.158798283261802536e-01,5.665236051502146042e-01,8.154506437768239968e-02,5.150214592274678094e-02,3.433476394849785396e-02,4.291845493562231745e-03
4.878048780487804874e-03,4.878048780487804874e-03,7.317073170731707744e-03,2.439024390243902437e-03,4.878048780487804874e-03,0.000000000000000000e+00,2.439024390243902437e-03,4.878048780487804874e-03,2.439024390243902437e-03,0.000000000000000000e+00,7.317073170731707744e-03,2.439024390243902437e-03,0.000000000000000000e+00,9.756097560975609748e-03,0.000000000000000000e+00,2.439024390243902524e-02,8.780487804878048252e-02,6.609756097560975929e-01,1.341463414634146423e-01,2.926829268292683098e-02,9.756097560975609748e-03
1.724137931034482735e-02,6.269592476489027968e-03,4.702194357366771410e-03,4.702194357366771410e-03,4.702194357366771410e-03,0.000000000000000000e+00,4.702194357366771410e-03,1.567398119122256992e-03,0.000000000000000000e+00,0.000000000000000000e+00,1.724137931034482735e-02,0.000000000000000000e+00,1.567398119122256992e-03,1.567398119122256992e-03,1.567398119122256992e-03,3.134796238244513984e-03,2.194357366771159876e-02,1.128526645768025138e-01,6.222570532915360220e-01,1.332288401253918508e-01,4.075235109717868093e-02
2.601908065915004356e-02,6.938421509106677994e-03,1.387684301821335599e-02,6.938421509106677994e-03,2.601908065915004356e-03,2.601908065915004356e-03,2.601908065915004356e-03,1.734605377276669498e-03,8.673026886383347492e-04,1.734605377276669498e-03,1.214223764093668757e-02,1.734605377276669498e-03,1.734605377276669498e-03,1.734605377276669498e-03,1.734605377276669498e-03,2.601908065915004356e-03,5.203816131830008712e-03,1.300954032957502178e-02,1.066782307025151838e-01,6.990459670424978844e-01,8.846487424111014464e-02
9.061224489795918768e-02,2.367346938775510140e-02,1.632653061224489943e-02,8.163265306122449716e-03,4.897959183673469136e-03,5.714285714285714281e-03,0.000000000000000000e+00,1.632653061224489856e-03,1.632653061224489856e-03,1.632653061224489856e-03,1.469387755102040741e-02,8.163265306122449282e-04,0.000000000000000000e+00,8.163265306122449282e-04,0.000000000000000000e+00,2.448979591836734568e-03,5.714285714285714281e-03,3.265306122448979713e-03,1.877551020408163227e-02,1.273469387755102045e-01,6.718367346938775020e-01
