1.764705882352941291e-01,4.705882352941176405e-01,2.352941176470588203e-01,5.882352941176470507e-02,5.882352941176470507e-02,0.000000000000000000e+00,0.000000000000000000e+00,0.000000000000000000e+00,0.000000000000000000e+00,0.000000000000000000e+00,0.000000000000000000e+00,0.000000000000000000e+00,0.000000000000000000e+00,0.000000000000000000e+00,0.000000000000000000e+00,0.000000000000000000e+00,0.000000000000000000e+00,0.000000000000000000e+00,0.000000000000000000e+00,0.000000000000000000e+00,0.000000000000000000e+00,0.000000000000000000e+00
1.886792452830188607e-02,7.466307277628032590e-01,1.644204851752021634e-01,5.390835579514825088e-02,2.695417789757412544e-03,2.695417789757412544e-03,0.000000000000000000e+00,5.390835579514825088e-03,2.695417789757412544e-03,0.000000000000000000e+00,0.000000000000000000e+00,0.000000000000000000e+00,0.000000000000000000e+00,0.000000000000000000e+00,0.000000000000000000e+00,2.695417789757412544e-03,0.000000000000000000e+00,0.000000000000000000e+00,0.000000000000000000e+00,0.000000000000000000e+00,0.000000000000000000e+00,0.000000000000000000e+00
2.636203866432337492e-03,6.151142355008787366e-02,7.768014059753953759e-01,1.353251318101933165e-01,1.318101933216168746e-02,5.272407732864674984e-03,0.000000000000000000e+00,8.787346221441124251e-04,8.787346221441124251e-04,0.000000000000000000e+00,8.787346221441124251e-04,0.000000000000000000e+00,0.000000000000000000e+00,0.000000000000000000e+00,0.000000000000000000e+00,0.000000000000000000e+00,0.000000000000000000e+00,0.000000000000000000e+00,0.000000000000000000e+00,0.000000000000000000e+00,8.787346221441124251e-04,1.757469244288224850e-03
0.000000000000000000e+00,6.566241792197760087e-03,8.613364233294708294e-02,8.234839706450366448e-01,6.179992275009656144e-02,1.081498648126689825e-02,5.793742757821553069e-03,1.931247585940517545e-03,3.862495171881035090e-04,3.862495171881035090e-04,7.724990343762070180e-04,3.862495171881035090e-04,0.000000000000000000e+00,0.000000000000000000e+00,0.000000000000000000e+00,0.000000000000000000e+00,3.862495171881035090e-04,3.862495171881035090e-04,0.000000000000000000e+00,0.000000000000000000e+00,0.000000000000000000e+00,7.724990343762070180e-04
0.000000000000000000e+00,3.223207091055600194e-03,5.640612409347300557e-03,1.740531829170024192e-01,7.131345688960515350e-01,5.560032232070910574e-02,2.659145850120870139e-02,8.863819500402901619e-03,4.029008863819500026e-03,8.058017727639000486e-04,8.058017727639000486e-04,0.000000000000000000e+00,1.611603545527800097e-03,0.000000000000000000e+00,8.058017727639000486e-04,8.058017727639000486e-04,8.058017727639000486e-04,8.058017727639000486e-04,0.000000000000000000e+00,0.000000000000000000e+00,8.058017727639000486e-04,1.611603545527800097e-03
0.000000000000000000e+00,0.000000000000000000e+00,5.893909626719056986e-03,9.037328094302554682e-02,2.043222003929273112e-01,5.697445972495088773e-01,5.500982318271119970e-02,3.339882121807465770e-02,9.823182711198428022e-03,5.893909626719056986e-03,3.929273084479371035e-03,0.000000000000000000e+00,5.893909626719056986e-03,0.000000000000000000e+00,0.000000000000000000e+00,0.000000000000000000e+00,1.964636542239685518e-03,0.000000000000000000e+00,1.964636542239685518e-03,1.964636542239685518e-03,0.000000000000000000e+00,9.823182711198428022e-03
0.000000000000000000e+00,3.703703703703703845e-03,3.703703703703703845e-03,1.037037037037037007e-01,1.222222222222222182e-01,1.740740740740740755e-01,4.444444444444444198e-01,5.185185185185185036e-02,2.962962962962963076e-02,7.407407407407407690e-03,1.481481481481481538e-02,7.407407407407407690e-03,0.000000000000000000e+00,0.000000000000000000e+00,3.703703703703703845e-03,0.000000000000000000e+00,3.703703703703703845e-03,0.000000000000000000e+00,0.000000000000000000e+00,7.407407407407407690e-03,0.000000000000000000e+00,2.222222222222222307e-02
7.407407407407407690e-03,1.481481481481481538e-02,7.407407407407407690e-03,2.962962962962963076e-02,1.111111111111111049e-01,1.185185185185185230e-01,1.629629629629629761e-01,4.000000000000000222e-01,5.185185185185185036e-02,5.185185185185185036e-02,0.000000000000000000e+00,2.962962962962963076e-02,7.407407407407407690e-03,0.000000000000000000e+00,0.000000000000000000e+00,0.000000000000000000e+00,7.407407407407407690e-03,0.000000000000000000e+00,0.000000000000000000e+00,0.000000000000000000e+00,0.000000000000000000e+00,0.000000000000000000e+00
0.000000000000000000e+00,0.000000000000000000e+00,9.523809523809524669e-03,3.809523809523809867e-02,9.523809523809523281e-02,1.238095238095238138e-01,4.761904761904761640e-02,9.523809523809523281e-02,4.380952380952380931e-01,5.714285714285714107e-02,1.904761904761904934e-02,3.809523809523809867e-02,0.000000000000000000e+00,0.000000000000000000e+00,0.000000000000000000e+00,0.000000000000000000e+00,9.523809523809524669e-03,0.000000000000000000e+00,0.000000000000000000e+00,0.000000000000000000e+00,0.000000000000000000e+00,2.857142857142857054e-02
0.000000000000000000e+00,0.000000000000000000e+00,0.000000000000000000e+00,5.000000000000000278e-02,2.500000000000000139e-02,2.500000000000000139e-02,1.250000000000000000e-01,1.499999999999999944e-01,2.000000000000000111e-01,3.499999999999999778e-01,2.500000000000000139e-02,2.500000000000000139e-02,2.500000000000000139e-02,0.000000000000000000e+00,0.000000000000000000e+00,0.000000000000000000e+00,0.000000000000000000e+00,0.000000000000000000e+00,0.000000000000000000e+00,0.000000000000000000e+00,0.000000000000000000e+00,0.000000000000000000e+00
0.000000000000000000e+00,0.000000000000000000e+00,0.000000000000000000e+00,0.000000000000000000e+00,1.290322580645161255e-01,1.290322580645161255e-01,1.290322580645161255e-01,6.451612903225806273e-02,1.290322580645161255e-01,9.677419354838709409e-02,1.612903225806451568e-01,9.677419354838709409e-02,0.000000000000000000e+00,3.225806451612903136e-02,0.000000000000000000e+00,0.000000000000000000e+00,0.000000000000000000e+00,0.000000000000000000e+00,0.000000000000000000e+00,0.000000000000000000e+00,0.000000000000000000e+00,3.225806451612903136e-02
0.000000000000000000e+00,0.000000000000000000e+00,0.000000000000000000e+00,0.000000000000000000e+00,0.000000000000000000e+00,5.999999999999999778e-02,1.000000000000000056e-01,4.000000000000000083e-02,8.000000000000000167e-02,0.000000000000000000e+00,5.999999999999999778e-02,5.799999999999999600e-01,4.000000000000000083e-02,4.000000000000000083e-02,0.000000000000000000e+00,0.000000000000000000e+00,0.000000000000000000e+00,0.000000000000000000e+00,0.000000000000000000e+00,0.000000000000000000e+00,0.000000000000000000e+00,0.000000000000000000e+00
0.000000000000000000e+00,0.000000000000000000e+00,0.000000000000000000e+00,3.846153846153846367e-02,3.846153846153846367e-02,0.000000000000000000e+00,3.846153846153846367e-02,3.846153846153846367e-02,7.692307692307692735e-02,0.000000000000000000e+00,3.846153846153846367e-02,1.538461538461538547e-01,4.615384615384615641e-01,7.692307692307692735e-02,0.000000000000000000e+00,0.000000000000000000e+00,3.846153846153846367e-02,0.000000000000000000e+00,0.000000000000000000e+00,0.000000000000000000e+00,0.000000000000000000e+00,0.000000000000000000e+00
0.000000000000000000e+00,0.000000000000000000e+00,0.000000000000000000e+00,0.000000000000000000e+00,8.888888888888889228e-02,2.222222222222222307e-02,2.222222222222222307e-02,0.000000000000000000e+00,0.000000000000000000e+00,0.000000000000000000e+00,0.000000000000000000e+00,4.444444444444444614e-02,1.333333333333333315e-01,5.999999999999999778e-01,6.666666666666666574e-02,0.000000000000000000e+00,0.000000000000000000e+00,0.000000000000000000e+00,0.000000000000000000e+00,0.000000000000000000e+00,2.222222222222222307e-02,0.000000000000000000e+00
0.000000000000000000e+00,0.000000000000000000e+00,2.127659574468085055e-02,0.000000000000000000e+00,6.382978723404254817e-02,4.255319148936170109e-02,4.255319148936170109e-02,0.000000000000000000e+00,2.127659574468085055e-02,0.000000000000000000e+00,0.000000000000000000e+00,2.127659574468085055e-02,4.255319148936170109e-02,1.702127659574468044e-01,4.893617021276595591e-01,4.255319148936170109e-02,2.127659574468085055e-02,0.000000000000000000e+00,2.127659574468085055e-02,0.000000000000000000e+00,0.000000000000000000e+00,0.000000000000000000e+00
0.000000000000000000e+00,0.000000000000000000e+00,4.761904761904761640e-02,4.761904761904761640e-02,0.000000000000000000e+00,0.000000000000000000e+00,4.761904761904761640e-02,0.000000000000000000e+00,0.000000000000000000e+00,0.000000000000000000e+00,0.000000000000000000e+00,0.000000000000000000e+00,0.000000000000000000e+00,9.523809523809523281e-02,2.857142857142856984e-01,3.333333333333333148e-01,9.523809523809523281e-02,0.000000000000000000e+00,0.000000000000000000e+00,0.000000000000000000e+00,0.000000000000000000e+00,4.761904761904761640e-02
0.000000000000000000e+00,0.000000000000000000e+00,0.000000000000000000e+00,3.846153846153846367e-02,1.153846153846153910e-01,3.846153846153846367e-02,7.692307692307692735e-02,7.692307692307692735e-02,0.000000000000000000e+00,0.000000000000000000e+00,3.846153846153846367e-02,0.000000000000000000e+00,3.846153846153846367e-02,0.000000000000000000e+00,1.538461538461538547e-01,1.153846153846153910e-01,2.692307692307692180e-01,0.000000000000000000e+00,0.000000000000000000e+00,0.000000000000000000e+00,0.000000000000000000e+00,3.846153846153846367e-02
0.000000000000000000e+00,0.000000000000000000e+00,5.000000000000000000e-01,0.000000000000000000e+00,0.000000000000000000e+00,0.000000000000000000e+00,2.500000000000000000e-01,2.500000000000000000e-01,0.000000000000000000e+00,0.000000000000000000e+00,0.000000000000000000e+00,0.000000000000000000e+00,0.000000000000000000e+00,0.000000000000000000e+00,0.000000000000000000e+00,0.000000000000000000e+00,0.000000000000000000e+00,0.000000000000000000e+00,0.000000000000000000e+00,0.000000000000000000e+00,0.000000000000000000e+00,0.000000000000000000e+00
0.000000000000000000e+00,0.000000000000000000e+00,0.000000000000000000e+00,0.000000000000000000e+00,0.000000000000000000e+00,0.000000000000000000e+00,0.000000000000000000e+00,0.000000000000000000e+00,0.000000000000000000e+00,0.000000000000000000e+00,0.000000000000000000e+00,0.000000000000000000e+00,0.000000000000000000e+00,0.000000000000000000e+00,0.000000000000000000e+00,4.444444444444444198e-01,1.111111111111111049e-01,0.000000000000000000e+00,3.333333333333333148e-01,0.000000000000000000e+00,0.000000000000000000e+00,1.111111111111111049e-01
0.000000000000000000e+00,0.000000000000000000e+00,0.000000000000000000e+00,0.000000000000000000e+00,0.000000000000000000e+00,0.000000000000000000e+00,0.000000000000000000e+00,0.000000000000000000e+00,0.000000000000000000e+00,0.000000000000000000e+00,2.500000000000000000e-01,0.000000000000000000e+00,0.000000000000000000e+00,0.000000000000000000e+00,2.500000000000000000e-01,0.000000000000000000e+00,0.000000000000000000e+00,0.000000000000000000e+00,2.500000000000000000e-01,0.000000000000000000e+00,0.000000000000000000e+00,2.500000000000000000e-01
0.000000000000000000e+00,0.000000000000000000e+00,0.000000000000000000e+00,5.000000000000000000e-01,0.000000000000000000e+00,0.000000000000000000e+00,2.500000000000000000e-01,0.000000000000000000e+00,0.000000000000000000e+00,0.000000000000000000e+00,0.000000000000000000e+00,0.000000000000000000e+00,0.000000000000000000e+00,0.000000000000000000e+00,0.000000000000000000e+00,0.000000000000000000e+00,0.000000000000000000e+00,0.000000000000000000e+00,0.000000000000000000e+00,0.000000000000000000e+00,0.000000000000000000e+00,2.500000000000000000e-01
0.000000000000000000e+00,0.000000000000000000e+00,1.639344262295082053e-02,8.196721311475409222e-02,3.278688524590164105e-02,8.196721311475409222e-02,4.918032786885245811e-02,9.836065573770491621e-02,3.278688524590164105e-02,1.639344262295082053e-02,1.639344262295082053e-02,1.639344262295082053e-02,0.000000000000000000e+00,1.639344262295082053e-02,1.639344262295082053e-02,3.278688524590164105e-02,0.000000000000000000e+00,0.000000000000000000e+00,0.000000000000000000e+00,1.639344262295082053e-02,0.000000000000000000e+00,4.754098360655737432e-01
