5.999999999999999778e-01,0.000000000000000000e+00,0.000000000000000000e+00,4.000000000000000083e-02,4.000000000000000083e-02,8.000000000000000167e-02,4.000000000000000083e-02,0.000000000000000000e+00,8.000000000000000167e-02,0.000000000000000000e+00,8.000000000000000167e-02,0.000000000000000000e+00,0.000000000000000000e+00,4.000000000000000083e-02,0.000000000000000000e+00,0.000000000000000000e+00,0.000000000000000000e+00,0.000000000000000000e+00,0.000000000000000000e+00,0.000000000000000000e+00,0.000000000000000000e+00,0.000000000000000000e+00
0.000000000000000000e+00,7.222222222222222099e-01,0.000000000000000000e+00,5.555555555555555247e-02,0.000000000000000000e+00,0.000000000000000000e+00,0.000000000000000000e+00,0.000000000000000000e+00,1.111111111111111049e-01,0.000000000000000000e+00,5.555555555555555247e-02,5.555555555555555247e-02,0.000000000000000000e+00,0.000000000000000000e+00,0.000000000000000000e+00,0.000000000000000000e+00,0.000000000000000000e+00,0.000000000000000000e+00,0.000000000000000000e+00,0.000000000000000000e+00,0.000000000000000000e+00,0.000000000000000000e+00
0.000000000000000000e+00,0.000000000000000000e+00,2.000000000000000111e-01,2.999999999999999889e-01,1.000000000000000056e-01,1.000000000000000056e-01,1.000000000000000056e-01,0.000000000000000000e+00,0.000000000000000000e+00,1.000000000000000056e-01,0.000000000000000000e+00,0.000000000000000000e+00,0.000000000000000000e+00,1.000000000000000056e-01,0.000000000000000000e+00,0.000000000000000000e+00,0.000000000000000000e+00,0.000000000000000000e+00,0.000000000000000000e+00,0.000000000000000000e+00,0.000000000000000000e+00,0.000000000000000000e+00
0.000000000000000000e+00,0.000000000000000000e+00,3.278688524590164105e-02,7.540983606557376540e-01,6.557377049180328210e-02,1.639344262295082053e-02,1.639344262295082053e-02,3.278688524590164105e-02,4.918032786885245811e-02,0.000000000000000000e+00,1.639344262295082053e-02,1.639344262295082053e-02,0.000000000000000000e+00,0.000000000000000000e+00,0.000000000000000000e+00,0.000000000000000000e+00,0.000000000000000000e+00,0.000000000000000000e+00,0.000000000000000000e+00,0.000000000000000000e+00,0.000000000000000000e+00,0.000000000000000000e+00
3.333333333333333287e-02,0.000000000000000000e+00,0.000000000000000000e+00,6.666666666666666574e-02,4.666666666666666741e-01,2.666666666666666630e-01,0.000000000000000000e+00,3.333333333333333287e-02,0.000000000000000000e+00,6.666666666666666574e-02,3.333333333333333287e-02,0.000000000000000000e+00,3.333333333333333287e-02,0.000000000000000000e+00,0.000000000000000000e+00,0.000000000000000000e+00,0.000000000000000000e+00,0.000000000000000000e+00,0.000000000000000000e+00,0.000000000000000000e+00,0.000000000000000000e+00,0.000000000000000000e+00
0.000000000000000000e+00,0.000000000000000000e+00,2.469135802469135665e-02,1.234567901234567833e-02,7.407407407407406996e-02,3.827160493827160281e-01,9.876543209876542662e-02,4.938271604938271331e-02,1.481481481481481399e-01,4.938271604938271331e-02,1.481481481481481399e-01,1.234567901234567833e-02,0.000000000000000000e+00,0.000000000000000000e+00,0.000000000000000000e+00,0.000000000000000000e+00,0.000000000000000000e+00,0.000000000000000000e+00,0.000000000000000000e+00,0.000000000000000000e+00,0.000000000000000000e+00,0.000000000000000000e+00
0.000000000000000000e+00,0.000000000000000000e+00,1.935483870967742021e-02,6.451612903225806446e-03,6.451612903225806446e-03,2.580645161290322578e-02,5.483870967741935054e-01,5.806451612903226062e-02,6.451612903225806273e-02,9.032258064516128504e-02,8.387096774193548987e-02,8.387096774193548987e-02,1.290322580645161289e-02,0.000000000000000000e+00,0.000000000000000000e+00,0.000000000000000000e+00,0.000000000000000000e+00,0.000000000000000000e+00,0.000000000000000000e+00,0.000000000000000000e+00,0.000000000000000000e+00,0.000000000000000000e+00
1.351351351351351426e-02,0.000000000000000000e+00,4.504504504504504465e-03,1.351351351351351426e-02,0.000000000000000000e+00,9.009009009009008931e-03,3.153153153153152866e-02,5.135135135135134865e-01,1.756756756756756854e-01,1.036036036036036001e-01,5.855855855855855718e-02,2.702702702702702853e-02,2.702702702702702853e-02,2.252252252252252146e-02,0.000000000000000000e+00,0.000000000000000000e+00,0.000000000000000000e+00,0.000000000000000000e+00,0.000000000000000000e+00,0.000000000000000000e+00,0.000000000000000000e+00,0.000000000000000000e+00
5.847953216374268681e-03,9.746588693957114469e-03,1.949317738791422894e-03,0.000000000000000000e+00,0.000000000000000000e+00,1.754385964912280604e-02,1.169590643274853736e-02,4.678362573099414945e-02,6.198830409356724802e-01,1.345029239766081797e-01,7.212475633528264707e-02,3.898635477582845787e-02,3.118908382066276630e-02,3.898635477582845787e-03,0.000000000000000000e+00,3.898635477582845787e-03,0.000000000000000000e+00,0.000000000000000000e+00,0.000000000000000000e+00,0.000000000000000000e+00,0.000000000000000000e+00,1.949317738791422894e-03
1.261034047919293820e-03,0.000000000000000000e+00,0.000000000000000000e+00,2.522068095838587640e-03,3.783102143757881460e-03,7.566204287515762919e-03,1.891551071878940643e-02,3.026481715006305168e-02,6.557377049180328210e-02,5.851197982345522908e-01,1.904161412358133798e-01,6.179066834804539804e-02,1.891551071878940643e-02,8.827238335435057606e-03,2.522068095838587640e-03,1.261034047919293820e-03,1.261034047919293820e-03,0.000000000000000000e+00,0.000000000000000000e+00,0.000000000000000000e+00,0.000000000000000000e+00,0.000000000000000000e+00
4.599211563731931546e-03,0.000000000000000000e+00,6.570302233902759661e-04,6.570302233902759661e-04,4.599211563731931546e-03,7.227332457293035410e-03,9.855453350854139274e-03,1.708278580814717382e-02,2.365308804204993565e-02,8.081471747700394448e-02,6.636005256241787054e-01,1.590013140604467912e-01,2.036793692509855300e-02,3.285151116951379614e-03,1.971090670170827681e-03,1.971090670170827681e-03,0.000000000000000000e+00,6.570302233902759661e-04,0.000000000000000000e+00,0.000000000000000000e+00,0.000000000000000000e+00,0.000000000000000000e+00
2.676659528907922737e-03,2.676659528907922737e-03,2.141327623126338450e-03,2.676659528907922737e-03,5.353319057815846124e-04,3.211991434689507458e-03,6.959314775160599202e-03,1.231263383297644468e-02,2.462526766595288935e-02,3.426124197002141519e-02,1.017130620985010753e-01,7.055674518201284773e-01,7.334047109207708637e-02,1.445396145610278356e-02,9.100642398286937218e-03,5.353319057815846124e-04,5.353319057815846124e-04,0.000000000000000000e+00,5.353319057815846124e-04,0.000000000000000000e+00,0.000000000000000000e+00,2.141327623126338450e-03
4.109589041095890009e-03,1.369863013698630148e-03,1.369863013698630148e-03,2.739726027397260295e-03,4.109589041095890009e-03,1.095890410958904118e-02,8.219178082191780019e-03,1.369863013698630061e-02,2.739726027397260122e-02,3.013698630136986412e-02,6.301369863013699113e-02,1.547945205479452080e-01,5.767123287671233056e-01,6.301369863013699113e-02,1.506849315068493206e-02,1.095890410958904118e-02,4.109589041095890009e-03,4.109589041095890009e-03,0.000000000000000000e+00,0.000000000000000000e+00,0.000000000000000000e+00,4.109589041095890009e-03
1.041666666666666609e-02,0.000000000000000000e+00,6.944444444444444059e-03,0.000000000000000000e+00,0.000000000000000000e+00,3.472222222222222029e-03,0.000000000000000000e+00,2.083333333333333218e-02,6.944444444444444059e-03,2.777777777777777624e-02,4.166666666666666435e-02,6.944444444444444753e-02,1.388888888888888951e-01,5.416666666666666297e-01,6.944444444444444753e-02,2.430555555555555594e-02,1.736111111111111188e-02,0.000000000000000000e+00,1.041666666666666609e-02,3.472222222222222029e-03,0.000000000000000000e+00,6.944444444444444059e-03
2.325581395348837177e-02,0.000000000000000000e+00,0.000000000000000000e+00,0.000000000000000000e+00,0.000000000000000000e+00,7.751937984496123923e-03,1.550387596899224785e-02,7.751937984496123923e-03,0.000000000000000000e+00,3.100775193798449569e-02,3.100775193798449569e-02,6.201550387596899139e-02,6.201550387596899139e-02,1.240310077519379828e-01,4.806201550387597110e-01,6.976744186046511531e-02,2.325581395348837177e-02,2.325581395348837177e-02,1.550387596899224785e-02,7.751937984496123923e-03,0.000000000000000000e+00,1.550387596899224785e-02
0.000000000000000000e+00,1.136363636363636395e-02,0.000000000000000000e+00,1.136363636363636395e-02,1.136363636363636395e-02,2.272727272727272790e-02,0.000000000000000000e+00,2.272727272727272790e-02,2.272727272727272790e-02,0.000000000000000000e+00,3.409090909090908839e-02,7.954545454545454419e-02,1.022727272727272790e-01,6.818181818181817677e-02,5.681818181818181629e-02,4.318181818181818232e-01,4.545454545454545581e-02,2.272727272727272790e-02,1.136363636363636395e-02,0.000000000000000000e+00,3.409090909090908839e-02,1.136363636363636395e-02
0.000000000000000000e+00,0.000000000000000000e+00,0.000000000000000000e+00,0.000000000000000000e+00,0.000000000000000000e+00,0.000000000000000000e+00,0.000000000000000000e+00,2.173913043478260809e-02,0.000000000000000000e+00,0.000000000000000000e+00,4.347826086956521618e-02,6.521739130434782428e-02,1.086956521739130405e-01,4.347826086956521618e-02,2.173913043478260809e-02,8.695652173913043237e-02,3.695652173913043237e-01,8.695652173913043237e-02,8.695652173913043237e-02,0.000000000000000000e+00,2.173913043478260809e-02,4.347826086956521618e-02
0.000000000000000000e+00,0.000000000000000000e+00,0.000000000000000000e+00,0.000000000000000000e+00,2.631578947368420907e-02,0.000000000000000000e+00,2.631578947368420907e-02,0.000000000000000000e+00,2.631578947368420907e-02,0.000000000000000000e+00,0.000000000000000000e+00,0.000000000000000000e+00,1.315789473684210453e-01,7.894736842105262720e-02,5.263157894736841813e-02,2.631578947368420907e-02,5.263157894736841813e-02,3.947368421052631637e-01,2.631578947368420907e-02,2.631578947368420907e-02,2.631578947368420907e-02,1.052631578947368363e-01
0.000000000000000000e+00,0.000000000000000000e+00,0.000000000000000000e+00,0.000000000000000000e+00,0.000000000000000000e+00,0.000000000000000000e+00,0.000000000000000000e+00,0.000000000000000000e+00,0.000000000000000000e+00,0.000000000000000000e+00,3.225806451612903136e-02,6.451612903225806273e-02,9.677419354838709409e-02,0.000000000000000000e+00,0.000000000000000000e+00,6.451612903225806273e-02,6.451612903225806273e-02,6.451612903225806273e-02,4.516129032258064391e-01,3.225806451612903136e-02,0.000000000000000000e+00,1.290322580645161255e-01
0.000000000000000000e+00,0.000000000000000000e+00,0.000000000000000000e+00,0.000000000000000000e+00,0.000000000000000000e+00,0.000000000000000000e+00,0.000000000000000000e+00,0.000000000000000000e+00,0.000000000000000000e+00,0.000000000000000000e+00,0.000000000000000000e+00,0.000000000000000000e+00,0.000000000000000000e+00,1.428571428571428492e-01,7.142857142857142461e-02,7.142857142857142461e-02,7.142857142857142461e-02,7.142857142857142461e-02,0.000000000000000000e+00,4.285714285714285476e-01,0.000000000000000000e+00,1.428571428571428492e-01
0.000000000000000000e+00,7.142857142857142461e-02,0.000000000000000000e+00,0.000000000000000000e+00,0.000000000000000000e+00,0.000000000000000000e+00,0.000000000000000000e+00,0.000000000000000000e+00,7.142857142857142461e-02,7.142857142857142461e-02,0.000000000000000000e+00,0.000000000000000000e+00,0.000000000000000000e+00,0.000000000000000000e+00,0.000000000000000000e+00,7.142857142857142461e-02,0.000000000000000000e+00,0.000000000000000000e+00,0.000000000000000000e+00,7.142857142857142461e-02,4.285714285714285476e-01,2.142857142857142738e-01
5.970149253731343170e-02,1.492537313432835792e-02,0.000000000000000000e+00,0.000000000000000000e+00,1.492537313432835792e-02,1.492537313432835792e-02,1.492537313432835792e-02,0.000000000000000000e+00,2.985074626865671585e-02,1.492537313432835792e-02,1.492537313432835792e-02,7.462686567164178442e-02,1.492537313432835792e-02,2.985074626865671585e-02,2.985074626865671585e-02,2.985074626865671585e-02,2.985074626865671585e-02,4.477611940298507204e-02,1.492537313432835792e-02,1.492537313432835792e-02,1.492537313432835792e-02,5.223880597014924909e-01
