8.088235294117647189e-01,2.941176470588235253e-02,2.941176470588235253e-02,5.882352941176470507e-02,1.470588235294117627e-02,0.000000000000000000e+00,0.000000000000000000e+00,0.000000000000000000e+00,0.000000000000000000e+00,0.000000000000000000e+00,1.470588235294117627e-02,0.000000000000000000e+00,0.000000000000000000e+00,0.000000000000000000e+00,0.000000000000000000e+00,1.470588235294117627e-02,0.000000000000000000e+00,0.000000000000000000e+00,0.000000000000000000e+00,0.000000000000000000e+00,0.000000000000000000e+00,2.941176470588235253e-02
9.090909090909091161e-02,6.363636363636363535e-01,1.090909090909090856e-01,3.636363636363636187e-02,1.818181818181818094e-02,1.818181818181818094e-02,1.818181818181818094e-02,3.636363636363636187e-02,0.000000000000000000e+00,0.000000000000000000e+00,1.818181818181818094e-02,0.000000000000000000e+00,0.000000000000000000e+00,0.000000000000000000e+00,0.000000000000000000e+00,0.000000000000000000e+00,0.000000000000000000e+00,0.000000000000000000e+00,0.000000000000000000e+00,0.000000000000000000e+00,0.000000000000000000e+00,1.818181818181818094e-02
3.260869565217391214e-02,1.195652173913043514e-01,7.826086956521739468e-01,4.347826086956521618e-02,0.000000000000000000e+00,0.000000000000000000e+00,0.000000000000000000e+00,1.086956521739130405e-02,0.000000000000000000e+00,0.000000000000000000e+00,0.000000000000000000e+00,0.000000000000000000e+00,0.000000000000000000e+00,1.086956521739130405e-02,0.000000000000000000e+00,0.000000000000000000e+00,0.000000000000000000e+00,0.000000000000000000e+00,0.000000000000000000e+00,0.000000000000000000e+00,0.000000000000000000e+00,0.000000000000000000e+00
2.298850574712643646e-02,1.149425287356321823e-02,9.195402298850574585e-02,6.781609195402298340e-01,6.896551724137930939e-02,5.747126436781609116e-02,1.149425287356321823e-02,0.000000000000000000e+00,1.149425287356321823e-02,1.149425287356321823e-02,0.000000000000000000e+00,1.149425287356321823e-02,0.000000000000000000e+00,0.000000000000000000e+00,0.000000000000000000e+00,0.000000000000000000e+00,0.000000000000000000e+00,0.000000000000000000e+00,0.000000000000000000e+00,0.000000000000000000e+00,0.000000000000000000e+00,2.298850574712643646e-02
0.000000000000000000e+00,0.000000000000000000e+00,0.000000000000000000e+00,9.090909090909091161e-02,5.959595959595959114e-01,1.212121212121212155e-01,7.070707070707070441e-02,3.030303030303030387e-02,3.030303030303030387e-02,2.020202020202020374e-02,2.020202020202020374e-02,0.000000000000000000e+00,0.000000000000000000e+00,0.000000000000000000e+00,0.000000000000000000e+00,0.000000000000000000e+00,1.010101010101010187e-02,0.000000000000000000e+00,0.000000000000000000e+00,0.000000000000000000e+00,0.000000000000000000e+00,1.010101010101010187e-02
0.000000000000000000e+00,9.216589861751152066e-03,0.000000000000000000e+00,1.843317972350230413e-02,5.990783410138248583e-02,7.419354838709677491e-01,1.013824884792626779e-01,9.216589861751152066e-03,4.608294930875576206e-02,4.608294930875576033e-03,9.216589861751152066e-03,0.000000000000000000e+00,0.000000000000000000e+00,0.000000000000000000e+00,0.000000000000000000e+00,0.000000000000000000e+00,0.000000000000000000e+00,0.000000000000000000e+00,0.000000000000000000e+00,0.000000000000000000e+00,0.000000000000000000e+00,0.000000000000000000e+00
0.000000000000000000e+00,3.787878787878787984e-03,0.000000000000000000e+00,3.787878787878787984e-03,3.787878787878787984e-02,7.575757575757575968e-02,6.553030303030302761e-01,1.325757575757575690e-01,4.166666666666666435e-02,1.893939393939393992e-02,1.893939393939393992e-02,0.000000000000000000e+00,7.575757575757575968e-03,0.000000000000000000e+00,0.000000000000000000e+00,0.000000000000000000e+00,0.000000000000000000e+00,0.000000000000000000e+00,0.000000000000000000e+00,0.000000000000000000e+00,0.000000000000000000e+00,3.787878787878787984e-03
0.000000000000000000e+00,0.000000000000000000e+00,0.000000000000000000e+00,1.715265866209262410e-03,1.715265866209262410e-03,6.861063464837049639e-03,7.375643224699827971e-02,7.427101200686105908e-01,1.114922813036020588e-01,2.058319039451115065e-02,8.576329331046312482e-03,1.372212692967409928e-02,3.430531732418524819e-03,5.145797598627787663e-03,0.000000000000000000e+00,0.000000000000000000e+00,0.000000000000000000e+00,0.000000000000000000e+00,0.000000000000000000e+00,0.000000000000000000e+00,0.000000000000000000e+00,1.029159519725557533e-02
0.000000000000000000e+00,0.000000000000000000e+00,0.000000000000000000e+00,0.000000000000000000e+00,5.015045135406218449e-03,3.009027081243730983e-03,8.024072216649949865e-03,6.218655967903711362e-02,7.462387161484453912e-01,1.233701103309929742e-01,2.507522567703109398e-02,9.027081243731194249e-03,4.012036108324974933e-03,4.012036108324974933e-03,1.003009027081243733e-03,0.000000000000000000e+00,1.003009027081243733e-03,0.000000000000000000e+00,0.000000000000000000e+00,1.003009027081243733e-03,0.000000000000000000e+00,7.021063189568706349e-03
0.000000000000000000e+00,7.158196134574087034e-04,0.000000000000000000e+00,0.000000000000000000e+00,7.158196134574087034e-04,7.158196134574087034e-04,2.147458840372226327e-03,1.216893342877594861e-02,8.231925554760199937e-02,7.559055118110236116e-01,1.059413027916964872e-01,1.574803149606299191e-02,7.158196134574087467e-03,5.726556907659269627e-03,2.863278453829634813e-03,7.158196134574087034e-04,2.863278453829634813e-03,0.000000000000000000e+00,0.000000000000000000e+00,0.000000000000000000e+00,0.000000000000000000e+00,4.294917680744452654e-03
0.000000000000000000e+00,8.230452674897119174e-04,8.230452674897119174e-04,1.646090534979423835e-03,8.230452674897119174e-04,3.292181069958847670e-03,5.761316872427983855e-03,9.053497942386830658e-03,1.893004115226337367e-02,1.267489711934156327e-01,7.037037037037037202e-01,6.666666666666666574e-02,2.304526748971193542e-02,1.152263374485596771e-02,9.053497942386830658e-03,4.115226337448560021e-03,1.646090534979423835e-03,8.230452674897119174e-04,0.000000000000000000e+00,2.469135802469135752e-03,8.230452674897119174e-04,8.230452674897120041e-03
1.908396946564885422e-03,0.000000000000000000e+00,0.000000000000000000e+00,0.000000000000000000e+00,1.908396946564885422e-03,1.908396946564885422e-03,0.000000000000000000e+00,5.725190839694656482e-03,1.145038167938931296e-02,4.007633587786259277e-02,1.717557251908397031e-01,6.011450381679389610e-01,9.160305343511450371e-02,1.908396946564885552e-02,1.145038167938931296e-02,7.633587786259541687e-03,9.541984732824427759e-03,9.541984732824427759e-03,1.908396946564885422e-03,0.000000000000000000e+00,0.000000000000000000e+00,1.335877862595419817e-02
0.000000000000000000e+00,0.000000000000000000e+00,0.000000000000000000e+00,0.000000000000000000e+00,0.000000000000000000e+00,0.000000000000000000e+00,1.183431952662721866e-02,1.479289940828402289e-02,8.875739644970414427e-03,4.437869822485206867e-02,4.733727810650887463e-02,1.449704142011834229e-01,5.828402366863905115e-01,6.508875739644970349e-02,2.662721893491124328e-02,5.917159763313609329e-03,5.917159763313609329e-03,1.479289940828402289e-02,0.000000000000000000e+00,2.958579881656804664e-03,2.958579881656804664e-03,2.071005917159763482e-02
0.000000000000000000e+00,0.000000000000000000e+00,0.000000000000000000e+00,0.000000000000000000e+00,0.000000000000000000e+00,0.000000000000000000e+00,0.000000000000000000e+00,5.376344086021505805e-03,1.075268817204301161e-02,2.688172043010752729e-02,6.989247311827956333e-02,8.602150537634409289e-02,1.505376344086021556e-01,4.569892473118279397e-01,8.064516129032257841e-02,3.763440860215053890e-02,1.075268817204301161e-02,0.000000000000000000e+00,1.612903225806451568e-02,5.376344086021505805e-03,0.000000000000000000e+00,4.301075268817204644e-02
0.000000000000000000e+00,0.000000000000000000e+00,0.000000000000000000e+00,0.000000000000000000e+00,0.000000000000000000e+00,0.000000000000000000e+00,0.000000000000000000e+00,8.403361344537814762e-03,0.000000000000000000e+00,1.680672268907562952e-02,6.722689075630251809e-02,5.882352941176470507e-02,1.008403361344537841e-01,1.428571428571428492e-01,3.109243697478991653e-01,8.403361344537815802e-02,5.882352941176470507e-02,2.521008403361344602e-02,8.403361344537814762e-03,2.521008403361344602e-02,0.000000000000000000e+00,9.243697478991597105e-02
0.000000000000000000e+00,0.000000000000000000e+00,0.000000000000000000e+00,0.000000000000000000e+00,0.000000000000000000e+00,1.190476190476190410e-02,0.000000000000000000e+00,0.000000000000000000e+00,0.000000000000000000e+00,2.380952380952380820e-02,1.071428571428571369e-01,2.380952380952380820e-02,5.952380952380952051e-02,2.380952380952380820e-02,1.785714285714285754e-01,3.452380952380952328e-01,1.309523809523809590e-01,0.000000000000000000e+00,2.380952380952380820e-02,3.571428571428571230e-02,1.190476190476190410e-02,2.380952380952380820e-02
0.000000000000000000e+00,0.000000000000000000e+00,1.234567901234567833e-02,0.000000000000000000e+00,0.000000000000000000e+00,0.000000000000000000e+00,0.000000000000000000e+00,0.000000000000000000e+00,0.000000000000000000e+00,2.469135802469135665e-02,4.938271604938271331e-02,4.938271604938271331e-02,7.407407407407406996e-02,7.407407407407406996e-02,9.876543209876542662e-02,1.111111111111111049e-01,4.197530864197530631e-01,2.469135802469135665e-02,1.234567901234567833e-02,2.469135802469135665e-02,1.234567901234567833e-02,1.234567901234567833e-02
0.000000000000000000e+00,0.000000000000000000e+00,0.000000000000000000e+00,0.000000000000000000e+00,0.000000000000000000e+00,0.000000000000000000e+00,0.000000000000000000e+00,0.000000000000000000e+00,2.272727272727272790e-02,0.000000000000000000e+00,9.090909090909091161e-02,0.000000000000000000e+00,2.272727272727272790e-02,4.545454545454545581e-02,4.545454545454545581e-02,9.090909090909091161e-02,9.090909090909091161e-02,4.318181818181818232e-01,4.545454545454545581e-02,2.272727272727272790e-02,0.000000000000000000e+00,9.090909090909091161e-02
0.000000000000000000e+00,0.000000000000000000e+00,0.000000000000000000e+00,0.000000000000000000e+00,0.000000000000000000e+00,0.000000000000000000e+00,0.000000000000000000e+00,0.000000000000000000e+00,0.000000000000000000e+00,0.000000000000000000e+00,2.941176470588235253e-02,5.882352941176470507e-02,5.882352941176470507e-02,8.823529411764706454e-02,5.882352941176470507e-02,2.941176470588235253e-02,8.823529411764706454e-02,1.176470588235294101e-01,2.941176470588235392e-01,5.882352941176470507e-02,0.000000000000000000e+00,1.176470588235294101e-01
0.000000000000000000e+00,0.000000000000000000e+00,0.000000000000000000e+00,0.000000000000000000e+00,0.000000000000000000e+00,0.000000000000000000e+00,0.000000000000000000e+00,0.000000000000000000e+00,1.960784313725490169e-02,3.921568627450980338e-02,0.000000000000000000e+00,0.000000000000000000e+00,5.882352941176470507e-02,1.960784313725490169e-02,3.921568627450980338e-02,5.882352941176470507e-02,1.960784313725490169e-02,1.960784313725490169e-02,1.960784313725490169e-02,5.490196078431373028e-01,1.960784313725490169e-02,1.372549019607843257e-01
0.000000000000000000e+00,0.000000000000000000e+00,0.000000000000000000e+00,0.000000000000000000e+00,0.000000000000000000e+00,0.000000000000000000e+00,0.000000000000000000e+00,0.000000000000000000e+00,6.250000000000000000e-02,6.250000000000000000e-02,6.250000000000000000e-02,0.000000000000000000e+00,1.250000000000000000e-01,6.250000000000000000e-02,0.000000000000000000e+00,1.250000000000000000e-01,1.250000000000000000e-01,0.000000000000000000e+00,0.000000000000000000e+00,0.000000000000000000e+00,1.875000000000000000e-01,1.875000000000000000e-01
5.208333333333333044e-03,0.000000000000000000e+00,0.000000000000000000e+00,0.000000000000000000e+00,0.000000000000000000e+00,1.041666666666666609e-02,5.208333333333333044e-03,5.208333333333333044e-03,1.041666666666666609e-02,2.604166666666666782e-02,3.125000000000000000e-02,3.645833333333333565e-02,5.208333333333333565e-02,4.166666666666666435e-02,4.687500000000000000e-02,3.645833333333333565e-02,1.562500000000000000e-02,2.083333333333333218e-02,5.208333333333333565e-02,2.604166666666666782e-02,2.604166666666666782e-02,5.520833333333333703e-01
