7.622461170848268130e-01,1.290322580645161255e-01,1.075268817204301161e-02,1.075268817204301161e-02,3.584229390681003581e-03,1.194743130227001121e-03,0.000000000000000000e+00,0.000000000000000000e+00,0.000000000000000000e+00,0.000000000000000000e+00,0.000000000000000000e+00,0.000000000000000000e+00,0.000000000000000000e+00,1.194743130227001121e-03,0.000000000000000000e+00,2.389486260454002243e-03,1.194743130227001121e-03,1.194743130227001121e-03,8.363201911589008067e-03,1.075268817204301161e-02,5.734767025089605730e-02
1.115276476101218356e-01,7.835051546391752497e-01,7.966260543580130915e-02,8.434864104967198378e-03,2.811621368322399315e-03,9.372071227741331050e-04,0.000000000000000000e+00,0.000000000000000000e+00,0.000000000000000000e+00,0.000000000000000000e+00,0.000000000000000000e+00,0.000000000000000000e+00,0.000000000000000000e+00,9.372071227741331050e-04,0.000000000000000000e+00,1.874414245548266210e-03,2.811621368322399315e-03,9.372071227741331050e-04,1.874414245548266210e-03,1.874414245548266210e-03,2.811621368322399315e-03
1.440922190201729056e-02,1.613832853025936598e-01,7.391930835734870087e-01,5.331412103746397541e-02,5.763688760806916049e-03,1.440922190201729012e-03,1.440922190201729012e-03,1.440922190201729012e-03,0.000000000000000000e+00,0.000000000000000000e+00,0.000000000000000000e+00,0.000000000000000000e+00,0.000000000000000000e+00,0.000000000000000000e+00,0.000000000000000000e+00,0.000000000000000000e+00,1.440922190201729012e-03,2.881844380403458025e-03,0.000000000000000000e+00,2.881844380403458025e-03,1.440922190201729056e-02
1.315789473684210453e-02,1.315789473684210453e-02,1.513157894736842091e-01,7.368421052631578538e-01,6.250000000000000000e-02,3.289473684210526133e-03,0.000000000000000000e+00,0.000000000000000000e+00,0.000000000000000000e+00,0.000000000000000000e+00,3.289473684210526133e-03,0.000000000000000000e+00,0.000000000000000000e+00,0.000000000000000000e+00,0.000000000000000000e+00,3.289473684210526133e-03,3.289473684210526133e-03,3.289473684210526133e-03,3.289473684210526133e-03,0.000000000000000000e+00,3.289473684210526133e-03
7.692307692307692735e-03,0.000000000000000000e+00,2.307692307692307820e-02,1.923076923076923184e-01,6.846153846153846256e-01,7.692307692307692735e-02,0.000000000000000000e+00,0.000000000000000000e+00,0.000000000000000000e+00,0.000000000000000000e+00,0.000000000000000000e+00,0.000000000000000000e+00,0.000000000000000000e+00,0.000000000000000000e+00,0.000000000000000000e+00,7.692307692307692735e-03,0.000000000000000000e+00,0.000000000000000000e+00,0.000000000000000000e+00,7.692307692307692735e-03,0.000000000000000000e+00
0.000000000000000000e+00,2.380952380952380820e-02,2.380952380952380820e-02,4.761904761904761640e-02,2.857142857142856984e-01,5.238095238095238360e-01,9.523809523809523281e-02,0.000000000000000000e+00,0.000000000000000000e+00,0.000000000000000000e+00,0.000000000000000000e+00,0.000000000000000000e+00,0.000000000000000000e+00,0.000000000000000000e+00,0.000000000000000000e+00,0.000000000000000000e+00,0.000000000000000000e+00,0.000000000000000000e+00,0.000000000000000000e+00,0.000000000000000000e+00,0.000000000000000000e+00
0.000000000000000000e+00,0.000000000000000000e+00,0.000000000000000000e+00,5.000000000000000278e-02,0.000000000000000000e+00,1.499999999999999944e-01,6.500000000000000222e-01,1.000000000000000056e-01,0.000000000000000000e+00,0.000000000000000000e+00,5.000000000000000278e-02,0.000000000000000000e+00,0.000000000000000000e+00,0.000000000000000000e+00,0.000000000000000000e+00,0.000000000000000000e+00,0.000000000000000000e+00,0.000000000000000000e+00,0.000000000000000000e+00,0.000000000000000000e+00,0.000000000000000000e+00
0.000000000000000000e+00,0.000000000000000000e+00,0.000000000000000000e+00,0.000000000000000000e+00,0.000000000000000000e+00,5.555555555555555247e-02,5.555555555555555247e-02,8.888888888888888395e-01,0.000000000000000000e+00,0.000000000000000000e+00,0.000000000000000000e+00,0.000000000000000000e+00,0.000000000000000000e+00,0.000000000000000000e+00,0.000000000000000000e+00,0.000000000000000000e+00,0.000000000000000000e+00,0.000000000000000000e+00,0.000000000000000000e+00,0.000000000000000000e+00,0.000000000000000000e+00
0.000000000000000000e+00,0.000000000000000000e+00,0.000000000000000000e+00,0.000000000000000000e+00,0.000000000000000000e+00,0.000000000000000000e+00,1.000000000000000000e+00,0.000000000000000000e+00,0.000000000000000000e+00,0.000000000000000000e+00,0.000000000000000000e+00,0.000000000000000000e+00,0.000000000000000000e+00,0.000000000000000000e+00,0.000000000000000000e+00,0.000000000000000000e+00,0.000000000000000000e+00,0.000000000000000000e+00,0.000000000000000000e+00,0.000000000000000000e+00,0.000000000000000000e+00
0.000000000000000000e+00,0.000000000000000000e+00,0.000000000000000000e+00,0.000000000000000000e+00,0.000000000000000000e+00,0.000000000000000000e+00,1.000000000000000000e+00,0.000000000000000000e+00,0.000000000000000000e+00,0.000000000000000000e+00,0.000000000000000000e+00,0.000000000000000000e+00,0.000000000000000000e+00,0.000000000000000000e+00,0.000000000000000000e+00,0.000000000000000000e+00,0.000000000000000000e+00,0.000000000000000000e+00,0.000000000000000000e+00,0.000000000000000000e+00,0.000000000000000000e+00
0.000000000000000000e+00,0.000000000000000000e+00,0.000000000000000000e+00,0.000000000000000000e+00,0.000000000000000000e+00,0.000000000000000000e+00,0.000000000000000000e+00,0.000000000000000000e+00,0.000000000000000000e+00,1.250000000000000000e-01,8.750000000000000000e-01,0.000000000000000000e+00,0.000000000000000000e+00,0.000000000000000000e+00,0.000000000000000000e+00,0.000000000000000000e+00,0.000000000000000000e+00,0.000000000000000000e+00,0.000000000000000000e+00,0.000000000000000000e+00,0.000000000000000000e+00
0.000000000000000000e+00,3.448275862068965469e-02,0.000000000000000000e+00,0.000000000000000000e+00,0.000000000000000000e+00,0.000000000000000000e+00,0.000000000000000000e+00,0.000000000000000000e+00,0.000000000000000000e+00,0.000000000000000000e+00,0.000000000000000000e+00,7.931034482758620996e-01,0.000000000000000000e+00,3.448275862068965469e-02,3.448275862068965469e-02,3.448275862068965469e-02,3.448275862068965469e-02,0.000000000000000000e+00,0.000000000000000000e+00,0.000000000000000000e+00,3.448275862068965469e-02
0.000000000000000000e+00,0.000000000000000000e+00,0.000000000000000000e+00,0.000000000000000000e+00,0.000000000000000000e+00,0.000000000000000000e+00,0.000000000000000000e+00,0.000000000000000000e+00,0.000000000000000000e+00,0.000000000000000000e+00,0.000000000000000000e+00,2.500000000000000000e-01,5.000000000000000000e-01,0.000000000000000000e+00,0.000000000000000000e+00,2.500000000000000000e-01,0.000000000000000000e+00,0.000000000000000000e+00,0.000000000000000000e+00,0.000000000000000000e+00,0.000000000000000000e+00
0.000000000000000000e+00,1.250000000000000000e-01,0.000000000000000000e+00,0.000000000000000000e+00,0.000000000000000000e+00,0.000000000000000000e+00,0.000000000000000000e+00,0.000000000000000000e+00,0.000000000000000000e+00,0.000000000000000000e+00,0.000000000000000000e+00,2.500000000000000000e-01,1.250000000000000000e-01,3.750000000000000000e-01,1.250000000000000000e-01,0.000000000000000000e+00,0.000000000000000000e+00,0.000000000000000000e+00,0.000000000000000000e+00,0.000000000000000000e+00,0.000000000000000000e+00
4.545454545454545581e-02,9.090909090909091161e-02,0.000000000000000000e+00,0.000000000000000000e+00,0.000000000000000000e+00,0.000000000000000000e+00,0.000000000000000000e+00,0.000000000000000000e+00,0.000000000000000000e+00,0.000000000000000000e+00,0.000000000000000000e+00,9.090909090909091161e-02,0.000000000000000000e+00,0.000000000000000000e+00,3.636363636363636465e-01,1.818181818181818232e-01,0.000000000000000000e+00,9.090909090909091161e-02,4.545454545454545581e-02,4.545454545454545581e-02,4.545454545454545581e-02
3.571428571428571230e-02,3.571428571428571230e-02,7.142857142857142461e-02,3.571428571428571230e-02,0.000000000000000000e+00,0.000000000000000000e+00,0.000000000000000000e+00,3.571428571428571230e-02,0.000000000000000000e+00,0.000000000000000000e+00,0.000000000000000000e+00,3.571428571428571230e-02,3.571428571428571230e-02,0.000000000000000000e+00,1.428571428571428492e-01,3.928571428571428492e-01,3.571428571428571230e-02,3.571428571428571230e-02,3.571428571428571230e-02,3.571428571428571230e-02,3.571428571428571230e-02
1.818181818181818094e-02,3.636363636363636187e-02,0.000000000000000000e+00,0.000000000000000000e+00,0.000000000000000000e+00,0.000000000000000000e+00,0.000000000000000000e+00,0.000000000000000000e+00,0.000000000000000000e+00,0.000000000000000000e+00,0.000000000000000000e+00,1.818181818181818094e-02,0.000000000000000000e+00,1.818181818181818094e-02,0.000000000000000000e+00,5.454545454545454281e-02,8.000000000000000444e-01,5.454545454545454281e-02,0.000000000000000000e+00,0.000000000000000000e+00,0.000000000000000000e+00
0.000000000000000000e+00,1.923076923076923184e-02,1.923076923076923184e-02,0.000000000000000000e+00,0.000000000000000000e+00,0.000000000000000000e+00,0.000000000000000000e+00,0.000000000000000000e+00,0.000000000000000000e+00,0.000000000000000000e+00,0.000000000000000000e+00,0.000000000000000000e+00,0.000000000000000000e+00,1.923076923076923184e-02,1.923076923076923184e-02,1.923076923076923184e-02,7.692307692307692735e-02,7.307692307692307265e-01,3.846153846153846367e-02,1.923076923076923184e-02,3.846153846153846367e-02
9.333333333333333759e-02,2.666666666666666838e-02,1.333333333333333419e-02,2.666666666666666838e-02,0.000000000000000000e+00,0.000000000000000000e+00,0.000000000000000000e+00,0.000000000000000000e+00,0.000000000000000000e+00,0.000000000000000000e+00,0.000000000000000000e+00,0.000000000000000000e+00,0.000000000000000000e+00,1.333333333333333419e-02,1.333333333333333419e-02,0.000000000000000000e+00,0.000000000000000000e+00,1.333333333333333419e-02,6.800000000000000488e-01,8.000000000000000167e-02,4.000000000000000083e-02
5.343511450381679267e-02,1.526717557251908337e-02,1.526717557251908337e-02,0.000000000000000000e+00,0.000000000000000000e+00,0.000000000000000000e+00,0.000000000000000000e+00,0.000000000000000000e+00,0.000000000000000000e+00,0.000000000000000000e+00,0.000000000000000000e+00,0.000000000000000000e+00,0.000000000000000000e+00,0.000000000000000000e+00,0.000000000000000000e+00,1.526717557251908337e-02,0.000000000000000000e+00,7.633587786259541687e-03,6.870229007633588125e-02,7.557251908396946938e-01,6.870229007633588125e-02
1.895910780669144979e-01,4.089219330855018569e-02,1.115241635687732290e-02,3.717472118959107633e-03,3.717472118959107633e-03,0.000000000000000000e+00,0.000000000000000000e+00,0.000000000000000000e+00,0.000000000000000000e+00,0.000000000000000000e+00,0.000000000000000000e+00,3.717472118959107633e-03,0.000000000000000000e+00,0.000000000000000000e+00,0.000000000000000000e+00,0.000000000000000000e+00,0.000000000000000000e+00,3.717472118959107633e-03,0.000000000000000000e+00,3.717472118959107980e-02,7.063197026022305369e-01
