7.432432432432432012e-01,1.023166023166023203e-01,1.544401544401544438e-02,1.158301158301158242e-02,5.791505791505791208e-03,1.930501930501930547e-03,0.000000000000000000e+00,1.930501930501930547e-03,0.000000000000000000e+00,0.000000000000000000e+00,9.652509652509652302e-03,1.930501930501930547e-03,0.000000000000000000e+00,0.000000000000000000e+00,3.861003861003861094e-03,1.930501930501930547e-03,0.000000000000000000e+00,0.000000000000000000e+00,3.861003861003861094e-03,3.861003861003861094e-03,9.266409266409265932e-02
9.937888198757763303e-02,7.515527950310558758e-01,7.660455486542443182e-02,1.656314699792960782e-02,1.035196687370600402e-02,4.140786749482401954e-03,2.070393374741200977e-03,0.000000000000000000e+00,0.000000000000000000e+00,0.000000000000000000e+00,6.211180124223602064e-03,4.140786749482401954e-03,0.000000000000000000e+00,0.000000000000000000e+00,2.070393374741200977e-03,0.000000000000000000e+00,6.211180124223602064e-03,0.000000000000000000e+00,2.070393374741200977e-03,6.211180124223602064e-03,1.242236024844720413e-02
4.000000000000000083e-02,1.057142857142857190e-01,6.800000000000000488e-01,7.428571428571428825e-02,3.428571428571428742e-02,5.714285714285714281e-03,2.857142857142857140e-03,2.857142857142857140e-03,2.857142857142857140e-03,2.857142857142857140e-03,1.714285714285714371e-02,2.857142857142857140e-03,0.000000000000000000e+00,0.000000000000000000e+00,0.000000000000000000e+00,5.714285714285714281e-03,0.000000000000000000e+00,0.000000000000000000e+00,2.857142857142857140e-03,2.857142857142857140e-03,1.714285714285714371e-02
7.692307692307692735e-03,1.923076923076923184e-02,1.269230769230769162e-01,6.500000000000000222e-01,8.846153846153846645e-02,5.000000000000000278e-02,1.923076923076923184e-02,0.000000000000000000e+00,7.692307692307692735e-03,0.000000000000000000e+00,1.923076923076923184e-02,3.846153846153846367e-03,0.000000000000000000e+00,0.000000000000000000e+00,0.000000000000000000e+00,0.000000000000000000e+00,0.000000000000000000e+00,0.000000000000000000e+00,0.000000000000000000e+00,3.846153846153846367e-03,3.846153846153846367e-03
1.941747572815533812e-02,3.883495145631067624e-02,3.398058252427184345e-02,1.650485436893203983e-01,5.728155339805824919e-01,6.796116504854368690e-02,2.912621359223301065e-02,9.708737864077669061e-03,0.000000000000000000e+00,0.000000000000000000e+00,5.825242718446602130e-02,0.000000000000000000e+00,0.000000000000000000e+00,0.000000000000000000e+00,0.000000000000000000e+00,0.000000000000000000e+00,0.000000000000000000e+00,0.000000000000000000e+00,0.000000000000000000e+00,4.854368932038834530e-03,0.000000000000000000e+00
0.000000000000000000e+00,2.912621359223301065e-02,7.766990291262135249e-02,5.825242718446602130e-02,1.359223300970873738e-01,4.563106796116505048e-01,6.796116504854368690e-02,6.796116504854368690e-02,1.941747572815533812e-02,9.708737864077669061e-03,6.796116504854368690e-02,9.708737864077669061e-03,0.000000000000000000e+00,0.000000000000000000e+00,0.000000000000000000e+00,0.000000000000000000e+00,0.000000000000000000e+00,0.000000000000000000e+00,0.000000000000000000e+00,0.000000000000000000e+00,0.000000000000000000e+00
0.000000000000000000e+00,1.428571428571428527e-02,2.857142857142857054e-02,4.285714285714285754e-02,1.142857142857142821e-01,1.857142857142857206e-01,4.142857142857143127e-01,1.142857142857142821e-01,2.857142857142857054e-02,0.000000000000000000e+00,5.714285714285714107e-02,0.000000000000000000e+00,0.000000000000000000e+00,0.000000000000000000e+00,0.000000000000000000e+00,0.000000000000000000e+00,0.000000000000000000e+00,0.000000000000000000e+00,0.000000000000000000e+00,0.000000000000000000e+00,0.000000000000000000e+00
0.000000000000000000e+00,1.886792452830188607e-02,5.660377358490566169e-02,0.000000000000000000e+00,9.433962264150944077e-02,5.660377358490566169e-02,1.509433962264150886e-01,3.584905660377358250e-01,1.132075471698113234e-01,7.547169811320754429e-02,5.660377358490566169e-02,1.886792452830188607e-02,0.000000000000000000e+00,0.000000000000000000e+00,0.000000000000000000e+00,0.000000000000000000e+00,0.000000000000000000e+00,0.000000000000000000e+00,0.000000000000000000e+00,0.000000000000000000e+00,0.000000000000000000e+00
0.000000000000000000e+00,2.777777777777777624e-02,2.777777777777777624e-02,0.000000000000000000e+00,2.777777777777777624e-02,2.777777777777777624e-02,1.111111111111111049e-01,1.388888888888888951e-01,3.888888888888888951e-01,5.555555555555555247e-02,1.944444444444444475e-01,0.000000000000000000e+00,0.000000000000000000e+00,0.000000000000000000e+00,0.000000000000000000e+00,0.000000000000000000e+00,0.000000000000000000e+00,0.000000000000000000e+00,0.000000000000000000e+00,0.000000000000000000e+00,0.000000000000000000e+00
0.000000000000000000e+00,0.000000000000000000e+00,0.000000000000000000e+00,0.000000000000000000e+00,1.111111111111111049e-01,0.000000000000000000e+00,0.000000000000000000e+00,1.111111111111111049e-01,5.555555555555555247e-02,2.777777777777777901e-01,4.444444444444444198e-01,0.000000000000000000e+00,0.000000000000000000e+00,0.000000000000000000e+00,0.000000000000000000e+00,0.000000000000000000e+00,0.000000000000000000e+00,0.000000000000000000e+00,0.000000000000000000e+00,0.000000000000000000e+00,0.000000000000000000e+00
4.694835680751173815e-03,3.286384976525821844e-02,9.389671361502347630e-03,9.389671361502347630e-03,5.633802816901408578e-02,5.633802816901408578e-02,4.225352112676056260e-02,1.408450704225352144e-02,2.816901408450704289e-02,1.877934272300469526e-02,7.136150234741783782e-01,4.694835680751173815e-03,0.000000000000000000e+00,0.000000000000000000e+00,0.000000000000000000e+00,0.000000000000000000e+00,0.000000000000000000e+00,0.000000000000000000e+00,4.694835680751173815e-03,0.000000000000000000e+00,4.694835680751173815e-03
2.040816326530612082e-02,2.040816326530612082e-02,6.122448979591836593e-02,0.000000000000000000e+00,0.000000000000000000e+00,2.040816326530612082e-02,0.000000000000000000e+00,0.000000000000000000e+00,0.000000000000000000e+00,2.040816326530612082e-02,0.000000000000000000e+00,6.122448979591836871e-01,2.040816326530612082e-02,2.040816326530612082e-02,2.040816326530612082e-02,6.122448979591836593e-02,4.081632653061224164e-02,2.040816326530612082e-02,2.040816326530612082e-02,4.081632653061224164e-02,0.000000000000000000e+00
0.000000000000000000e+00,0.000000000000000000e+00,0.000000000000000000e+00,0.000000000000000000e+00,0.000000000000000000e+00,0.000000000000000000e+00,4.347826086956521618e-02,0.000000000000000000e+00,0.000000000000000000e+00,0.000000000000000000e+00,0.000000000000000000e+00,0.000000000000000000e+00,9.565217391304348116e-01,0.000000000000000000e+00,0.000000000000000000e+00,0.000000000000000000e+00,0.000000000000000000e+00,0.000000000000000000e+00,0.000000000000000000e+00,0.000000000000000000e+00,0.000000000000000000e+00
0.000000000000000000e+00,0.000000000000000000e+00,0.000000000000000000e+00,0.000000000000000000e+00,0.000000000000000000e+00,0.000000000000000000e+00,0.000000000000000000e+00,2.857142857142857054e-02,0.000000000000000000e+00,0.000000000000000000e+00,0.000000000000000000e+00,5.714285714285714107e-02,0.000000000000000000e+00,7.714285714285714635e-01,5.714285714285714107e-02,5.714285714285714107e-02,2.857142857142857054e-02,0.000000000000000000e+00,0.000000000000000000e+00,0.000000000000000000e+00,0.000000000000000000e+00
0.000000000000000000e+00,0.000000000000000000e+00,1.818181818181818094e-02,1.818181818181818094e-02,0.000000000000000000e+00,0.000000000000000000e+00,0.000000000000000000e+00,0.000000000000000000e+00,0.000000000000000000e+00,0.000000000000000000e+00,0.000000000000000000e+00,1.818181818181818094e-02,0.000000000000000000e+00,5.454545454545454281e-02,7.454545454545454808e-01,5.454545454545454281e-02,3.636363636363636187e-02,0.000000000000000000e+00,3.636363636363636187e-02,0.000000000000000000e+00,1.818181818181818094e-02
2.739726027397260122e-02,0.000000000000000000e+00,2.739726027397260122e-02,0.000000000000000000e+00,0.000000000000000000e+00,0.000000000000000000e+00,0.000000000000000000e+00,0.000000000000000000e+00,0.000000000000000000e+00,0.000000000000000000e+00,2.739726027397260122e-02,2.739726027397260122e-02,0.000000000000000000e+00,0.000000000000000000e+00,2.739726027397260122e-02,6.849315068493150305e-01,9.589041095890410427e-02,5.479452054794520244e-02,0.000000000000000000e+00,1.369863013698630061e-02,1.369863013698630061e-02
0.000000000000000000e+00,1.298701298701298787e-02,0.000000000000000000e+00,0.000000000000000000e+00,0.000000000000000000e+00,0.000000000000000000e+00,0.000000000000000000e+00,0.000000000000000000e+00,0.000000000000000000e+00,0.000000000000000000e+00,0.000000000000000000e+00,0.000000000000000000e+00,0.000000000000000000e+00,3.896103896103896014e-02,0.000000000000000000e+00,7.792207792207792028e-02,5.974025974025973795e-01,1.298701298701298579e-01,7.792207792207792028e-02,3.896103896103896014e-02,2.597402597402597574e-02
1.162790697674418589e-02,0.000000000000000000e+00,0.000000000000000000e+00,1.162790697674418589e-02,0.000000000000000000e+00,0.000000000000000000e+00,0.000000000000000000e+00,0.000000000000000000e+00,0.000000000000000000e+00,0.000000000000000000e+00,1.162790697674418589e-02,1.162790697674418589e-02,0.000000000000000000e+00,0.000000000000000000e+00,0.000000000000000000e+00,2.325581395348837177e-02,8.139534883720930813e-02,6.860465116279069742e-01,1.395348837209302306e-01,0.000000000000000000e+00,2.325581395348837177e-02
2.016129032258064460e-02,0.000000000000000000e+00,4.032258064516128920e-03,4.032258064516128920e-03,0.000000000000000000e+00,0.000000000000000000e+00,0.000000000000000000e+00,0.000000000000000000e+00,0.000000000000000000e+00,0.000000000000000000e+00,4.032258064516128920e-03,0.000000000000000000e+00,0.000000000000000000e+00,0.000000000000000000e+00,4.032258064516128920e-03,0.000000000000000000e+00,8.064516129032257841e-03,4.435483870967742159e-02,7.540322580645161255e-01,1.411290322580645296e-01,1.612903225806451568e-02
2.830188679245283084e-02,1.572327044025157231e-02,9.433962264150943036e-03,0.000000000000000000e+00,6.289308176100629269e-03,3.144654088050314635e-03,0.000000000000000000e+00,0.000000000000000000e+00,0.000000000000000000e+00,0.000000000000000000e+00,0.000000000000000000e+00,0.000000000000000000e+00,0.000000000000000000e+00,0.000000000000000000e+00,0.000000000000000000e+00,3.144654088050314635e-03,1.257861635220125854e-02,0.000000000000000000e+00,9.119496855345911313e-02,7.358490566037735325e-01,9.433962264150944077e-02
1.055662188099808080e-01,2.303262955854126770e-02,3.838771593090210994e-03,1.919385796545105497e-03,0.000000000000000000e+00,0.000000000000000000e+00,1.919385796545105497e-03,0.000000000000000000e+00,0.000000000000000000e+00,0.000000000000000000e+00,3.838771593090210994e-03,1.919385796545105497e-03,0.000000000000000000e+00,1.919385796545105497e-03,0.000000000000000000e+00,0.000000000000000000e+00,0.000000000000000000e+00,1.919385796545105497e-03,0.000000000000000000e+00,6.909788867562380310e-02,7.850287907869482051e-01
