7.216699801192842934e-01,1.113320079522862882e-01,9.940357852882704057e-03,9.940357852882704057e-03,3.976143141153081102e-03,7.952286282306162205e-03,0.000000000000000000e+00,1.988071570576540551e-03,0.000000000000000000e+00,0.000000000000000000e+00,5.964214711729622087e-03,1.988071570576540551e-03,0.000000000000000000e+00,1.988071570576540551e-03,1.988071570576540551e-03,0.000000000000000000e+00,1.988071570576540551e-03,1.988071570576540551e-03,3.976143141153081102e-03,2.186878727634194997e-02,9.145129224652087663e-02
1.092278719397363485e-01,7.288135593220338437e-01,7.532956685499057892e-02,2.636534839924670540e-02,1.883239171374764516e-03,5.649717514124293766e-03,3.766478342749529033e-03,7.532956685499058065e-03,1.883239171374764516e-03,0.000000000000000000e+00,7.532956685499058065e-03,1.883239171374764516e-03,1.883239171374764516e-03,3.766478342749529033e-03,5.649717514124293766e-03,1.883239171374764516e-03,0.000000000000000000e+00,0.000000000000000000e+00,3.766478342749529033e-03,1.883239171374764516e-03,1.129943502824858753e-02
1.136363636363636395e-02,1.335227272727272652e-01,7.272727272727272929e-01,7.102272727272727904e-02,1.136363636363636395e-02,5.681818181818181976e-03,8.522727272727272096e-03,2.840909090909090988e-03,0.000000000000000000e+00,0.000000000000000000e+00,2.840909090909090988e-03,1.136363636363636395e-02,0.000000000000000000e+00,0.000000000000000000e+00,0.000000000000000000e+00,2.840909090909090988e-03,0.000000000000000000e+00,2.840909090909090988e-03,2.840909090909090988e-03,5.681818181818181976e-03,0.000000000000000000e+00
1.980198019801980222e-02,2.310231023102310086e-02,9.240924092409240342e-02,6.798679867986798797e-01,7.920792079207920888e-02,1.650165016501650012e-02,6.600660066006600740e-03,6.600660066006600740e-03,6.600660066006600740e-03,3.300330033003300370e-03,2.640264026402640296e-02,6.600660066006600740e-03,0.000000000000000000e+00,6.600660066006600740e-03,6.600660066006600740e-03,3.300330033003300370e-03,3.300330033003300370e-03,0.000000000000000000e+00,0.000000000000000000e+00,3.300330033003300370e-03,9.900990099009901110e-03
1.639344262295082053e-02,2.732240437158469856e-02,3.278688524590164105e-02,1.311475409836065642e-01,6.393442622950820109e-01,4.371584699453551909e-02,1.639344262295082053e-02,0.000000000000000000e+00,1.092896174863387977e-02,5.464480874316939886e-03,4.918032786885245811e-02,0.000000000000000000e+00,0.000000000000000000e+00,0.000000000000000000e+00,1.092896174863387977e-02,0.000000000000000000e+00,0.000000000000000000e+00,0.000000000000000000e+00,5.464480874316939886e-03,5.464480874316939886e-03,5.464480874316939886e-03
0.000000000000000000e+00,1.904761904761904934e-02,1.904761904761904934e-02,8.571428571428571508e-02,8.571428571428571508e-02,5.714285714285713969e-01,1.238095238095238138e-01,1.904761904761904934e-02,9.523809523809524669e-03,0.000000000000000000e+00,5.714285714285714107e-02,0.000000000000000000e+00,0.000000000000000000e+00,0.000000000000000000e+00,9.523809523809524669e-03,0.000000000000000000e+00,0.000000000000000000e+00,0.000000000000000000e+00,0.000000000000000000e+00,0.000000000000000000e+00,0.000000000000000000e+00
1.886792452830188607e-02,1.132075471698113234e-01,3.773584905660377214e-02,1.886792452830188607e-02,1.132075471698113234e-01,2.075471698113207641e-01,2.452830188679245293e-01,9.433962264150944077e-02,1.886792452830188607e-02,0.000000000000000000e+00,7.547169811320754429e-02,0.000000000000000000e+00,0.000000000000000000e+00,0.000000000000000000e+00,0.000000000000000000e+00,0.000000000000000000e+00,0.000000000000000000e+00,1.886792452830188607e-02,0.000000000000000000e+00,0.000000000000000000e+00,3.773584905660377214e-02
0.000000000000000000e+00,2.380952380952380820e-02,4.761904761904761640e-02,0.000000000000000000e+00,2.380952380952380820e-02,7.142857142857142461e-02,4.761904761904761640e-02,4.047619047619047672e-01,1.904761904761904656e-01,2.380952380952380820e-02,1.428571428571428492e-01,0.000000000000000000e+00,0.000000000000000000e+00,0.000000000000000000e+00,0.000000000000000000e+00,0.000000000000000000e+00,0.000000000000000000e+00,0.000000000000000000e+00,0.000000000000000000e+00,0.000000000000000000e+00,2.380952380952380820e-02
0.000000000000000000e+00,2.380952380952380820e-02,0.000000000000000000e+00,2.380952380952380820e-02,0.000000000000000000e+00,2.380952380952380820e-02,4.761904761904761640e-02,1.190476190476190410e-01,5.000000000000000000e-01,2.380952380952380820e-02,2.142857142857142738e-01,2.380952380952380820e-02,0.000000000000000000e+00,0.000000000000000000e+00,0.000000000000000000e+00,0.000000000000000000e+00,0.000000000000000000e+00,0.000000000000000000e+00,0.000000000000000000e+00,0.000000000000000000e+00,0.000000000000000000e+00
0.000000000000000000e+00,0.000000000000000000e+00,9.090909090909091161e-02,9.090909090909091161e-02,0.000000000000000000e+00,9.090909090909091161e-02,0.000000000000000000e+00,0.000000000000000000e+00,0.000000000000000000e+00,3.636363636363636465e-01,3.636363636363636465e-01,0.000000000000000000e+00,0.000000000000000000e+00,0.000000000000000000e+00,0.000000000000000000e+00,0.000000000000000000e+00,0.000000000000000000e+00,0.000000000000000000e+00,0.000000000000000000e+00,0.000000000000000000e+00,0.000000000000000000e+00
1.242236024844720413e-02,1.863354037267080793e-02,2.484472049689440826e-02,3.726708074534161586e-02,4.347826086956521618e-02,3.105590062111801206e-02,2.484472049689440826e-02,4.968944099378881651e-02,6.211180124223602411e-02,1.242236024844720413e-02,6.708074534161491131e-01,6.211180124223602064e-03,0.000000000000000000e+00,0.000000000000000000e+00,0.000000000000000000e+00,0.000000000000000000e+00,0.000000000000000000e+00,6.211180124223602064e-03,0.000000000000000000e+00,0.000000000000000000e+00,0.000000000000000000e+00
3.191489361702127409e-02,1.063829787234042527e-02,0.000000000000000000e+00,4.255319148936170109e-02,0.000000000000000000e+00,0.000000000000000000e+00,0.000000000000000000e+00,0.000000000000000000e+00,0.000000000000000000e+00,0.000000000000000000e+00,1.063829787234042527e-02,7.340425531914893664e-01,2.127659574468085055e-02,6.382978723404254817e-02,2.127659574468085055e-02,3.191489361702127409e-02,0.000000000000000000e+00,1.063829787234042527e-02,1.063829787234042527e-02,0.000000000000000000e+00,1.063829787234042527e-02
1.428571428571428492e-01,0.000000000000000000e+00,0.000000000000000000e+00,1.428571428571428492e-01,0.000000000000000000e+00,0.000000000000000000e+00,0.000000000000000000e+00,0.000000000000000000e+00,0.000000000000000000e+00,0.000000000000000000e+00,0.000000000000000000e+00,0.000000000000000000e+00,2.857142857142856984e-01,1.428571428571428492e-01,0.000000000000000000e+00,1.428571428571428492e-01,0.000000000000000000e+00,0.000000000000000000e+00,0.000000000000000000e+00,0.000000000000000000e+00,1.428571428571428492e-01
0.000000000000000000e+00,1.886792452830188607e-02,0.000000000000000000e+00,0.000000000000000000e+00,0.000000000000000000e+00,0.000000000000000000e+00,0.000000000000000000e+00,0.000000000000000000e+00,0.000000000000000000e+00,0.000000000000000000e+00,1.886792452830188607e-02,1.886792452830188607e-02,3.773584905660377214e-02,8.113207547169811740e-01,3.773584905660377214e-02,1.886792452830188607e-02,0.000000000000000000e+00,1.886792452830188607e-02,0.000000000000000000e+00,1.886792452830188607e-02,0.000000000000000000e+00
1.886792452830188607e-02,5.660377358490566169e-02,1.886792452830188607e-02,0.000000000000000000e+00,3.773584905660377214e-02,1.886792452830188607e-02,0.000000000000000000e+00,0.000000000000000000e+00,0.000000000000000000e+00,0.000000000000000000e+00,0.000000000000000000e+00,1.132075471698113234e-01,0.000000000000000000e+00,0.000000000000000000e+00,5.849056603773584717e-01,3.773584905660377214e-02,0.000000000000000000e+00,1.886792452830188607e-02,3.773584905660377214e-02,5.660377358490566169e-02,0.000000000000000000e+00
1.538461538461538547e-02,0.000000000000000000e+00,3.076923076923077094e-02,3.076923076923077094e-02,0.000000000000000000e+00,0.000000000000000000e+00,0.000000000000000000e+00,0.000000000000000000e+00,0.000000000000000000e+00,0.000000000000000000e+00,0.000000000000000000e+00,0.000000000000000000e+00,0.000000000000000000e+00,1.538461538461538547e-02,4.615384615384615641e-02,7.230769230769230616e-01,7.692307692307692735e-02,3.076923076923077094e-02,1.538461538461538547e-02,1.538461538461538547e-02,0.000000000000000000e+00
1.176470588235294101e-02,0.000000000000000000e+00,1.176470588235294101e-02,0.000000000000000000e+00,1.176470588235294101e-02,0.000000000000000000e+00,0.000000000000000000e+00,0.000000000000000000e+00,0.000000000000000000e+00,0.000000000000000000e+00,1.176470588235294101e-02,1.176470588235294101e-02,0.000000000000000000e+00,1.176470588235294101e-02,2.352941176470588203e-02,2.352941176470588203e-02,6.705882352941175961e-01,1.176470588235294101e-01,7.058823529411764608e-02,2.352941176470588203e-02,0.000000000000000000e+00
0.000000000000000000e+00,1.438848920863309427e-02,7.194244604316547137e-03,1.438848920863309427e-02,7.194244604316547137e-03,0.000000000000000000e+00,7.194244604316547137e-03,0.000000000000000000e+00,0.000000000000000000e+00,0.000000000000000000e+00,0.000000000000000000e+00,0.000000000000000000e+00,0.000000000000000000e+00,0.000000000000000000e+00,0.000000000000000000e+00,2.877697841726618855e-02,7.913669064748200810e-02,7.697841726618704916e-01,5.755395683453237710e-02,0.000000000000000000e+00,1.438848920863309427e-02
2.197802197802197974e-02,1.098901098901098987e-02,5.494505494505494934e-03,5.494505494505494934e-03,5.494505494505494934e-03,0.000000000000000000e+00,0.000000000000000000e+00,0.000000000000000000e+00,0.000000000000000000e+00,0.000000000000000000e+00,0.000000000000000000e+00,5.494505494505494934e-03,5.494505494505494934e-03,0.000000000000000000e+00,5.494505494505494934e-03,0.000000000000000000e+00,1.648351648351648394e-02,2.747252747252747207e-02,7.197802197802197766e-01,1.428571428571428492e-01,2.747252747252747207e-02
1.226993865030674875e-02,1.226993865030674875e-02,0.000000000000000000e+00,3.067484662576687188e-03,0.000000000000000000e+00,0.000000000000000000e+00,0.000000000000000000e+00,0.000000000000000000e+00,0.000000000000000000e+00,0.000000000000000000e+00,0.000000000000000000e+00,0.000000000000000000e+00,0.000000000000000000e+00,0.000000000000000000e+00,9.202453987730061999e-03,0.000000000000000000e+00,9.202453987730061999e-03,3.067484662576687188e-03,7.361963190184049599e-02,7.453987730061349959e-01,1.319018404907975339e-01
1.108910891089108924e-01,1.782178217821782026e-02,1.980198019801980222e-03,7.920792079207920888e-03,5.940594059405940666e-03,1.980198019801980222e-03,0.000000000000000000e+00,0.000000000000000000e+00,0.000000000000000000e+00,0.000000000000000000e+00,1.980198019801980222e-03,0.000000000000000000e+00,0.000000000000000000e+00,0.000000000000000000e+00,0.000000000000000000e+00,0.000000000000000000e+00,3.960396039603960444e-03,0.000000000000000000e+00,9.900990099009901110e-03,6.336633663366336711e-02,7.742574257425742790e-01
