7.608695652173913526e-01,5.434782608695652023e-02,2.173913043478260809e-02,2.173913043478260809e-02,2.173913043478260809e-02,3.260869565217391214e-02,3.260869565217391214e-02,1.086956521739130405e-02,0.000000000000000000e+00,1.086956521739130405e-02,0.000000000000000000e+00,0.000000000000000000e+00,2.173913043478260809e-02,1.086956521739130405e-02,0.000000000000000000e+00,0.000000000000000000e+00,0.000000000000000000e+00,0.000000000000000000e+00,0.000000000000000000e+00,0.000000000000000000e+00,0.000000000000000000e+00,0.000000000000000000e+00
2.941176470588235392e-01,4.117647058823529216e-01,1.176470588235294101e-01,5.882352941176470507e-02,0.000000000000000000e+00,0.000000000000000000e+00,5.882352941176470507e-02,5.882352941176470507e-02,0.000000000000000000e+00,0.000000000000000000e+00,0.000000000000000000e+00,0.000000000000000000e+00,0.000000000000000000e+00,0.000000000000000000e+00,0.000000000000000000e+00,0.000000000000000000e+00,0.000000000000000000e+00,0.000000000000000000e+00,0.000000000000000000e+00,0.000000000000000000e+00,0.000000000000000000e+00,0.000000000000000000e+00
1.000000000000000056e-01,5.000000000000000278e-02,3.499999999999999778e-01,1.499999999999999944e-01,1.000000000000000056e-01,0.000000000000000000e+00,0.000000000000000000e+00,1.000000000000000056e-01,5.000000000000000278e-02,5.000000000000000278e-02,5.000000000000000278e-02,0.000000000000000000e+00,0.000000000000000000e+00,0.000000000000000000e+00,0.000000000000000000e+00,0.000000000000000000e+00,0.000000000000000000e+00,0.000000000000000000e+00,0.000000000000000000e+00,0.000000000000000000e+00,0.000000000000000000e+00,0.000000000000000000e+00
9.803921568627450844e-02,0.000000000000000000e+00,3.921568627450980338e-02,5.098039215686274161e-01,3.921568627450980338e-02,0.000000000000000000e+00,5.882352941176470507e-02,9.803921568627450844e-02,3.921568627450980338e-02,3.921568627450980338e-02,3.921568627450980338e-02,1.960784313725490169e-02,0.000000000000000000e+00,0.000000000000000000e+00,1.960784313725490169e-02,0.000000000000000000e+00,0.000000000000000000e+00,0.000000000000000000e+00,0.000000000000000000e+00,0.000000000000000000e+00,0.000000000000000000e+00,0.000000000000000000e+00
2.816901408450704289e-02,0.000000000000000000e+00,0.000000000000000000e+00,4.225352112676056260e-02,5.915492957746478764e-01,5.633802816901408578e-02,8.450704225352112520e-02,1.408450704225352144e-02,1.408450704225352144e-02,2.816901408450704289e-02,4.225352112676056260e-02,4.225352112676056260e-02,0.000000000000000000e+00,1.408450704225352144e-02,1.408450704225352144e-02,0.000000000000000000e+00,0.000000000000000000e+00,1.408450704225352144e-02,0.000000000000000000e+00,0.000000000000000000e+00,0.000000000000000000e+00,1.408450704225352144e-02
0.000000000000000000e+00,0.000000000000000000e+00,0.000000000000000000e+00,2.531645569620253125e-02,6.329113924050633333e-02,3.670886075949367222e-01,1.139240506329113889e-01,6.329113924050633333e-02,3.797468354430379861e-02,1.139240506329113889e-01,7.594936708860759722e-02,0.000000000000000000e+00,5.063291139240506250e-02,5.063291139240506250e-02,2.531645569620253125e-02,1.265822784810126563e-02,0.000000000000000000e+00,0.000000000000000000e+00,0.000000000000000000e+00,0.000000000000000000e+00,0.000000000000000000e+00,0.000000000000000000e+00
9.523809523809524669e-03,0.000000000000000000e+00,0.000000000000000000e+00,9.523809523809524669e-03,1.904761904761904934e-02,1.428571428571428527e-02,5.571428571428571619e-01,1.238095238095238138e-01,7.619047619047619735e-02,5.714285714285714107e-02,5.238095238095238221e-02,2.380952380952380820e-02,1.904761904761904934e-02,9.523809523809524669e-03,9.523809523809524669e-03,4.761904761904762334e-03,4.761904761904762334e-03,0.000000000000000000e+00,4.761904761904762334e-03,0.000000000000000000e+00,0.000000000000000000e+00,4.761904761904762334e-03
3.521126760563380361e-03,7.042253521126760722e-03,0.000000000000000000e+00,1.056338028169014065e-02,7.042253521126760722e-03,2.112676056338028130e-02,6.338028169014084390e-02,4.788732394366196909e-01,1.584507042253521236e-01,8.802816901408450079e-02,7.746478873239436014e-02,3.521126760563380448e-02,2.816901408450704289e-02,7.042253521126760722e-03,1.056338028169014065e-02,0.000000000000000000e+00,0.000000000000000000e+00,3.521126760563380361e-03,0.000000000000000000e+00,0.000000000000000000e+00,0.000000000000000000e+00,0.000000000000000000e+00
0.000000000000000000e+00,0.000000000000000000e+00,3.460207612456747510e-03,5.190311418685120831e-03,0.000000000000000000e+00,6.920415224913495020e-03,2.076124567474048332e-02,5.017301038062283586e-02,5.536332179930796293e-01,1.695501730103806115e-01,1.020761245674740442e-01,3.287197231833909744e-02,2.076124567474048332e-02,2.595155709342560416e-02,3.460207612456747510e-03,1.730103806228373755e-03,1.730103806228373755e-03,1.730103806228373755e-03,0.000000000000000000e+00,0.000000000000000000e+00,0.000000000000000000e+00,0.000000000000000000e+00
0.000000000000000000e+00,0.000000000000000000e+00,1.532567049808429170e-03,7.662835249042145849e-04,2.298850574712643646e-03,4.597701149425287293e-03,6.896551724137930939e-03,2.222222222222222307e-02,5.747126436781609116e-02,6.199233716475095468e-01,1.724137931034482873e-01,6.283524904214558837e-02,2.528735632183908011e-02,1.302681992337164675e-02,5.363984674329501552e-03,3.831417624521072599e-03,7.662835249042145849e-04,7.662835249042145849e-04,0.000000000000000000e+00,0.000000000000000000e+00,0.000000000000000000e+00,0.000000000000000000e+00
1.679261125104953775e-03,0.000000000000000000e+00,0.000000000000000000e+00,1.679261125104953775e-03,1.679261125104953775e-03,2.099076406381192219e-03,5.877413937867338213e-03,1.007556675062972265e-02,2.350965575146935285e-02,7.178841309823677519e-02,6.637279596977330165e-01,1.645675902602854734e-01,3.106633081444164571e-02,1.427371956339210796e-02,5.457598656591100203e-03,1.679261125104953775e-03,0.000000000000000000e+00,4.198152812762384438e-04,4.198152812762384438e-04,0.000000000000000000e+00,0.000000000000000000e+00,0.000000000000000000e+00
2.118644067796610162e-03,0.000000000000000000e+00,3.531073446327683604e-04,2.118644067796610162e-03,7.062146892655367207e-04,2.471751412429378739e-03,3.531073446327683604e-03,1.024011299435028180e-02,1.306497175141242868e-02,3.213276836158192318e-02,9.498587570621469522e-02,6.913841807909604231e-01,1.257062146892655441e-01,1.730225988700564987e-02,1.765536723163841802e-03,1.412429378531073441e-03,3.531073446327683604e-04,0.000000000000000000e+00,3.531073446327683604e-04,0.000000000000000000e+00,0.000000000000000000e+00,0.000000000000000000e+00
1.834862385321101019e-03,0.000000000000000000e+00,9.174311926605505096e-04,1.376146788990825764e-03,2.293577981651376274e-03,3.211009174311926784e-03,2.293577981651376274e-03,8.256880733944954587e-03,1.009174311926605561e-02,1.697247706422018443e-02,4.954128440366972752e-02,1.224770642201834930e-01,6.788990825688073771e-01,9.220183486238532622e-02,5.504587155963303058e-03,2.752293577981651529e-03,9.174311926605505096e-04,0.000000000000000000e+00,0.000000000000000000e+00,0.000000000000000000e+00,0.000000000000000000e+00,4.587155963302752548e-04
8.888888888888889315e-04,0.000000000000000000e+00,1.777777777777777863e-03,1.777777777777777863e-03,4.444444444444444441e-03,6.222222222222221870e-03,5.333333333333333155e-03,4.444444444444444441e-03,1.511111111111111162e-02,2.577777777777777793e-02,3.733333333333333642e-02,5.333333333333333676e-02,1.208888888888888929e-01,6.213333333333332931e-01,8.355555555555554959e-02,1.333333333333333419e-02,1.777777777777777863e-03,1.777777777777777863e-03,0.000000000000000000e+00,0.000000000000000000e+00,0.000000000000000000e+00,8.888888888888889315e-04
2.538071065989847518e-03,0.000000000000000000e+00,0.000000000000000000e+00,2.538071065989847518e-03,0.000000000000000000e+00,5.076142131979695035e-03,2.538071065989847518e-03,7.614213197969543420e-03,7.614213197969543420e-03,3.045685279187817368e-02,3.553299492385787045e-02,2.791878172588832530e-02,5.076142131979695382e-02,1.497461928934010200e-01,5.279187817258883531e-01,1.192893401015228394e-01,1.522842639593908684e-02,5.076142131979695035e-03,0.000000000000000000e+00,0.000000000000000000e+00,0.000000000000000000e+00,1.015228426395939007e-02
0.000000000000000000e+00,0.000000000000000000e+00,0.000000000000000000e+00,8.620689655172413673e-03,8.620689655172413673e-03,8.620689655172413673e-03,0.000000000000000000e+00,4.310344827586206837e-03,8.620689655172413673e-03,1.724137931034482735e-02,2.155172413793103592e-02,4.741379310344827347e-02,4.741379310344827347e-02,7.758620689655172653e-02,9.913793103448276245e-02,5.560344827586206629e-01,5.603448275862069061e-02,1.293103448275862051e-02,8.620689655172413673e-03,0.000000000000000000e+00,4.310344827586206837e-03,1.293103448275862051e-02
0.000000000000000000e+00,0.000000000000000000e+00,0.000000000000000000e+00,0.000000000000000000e+00,0.000000000000000000e+00,2.083333333333333218e-02,2.083333333333333218e-02,0.000000000000000000e+00,0.000000000000000000e+00,0.000000000000000000e+00,4.166666666666666435e-02,4.166666666666666435e-02,0.000000000000000000e+00,6.250000000000000000e-02,6.250000000000000000e-02,2.083333333333333426e-01,3.333333333333333148e-01,6.250000000000000000e-02,2.083333333333333218e-02,2.083333333333333218e-02,0.000000000000000000e+00,1.041666666666666713e-01
0.000000000000000000e+00,0.000000000000000000e+00,0.000000000000000000e+00,0.000000000000000000e+00,2.777777777777777624e-02,2.777777777777777624e-02,0.000000000000000000e+00,0.000000000000000000e+00,2.777777777777777624e-02,5.555555555555555247e-02,0.000000000000000000e+00,2.777777777777777624e-02,5.555555555555555247e-02,0.000000000000000000e+00,5.555555555555555247e-02,8.333333333333332871e-02,2.777777777777777624e-02,3.888888888888888951e-01,5.555555555555555247e-02,1.111111111111111049e-01,5.555555555555555247e-02,0.000000000000000000e+00
0.000000000000000000e+00,0.000000000000000000e+00,0.000000000000000000e+00,0.000000000000000000e+00,0.000000000000000000e+00,0.000000000000000000e+00,0.000000000000000000e+00,0.000000000000000000e+00,0.000000000000000000e+00,0.000000000000000000e+00,4.166666666666666435e-02,0.000000000000000000e+00,8.333333333333332871e-02,4.166666666666666435e-02,0.000000000000000000e+00,4.166666666666666435e-02,8.333333333333332871e-02,8.333333333333332871e-02,4.166666666666666852e-01,8.333333333333332871e-02,4.166666666666666435e-02,8.333333333333332871e-02
0.000000000000000000e+00,0.000000000000000000e+00,0.000000000000000000e+00,0.000000000000000000e+00,0.000000000000000000e+00,0.000000000000000000e+00,0.000000000000000000e+00,0.000000000000000000e+00,0.000000000000000000e+00,0.000000000000000000e+00,5.882352941176470507e-02,0.000000000000000000e+00,0.000000000000000000e+00,5.882352941176470507e-02,0.000000000000000000e+00,5.882352941176470507e-02,5.882352941176470507e-02,1.176470588235294101e-01,0.000000000000000000e+00,4.117647058823529216e-01,1.176470588235294101e-01,1.176470588235294101e-01
0.000000000000000000e+00,0.000000000000000000e+00,0.000000000000000000e+00,0.000000000000000000e+00,0.000000000000000000e+00,0.000000000000000000e+00,0.000000000000000000e+00,0.000000000000000000e+00,0.000000000000000000e+00,0.000000000000000000e+00,0.000000000000000000e+00,0.000000000000000000e+00,0.000000000000000000e+00,0.000000000000000000e+00,0.000000000000000000e+00,0.000000000000000000e+00,5.882352941176470507e-02,2.352941176470588203e-01,0.000000000000000000e+00,5.882352941176470507e-02,4.117647058823529216e-01,2.352941176470588203e-01
1.612903225806451568e-02,1.612903225806451568e-02,0.000000000000000000e+00,0.000000000000000000e+00,0.000000000000000000e+00,0.000000000000000000e+00,0.000000000000000000e+00,0.000000000000000000e+00,1.612903225806451568e-02,1.612903225806451568e-02,6.451612903225806273e-02,0.000000000000000000e+00,4.838709677419354704e-02,3.225806451612903136e-02,4.838709677419354704e-02,4.838709677419354704e-02,0.000000000000000000e+00,1.612903225806451568e-02,8.064516129032257841e-02,3.225806451612903136e-02,1.612903225806451568e-02,5.483870967741935054e-01
