8.140589569160997518e-01,6.802721088435374763e-02,6.122448979591836593e-02,3.628117913832199642e-02,7.936507936507936067e-03,2.267573696145124777e-03,3.401360544217686948e-03,4.535147392290249553e-03,0.000000000000000000e+00,0.000000000000000000e+00,0.000000000000000000e+00,0.000000000000000000e+00,0.000000000000000000e+00,0.000000000000000000e+00,0.000000000000000000e+00,1.133786848072562388e-03,1.133786848072562388e-03,0.000000000000000000e+00,0.000000000000000000e+00,0.000000000000000000e+00,0.000000000000000000e+00,0.000000000000000000e+00
5.817452357071213609e-02,7.863590772316950694e-01,1.334002006018054076e-01,1.404212637913741270e-02,5.015045135406218449e-03,1.003009027081243733e-03,0.000000000000000000e+00,1.003009027081243733e-03,0.000000000000000000e+00,0.000000000000000000e+00,0.000000000000000000e+00,0.000000000000000000e+00,0.000000000000000000e+00,0.000000000000000000e+00,0.000000000000000000e+00,0.000000000000000000e+00,0.000000000000000000e+00,0.000000000000000000e+00,0.000000000000000000e+00,0.000000000000000000e+00,1.003009027081243733e-03,0.000000000000000000e+00
1.494612443517553090e-02,3.649635036496350071e-02,8.387208898157803016e-01,9.558567952728536099e-02,6.604101494612443259e-03,2.085505735140771692e-03,1.390337156760514462e-03,3.475842891901286154e-04,3.475842891901286154e-04,0.000000000000000000e+00,6.951685783802572308e-04,0.000000000000000000e+00,0.000000000000000000e+00,0.000000000000000000e+00,3.475842891901286154e-04,0.000000000000000000e+00,0.000000000000000000e+00,3.475842891901286154e-04,0.000000000000000000e+00,3.475842891901286154e-04,6.951685783802572308e-04,1.042752867570385846e-03
5.221932114882506595e-03,4.641717435451117070e-03,6.440382941688424512e-02,8.253553814911517295e-01,7.600812300551204603e-02,1.334493762692196168e-02,1.740644038294168793e-03,1.450536698578474030e-03,5.802146794313896338e-04,2.901073397156948169e-04,1.450536698578474030e-03,5.802146794313896338e-04,5.802146794313896338e-04,0.000000000000000000e+00,5.802146794313896338e-04,2.901073397156948169e-04,2.901073397156948169e-04,2.901073397156948169e-04,0.000000000000000000e+00,0.000000000000000000e+00,8.703220191470843964e-04,2.030751378009863772e-03
2.131060202450719109e-03,2.131060202450719109e-03,9.057005860415556428e-03,1.049547149706979154e-01,7.618540223761320895e-01,7.085775173148640971e-02,1.704848161960575287e-02,4.794885455514118211e-03,4.794885455514118211e-03,3.196590303676078663e-03,1.598295151838039331e-03,5.327650506126797771e-04,1.598295151838039331e-03,1.065530101225359554e-03,5.327650506126797771e-04,5.327650506126797771e-04,2.131060202450719109e-03,0.000000000000000000e+00,5.327650506126797771e-04,1.065530101225359554e-03,5.327650506126797771e-04,9.057005860415556428e-03
3.284072249589490861e-03,3.284072249589490861e-03,1.149425287356321823e-02,7.389162561576355370e-02,1.921182266009852091e-01,5.517241379310344751e-01,8.538587848932677193e-02,1.313628899835796345e-02,1.806239737274219909e-02,1.642036124794745431e-03,3.284072249589490861e-03,3.284072249589490861e-03,1.642036124794745431e-03,0.000000000000000000e+00,3.284072249589490861e-03,0.000000000000000000e+00,4.926108374384236509e-03,3.284072249589490861e-03,1.642036124794745431e-03,0.000000000000000000e+00,0.000000000000000000e+00,2.463054187192118341e-02
1.366120218579234928e-02,2.732240437158469943e-03,5.464480874316939886e-03,3.278688524590164105e-02,6.557377049180328210e-02,1.311475409836065642e-01,5.519125683060108756e-01,9.836065573770491621e-02,1.092896174863387977e-02,1.639344262295082053e-02,2.732240437158469943e-03,8.196721311475410263e-03,1.092896174863387977e-02,8.196721311475410263e-03,0.000000000000000000e+00,0.000000000000000000e+00,0.000000000000000000e+00,0.000000000000000000e+00,2.732240437158469943e-03,5.464480874316939886e-03,5.464480874316939886e-03,2.732240437158469856e-02
1.030927835051546372e-02,0.000000000000000000e+00,5.154639175257731860e-03,1.546391752577319645e-02,2.061855670103092744e-02,1.134020618556701027e-01,1.237113402061855716e-01,4.587628865979381243e-01,8.762886597938143729e-02,2.577319587628865843e-02,5.154639175257731860e-03,1.030927835051546372e-02,3.092783505154639290e-02,5.154639175257731860e-03,5.154639175257731860e-03,1.030927835051546372e-02,5.154639175257731860e-03,5.154639175257731860e-03,0.000000000000000000e+00,5.154639175257731860e-03,0.000000000000000000e+00,5.670103092783505133e-02
0.000000000000000000e+00,0.000000000000000000e+00,0.000000000000000000e+00,3.225806451612903136e-02,1.290322580645161289e-02,6.451612903225806273e-02,9.032258064516128504e-02,1.096774193548387122e-01,5.096774193548386789e-01,5.806451612903226062e-02,1.935483870967742021e-02,1.935483870967742021e-02,1.290322580645161289e-02,0.000000000000000000e+00,1.290322580645161289e-02,1.290322580645161289e-02,6.451612903225806446e-03,6.451612903225806446e-03,0.000000000000000000e+00,6.451612903225806446e-03,0.000000000000000000e+00,2.580645161290322578e-02
0.000000000000000000e+00,0.000000000000000000e+00,2.816901408450704289e-02,2.816901408450704289e-02,4.225352112676056260e-02,4.225352112676056260e-02,8.450704225352112520e-02,7.042253521126760896e-02,1.830985915492957805e-01,2.535211267605633756e-01,4.225352112676056260e-02,2.816901408450704289e-02,1.408450704225352144e-02,1.408450704225352144e-02,1.408450704225352144e-02,1.408450704225352144e-02,2.816901408450704289e-02,0.000000000000000000e+00,0.000000000000000000e+00,2.816901408450704289e-02,0.000000000000000000e+00,8.450704225352112520e-02
0.000000000000000000e+00,0.000000000000000000e+00,0.000000000000000000e+00,1.587301587301587213e-02,3.174603174603174427e-02,6.349206349206348854e-02,4.761904761904761640e-02,7.936507936507936067e-02,4.761904761904761640e-02,6.349206349206348854e-02,3.174603174603174427e-01,1.269841269841269771e-01,3.174603174603174427e-02,3.174603174603174427e-02,1.587301587301587213e-02,1.587301587301587213e-02,0.000000000000000000e+00,1.587301587301587213e-02,0.000000000000000000e+00,0.000000000000000000e+00,1.587301587301587213e-02,7.936507936507936067e-02
0.000000000000000000e+00,0.000000000000000000e+00,0.000000000000000000e+00,6.250000000000000000e-02,4.166666666666666435e-02,0.000000000000000000e+00,1.041666666666666713e-01,2.083333333333333218e-02,2.083333333333333218e-02,4.166666666666666435e-02,2.083333333333333426e-01,3.541666666666666852e-01,2.083333333333333218e-02,0.000000000000000000e+00,2.083333333333333218e-02,0.000000000000000000e+00,0.000000000000000000e+00,0.000000000000000000e+00,4.166666666666666435e-02,0.000000000000000000e+00,0.000000000000000000e+00,6.250000000000000000e-02
0.000000000000000000e+00,0.000000000000000000e+00,0.000000000000000000e+00,0.000000000000000000e+00,4.878048780487805047e-02,2.439024390243902524e-02,7.317073170731706877e-02,7.317073170731706877e-02,2.439024390243902524e-02,0.000000000000000000e+00,4.878048780487805047e-02,2.439024390243902524e-02,3.658536585365853577e-01,7.317073170731706877e-02,4.878048780487805047e-02,4.878048780487805047e-02,2.439024390243902524e-02,4.878048780487805047e-02,2.439024390243902524e-02,0.000000000000000000e+00,0.000000000000000000e+00,4.878048780487805047e-02
0.000000000000000000e+00,0.000000000000000000e+00,0.000000000000000000e+00,5.882352941176470507e-02,2.941176470588235253e-02,1.764705882352941291e-01,1.176470588235294101e-01,2.941176470588235253e-02,0.000000000000000000e+00,2.941176470588235253e-02,0.000000000000000000e+00,2.941176470588235253e-02,8.823529411764706454e-02,2.647058823529411797e-01,5.882352941176470507e-02,2.941176470588235253e-02,0.000000000000000000e+00,0.000000000000000000e+00,0.000000000000000000e+00,0.000000000000000000e+00,0.000000000000000000e+00,8.823529411764706454e-02
0.000000000000000000e+00,0.000000000000000000e+00,0.000000000000000000e+00,2.941176470588235253e-02,2.941176470588235253e-02,5.882352941176470507e-02,8.823529411764706454e-02,5.882352941176470507e-02,0.000000000000000000e+00,5.882352941176470507e-02,2.941176470588235253e-02,2.941176470588235253e-02,2.941176470588235253e-02,5.882352941176470507e-02,3.529411764705882582e-01,1.176470588235294101e-01,0.000000000000000000e+00,0.000000000000000000e+00,0.000000000000000000e+00,0.000000000000000000e+00,2.941176470588235253e-02,2.941176470588235253e-02
2.380952380952380820e-02,2.380952380952380820e-02,0.000000000000000000e+00,2.380952380952380820e-02,2.380952380952380820e-02,4.761904761904761640e-02,0.000000000000000000e+00,0.000000000000000000e+00,2.380952380952380820e-02,7.142857142857142461e-02,0.000000000000000000e+00,2.380952380952380820e-02,2.380952380952380820e-02,2.380952380952380820e-02,7.142857142857142461e-02,5.476190476190476719e-01,4.761904761904761640e-02,0.000000000000000000e+00,0.000000000000000000e+00,0.000000000000000000e+00,0.000000000000000000e+00,2.380952380952380820e-02
0.000000000000000000e+00,0.000000000000000000e+00,3.333333333333333287e-02,3.333333333333333287e-02,3.333333333333333287e-02,3.333333333333333287e-02,6.666666666666666574e-02,0.000000000000000000e+00,3.333333333333333287e-02,1.333333333333333315e-01,3.333333333333333287e-02,0.000000000000000000e+00,0.000000000000000000e+00,3.333333333333333287e-02,3.333333333333333287e-02,1.000000000000000056e-01,2.333333333333333370e-01,6.666666666666666574e-02,0.000000000000000000e+00,0.000000000000000000e+00,0.000000000000000000e+00,1.333333333333333315e-01
0.000000000000000000e+00,0.000000000000000000e+00,0.000000000000000000e+00,5.263157894736841813e-02,1.052631578947368363e-01,5.263157894736841813e-02,0.000000000000000000e+00,0.000000000000000000e+00,5.263157894736841813e-02,0.000000000000000000e+00,1.052631578947368363e-01,0.000000000000000000e+00,0.000000000000000000e+00,0.000000000000000000e+00,0.000000000000000000e+00,0.000000000000000000e+00,5.263157894736841813e-02,3.157894736842105088e-01,5.263157894736841813e-02,0.000000000000000000e+00,0.000000000000000000e+00,2.105263157894736725e-01
5.882352941176470507e-02,0.000000000000000000e+00,5.882352941176470507e-02,0.000000000000000000e+00,1.176470588235294101e-01,5.882352941176470507e-02,0.000000000000000000e+00,5.882352941176470507e-02,5.882352941176470507e-02,5.882352941176470507e-02,0.000000000000000000e+00,0.000000000000000000e+00,0.000000000000000000e+00,0.000000000000000000e+00,0.000000000000000000e+00,0.000000000000000000e+00,5.882352941176470507e-02,0.000000000000000000e+00,1.764705882352941291e-01,0.000000000000000000e+00,1.176470588235294101e-01,1.764705882352941291e-01
0.000000000000000000e+00,0.000000000000000000e+00,0.000000000000000000e+00,0.000000000000000000e+00,0.000000000000000000e+00,5.263157894736841813e-02,1.052631578947368363e-01,0.000000000000000000e+00,1.052631578947368363e-01,0.000000000000000000e+00,0.000000000000000000e+00,0.000000000000000000e+00,5.263157894736841813e-02,0.000000000000000000e+00,0.000000000000000000e+00,0.000000000000000000e+00,5.263157894736841813e-02,0.000000000000000000e+00,0.000000000000000000e+00,2.105263157894736725e-01,1.052631578947368363e-01,3.157894736842105088e-01
0.000000000000000000e+00,0.000000000000000000e+00,0.000000000000000000e+00,4.166666666666666435e-02,8.333333333333332871e-02,4.166666666666666435e-02,4.166666666666666435e-02,4.166666666666666435e-02,0.000000000000000000e+00,0.000000000000000000e+00,4.166666666666666435e-02,0.000000000000000000e+00,4.166666666666666435e-02,0.000000000000000000e+00,4.166666666666666435e-02,0.000000000000000000e+00,4.166666666666666435e-02,0.000000000000000000e+00,0.000000000000000000e+00,0.000000000000000000e+00,2.500000000000000000e-01,3.333333333333333148e-01
0.000000000000000000e+00,0.000000000000000000e+00,3.333333333333333287e-02,2.857142857142857054e-02,3.809523809523809867e-02,2.380952380952380820e-02,1.428571428571428527e-02,3.333333333333333287e-02,3.809523809523809867e-02,2.380952380952380820e-02,2.380952380952380820e-02,1.428571428571428527e-02,1.428571428571428527e-02,1.904761904761904934e-02,1.904761904761904934e-02,4.761904761904762334e-03,9.523809523809524669e-03,4.761904761904762334e-03,3.333333333333333287e-02,1.904761904761904934e-02,1.904761904761904934e-02,5.857142857142857428e-01
