7.123042505592841467e-01,1.324384787472035752e-01,2.729306487695749503e-02,1.073825503355704640e-02,6.711409395973154217e-03,1.342281879194630800e-03,4.474272930648769695e-04,0.000000000000000000e+00,4.474272930648769695e-04,0.000000000000000000e+00,0.000000000000000000e+00,1.342281879194630800e-03,0.000000000000000000e+00,1.342281879194630800e-03,0.000000000000000000e+00,1.789709172259507878e-03,2.237136465324384739e-03,1.789709172259507878e-03,7.158836689038031512e-03,2.595078299776286401e-02,6.666666666666666574e-02
8.269525267993874107e-02,7.457886676875956633e-01,1.026033690658499226e-01,1.225114854517611075e-02,4.900459418070443954e-03,9.188361408882082413e-04,9.188361408882082413e-04,3.062787136294027471e-04,0.000000000000000000e+00,0.000000000000000000e+00,3.062787136294027471e-04,6.125574272588054942e-04,0.000000000000000000e+00,1.225114854517610988e-03,1.225114854517610988e-03,1.531393568147013844e-03,6.125574272588054942e-04,2.143950995405819338e-03,3.062787136294027688e-03,1.316998468606431910e-02,2.572741194486983032e-02
3.212851405622489664e-02,1.240517626059794709e-01,7.179830432842481125e-01,7.005800981704596309e-02,6.693440428380187379e-03,2.231146809460062604e-03,8.924587237840249550e-04,0.000000000000000000e+00,0.000000000000000000e+00,0.000000000000000000e+00,0.000000000000000000e+00,2.231146809460062604e-03,0.000000000000000000e+00,8.924587237840249550e-04,8.924587237840249550e-04,4.462293618920124775e-04,1.784917447568049910e-03,3.123605533244087559e-03,8.032128514056224161e-03,8.032128514056224161e-03,2.052655064703257440e-02
2.424830261881668128e-02,4.364694471387003255e-02,1.163918525703200729e-01,6.799224054316197474e-01,7.565470417070804809e-02,5.819592628516004167e-03,9.699321047526673250e-04,0.000000000000000000e+00,0.000000000000000000e+00,0.000000000000000000e+00,2.909796314258002083e-03,1.939864209505334650e-03,0.000000000000000000e+00,0.000000000000000000e+00,2.909796314258002083e-03,3.879728419010669300e-03,3.879728419010669300e-03,2.909796314258002083e-03,7.759456838021338600e-03,7.759456838021338600e-03,1.939864209505334780e-02
3.476482617586912349e-02,4.703476482617587051e-02,3.680981595092024800e-02,1.083844580777096056e-01,6.523517382413087651e-01,5.521472392638036852e-02,8.179959100204499747e-03,4.089979550102249874e-03,0.000000000000000000e+00,0.000000000000000000e+00,0.000000000000000000e+00,4.089979550102249874e-03,0.000000000000000000e+00,0.000000000000000000e+00,0.000000000000000000e+00,2.044989775051124937e-03,1.431492842535787326e-02,2.044989775051124937e-03,1.022494887525562425e-02,8.179959100204499747e-03,1.226993865030674875e-02
2.654867256637168105e-02,4.424778761061946841e-02,3.539823008849557473e-02,5.309734513274336209e-02,1.681415929203539938e-01,4.955752212389380462e-01,2.654867256637168105e-02,0.000000000000000000e+00,8.849557522123893682e-03,8.849557522123893682e-03,8.849557522123893682e-03,8.849557522123893682e-03,0.000000000000000000e+00,0.000000000000000000e+00,0.000000000000000000e+00,3.539823008849557473e-02,8.849557522123893682e-03,2.654867256637168105e-02,1.769911504424778736e-02,8.849557522123893682e-03,1.769911504424778736e-02
8.571428571428571508e-02,2.857142857142857054e-02,2.857142857142857054e-02,0.000000000000000000e+00,2.857142857142857054e-02,1.142857142857142821e-01,3.714285714285714413e-01,8.571428571428571508e-02,2.857142857142857054e-02,2.857142857142857054e-02,1.142857142857142821e-01,0.000000000000000000e+00,0.000000000000000000e+00,0.000000000000000000e+00,2.857142857142857054e-02,0.000000000000000000e+00,0.000000000000000000e+00,2.857142857142857054e-02,0.000000000000000000e+00,0.000000000000000000e+00,2.857142857142857054e-02
2.173913043478260809e-02,2.173913043478260809e-02,0.000000000000000000e+00,6.521739130434782428e-02,4.347826086956521618e-02,2.173913043478260809e-02,4.347826086956521618e-02,5.869565217391304879e-01,6.521739130434782428e-02,2.173913043478260809e-02,4.347826086956521618e-02,0.000000000000000000e+00,0.000000000000000000e+00,0.000000000000000000e+00,0.000000000000000000e+00,0.000000000000000000e+00,0.000000000000000000e+00,2.173913043478260809e-02,2.173913043478260809e-02,2.173913043478260809e-02,0.000000000000000000e+00
0.000000000000000000e+00,0.000000000000000000e+00,4.761904761904761640e-02,4.761904761904761640e-02,9.523809523809523281e-02,4.761904761904761640e-02,0.000000000000000000e+00,9.523809523809523281e-02,4.761904761904761640e-01,4.761904761904761640e-02,1.428571428571428492e-01,0.000000000000000000e+00,0.000000000000000000e+00,0.000000000000000000e+00,0.000000000000000000e+00,0.000000000000000000e+00,0.000000000000000000e+00,0.000000000000000000e+00,0.000000000000000000e+00,0.000000000000000000e+00,0.000000000000000000e+00
0.000000000000000000e+00,0.000000000000000000e+00,0.000000000000000000e+00,0.000000000000000000e+00,0.000000000000000000e+00,0.000000000000000000e+00,8.333333333333332871e-02,0.000000000000000000e+00,1.666666666666666574e-01,3.333333333333333148e-01,2.500000000000000000e-01,0.000000000000000000e+00,0.000000000000000000e+00,8.333333333333332871e-02,0.000000000000000000e+00,0.000000000000000000e+00,0.000000000000000000e+00,0.000000000000000000e+00,8.333333333333332871e-02,0.000000000000000000e+00,0.000000000000000000e+00
1.098901098901098987e-02,3.296703296703296787e-02,1.098901098901098987e-02,0.000000000000000000e+00,3.296703296703296787e-02,1.098901098901098987e-02,1.098901098901098987e-02,3.296703296703296787e-02,2.197802197802197974e-02,3.296703296703296787e-02,7.582417582417582125e-01,0.000000000000000000e+00,0.000000000000000000e+00,0.000000000000000000e+00,0.000000000000000000e+00,1.098901098901098987e-02,0.000000000000000000e+00,0.000000000000000000e+00,2.197802197802197974e-02,0.000000000000000000e+00,1.098901098901098987e-02
3.333333333333333287e-02,0.000000000000000000e+00,0.000000000000000000e+00,0.000000000000000000e+00,0.000000000000000000e+00,0.000000000000000000e+00,0.000000000000000000e+00,0.000000000000000000e+00,0.000000000000000000e+00,0.000000000000000000e+00,0.000000000000000000e+00,8.000000000000000444e-01,3.333333333333333287e-02,3.333333333333333287e-02,0.000000000000000000e+00,0.000000000000000000e+00,3.333333333333333287e-02,0.000000000000000000e+00,3.333333333333333287e-02,3.333333333333333287e-02,0.000000000000000000e+00
0.000000000000000000e+00,0.000000000000000000e+00,0.000000000000000000e+00,0.000000000000000000e+00,0.000000000000000000e+00,0.000000000000000000e+00,0.000000000000000000e+00,0.000000000000000000e+00,0.000000000000000000e+00,0.000000000000000000e+00,0.000000000000000000e+00,1.111111111111111049e-01,2.222222222222222099e-01,3.333333333333333148e-01,0.000000000000000000e+00,0.000000000000000000e+00,2.222222222222222099e-01,1.111111111111111049e-01,0.000000000000000000e+00,0.000000000000000000e+00,0.000000000000000000e+00
1.176470588235294101e-01,1.176470588235294101e-01,0.000000000000000000e+00,0.000000000000000000e+00,0.000000000000000000e+00,0.000000000000000000e+00,0.000000000000000000e+00,0.000000000000000000e+00,0.000000000000000000e+00,0.000000000000000000e+00,0.000000000000000000e+00,5.882352941176470507e-02,2.352941176470588203e-01,1.764705882352941291e-01,1.176470588235294101e-01,0.000000000000000000e+00,5.882352941176470507e-02,0.000000000000000000e+00,5.882352941176470507e-02,5.882352941176470507e-02,0.000000000000000000e+00
7.407407407407406996e-02,0.000000000000000000e+00,3.703703703703703498e-02,0.000000000000000000e+00,0.000000000000000000e+00,0.000000000000000000e+00,0.000000000000000000e+00,0.000000000000000000e+00,0.000000000000000000e+00,0.000000000000000000e+00,0.000000000000000000e+00,0.000000000000000000e+00,0.000000000000000000e+00,0.000000000000000000e+00,5.555555555555555802e-01,7.407407407407406996e-02,7.407407407407406996e-02,7.407407407407406996e-02,0.000000000000000000e+00,7.407407407407406996e-02,3.703703703703703498e-02
5.882352941176470507e-02,2.941176470588235253e-02,2.941176470588235253e-02,0.000000000000000000e+00,0.000000000000000000e+00,0.000000000000000000e+00,0.000000000000000000e+00,2.941176470588235253e-02,0.000000000000000000e+00,0.000000000000000000e+00,0.000000000000000000e+00,0.000000000000000000e+00,0.000000000000000000e+00,0.000000000000000000e+00,8.823529411764706454e-02,3.529411764705882582e-01,5.882352941176470507e-02,5.882352941176470507e-02,5.882352941176470507e-02,8.823529411764706454e-02,1.470588235294117696e-01
6.557377049180328210e-02,3.278688524590164105e-02,0.000000000000000000e+00,1.639344262295082053e-02,0.000000000000000000e+00,0.000000000000000000e+00,0.000000000000000000e+00,0.000000000000000000e+00,0.000000000000000000e+00,0.000000000000000000e+00,0.000000000000000000e+00,0.000000000000000000e+00,1.639344262295082053e-02,3.278688524590164105e-02,0.000000000000000000e+00,6.557377049180328210e-02,5.245901639344262568e-01,3.278688524590164105e-02,9.836065573770491621e-02,8.196721311475409222e-02,3.278688524590164105e-02
3.246753246753246447e-02,2.597402597402597574e-02,0.000000000000000000e+00,0.000000000000000000e+00,1.298701298701298787e-02,6.493506493506493935e-03,0.000000000000000000e+00,0.000000000000000000e+00,0.000000000000000000e+00,0.000000000000000000e+00,0.000000000000000000e+00,6.493506493506493935e-03,0.000000000000000000e+00,0.000000000000000000e+00,0.000000000000000000e+00,1.948051948051948007e-02,1.298701298701298787e-02,7.077922077922077504e-01,6.493506493506492894e-02,5.844155844155844021e-02,5.194805194805195148e-02
6.666666666666666574e-02,2.222222222222222307e-02,3.111111111111111022e-02,0.000000000000000000e+00,8.888888888888888881e-03,0.000000000000000000e+00,0.000000000000000000e+00,0.000000000000000000e+00,0.000000000000000000e+00,0.000000000000000000e+00,8.888888888888888881e-03,4.444444444444444441e-03,0.000000000000000000e+00,0.000000000000000000e+00,4.444444444444444441e-03,4.444444444444444441e-03,4.444444444444444441e-03,5.333333333333333676e-02,6.133333333333332860e-01,1.066666666666666735e-01,7.111111111111111105e-02
7.086614173228346358e-02,6.141732283464566844e-02,2.677165354330708624e-02,1.574803149606299191e-03,6.299212598425196763e-03,1.574803149606299191e-03,0.000000000000000000e+00,0.000000000000000000e+00,0.000000000000000000e+00,1.574803149606299191e-03,1.574803149606299191e-03,1.574803149606299191e-03,0.000000000000000000e+00,0.000000000000000000e+00,0.000000000000000000e+00,6.299212598425196763e-03,6.299212598425196763e-03,7.874015748031495954e-03,2.519685039370078705e-02,6.551181102362204633e-01,1.259842519685039353e-01
1.214007782101167304e-01,5.291828793774319001e-02,2.645914396887159500e-02,9.338521400778209899e-03,2.334630350194552475e-03,1.556420233463035128e-03,7.782101167315175639e-04,0.000000000000000000e+00,0.000000000000000000e+00,0.000000000000000000e+00,7.782101167315175639e-04,0.000000000000000000e+00,0.000000000000000000e+00,7.782101167315175639e-04,7.782101167315175639e-04,3.112840466926070256e-03,2.334630350194552475e-03,3.112840466926070256e-03,1.322957198443579750e-02,4.902723735408560241e-02,7.120622568093385452e-01
