7.680525164113785053e-01,9.452954048140044252e-02,2.231947483588621328e-02,1.181619256017505531e-02,3.938730853391685105e-03,8.752735229759300113e-04,0.000000000000000000e+00,0.000000000000000000e+00,0.000000000000000000e+00,0.000000000000000000e+00,0.000000000000000000e+00,0.000000000000000000e+00,0.000000000000000000e+00,4.376367614879650056e-04,0.000000000000000000e+00,4.376367614879650056e-04,1.750547045951860023e-03,8.752735229759300113e-04,7.002188183807440090e-03,1.925601750547046090e-02,6.870897155361049835e-02
8.995603652350354917e-02,8.045316198850186451e-01,5.647615826851538900e-02,1.318904294893473092e-02,6.763611768684477284e-04,1.014541765302671593e-03,0.000000000000000000e+00,0.000000000000000000e+00,0.000000000000000000e+00,0.000000000000000000e+00,0.000000000000000000e+00,0.000000000000000000e+00,0.000000000000000000e+00,0.000000000000000000e+00,0.000000000000000000e+00,0.000000000000000000e+00,1.352722353736895457e-03,2.029083530605343185e-03,2.367264119039567266e-03,7.101792357118701798e-03,2.130537707135610540e-02
1.653944020356233960e-02,1.153519932145886384e-01,7.926208651399491156e-01,4.622561492790500104e-02,7.633587786259541687e-03,4.240882103477523280e-04,0.000000000000000000e+00,0.000000000000000000e+00,0.000000000000000000e+00,0.000000000000000000e+00,0.000000000000000000e+00,8.481764206955046560e-04,0.000000000000000000e+00,4.240882103477523280e-04,4.240882103477523280e-04,4.240882103477523280e-04,0.000000000000000000e+00,2.120441051738761531e-03,1.272264631043257092e-03,3.392705682782018624e-03,1.229855810008481827e-02
2.551984877126654144e-02,3.308128544423440121e-02,1.342155009451795888e-01,7.495274102079395595e-01,3.308128544423440121e-02,4.725897920604914954e-03,0.000000000000000000e+00,0.000000000000000000e+00,0.000000000000000000e+00,0.000000000000000000e+00,0.000000000000000000e+00,0.000000000000000000e+00,0.000000000000000000e+00,9.451795841209830124e-04,3.780718336483932050e-03,0.000000000000000000e+00,1.890359168241966025e-03,0.000000000000000000e+00,3.780718336483932050e-03,2.835538752362949146e-03,6.616257088846880761e-03
2.605863192182410540e-02,1.302931596091205270e-02,4.234527687296416737e-02,1.433224755700325814e-01,6.742671009771986634e-01,2.605863192182410540e-02,1.302931596091205270e-02,1.302931596091205270e-02,9.771986970684038223e-03,0.000000000000000000e+00,0.000000000000000000e+00,0.000000000000000000e+00,0.000000000000000000e+00,0.000000000000000000e+00,3.257328990228013175e-03,3.257328990228013175e-03,0.000000000000000000e+00,0.000000000000000000e+00,0.000000000000000000e+00,6.514657980456026350e-03,2.605863192182410540e-02
2.142857142857142877e-02,0.000000000000000000e+00,7.142857142857142634e-03,3.571428571428571230e-02,1.285714285714285587e-01,7.071428571428571841e-01,4.285714285714285754e-02,1.428571428571428527e-02,7.142857142857142634e-03,7.142857142857142634e-03,0.000000000000000000e+00,0.000000000000000000e+00,0.000000000000000000e+00,0.000000000000000000e+00,0.000000000000000000e+00,0.000000000000000000e+00,0.000000000000000000e+00,0.000000000000000000e+00,7.142857142857142634e-03,0.000000000000000000e+00,2.142857142857142877e-02
0.000000000000000000e+00,1.492537313432835792e-02,0.000000000000000000e+00,2.985074626865671585e-02,5.970149253731343170e-02,1.343283582089552231e-01,6.119402985074626766e-01,1.044776119402985037e-01,1.492537313432835792e-02,0.000000000000000000e+00,1.492537313432835792e-02,0.000000000000000000e+00,0.000000000000000000e+00,0.000000000000000000e+00,0.000000000000000000e+00,1.492537313432835792e-02,0.000000000000000000e+00,0.000000000000000000e+00,0.000000000000000000e+00,0.000000000000000000e+00,0.000000000000000000e+00
0.000000000000000000e+00,0.000000000000000000e+00,0.000000000000000000e+00,1.851851851851851749e-02,9.259259259259258745e-02,3.703703703703703498e-02,2.222222222222222099e-01,5.000000000000000000e-01,1.111111111111111049e-01,1.851851851851851749e-02,0.000000000000000000e+00,0.000000000000000000e+00,0.000000000000000000e+00,0.000000000000000000e+00,0.000000000000000000e+00,0.000000000000000000e+00,0.000000000000000000e+00,0.000000000000000000e+00,0.000000000000000000e+00,0.000000000000000000e+00,0.000000000000000000e+00
0.000000000000000000e+00,0.000000000000000000e+00,0.000000000000000000e+00,0.000000000000000000e+00,6.250000000000000000e-02,3.125000000000000000e-02,3.125000000000000000e-02,2.187500000000000000e-01,4.687500000000000000e-01,9.375000000000000000e-02,6.250000000000000000e-02,0.000000000000000000e+00,0.000000000000000000e+00,0.000000000000000000e+00,0.000000000000000000e+00,0.000000000000000000e+00,0.000000000000000000e+00,0.000000000000000000e+00,0.000000000000000000e+00,0.000000000000000000e+00,3.125000000000000000e-02
0.000000000000000000e+00,0.000000000000000000e+00,0.000000000000000000e+00,0.000000000000000000e+00,0.000000000000000000e+00,7.692307692307692735e-02,0.000000000000000000e+00,0.000000000000000000e+00,7.692307692307692735e-02,6.153846153846154188e-01,2.307692307692307820e-01,0.000000000000000000e+00,0.000000000000000000e+00,0.000000000000000000e+00,0.000000000000000000e+00,0.000000000000000000e+00,0.000000000000000000e+00,0.000000000000000000e+00,0.000000000000000000e+00,0.000000000000000000e+00,0.000000000000000000e+00
6.382978723404254817e-02,0.000000000000000000e+00,0.000000000000000000e+00,0.000000000000000000e+00,0.000000000000000000e+00,0.000000000000000000e+00,0.000000000000000000e+00,2.127659574468085055e-02,6.382978723404254817e-02,2.127659574468085055e-02,8.297872340425531679e-01,0.000000000000000000e+00,0.000000000000000000e+00,0.000000000000000000e+00,0.000000000000000000e+00,0.000000000000000000e+00,0.000000000000000000e+00,0.000000000000000000e+00,0.000000000000000000e+00,0.000000000000000000e+00,0.000000000000000000e+00
0.000000000000000000e+00,0.000000000000000000e+00,0.000000000000000000e+00,0.000000000000000000e+00,0.000000000000000000e+00,0.000000000000000000e+00,0.000000000000000000e+00,0.000000000000000000e+00,0.000000000000000000e+00,0.000000000000000000e+00,2.083333333333333218e-02,9.166666666666666297e-01,0.000000000000000000e+00,0.000000000000000000e+00,2.083333333333333218e-02,2.083333333333333218e-02,2.083333333333333218e-02,0.000000000000000000e+00,0.000000000000000000e+00,0.000000000000000000e+00,0.000000000000000000e+00
0.000000000000000000e+00,0.000000000000000000e+00,0.000000000000000000e+00,0.000000000000000000e+00,0.000000000000000000e+00,0.000000000000000000e+00,0.000000000000000000e+00,0.000000000000000000e+00,0.000000000000000000e+00,0.000000000000000000e+00,0.000000000000000000e+00,0.000000000000000000e+00,0.000000000000000000e+00,5.000000000000000000e-01,0.000000000000000000e+00,2.500000000000000000e-01,0.000000000000000000e+00,0.000000000000000000e+00,0.000000000000000000e+00,2.500000000000000000e-01,0.000000000000000000e+00
0.000000000000000000e+00,5.555555555555555247e-02,0.000000000000000000e+00,0.000000000000000000e+00,0.000000000000000000e+00,0.000000000000000000e+00,0.000000000000000000e+00,0.000000000000000000e+00,0.000000000000000000e+00,0.000000000000000000e+00,0.000000000000000000e+00,5.555555555555555247e-02,0.000000000000000000e+00,3.333333333333333148e-01,1.111111111111111049e-01,1.111111111111111049e-01,1.111111111111111049e-01,5.555555555555555247e-02,5.555555555555555247e-02,5.555555555555555247e-02,5.555555555555555247e-02
2.380952380952380820e-02,4.761904761904761640e-02,2.380952380952380820e-02,2.380952380952380820e-02,0.000000000000000000e+00,2.380952380952380820e-02,0.000000000000000000e+00,0.000000000000000000e+00,0.000000000000000000e+00,0.000000000000000000e+00,0.000000000000000000e+00,2.380952380952380820e-02,0.000000000000000000e+00,0.000000000000000000e+00,5.476190476190476719e-01,7.142857142857142461e-02,0.000000000000000000e+00,7.142857142857142461e-02,4.761904761904761640e-02,7.142857142857142461e-02,2.380952380952380820e-02
3.389830508474576259e-02,5.084745762711864736e-02,3.389830508474576259e-02,0.000000000000000000e+00,5.084745762711864736e-02,1.694915254237288130e-02,0.000000000000000000e+00,0.000000000000000000e+00,0.000000000000000000e+00,0.000000000000000000e+00,0.000000000000000000e+00,1.694915254237288130e-02,0.000000000000000000e+00,3.389830508474576259e-02,3.389830508474576259e-02,3.728813559322033955e-01,1.016949152542372947e-01,5.084745762711864736e-02,1.694915254237288130e-02,1.355932203389830504e-01,5.084745762711864736e-02
6.779661016949152519e-02,1.694915254237288130e-02,5.084745762711864736e-02,0.000000000000000000e+00,0.000000000000000000e+00,0.000000000000000000e+00,0.000000000000000000e+00,0.000000000000000000e+00,0.000000000000000000e+00,0.000000000000000000e+00,0.000000000000000000e+00,1.694915254237288130e-02,0.000000000000000000e+00,1.694915254237288130e-02,0.000000000000000000e+00,8.474576271186440302e-02,4.915254237288135819e-01,6.779661016949152519e-02,5.084745762711864736e-02,5.084745762711864736e-02,8.474576271186440302e-02
3.418803418803419147e-02,0.000000000000000000e+00,1.709401709401709574e-02,3.418803418803419147e-02,8.547008547008547868e-03,0.000000000000000000e+00,0.000000000000000000e+00,0.000000000000000000e+00,0.000000000000000000e+00,0.000000000000000000e+00,0.000000000000000000e+00,0.000000000000000000e+00,0.000000000000000000e+00,8.547008547008547868e-03,3.418803418803419147e-02,8.547008547008547868e-03,6.837606837606838295e-02,5.982905982905982745e-01,5.982905982905983161e-02,5.982905982905983161e-02,6.837606837606838295e-02
4.362416107382550284e-02,1.342281879194630843e-02,1.342281879194630843e-02,2.684563758389261687e-02,3.355704697986577108e-03,0.000000000000000000e+00,3.355704697986577108e-03,0.000000000000000000e+00,0.000000000000000000e+00,0.000000000000000000e+00,0.000000000000000000e+00,0.000000000000000000e+00,3.355704697986577108e-03,0.000000000000000000e+00,3.355704697986577108e-03,2.348993288590604106e-02,0.000000000000000000e+00,3.020134228187919614e-02,6.577181208053691774e-01,1.208053691275167846e-01,5.704697986577181301e-02
6.355932203389830226e-02,2.401129943502824937e-02,8.474576271186440649e-03,4.237288135593220324e-03,2.824858757062146883e-03,1.412429378531073441e-03,0.000000000000000000e+00,1.412429378531073441e-03,0.000000000000000000e+00,0.000000000000000000e+00,1.412429378531073441e-03,0.000000000000000000e+00,0.000000000000000000e+00,0.000000000000000000e+00,1.412429378531073441e-03,4.237288135593220324e-03,4.237288135593220324e-03,1.694915254237288130e-02,5.932203389830508627e-02,7.005649717514124131e-01,1.059322033898305038e-01
1.126353790613718459e-01,3.176895306859205820e-02,2.454873646209386126e-02,5.776173285198555642e-03,4.332129963898916948e-03,7.220216606498194552e-04,0.000000000000000000e+00,0.000000000000000000e+00,0.000000000000000000e+00,0.000000000000000000e+00,0.000000000000000000e+00,0.000000000000000000e+00,0.000000000000000000e+00,7.220216606498194552e-04,7.220216606498194552e-04,2.166064981949458474e-03,0.000000000000000000e+00,2.888086642599277821e-03,1.516245487364620975e-02,5.270758122743682272e-02,7.458483754512635899e-01
