6.475409836065574298e-01,6.557377049180328210e-02,8.196721311475410263e-03,2.459016393442622905e-02,2.459016393442622905e-02,8.196721311475410263e-03,2.459016393442622905e-02,0.000000000000000000e+00,1.639344262295082053e-02,4.098360655737704611e-02,6.557377049180328210e-02,8.196721311475410263e-03,4.098360655737704611e-02,1.639344262295082053e-02,8.196721311475410263e-03,0.000000000000000000e+00,0.000000000000000000e+00,0.000000000000000000e+00,0.000000000000000000e+00,0.000000000000000000e+00,0.000000000000000000e+00,0.000000000000000000e+00
1.176470588235294101e-01,6.666666666666666297e-01,5.882352941176470507e-02,1.960784313725490169e-02,5.882352941176470507e-02,1.960784313725490169e-02,0.000000000000000000e+00,0.000000000000000000e+00,0.000000000000000000e+00,1.960784313725490169e-02,3.921568627450980338e-02,0.000000000000000000e+00,0.000000000000000000e+00,0.000000000000000000e+00,0.000000000000000000e+00,0.000000000000000000e+00,0.000000000000000000e+00,0.000000000000000000e+00,0.000000000000000000e+00,0.000000000000000000e+00,0.000000000000000000e+00,0.000000000000000000e+00
3.614457831325301046e-02,3.614457831325301046e-02,6.506024096385542022e-01,8.433734939759035543e-02,0.000000000000000000e+00,1.204819277108433798e-02,2.409638554216867595e-02,1.204819277108433798e-02,2.409638554216867595e-02,1.204819277108433798e-02,2.409638554216867595e-02,1.204819277108433798e-02,1.204819277108433798e-02,0.000000000000000000e+00,3.614457831325301046e-02,2.409638554216867595e-02,0.000000000000000000e+00,0.000000000000000000e+00,0.000000000000000000e+00,0.000000000000000000e+00,0.000000000000000000e+00,0.000000000000000000e+00
1.481481481481481538e-02,7.407407407407407690e-03,4.444444444444444614e-02,7.555555555555555358e-01,4.444444444444444614e-02,1.481481481481481538e-02,7.407407407407407690e-03,2.962962962962963076e-02,0.000000000000000000e+00,1.481481481481481538e-02,1.481481481481481538e-02,2.962962962962963076e-02,0.000000000000000000e+00,2.222222222222222307e-02,0.000000000000000000e+00,0.000000000000000000e+00,0.000000000000000000e+00,0.000000000000000000e+00,0.000000000000000000e+00,0.000000000000000000e+00,0.000000000000000000e+00,0.000000000000000000e+00
6.521739130434782428e-02,2.173913043478260809e-02,2.173913043478260809e-02,2.173913043478260809e-02,4.347826086956521618e-01,1.630434782608695676e-01,5.434782608695652023e-02,1.086956521739130405e-02,2.173913043478260809e-02,1.086956521739130405e-02,7.608695652173913526e-02,3.260869565217391214e-02,4.347826086956521618e-02,1.086956521739130405e-02,0.000000000000000000e+00,1.086956521739130405e-02,0.000000000000000000e+00,0.000000000000000000e+00,0.000000000000000000e+00,0.000000000000000000e+00,0.000000000000000000e+00,0.000000000000000000e+00
1.219512195121951262e-02,6.097560975609756309e-03,6.097560975609756309e-03,1.829268292682926719e-02,8.536585365853659180e-02,6.707317073170732113e-01,9.146341463414633943e-02,1.829268292682926719e-02,1.219512195121951262e-02,2.439024390243902524e-02,2.439024390243902524e-02,6.097560975609756309e-03,0.000000000000000000e+00,6.097560975609756309e-03,0.000000000000000000e+00,1.219512195121951262e-02,0.000000000000000000e+00,6.097560975609756309e-03,0.000000000000000000e+00,0.000000000000000000e+00,0.000000000000000000e+00,0.000000000000000000e+00
0.000000000000000000e+00,0.000000000000000000e+00,2.000000000000000042e-02,0.000000000000000000e+00,2.000000000000000042e-02,8.666666666666666963e-02,5.799999999999999600e-01,6.666666666666666574e-02,5.999999999999999778e-02,4.000000000000000083e-02,3.333333333333333287e-02,3.333333333333333287e-02,3.333333333333333287e-02,1.333333333333333419e-02,6.666666666666667095e-03,0.000000000000000000e+00,6.666666666666667095e-03,0.000000000000000000e+00,0.000000000000000000e+00,0.000000000000000000e+00,0.000000000000000000e+00,0.000000000000000000e+00
2.475247524752475278e-03,0.000000000000000000e+00,2.475247524752475278e-03,7.425742574257425399e-03,0.000000000000000000e+00,7.425742574257425399e-03,1.732673267326732824e-02,7.722772277227722970e-01,8.415841584158416377e-02,5.198019801980197779e-02,2.227722772277227620e-02,4.950495049504950555e-03,9.900990099009901110e-03,9.900990099009901110e-03,0.000000000000000000e+00,2.475247524752475278e-03,0.000000000000000000e+00,2.475247524752475278e-03,2.475247524752475278e-03,0.000000000000000000e+00,0.000000000000000000e+00,0.000000000000000000e+00
1.779359430604982115e-03,0.000000000000000000e+00,1.779359430604982115e-03,0.000000000000000000e+00,7.117437722419928461e-03,1.779359430604982115e-03,1.601423487544484034e-02,6.049822064056939452e-02,7.135231316725978434e-01,1.352313167259786564e-01,3.380782918149466409e-02,8.896797153024911878e-03,1.779359430604982115e-03,5.338078291814946780e-03,3.558718861209964231e-03,1.779359430604982115e-03,0.000000000000000000e+00,0.000000000000000000e+00,0.000000000000000000e+00,1.779359430604982115e-03,0.000000000000000000e+00,5.338078291814946780e-03
1.155401502021952565e-03,1.155401502021952565e-03,1.733102253032928848e-03,1.733102253032928848e-03,5.777007510109762826e-04,1.155401502021952565e-03,5.777007510109763259e-03,1.097631426920855045e-02,5.141536683997689067e-02,7.914500288850375709e-01,1.097631426920854941e-01,1.270941652224147865e-02,6.354708261120739325e-03,2.888503755054881630e-03,0.000000000000000000e+00,0.000000000000000000e+00,5.777007510109762826e-04,0.000000000000000000e+00,5.777007510109762826e-04,0.000000000000000000e+00,0.000000000000000000e+00,0.000000000000000000e+00
2.853067047075606363e-03,3.566333808844507954e-04,1.426533523537803182e-03,7.132667617689015908e-04,2.139800285306704773e-03,0.000000000000000000e+00,3.566333808844507954e-04,1.783166904422253977e-03,8.559201141226819090e-03,6.348074179743223855e-02,8.131241084165478084e-01,8.487874465049928541e-02,1.105563480741797444e-02,4.279600570613409545e-03,2.496433666191155351e-03,7.132667617689015908e-04,7.132667617689015908e-04,0.000000000000000000e+00,7.132667617689015908e-04,0.000000000000000000e+00,0.000000000000000000e+00,3.566333808844507954e-04
1.264222503160556364e-03,4.214075010535187700e-04,4.214075010535187700e-04,8.428150021070375400e-04,2.107037505267593796e-03,8.428150021070375400e-04,1.685630004214075080e-03,1.264222503160556364e-03,2.949852507374631227e-03,1.095659502739148791e-02,9.481668773704171604e-02,7.892962494732406187e-01,7.037505267593763270e-02,1.222081753055204341e-02,5.056890012642225457e-03,4.214075010535187700e-04,1.264222503160556364e-03,0.000000000000000000e+00,4.214075010535187700e-04,4.214075010535187700e-04,1.264222503160556364e-03,1.685630004214075080e-03
2.225519287833827974e-03,7.418397626112759914e-04,2.225519287833827974e-03,0.000000000000000000e+00,4.451038575667655948e-03,0.000000000000000000e+00,5.934718100890207931e-03,2.967359050445103966e-03,2.225519287833827974e-03,7.418397626112759914e-03,2.596439169139466013e-02,1.364985163204747720e-01,7.025222551928783643e-01,7.418397626112759047e-02,1.557863501483679539e-02,5.192878338278931506e-03,4.451038575667655948e-03,1.483679525222551983e-03,7.418397626112759914e-04,7.418397626112759914e-04,0.000000000000000000e+00,4.451038575667655948e-03
0.000000000000000000e+00,0.000000000000000000e+00,0.000000000000000000e+00,1.182033096926713919e-03,1.182033096926713919e-03,2.364066193853427839e-03,1.182033096926713919e-03,4.728132387706855677e-03,3.546099290780141758e-03,4.728132387706855677e-03,1.536643026004728095e-02,2.718676122931442188e-02,1.347517730496453903e-01,6.796690307328605574e-01,9.101654846335698046e-02,1.300236406619385311e-02,2.364066193853427839e-03,5.910165484633569596e-03,0.000000000000000000e+00,3.546099290780141758e-03,2.364066193853427839e-03,5.910165484633569596e-03
4.210526315789473589e-03,0.000000000000000000e+00,0.000000000000000000e+00,4.210526315789473589e-03,0.000000000000000000e+00,0.000000000000000000e+00,2.105263157894736795e-03,0.000000000000000000e+00,2.105263157894736795e-03,4.210526315789473589e-03,8.421052631578947179e-03,2.105263157894736795e-02,5.894736842105263025e-02,1.578947368421052544e-01,5.978947368421052566e-01,8.000000000000000167e-02,2.526315789473684154e-02,1.052631578947368397e-02,6.315789473684210384e-03,4.210526315789473589e-03,6.315789473684210384e-03,6.315789473684210384e-03
0.000000000000000000e+00,0.000000000000000000e+00,4.385964912280701511e-03,0.000000000000000000e+00,0.000000000000000000e+00,0.000000000000000000e+00,4.385964912280701511e-03,4.385964912280701511e-03,0.000000000000000000e+00,0.000000000000000000e+00,1.315789473684210453e-02,3.947368421052631360e-02,4.824561403508771662e-02,7.894736842105262720e-02,1.491228070175438514e-01,5.219298245614034659e-01,9.649122807017543324e-02,1.754385964912280604e-02,4.385964912280701511e-03,8.771929824561403022e-03,4.385964912280701511e-03,4.385964912280701511e-03
6.289308176100629269e-03,0.000000000000000000e+00,0.000000000000000000e+00,0.000000000000000000e+00,0.000000000000000000e+00,6.289308176100629269e-03,0.000000000000000000e+00,0.000000000000000000e+00,0.000000000000000000e+00,1.257861635220125854e-02,0.000000000000000000e+00,1.257861635220125854e-02,0.000000000000000000e+00,4.402515723270439968e-02,8.805031446540879936e-02,1.069182389937106958e-01,4.968553459119496862e-01,1.069182389937106958e-01,3.773584905660377214e-02,1.257861635220125854e-02,1.886792452830188607e-02,5.031446540880503415e-02
0.000000000000000000e+00,0.000000000000000000e+00,0.000000000000000000e+00,0.000000000000000000e+00,0.000000000000000000e+00,2.941176470588235253e-02,0.000000000000000000e+00,0.000000000000000000e+00,0.000000000000000000e+00,0.000000000000000000e+00,1.470588235294117627e-02,1.470588235294117627e-02,2.941176470588235253e-02,4.411764705882353227e-02,7.352941176470588480e-02,1.029411764705882304e-01,2.352941176470588203e-01,2.941176470588235392e-01,5.882352941176470507e-02,1.470588235294117627e-02,0.000000000000000000e+00,8.823529411764706454e-02
0.000000000000000000e+00,0.000000000000000000e+00,0.000000000000000000e+00,0.000000000000000000e+00,0.000000000000000000e+00,0.000000000000000000e+00,0.000000000000000000e+00,2.439024390243902524e-02,0.000000000000000000e+00,0.000000000000000000e+00,0.000000000000000000e+00,7.317073170731706877e-02,2.439024390243902524e-02,9.756097560975610095e-02,9.756097560975610095e-02,2.439024390243902524e-02,2.439024390243902524e-02,1.951219512195122019e-01,1.463414634146341375e-01,1.707317073170731836e-01,7.317073170731706877e-02,4.878048780487805047e-02
0.000000000000000000e+00,0.000000000000000000e+00,0.000000000000000000e+00,2.777777777777777624e-02,0.000000000000000000e+00,0.000000000000000000e+00,0.000000000000000000e+00,0.000000000000000000e+00,0.000000000000000000e+00,0.000000000000000000e+00,0.000000000000000000e+00,0.000000000000000000e+00,0.000000000000000000e+00,1.666666666666666574e-01,2.777777777777777624e-02,5.555555555555555247e-02,0.000000000000000000e+00,5.555555555555555247e-02,1.111111111111111049e-01,3.333333333333333148e-01,2.777777777777777624e-02,1.944444444444444475e-01
0.000000000000000000e+00,0.000000000000000000e+00,0.000000000000000000e+00,0.000000000000000000e+00,0.000000000000000000e+00,0.000000000000000000e+00,0.000000000000000000e+00,0.000000000000000000e+00,0.000000000000000000e+00,0.000000000000000000e+00,3.125000000000000000e-02,9.375000000000000000e-02,0.000000000000000000e+00,0.000000000000000000e+00,6.250000000000000000e-02,6.250000000000000000e-02,6.250000000000000000e-02,0.000000000000000000e+00,3.125000000000000000e-02,0.000000000000000000e+00,3.750000000000000000e-01,2.812500000000000000e-01
6.578947368421052266e-03,0.000000000000000000e+00,0.000000000000000000e+00,0.000000000000000000e+00,0.000000000000000000e+00,0.000000000000000000e+00,0.000000000000000000e+00,0.000000000000000000e+00,6.578947368421052266e-03,6.578947368421052266e-03,3.289473684210526133e-02,2.631578947368420907e-02,3.947368421052631360e-02,3.947368421052631360e-02,4.605263157894736586e-02,4.605263157894736586e-02,4.605263157894736586e-02,1.973684210526315680e-02,3.947368421052631360e-02,3.289473684210526133e-02,6.578947368421052266e-02,5.460526315789473450e-01
