7.874479889042995673e-01,8.668515950069348441e-02,1.386962552011095778e-02,3.467406380027739446e-03,2.427184466019417265e-03,2.427184466019417265e-03,1.386962552011095735e-03,6.934812760055478675e-04,3.467406380027739338e-04,0.000000000000000000e+00,4.507628294036060759e-03,0.000000000000000000e+00,6.934812760055478675e-04,3.467406380027739338e-04,3.467406380027739338e-04,6.934812760055478675e-04,1.386962552011095735e-03,1.386962552011095735e-03,2.080443828016643494e-03,5.547850208044382940e-03,8.425797503467406802e-02
1.301241068070703166e-01,7.453930048890560212e-01,7.935314027830010775e-02,1.165851823993982635e-02,5.265137269650244436e-03,3.384731101918014157e-03,7.521624670928920469e-04,1.128243700639338125e-03,0.000000000000000000e+00,0.000000000000000000e+00,4.889056036103798034e-03,3.760812335464460234e-04,0.000000000000000000e+00,7.521624670928920469e-04,1.504324934185784094e-03,0.000000000000000000e+00,7.521624670928920469e-04,1.128243700639338125e-03,1.128243700639338125e-03,2.632568634825122218e-03,9.778112072207596067e-03
1.579279848389134391e-02,1.850915982312065777e-01,6.891977258370183268e-01,5.559065066329753335e-02,1.326595072646873097e-02,6.948831332912191669e-03,2.526847757422615113e-03,6.317119393556537782e-04,6.317119393556537782e-04,6.317119393556537782e-04,8.212255211623499876e-03,0.000000000000000000e+00,0.000000000000000000e+00,1.263423878711307556e-03,1.895135818066961443e-03,1.895135818066961443e-03,1.895135818066961443e-03,6.317119393556537782e-04,1.263423878711307556e-03,4.421983575489576990e-03,8.212255211623499876e-03
1.756954612005856564e-02,3.953147877013177269e-02,1.918008784773060083e-01,6.163982430453880390e-01,8.052708638360175919e-02,1.024890190336749662e-02,4.392386530014641410e-03,5.856515373352855214e-03,0.000000000000000000e+00,2.928257686676427607e-03,1.756954612005856564e-02,4.392386530014641410e-03,0.000000000000000000e+00,0.000000000000000000e+00,2.928257686676427607e-03,0.000000000000000000e+00,0.000000000000000000e+00,0.000000000000000000e+00,0.000000000000000000e+00,2.928257686676427607e-03,2.928257686676427607e-03
1.754385964912280604e-02,1.973684210526315680e-02,4.605263157894736586e-02,2.061403508771929849e-01,5.855263157894736725e-01,4.824561403508771662e-02,1.973684210526315680e-02,4.385964912280701511e-03,4.385964912280701511e-03,0.000000000000000000e+00,2.412280701754385831e-02,0.000000000000000000e+00,0.000000000000000000e+00,0.000000000000000000e+00,4.385964912280701511e-03,2.192982456140350755e-03,0.000000000000000000e+00,4.385964912280701511e-03,6.578947368421052266e-03,2.192982456140350755e-03,4.385964912280701511e-03
1.538461538461538547e-02,4.102564102564102561e-02,5.128205128205128027e-02,4.615384615384615641e-02,1.794871794871794879e-01,5.282051282051282159e-01,7.692307692307692735e-02,5.128205128205128201e-03,1.538461538461538547e-02,0.000000000000000000e+00,3.076923076923077094e-02,0.000000000000000000e+00,0.000000000000000000e+00,0.000000000000000000e+00,0.000000000000000000e+00,0.000000000000000000e+00,0.000000000000000000e+00,5.128205128205128201e-03,0.000000000000000000e+00,5.128205128205128201e-03,0.000000000000000000e+00
0.000000000000000000e+00,2.020202020202020374e-02,5.050505050505050414e-02,9.090909090909091161e-02,1.111111111111111049e-01,1.818181818181818232e-01,3.838383838383838120e-01,8.080808080808081495e-02,2.020202020202020374e-02,2.020202020202020374e-02,3.030303030303030387e-02,0.000000000000000000e+00,0.000000000000000000e+00,0.000000000000000000e+00,0.000000000000000000e+00,0.000000000000000000e+00,0.000000000000000000e+00,0.000000000000000000e+00,0.000000000000000000e+00,1.010101010101010187e-02,0.000000000000000000e+00
1.960784313725490169e-02,3.921568627450980338e-02,3.921568627450980338e-02,0.000000000000000000e+00,3.921568627450980338e-02,1.372549019607843257e-01,2.745098039215686514e-01,3.529411764705882582e-01,1.960784313725490169e-02,0.000000000000000000e+00,7.843137254901960675e-02,0.000000000000000000e+00,0.000000000000000000e+00,0.000000000000000000e+00,0.000000000000000000e+00,0.000000000000000000e+00,0.000000000000000000e+00,0.000000000000000000e+00,0.000000000000000000e+00,0.000000000000000000e+00,0.000000000000000000e+00
4.166666666666666435e-02,0.000000000000000000e+00,4.166666666666666435e-02,4.166666666666666435e-02,8.333333333333332871e-02,1.666666666666666574e-01,8.333333333333332871e-02,2.083333333333333426e-01,1.666666666666666574e-01,4.166666666666666435e-02,1.250000000000000000e-01,0.000000000000000000e+00,0.000000000000000000e+00,0.000000000000000000e+00,0.000000000000000000e+00,0.000000000000000000e+00,0.000000000000000000e+00,0.000000000000000000e+00,0.000000000000000000e+00,0.000000000000000000e+00,0.000000000000000000e+00
0.000000000000000000e+00,0.000000000000000000e+00,1.250000000000000000e-01,1.250000000000000000e-01,1.250000000000000000e-01,2.500000000000000000e-01,1.250000000000000000e-01,0.000000000000000000e+00,2.500000000000000000e-01,0.000000000000000000e+00,0.000000000000000000e+00,0.000000000000000000e+00,0.000000000000000000e+00,0.000000000000000000e+00,0.000000000000000000e+00,0.000000000000000000e+00,0.000000000000000000e+00,0.000000000000000000e+00,0.000000000000000000e+00,0.000000000000000000e+00,0.000000000000000000e+00
2.717391304347826012e-02,8.152173913043478382e-02,7.065217391304347283e-02,3.804347826086956763e-02,7.608695652173913526e-02,4.347826086956521618e-02,2.717391304347826012e-02,1.086956521739130405e-02,2.173913043478260809e-02,2.717391304347826012e-02,5.489130434782608647e-01,0.000000000000000000e+00,0.000000000000000000e+00,0.000000000000000000e+00,0.000000000000000000e+00,5.434782608695652023e-03,0.000000000000000000e+00,0.000000000000000000e+00,0.000000000000000000e+00,5.434782608695652023e-03,1.630434782608695607e-02
0.000000000000000000e+00,6.802721088435373896e-03,1.360544217687074779e-02,0.000000000000000000e+00,6.802721088435373896e-03,0.000000000000000000e+00,0.000000000000000000e+00,0.000000000000000000e+00,0.000000000000000000e+00,0.000000000000000000e+00,6.802721088435373896e-03,8.027210884353741527e-01,3.401360544217687382e-02,3.401360544217687382e-02,4.761904761904761640e-02,1.360544217687074779e-02,6.802721088435373896e-03,6.802721088435373896e-03,6.802721088435373896e-03,6.802721088435373896e-03,6.802721088435373896e-03
4.347826086956521618e-02,2.173913043478260809e-02,0.000000000000000000e+00,0.000000000000000000e+00,0.000000000000000000e+00,0.000000000000000000e+00,0.000000000000000000e+00,0.000000000000000000e+00,0.000000000000000000e+00,0.000000000000000000e+00,0.000000000000000000e+00,1.086956521739130405e-01,4.782608695652174058e-01,1.521739130434782705e-01,0.000000000000000000e+00,8.695652173913043237e-02,2.173913043478260809e-02,6.521739130434782428e-02,0.000000000000000000e+00,2.173913043478260809e-02,0.000000000000000000e+00
3.076923076923077094e-02,1.538461538461538547e-02,0.000000000000000000e+00,0.000000000000000000e+00,0.000000000000000000e+00,1.538461538461538547e-02,0.000000000000000000e+00,0.000000000000000000e+00,0.000000000000000000e+00,0.000000000000000000e+00,0.000000000000000000e+00,3.076923076923077094e-02,1.384615384615384692e-01,5.692307692307692069e-01,7.692307692307692735e-02,3.076923076923077094e-02,3.076923076923077094e-02,0.000000000000000000e+00,0.000000000000000000e+00,1.538461538461538547e-02,4.615384615384615641e-02
2.197802197802197974e-02,2.197802197802197974e-02,4.395604395604395948e-02,1.098901098901098987e-02,0.000000000000000000e+00,1.098901098901098987e-02,1.098901098901098987e-02,0.000000000000000000e+00,1.098901098901098987e-02,0.000000000000000000e+00,1.098901098901098987e-02,9.890109890109889668e-02,0.000000000000000000e+00,5.494505494505494414e-02,5.604395604395604469e-01,2.197802197802197974e-02,2.197802197802197974e-02,3.296703296703296787e-02,1.098901098901098987e-02,3.296703296703296787e-02,2.197802197802197974e-02
8.547008547008547868e-03,8.547008547008547868e-03,8.547008547008547868e-03,2.564102564102564014e-02,0.000000000000000000e+00,1.709401709401709574e-02,0.000000000000000000e+00,0.000000000000000000e+00,0.000000000000000000e+00,0.000000000000000000e+00,0.000000000000000000e+00,2.564102564102564014e-02,1.709401709401709574e-02,8.547008547008547868e-03,4.273504273504273587e-02,6.239316239316239354e-01,1.025641025641025605e-01,1.709401709401709574e-02,3.418803418803419147e-02,2.564102564102564014e-02,3.418803418803419147e-02
1.874999999999999931e-02,1.250000000000000069e-02,6.250000000000000347e-03,0.000000000000000000e+00,1.250000000000000069e-02,0.000000000000000000e+00,0.000000000000000000e+00,0.000000000000000000e+00,0.000000000000000000e+00,0.000000000000000000e+00,0.000000000000000000e+00,0.000000000000000000e+00,1.250000000000000069e-02,0.000000000000000000e+00,1.874999999999999931e-02,6.875000000000000555e-02,7.125000000000000222e-01,5.000000000000000278e-02,4.374999999999999722e-02,1.874999999999999931e-02,2.500000000000000139e-02
3.389830508474576259e-02,2.824858757062146883e-02,1.129943502824858753e-02,0.000000000000000000e+00,1.129943502824858753e-02,5.649717514124293766e-03,5.649717514124293766e-03,0.000000000000000000e+00,0.000000000000000000e+00,0.000000000000000000e+00,0.000000000000000000e+00,5.649717514124293766e-03,0.000000000000000000e+00,5.649717514124293766e-03,1.129943502824858753e-02,1.129943502824858753e-02,7.909604519774011966e-02,6.440677966101694407e-01,7.909604519774011966e-02,3.389830508474576259e-02,3.389830508474576259e-02
1.967213114754098532e-02,1.311475409836065573e-02,9.836065573770492662e-03,3.278688524590163932e-03,9.836065573770492662e-03,0.000000000000000000e+00,0.000000000000000000e+00,0.000000000000000000e+00,0.000000000000000000e+00,0.000000000000000000e+00,0.000000000000000000e+00,0.000000000000000000e+00,6.557377049180327863e-03,3.278688524590163932e-03,9.836065573770492662e-03,6.557377049180327863e-03,1.311475409836065573e-02,7.540983606557377650e-02,6.393442622950820109e-01,1.409836065573770447e-01,4.918032786885245811e-02
3.614457831325301046e-02,1.054216867469879443e-02,9.036144578313252615e-03,0.000000000000000000e+00,0.000000000000000000e+00,0.000000000000000000e+00,0.000000000000000000e+00,1.506024096385542247e-03,0.000000000000000000e+00,0.000000000000000000e+00,4.518072289156626307e-03,1.506024096385542247e-03,1.506024096385542247e-03,1.506024096385542247e-03,4.518072289156626307e-03,7.530120481927710802e-03,9.036144578313252615e-03,9.036144578313252615e-03,8.283132530120482229e-02,7.063253012048192891e-01,1.144578313253011986e-01
1.268861454046639192e-01,2.743484224965706333e-02,3.429355281207132917e-03,4.115226337448560021e-03,6.858710562414265617e-04,0.000000000000000000e+00,6.858710562414265617e-04,0.000000000000000000e+00,0.000000000000000000e+00,0.000000000000000000e+00,6.858710562414265617e-04,6.858710562414265617e-04,0.000000000000000000e+00,1.371742112482853123e-03,0.000000000000000000e+00,1.371742112482853123e-03,1.371742112482853123e-03,2.743484224965706247e-03,1.234567901234567833e-02,7.681755829903978705e-02,7.393689986282578896e-01
