9.166666666666666297e-01,0.000000000000000000e+00,0.000000000000000000e+00,2.083333333333333218e-02,2.083333333333333218e-02,2.083333333333333218e-02,0.000000000000000000e+00,0.000000000000000000e+00,0.000000000000000000e+00,0.000000000000000000e+00,0.000000000000000000e+00,0.000000000000000000e+00,0.000000000000000000e+00,0.000000000000000000e+00,0.000000000000000000e+00,0.000000000000000000e+00,0.000000000000000000e+00,0.000000000000000000e+00,0.000000000000000000e+00,0.000000000000000000e+00,0.000000000000000000e+00,2.083333333333333218e-02
0.000000000000000000e+00,0.000000000000000000e+00,5.000000000000000000e-01,0.000000000000000000e+00,2.500000000000000000e-01,0.000000000000000000e+00,0.000000000000000000e+00,0.000000000000000000e+00,2.500000000000000000e-01,0.000000000000000000e+00,0.000000000000000000e+00,0.000000000000000000e+00,0.000000000000000000e+00,0.000000000000000000e+00,0.000000000000000000e+00,0.000000000000000000e+00,0.000000000000000000e+00,0.000000000000000000e+00,0.000000000000000000e+00,0.000000000000000000e+00,0.000000000000000000e+00,0.000000000000000000e+00
5.555555555555555247e-02,0.000000000000000000e+00,3.333333333333333148e-01,1.111111111111111049e-01,1.111111111111111049e-01,1.111111111111111049e-01,5.555555555555555247e-02,5.555555555555555247e-02,5.555555555555555247e-02,5.555555555555555247e-02,0.000000000000000000e+00,5.555555555555555247e-02,0.000000000000000000e+00,0.000000000000000000e+00,0.000000000000000000e+00,0.000000000000000000e+00,0.000000000000000000e+00,0.000000000000000000e+00,0.000000000000000000e+00,0.000000000000000000e+00,0.000000000000000000e+00,0.000000000000000000e+00
2.380952380952380820e-02,0.000000000000000000e+00,0.000000000000000000e+00,5.476190476190476719e-01,7.142857142857142461e-02,0.000000000000000000e+00,7.142857142857142461e-02,4.761904761904761640e-02,7.142857142857142461e-02,2.380952380952380820e-02,2.380952380952380820e-02,4.761904761904761640e-02,2.380952380952380820e-02,2.380952380952380820e-02,0.000000000000000000e+00,2.380952380952380820e-02,0.000000000000000000e+00,0.000000000000000000e+00,0.000000000000000000e+00,0.000000000000000000e+00,0.000000000000000000e+00,0.000000000000000000e+00
1.666666666666666644e-02,0.000000000000000000e+00,3.333333333333333287e-02,3.333333333333333287e-02,3.833333333333333592e-01,1.000000000000000056e-01,5.000000000000000278e-02,1.666666666666666644e-02,1.333333333333333315e-01,5.000000000000000278e-02,3.333333333333333287e-02,5.000000000000000278e-02,3.333333333333333287e-02,0.000000000000000000e+00,5.000000000000000278e-02,1.666666666666666644e-02,0.000000000000000000e+00,0.000000000000000000e+00,0.000000000000000000e+00,0.000000000000000000e+00,0.000000000000000000e+00,0.000000000000000000e+00
1.724137931034482735e-02,0.000000000000000000e+00,1.724137931034482735e-02,0.000000000000000000e+00,6.896551724137930939e-02,5.000000000000000000e-01,6.896551724137930939e-02,5.172413793103448204e-02,5.172413793103448204e-02,8.620689655172414367e-02,6.896551724137930939e-02,1.724137931034482735e-02,5.172413793103448204e-02,0.000000000000000000e+00,0.000000000000000000e+00,0.000000000000000000e+00,0.000000000000000000e+00,0.000000000000000000e+00,0.000000000000000000e+00,0.000000000000000000e+00,0.000000000000000000e+00,0.000000000000000000e+00
0.000000000000000000e+00,0.000000000000000000e+00,8.474576271186440649e-03,3.389830508474576259e-02,8.474576271186440649e-03,6.779661016949152519e-02,5.932203389830508211e-01,6.779661016949152519e-02,5.932203389830508627e-02,6.779661016949152519e-02,3.389830508474576259e-02,0.000000000000000000e+00,1.694915254237288130e-02,3.389830508474576259e-02,8.474576271186440649e-03,0.000000000000000000e+00,0.000000000000000000e+00,0.000000000000000000e+00,0.000000000000000000e+00,0.000000000000000000e+00,0.000000000000000000e+00,0.000000000000000000e+00
0.000000000000000000e+00,3.367003367003366856e-03,0.000000000000000000e+00,3.367003367003366856e-03,2.356902356902356929e-02,0.000000000000000000e+00,3.367003367003366943e-02,6.531986531986532230e-01,1.212121212121212155e-01,5.723905723905724219e-02,4.377104377104377303e-02,1.346801346801346742e-02,1.346801346801346742e-02,2.693602693602693485e-02,3.367003367003366856e-03,0.000000000000000000e+00,3.367003367003366856e-03,0.000000000000000000e+00,0.000000000000000000e+00,0.000000000000000000e+00,0.000000000000000000e+00,0.000000000000000000e+00
0.000000000000000000e+00,0.000000000000000000e+00,0.000000000000000000e+00,1.410437235543018312e-03,4.231311706629055369e-03,4.231311706629055369e-03,1.692524682651622148e-02,5.923836389280676823e-02,6.995768688293371174e-01,1.071932299012693934e-01,6.346967559943582360e-02,2.397743300423131260e-02,8.462623413258110738e-03,4.231311706629055369e-03,2.820874471086036624e-03,1.410437235543018312e-03,0.000000000000000000e+00,1.410437235543018312e-03,0.000000000000000000e+00,0.000000000000000000e+00,0.000000000000000000e+00,1.410437235543018312e-03
0.000000000000000000e+00,0.000000000000000000e+00,7.194244604316546920e-04,7.194244604316546920e-04,2.158273381294963968e-03,0.000000000000000000e+00,2.877697841726618768e-03,1.510791366906474864e-02,5.251798561151078959e-02,7.474820143884891577e-01,1.115107913669064754e-01,3.165467625899280601e-02,2.446043165467625888e-02,5.755395683453237536e-03,4.316546762589927935e-03,7.194244604316546920e-04,0.000000000000000000e+00,0.000000000000000000e+00,0.000000000000000000e+00,0.000000000000000000e+00,0.000000000000000000e+00,0.000000000000000000e+00
0.000000000000000000e+00,0.000000000000000000e+00,4.314063848144952741e-04,0.000000000000000000e+00,4.314063848144952741e-04,2.157031924072476316e-03,8.628127696289905483e-04,6.902502157031924386e-03,1.898188093183779054e-02,6.729939603106126211e-02,7.691975841242449929e-01,9.404659188955996618e-02,2.243313201035375404e-02,1.164797238999137202e-02,3.882657463330457196e-03,1.725625539257981097e-03,0.000000000000000000e+00,0.000000000000000000e+00,0.000000000000000000e+00,0.000000000000000000e+00,0.000000000000000000e+00,0.000000000000000000e+00
0.000000000000000000e+00,0.000000000000000000e+00,0.000000000000000000e+00,0.000000000000000000e+00,3.421142661648990651e-04,6.842285323297981302e-04,2.052685596989394391e-03,2.394799863154293672e-03,7.184399589462880584e-03,2.155319876838864349e-02,9.168662333219294858e-02,8.039685254875128528e-01,5.576462538487855086e-02,1.334245638043106419e-02,6.842285323297981302e-04,3.421142661648990651e-04,0.000000000000000000e+00,0.000000000000000000e+00,0.000000000000000000e+00,0.000000000000000000e+00,0.000000000000000000e+00,0.000000000000000000e+00
8.481764206955046560e-04,0.000000000000000000e+00,4.240882103477523280e-04,4.240882103477523280e-04,4.240882103477523280e-04,0.000000000000000000e+00,2.120441051738761531e-03,1.272264631043257092e-03,3.392705682782018624e-03,1.229855810008481827e-02,1.696352841391009225e-02,1.136556403731976278e-01,7.951653944020355969e-01,4.495335029686174655e-02,7.633587786259541687e-03,4.240882103477523280e-04,0.000000000000000000e+00,0.000000000000000000e+00,0.000000000000000000e+00,0.000000000000000000e+00,0.000000000000000000e+00,0.000000000000000000e+00
0.000000000000000000e+00,0.000000000000000000e+00,9.478672985781990811e-04,3.791469194312796324e-03,0.000000000000000000e+00,1.895734597156398162e-03,0.000000000000000000e+00,3.791469194312796324e-03,2.843601895734597026e-03,6.635071090047393351e-03,2.559241706161137497e-02,3.317535545023696936e-02,1.317535545023696686e-01,7.526066350710900466e-01,3.222748815165876746e-02,4.739336492890995622e-03,0.000000000000000000e+00,0.000000000000000000e+00,0.000000000000000000e+00,0.000000000000000000e+00,0.000000000000000000e+00,0.000000000000000000e+00
0.000000000000000000e+00,0.000000000000000000e+00,0.000000000000000000e+00,3.267973856209150426e-03,3.267973856209150426e-03,0.000000000000000000e+00,0.000000000000000000e+00,0.000000000000000000e+00,6.535947712418300852e-03,2.614379084967320341e-02,2.614379084967320341e-02,1.307189542483660170e-02,4.248366013071895597e-02,1.372549019607843257e-01,6.764705882352941568e-01,2.941176470588235253e-02,1.307189542483660170e-02,1.307189542483660170e-02,9.803921568627450844e-03,0.000000000000000000e+00,0.000000000000000000e+00,0.000000000000000000e+00
0.000000000000000000e+00,0.000000000000000000e+00,0.000000000000000000e+00,0.000000000000000000e+00,0.000000000000000000e+00,0.000000000000000000e+00,0.000000000000000000e+00,7.194244604316547137e-03,0.000000000000000000e+00,2.158273381294964141e-02,2.158273381294964141e-02,0.000000000000000000e+00,7.194244604316547137e-03,3.597122302158273222e-02,1.366906474820143991e-01,6.978417266187050272e-01,4.316546762589928282e-02,1.438848920863309427e-02,7.194244604316547137e-03,7.194244604316547137e-03,0.000000000000000000e+00,0.000000000000000000e+00
0.000000000000000000e+00,0.000000000000000000e+00,0.000000000000000000e+00,0.000000000000000000e+00,1.492537313432835792e-02,0.000000000000000000e+00,0.000000000000000000e+00,0.000000000000000000e+00,0.000000000000000000e+00,0.000000000000000000e+00,0.000000000000000000e+00,1.492537313432835792e-02,0.000000000000000000e+00,2.985074626865671585e-02,5.970149253731343170e-02,1.343283582089552231e-01,6.119402985074626766e-01,1.044776119402985037e-01,1.492537313432835792e-02,0.000000000000000000e+00,1.492537313432835792e-02,0.000000000000000000e+00
0.000000000000000000e+00,0.000000000000000000e+00,0.000000000000000000e+00,0.000000000000000000e+00,0.000000000000000000e+00,0.000000000000000000e+00,0.000000000000000000e+00,0.000000000000000000e+00,0.000000000000000000e+00,0.000000000000000000e+00,0.000000000000000000e+00,0.000000000000000000e+00,0.000000000000000000e+00,1.851851851851851749e-02,9.259259259259258745e-02,3.703703703703703498e-02,2.222222222222222099e-01,5.000000000000000000e-01,1.111111111111111049e-01,1.851851851851851749e-02,0.000000000000000000e+00,0.000000000000000000e+00
0.000000000000000000e+00,0.000000000000000000e+00,0.000000000000000000e+00,0.000000000000000000e+00,0.000000000000000000e+00,0.000000000000000000e+00,0.000000000000000000e+00,0.000000000000000000e+00,0.000000000000000000e+00,3.125000000000000000e-02,0.000000000000000000e+00,0.000000000000000000e+00,0.000000000000000000e+00,0.000000000000000000e+00,6.250000000000000000e-02,3.125000000000000000e-02,3.125000000000000000e-02,2.187500000000000000e-01,4.687500000000000000e-01,9.375000000000000000e-02,0.000000000000000000e+00,6.250000000000000000e-02
0.000000000000000000e+00,0.000000000000000000e+00,0.000000000000000000e+00,0.000000000000000000e+00,0.000000000000000000e+00,0.000000000000000000e+00,0.000000000000000000e+00,0.000000000000000000e+00,0.000000000000000000e+00,0.000000000000000000e+00,0.000000000000000000e+00,0.000000000000000000e+00,0.000000000000000000e+00,0.000000000000000000e+00,0.000000000000000000e+00,7.692307692307692735e-02,0.000000000000000000e+00,0.000000000000000000e+00,7.692307692307692735e-02,6.153846153846154188e-01,0.000000000000000000e+00,2.307692307692307820e-01
0.000000000000000000e+00,0.000000000000000000e+00,0.000000000000000000e+00,0.000000000000000000e+00,0.000000000000000000e+00,0.000000000000000000e+00,0.000000000000000000e+00,0.000000000000000000e+00,0.000000000000000000e+00,0.000000000000000000e+00,3.333333333333333148e-01,0.000000000000000000e+00,0.000000000000000000e+00,0.000000000000000000e+00,0.000000000000000000e+00,0.000000000000000000e+00,0.000000000000000000e+00,0.000000000000000000e+00,0.000000000000000000e+00,0.000000000000000000e+00,0.000000000000000000e+00,6.666666666666666297e-01
0.000000000000000000e+00,0.000000000000000000e+00,0.000000000000000000e+00,0.000000000000000000e+00,0.000000000000000000e+00,0.000000000000000000e+00,0.000000000000000000e+00,0.000000000000000000e+00,0.000000000000000000e+00,0.000000000000000000e+00,4.545454545454545581e-02,0.000000000000000000e+00,0.000000000000000000e+00,0.000000000000000000e+00,0.000000000000000000e+00,0.000000000000000000e+00,0.000000000000000000e+00,2.272727272727272790e-02,6.818181818181817677e-02,2.272727272727272790e-02,2.272727272727272790e-02,8.181818181818182323e-01
