6.250000000000000000e-01,2.083333333333333426e-01,4.166666666666666435e-02,8.333333333333332871e-02,0.000000000000000000e+00,0.000000000000000000e+00,4.166666666666666435e-02,0.000000000000000000e+00,0.000000000000000000e+00,0.000000000000000000e+00,0.000000000000000000e+00,0.000000000000000000e+00,0.000000000000000000e+00,0.000000000000000000e+00,0.000000000000000000e+00,0.000000000000000000e+00,0.000000000000000000e+00,0.000000000000000000e+00,0.000000000000000000e+00,0.000000000000000000e+00,0.000000000000000000e+00,0.000000000000000000e+00
1.298701298701298787e-02,9.155844155844156118e-01,5.844155844155844021e-02,1.298701298701298787e-02,0.000000000000000000e+00,0.000000000000000000e+00,0.000000000000000000e+00,0.000000000000000000e+00,0.000000000000000000e+00,0.000000000000000000e+00,0.000000000000000000e+00,0.000000000000000000e+00,0.000000000000000000e+00,0.000000000000000000e+00,0.000000000000000000e+00,0.000000000000000000e+00,0.000000000000000000e+00,0.000000000000000000e+00,0.000000000000000000e+00,0.000000000000000000e+00,0.000000000000000000e+00,0.000000000000000000e+00
4.491017964071856126e-03,1.047904191616766401e-02,8.592814371257484485e-01,1.137724550898203540e-01,4.491017964071856126e-03,5.988023952095808747e-03,0.000000000000000000e+00,0.000000000000000000e+00,0.000000000000000000e+00,0.000000000000000000e+00,0.000000000000000000e+00,0.000000000000000000e+00,0.000000000000000000e+00,1.497005988023952187e-03,0.000000000000000000e+00,0.000000000000000000e+00,0.000000000000000000e+00,0.000000000000000000e+00,0.000000000000000000e+00,0.000000000000000000e+00,0.000000000000000000e+00,0.000000000000000000e+00
1.193317422434367597e-03,5.966587112171837983e-04,3.758949880668258081e-02,8.770883054892600894e-01,5.847255369928400920e-02,1.014319809069212479e-02,2.983293556085918775e-03,4.773269689737470386e-03,5.966587112171837983e-04,5.966587112171837983e-04,5.966587112171837983e-04,0.000000000000000000e+00,0.000000000000000000e+00,5.966587112171837983e-04,5.966587112171837983e-04,0.000000000000000000e+00,0.000000000000000000e+00,5.966587112171837983e-04,5.966587112171837983e-04,0.000000000000000000e+00,5.966587112171837983e-04,2.386634844868735193e-03
0.000000000000000000e+00,0.000000000000000000e+00,5.586592178770949900e-03,1.139664804469273790e-01,7.463687150837988726e-01,9.832402234636870852e-02,1.229050279329608857e-02,7.821229050279330033e-03,6.703910614525139533e-03,1.117318435754189850e-03,1.117318435754189850e-03,0.000000000000000000e+00,0.000000000000000000e+00,0.000000000000000000e+00,0.000000000000000000e+00,0.000000000000000000e+00,1.117318435754189850e-03,1.117318435754189850e-03,0.000000000000000000e+00,0.000000000000000000e+00,1.117318435754189850e-03,3.351955307262569767e-03
0.000000000000000000e+00,0.000000000000000000e+00,0.000000000000000000e+00,2.317880794701986796e-02,1.506622516556291314e-01,6.672185430463576372e-01,6.953642384105959695e-02,3.311258278145695622e-02,1.324503311258278145e-02,1.655629139072847811e-02,1.655629139072847681e-03,0.000000000000000000e+00,0.000000000000000000e+00,1.655629139072847681e-03,0.000000000000000000e+00,1.655629139072847681e-03,0.000000000000000000e+00,6.622516556291390723e-03,1.655629139072847681e-03,1.655629139072847681e-03,0.000000000000000000e+00,1.158940397350993398e-02
0.000000000000000000e+00,0.000000000000000000e+00,0.000000000000000000e+00,3.501945525291828842e-02,4.669260700389105123e-02,2.256809338521400810e-01,5.486381322957198936e-01,5.447470817120622644e-02,3.112840466926070082e-02,1.556420233463035041e-02,3.891050583657587603e-03,3.891050583657587603e-03,3.891050583657587603e-03,7.782101167315175205e-03,0.000000000000000000e+00,0.000000000000000000e+00,0.000000000000000000e+00,0.000000000000000000e+00,0.000000000000000000e+00,0.000000000000000000e+00,0.000000000000000000e+00,2.334630350194552562e-02
0.000000000000000000e+00,0.000000000000000000e+00,6.369426751592357008e-03,3.821656050955413858e-02,5.095541401273885607e-02,1.146496815286624227e-01,1.464968152866241990e-01,4.585987261146496907e-01,5.732484076433121134e-02,1.910828025477706929e-02,1.273885350318471402e-02,0.000000000000000000e+00,6.369426751592357008e-03,1.910828025477706929e-02,0.000000000000000000e+00,6.369426751592357008e-03,0.000000000000000000e+00,6.369426751592357008e-03,1.273885350318471402e-02,0.000000000000000000e+00,0.000000000000000000e+00,4.458598726114649385e-02
0.000000000000000000e+00,0.000000000000000000e+00,0.000000000000000000e+00,6.993006993006993001e-03,2.797202797202797200e-02,4.195804195804195974e-02,9.790209790209790375e-02,1.468531468531468487e-01,4.755244755244755206e-01,5.594405594405594401e-02,2.097902097902097987e-02,1.398601398601398600e-02,2.097902097902097987e-02,0.000000000000000000e+00,0.000000000000000000e+00,6.993006993006993001e-03,0.000000000000000000e+00,0.000000000000000000e+00,6.993006993006993001e-03,6.993006993006993001e-03,1.398601398601398600e-02,5.594405594405594401e-02
0.000000000000000000e+00,0.000000000000000000e+00,0.000000000000000000e+00,1.503759398496240518e-02,3.759398496240601295e-02,4.511278195488721554e-02,5.263157894736841813e-02,1.503759398496240518e-02,1.503759398496240518e-01,4.887218045112781684e-01,6.015037593984962072e-02,1.503759398496240518e-02,1.503759398496240518e-02,7.518796992481202590e-03,0.000000000000000000e+00,0.000000000000000000e+00,7.518796992481202590e-03,7.518796992481202590e-03,7.518796992481202590e-03,2.255639097744360777e-02,7.518796992481202590e-03,4.511278195488721554e-02
0.000000000000000000e+00,0.000000000000000000e+00,0.000000000000000000e+00,0.000000000000000000e+00,2.564102564102564014e-02,0.000000000000000000e+00,1.282051282051282007e-02,5.128205128205128027e-02,8.974358974358974395e-02,1.794871794871794879e-01,5.256410256410256610e-01,0.000000000000000000e+00,0.000000000000000000e+00,0.000000000000000000e+00,1.282051282051282007e-02,2.564102564102564014e-02,0.000000000000000000e+00,0.000000000000000000e+00,0.000000000000000000e+00,0.000000000000000000e+00,2.564102564102564014e-02,5.128205128205128027e-02
0.000000000000000000e+00,0.000000000000000000e+00,0.000000000000000000e+00,0.000000000000000000e+00,0.000000000000000000e+00,7.142857142857142461e-02,0.000000000000000000e+00,1.428571428571428492e-01,1.428571428571428492e-01,7.142857142857142461e-02,7.142857142857142461e-02,4.285714285714285476e-01,0.000000000000000000e+00,0.000000000000000000e+00,0.000000000000000000e+00,0.000000000000000000e+00,0.000000000000000000e+00,0.000000000000000000e+00,0.000000000000000000e+00,0.000000000000000000e+00,0.000000000000000000e+00,7.142857142857142461e-02
0.000000000000000000e+00,0.000000000000000000e+00,0.000000000000000000e+00,0.000000000000000000e+00,0.000000000000000000e+00,5.555555555555555247e-02,1.666666666666666574e-01,0.000000000000000000e+00,5.555555555555555247e-02,1.111111111111111049e-01,1.666666666666666574e-01,5.555555555555555247e-02,3.888888888888888951e-01,0.000000000000000000e+00,0.000000000000000000e+00,0.000000000000000000e+00,0.000000000000000000e+00,0.000000000000000000e+00,0.000000000000000000e+00,0.000000000000000000e+00,0.000000000000000000e+00,0.000000000000000000e+00
0.000000000000000000e+00,0.000000000000000000e+00,3.846153846153846367e-02,0.000000000000000000e+00,7.692307692307692735e-02,0.000000000000000000e+00,1.153846153846153910e-01,0.000000000000000000e+00,7.692307692307692735e-02,3.846153846153846367e-02,7.692307692307692735e-02,3.846153846153846367e-02,3.846153846153846367e-02,1.923076923076923184e-01,7.692307692307692735e-02,3.846153846153846367e-02,0.000000000000000000e+00,3.846153846153846367e-02,0.000000000000000000e+00,3.846153846153846367e-02,3.846153846153846367e-02,7.692307692307692735e-02
0.000000000000000000e+00,0.000000000000000000e+00,0.000000000000000000e+00,0.000000000000000000e+00,4.166666666666666435e-02,8.333333333333332871e-02,0.000000000000000000e+00,0.000000000000000000e+00,0.000000000000000000e+00,0.000000000000000000e+00,4.166666666666666435e-02,4.166666666666666435e-02,8.333333333333332871e-02,4.166666666666666435e-02,4.583333333333333148e-01,0.000000000000000000e+00,0.000000000000000000e+00,0.000000000000000000e+00,8.333333333333332871e-02,0.000000000000000000e+00,0.000000000000000000e+00,1.250000000000000000e-01
0.000000000000000000e+00,0.000000000000000000e+00,0.000000000000000000e+00,0.000000000000000000e+00,0.000000000000000000e+00,0.000000000000000000e+00,6.250000000000000000e-02,0.000000000000000000e+00,1.875000000000000000e-01,0.000000000000000000e+00,6.250000000000000000e-02,0.000000000000000000e+00,0.000000000000000000e+00,6.250000000000000000e-02,1.250000000000000000e-01,1.875000000000000000e-01,0.000000000000000000e+00,6.250000000000000000e-02,0.000000000000000000e+00,0.000000000000000000e+00,0.000000000000000000e+00,2.500000000000000000e-01
0.000000000000000000e+00,0.000000000000000000e+00,0.000000000000000000e+00,0.000000000000000000e+00,2.325581395348837177e-02,6.976744186046511531e-02,4.651162790697674354e-02,0.000000000000000000e+00,2.325581395348837177e-02,2.325581395348837177e-02,2.325581395348837177e-02,0.000000000000000000e+00,0.000000000000000000e+00,4.651162790697674354e-02,2.325581395348837177e-02,2.325581395348837177e-02,6.046511627906976383e-01,0.000000000000000000e+00,4.651162790697674354e-02,0.000000000000000000e+00,0.000000000000000000e+00,4.651162790697674354e-02
0.000000000000000000e+00,0.000000000000000000e+00,0.000000000000000000e+00,0.000000000000000000e+00,1.960784313725490169e-02,1.960784313725490169e-02,0.000000000000000000e+00,1.960784313725490169e-02,1.960784313725490169e-02,3.921568627450980338e-02,0.000000000000000000e+00,0.000000000000000000e+00,0.000000000000000000e+00,0.000000000000000000e+00,1.960784313725490169e-02,0.000000000000000000e+00,5.882352941176470507e-02,5.294117647058823595e-01,5.882352941176470507e-02,5.882352941176470507e-02,0.000000000000000000e+00,1.568627450980392135e-01
0.000000000000000000e+00,0.000000000000000000e+00,0.000000000000000000e+00,0.000000000000000000e+00,0.000000000000000000e+00,4.347826086956521618e-02,0.000000000000000000e+00,2.173913043478260809e-02,2.173913043478260809e-02,6.521739130434782428e-02,0.000000000000000000e+00,0.000000000000000000e+00,0.000000000000000000e+00,2.173913043478260809e-02,4.347826086956521618e-02,0.000000000000000000e+00,4.347826086956521618e-02,6.521739130434782428e-02,6.521739130434782705e-01,2.173913043478260809e-02,0.000000000000000000e+00,0.000000000000000000e+00
0.000000000000000000e+00,0.000000000000000000e+00,0.000000000000000000e+00,0.000000000000000000e+00,0.000000000000000000e+00,0.000000000000000000e+00,1.754385964912280604e-02,7.017543859649122417e-02,0.000000000000000000e+00,5.263157894736841813e-02,3.508771929824561209e-02,0.000000000000000000e+00,0.000000000000000000e+00,0.000000000000000000e+00,0.000000000000000000e+00,3.508771929824561209e-02,3.508771929824561209e-02,7.017543859649122417e-02,1.754385964912280604e-02,4.912280701754385692e-01,5.263157894736841813e-02,1.228070175438596423e-01
0.000000000000000000e+00,0.000000000000000000e+00,0.000000000000000000e+00,0.000000000000000000e+00,3.636363636363636187e-02,3.636363636363636187e-02,0.000000000000000000e+00,0.000000000000000000e+00,0.000000000000000000e+00,1.818181818181818094e-02,1.818181818181818094e-02,0.000000000000000000e+00,0.000000000000000000e+00,3.636363636363636187e-02,0.000000000000000000e+00,0.000000000000000000e+00,0.000000000000000000e+00,0.000000000000000000e+00,0.000000000000000000e+00,9.090909090909091161e-02,5.636363636363636020e-01,2.000000000000000111e-01
0.000000000000000000e+00,0.000000000000000000e+00,0.000000000000000000e+00,1.149425287356321823e-02,1.149425287356321823e-02,2.298850574712643646e-02,2.298850574712643646e-02,3.448275862068965469e-02,1.724137931034482735e-02,2.873563218390804558e-02,1.149425287356321823e-02,5.747126436781609116e-03,1.149425287356321823e-02,1.149425287356321823e-02,1.149425287356321823e-02,1.149425287356321823e-02,3.448275862068965469e-02,2.873563218390804558e-02,5.747126436781609116e-03,5.172413793103448204e-02,6.896551724137930939e-02,5.977011494252874035e-01
