9.354838709677418818e-01,0.000000000000000000e+00,0.000000000000000000e+00,0.000000000000000000e+00,1.612903225806451568e-02,0.000000000000000000e+00,0.000000000000000000e+00,0.000000000000000000e+00,3.225806451612903136e-02,0.000000000000000000e+00,0.000000000000000000e+00,0.000000000000000000e+00,0.000000000000000000e+00,0.000000000000000000e+00,1.612903225806451568e-02,0.000000000000000000e+00,0.000000000000000000e+00,0.000000000000000000e+00,0.000000000000000000e+00,0.000000000000000000e+00,0.000000000000000000e+00,0.000000000000000000e+00
0.000000000000000000e+00,9.230769230769231282e-01,7.692307692307692735e-02,0.000000000000000000e+00,0.000000000000000000e+00,0.000000000000000000e+00,0.000000000000000000e+00,0.000000000000000000e+00,0.000000000000000000e+00,0.000000000000000000e+00,0.000000000000000000e+00,0.000000000000000000e+00,0.000000000000000000e+00,0.000000000000000000e+00,0.000000000000000000e+00,0.000000000000000000e+00,0.000000000000000000e+00,0.000000000000000000e+00,0.000000000000000000e+00,0.000000000000000000e+00,0.000000000000000000e+00,0.000000000000000000e+00
0.000000000000000000e+00,0.000000000000000000e+00,6.666666666666666297e-01,7.407407407407406996e-02,3.703703703703703498e-02,0.000000000000000000e+00,3.703703703703703498e-02,3.703703703703703498e-02,0.000000000000000000e+00,0.000000000000000000e+00,3.703703703703703498e-02,3.703703703703703498e-02,0.000000000000000000e+00,0.000000000000000000e+00,0.000000000000000000e+00,0.000000000000000000e+00,0.000000000000000000e+00,3.703703703703703498e-02,0.000000000000000000e+00,0.000000000000000000e+00,0.000000000000000000e+00,3.703703703703703498e-02
0.000000000000000000e+00,1.388888888888888812e-02,2.777777777777777624e-02,8.333333333333333703e-01,2.777777777777777624e-02,1.388888888888888812e-02,4.166666666666666435e-02,1.388888888888888812e-02,1.388888888888888812e-02,1.388888888888888812e-02,0.000000000000000000e+00,0.000000000000000000e+00,0.000000000000000000e+00,0.000000000000000000e+00,0.000000000000000000e+00,0.000000000000000000e+00,0.000000000000000000e+00,0.000000000000000000e+00,0.000000000000000000e+00,0.000000000000000000e+00,0.000000000000000000e+00,0.000000000000000000e+00
0.000000000000000000e+00,0.000000000000000000e+00,0.000000000000000000e+00,5.263157894736841813e-02,7.543859649122807154e-01,5.263157894736841813e-02,3.508771929824561209e-02,3.508771929824561209e-02,5.263157894736841813e-02,0.000000000000000000e+00,1.754385964912280604e-02,0.000000000000000000e+00,0.000000000000000000e+00,0.000000000000000000e+00,0.000000000000000000e+00,0.000000000000000000e+00,0.000000000000000000e+00,0.000000000000000000e+00,0.000000000000000000e+00,0.000000000000000000e+00,0.000000000000000000e+00,0.000000000000000000e+00
0.000000000000000000e+00,0.000000000000000000e+00,0.000000000000000000e+00,0.000000000000000000e+00,9.375000000000000000e-02,7.500000000000000000e-01,9.375000000000000000e-02,3.125000000000000000e-02,0.000000000000000000e+00,0.000000000000000000e+00,0.000000000000000000e+00,0.000000000000000000e+00,0.000000000000000000e+00,0.000000000000000000e+00,0.000000000000000000e+00,0.000000000000000000e+00,0.000000000000000000e+00,0.000000000000000000e+00,0.000000000000000000e+00,0.000000000000000000e+00,0.000000000000000000e+00,3.125000000000000000e-02
0.000000000000000000e+00,0.000000000000000000e+00,0.000000000000000000e+00,1.123595505617977497e-02,0.000000000000000000e+00,3.932584269662921239e-02,7.528089887640448952e-01,1.629213483146067509e-01,5.617977528089887485e-03,1.123595505617977497e-02,5.617977528089887485e-03,0.000000000000000000e+00,0.000000000000000000e+00,5.617977528089887485e-03,0.000000000000000000e+00,0.000000000000000000e+00,5.617977528089887485e-03,0.000000000000000000e+00,0.000000000000000000e+00,0.000000000000000000e+00,0.000000000000000000e+00,0.000000000000000000e+00
2.398081534772182090e-03,0.000000000000000000e+00,0.000000000000000000e+00,0.000000000000000000e+00,4.796163069544364180e-03,2.398081534772182090e-03,4.796163069544364527e-02,7.721822541966426590e-01,1.390887290167865664e-01,1.918465227817745672e-02,9.592326139088728360e-03,0.000000000000000000e+00,0.000000000000000000e+00,0.000000000000000000e+00,2.398081534772182090e-03,0.000000000000000000e+00,0.000000000000000000e+00,0.000000000000000000e+00,0.000000000000000000e+00,0.000000000000000000e+00,0.000000000000000000e+00,0.000000000000000000e+00
2.522068095838587640e-03,0.000000000000000000e+00,2.522068095838587640e-03,0.000000000000000000e+00,1.261034047919293820e-03,0.000000000000000000e+00,1.261034047919293820e-03,5.422446406052963686e-02,7.957124842370744133e-01,1.210592686002522067e-01,1.261034047919293820e-02,5.044136191677175279e-03,0.000000000000000000e+00,0.000000000000000000e+00,0.000000000000000000e+00,0.000000000000000000e+00,1.261034047919293820e-03,0.000000000000000000e+00,0.000000000000000000e+00,0.000000000000000000e+00,0.000000000000000000e+00,2.522068095838587640e-03
0.000000000000000000e+00,0.000000000000000000e+00,0.000000000000000000e+00,7.987220447284344715e-04,0.000000000000000000e+00,7.987220447284344715e-04,2.396166134185303415e-03,8.785942492012779187e-03,5.830670926517571989e-02,8.123003194888178680e-01,8.785942492012779881e-02,1.118210862619808260e-02,5.591054313099041301e-03,1.597444089456868943e-03,1.597444089456868943e-03,7.987220447284344715e-04,7.987220447284344715e-04,1.597444089456868943e-03,7.987220447284344715e-04,0.000000000000000000e+00,2.396166134185303415e-03,2.396166134185303415e-03
0.000000000000000000e+00,0.000000000000000000e+00,0.000000000000000000e+00,0.000000000000000000e+00,8.976660682226212176e-04,8.976660682226212176e-04,8.976660682226212176e-04,8.976660682226212176e-04,1.346499102333931740e-02,8.886894075403949100e-02,7.818671454219030537e-01,7.271095152603231082e-02,1.795332136445242435e-02,6.283662477558348523e-03,1.795332136445242435e-03,2.692998204667863653e-03,1.795332136445242435e-03,0.000000000000000000e+00,0.000000000000000000e+00,8.976660682226212176e-04,8.976660682226212176e-04,7.181328545780969741e-03
0.000000000000000000e+00,0.000000000000000000e+00,2.227171492204899680e-03,0.000000000000000000e+00,0.000000000000000000e+00,0.000000000000000000e+00,2.227171492204899680e-03,0.000000000000000000e+00,8.908685968819598719e-03,2.004454342984409929e-02,1.536748329621380749e-01,6.525612472160355892e-01,1.224944320712694906e-01,1.559020044543429906e-02,6.681514476614699473e-03,6.681514476614699473e-03,0.000000000000000000e+00,2.227171492204899680e-03,2.227171492204899680e-03,0.000000000000000000e+00,0.000000000000000000e+00,4.454342984409799359e-03
0.000000000000000000e+00,0.000000000000000000e+00,0.000000000000000000e+00,3.496503496503496500e-03,0.000000000000000000e+00,0.000000000000000000e+00,0.000000000000000000e+00,1.048951048951048994e-02,6.993006993006993001e-03,2.797202797202797200e-02,5.944055944055944007e-02,1.468531468531468487e-01,6.013986013986013512e-01,5.244755244755244794e-02,2.447552447552447594e-02,1.048951048951048994e-02,1.048951048951048994e-02,3.496503496503496500e-03,6.993006993006993001e-03,0.000000000000000000e+00,0.000000000000000000e+00,3.496503496503496761e-02
0.000000000000000000e+00,0.000000000000000000e+00,0.000000000000000000e+00,0.000000000000000000e+00,0.000000000000000000e+00,0.000000000000000000e+00,6.410256410256410034e-03,6.410256410256410034e-03,2.564102564102564014e-02,1.282051282051282007e-02,3.846153846153846367e-02,5.769230769230769551e-02,8.974358974358974395e-02,6.089743589743589203e-01,8.974358974358974395e-02,6.410256410256410034e-03,6.410256410256410034e-03,6.410256410256410034e-03,6.410256410256410034e-03,0.000000000000000000e+00,0.000000000000000000e+00,3.846153846153846367e-02
0.000000000000000000e+00,0.000000000000000000e+00,0.000000000000000000e+00,0.000000000000000000e+00,0.000000000000000000e+00,0.000000000000000000e+00,0.000000000000000000e+00,0.000000000000000000e+00,0.000000000000000000e+00,3.749999999999999861e-02,6.250000000000000000e-02,6.250000000000000000e-02,3.749999999999999861e-02,1.375000000000000111e-01,4.124999999999999778e-01,5.000000000000000278e-02,3.749999999999999861e-02,1.250000000000000069e-02,1.250000000000000069e-02,0.000000000000000000e+00,0.000000000000000000e+00,1.375000000000000111e-01
0.000000000000000000e+00,0.000000000000000000e+00,0.000000000000000000e+00,0.000000000000000000e+00,0.000000000000000000e+00,0.000000000000000000e+00,0.000000000000000000e+00,0.000000000000000000e+00,0.000000000000000000e+00,0.000000000000000000e+00,2.439024390243902524e-02,4.878048780487805047e-02,4.878048780487805047e-02,4.878048780487805047e-02,1.463414634146341375e-01,3.414634146341463672e-01,1.219512195121951192e-01,2.439024390243902524e-02,2.439024390243902524e-02,0.000000000000000000e+00,2.439024390243902524e-02,1.463414634146341375e-01
0.000000000000000000e+00,0.000000000000000000e+00,0.000000000000000000e+00,0.000000000000000000e+00,0.000000000000000000e+00,0.000000000000000000e+00,0.000000000000000000e+00,0.000000000000000000e+00,5.000000000000000278e-02,0.000000000000000000e+00,2.500000000000000139e-02,0.000000000000000000e+00,7.499999999999999722e-02,5.000000000000000278e-02,5.000000000000000278e-02,1.250000000000000000e-01,3.250000000000000111e-01,1.000000000000000056e-01,2.500000000000000139e-02,0.000000000000000000e+00,0.000000000000000000e+00,1.749999999999999889e-01
0.000000000000000000e+00,0.000000000000000000e+00,0.000000000000000000e+00,0.000000000000000000e+00,0.000000000000000000e+00,0.000000000000000000e+00,0.000000000000000000e+00,0.000000000000000000e+00,0.000000000000000000e+00,1.304347826086956486e-01,0.000000000000000000e+00,8.695652173913043237e-02,8.695652173913043237e-02,0.000000000000000000e+00,0.000000000000000000e+00,0.000000000000000000e+00,8.695652173913043237e-02,2.173913043478260809e-01,4.347826086956521618e-02,8.695652173913043237e-02,4.347826086956521618e-02,2.173913043478260809e-01
0.000000000000000000e+00,0.000000000000000000e+00,0.000000000000000000e+00,0.000000000000000000e+00,3.448275862068965469e-02,0.000000000000000000e+00,0.000000000000000000e+00,0.000000000000000000e+00,0.000000000000000000e+00,3.448275862068965469e-02,3.448275862068965469e-02,0.000000000000000000e+00,0.000000000000000000e+00,1.379310344827586188e-01,0.000000000000000000e+00,1.034482758620689641e-01,3.448275862068965469e-02,6.896551724137930939e-02,3.793103448275861878e-01,1.034482758620689641e-01,3.448275862068965469e-02,3.448275862068965469e-02
0.000000000000000000e+00,0.000000000000000000e+00,0.000000000000000000e+00,0.000000000000000000e+00,0.000000000000000000e+00,0.000000000000000000e+00,0.000000000000000000e+00,0.000000000000000000e+00,0.000000000000000000e+00,0.000000000000000000e+00,0.000000000000000000e+00,1.111111111111111049e-01,0.000000000000000000e+00,1.666666666666666574e-01,5.555555555555555247e-02,0.000000000000000000e+00,0.000000000000000000e+00,0.000000000000000000e+00,5.555555555555555247e-02,2.222222222222222099e-01,5.555555555555555247e-02,3.333333333333333148e-01
0.000000000000000000e+00,0.000000000000000000e+00,0.000000000000000000e+00,0.000000000000000000e+00,0.000000000000000000e+00,0.000000000000000000e+00,0.000000000000000000e+00,0.000000000000000000e+00,0.000000000000000000e+00,9.090909090909091161e-02,9.090909090909091161e-02,9.090909090909091161e-02,1.818181818181818232e-01,0.000000000000000000e+00,0.000000000000000000e+00,9.090909090909091161e-02,0.000000000000000000e+00,9.090909090909091161e-02,9.090909090909091161e-02,0.000000000000000000e+00,1.818181818181818232e-01,9.090909090909091161e-02
0.000000000000000000e+00,0.000000000000000000e+00,6.666666666666667095e-03,6.666666666666667095e-03,0.000000000000000000e+00,0.000000000000000000e+00,0.000000000000000000e+00,0.000000000000000000e+00,6.666666666666667095e-03,1.333333333333333419e-02,2.666666666666666838e-02,2.000000000000000042e-02,4.666666666666666879e-02,5.999999999999999778e-02,4.000000000000000083e-02,3.333333333333333287e-02,2.666666666666666838e-02,2.666666666666666838e-02,5.333333333333333676e-02,4.000000000000000083e-02,2.000000000000000042e-02,5.733333333333333615e-01
