9.361233480176210930e-01,1.321585903083700476e-02,1.321585903083700476e-02,6.607929515418502382e-03,8.810572687224670421e-03,2.202643171806167605e-03,0.000000000000000000e+00,0.000000000000000000e+00,0.000000000000000000e+00,0.000000000000000000e+00,0.000000000000000000e+00,0.000000000000000000e+00,2.202643171806167605e-03,0.000000000000000000e+00,2.202643171806167605e-03,0.000000000000000000e+00,0.000000000000000000e+00,0.000000000000000000e+00,2.202643171806167605e-03,0.000000000000000000e+00,0.000000000000000000e+00,1.321585903083700476e-02
7.017543859649122417e-02,7.368421052631578538e-01,9.649122807017543324e-02,4.385964912280701511e-02,8.771929824561403022e-03,0.000000000000000000e+00,0.000000000000000000e+00,0.000000000000000000e+00,8.771929824561403022e-03,0.000000000000000000e+00,0.000000000000000000e+00,0.000000000000000000e+00,0.000000000000000000e+00,0.000000000000000000e+00,0.000000000000000000e+00,0.000000000000000000e+00,0.000000000000000000e+00,0.000000000000000000e+00,0.000000000000000000e+00,0.000000000000000000e+00,0.000000000000000000e+00,3.508771929824561209e-02
3.883495145631067624e-02,1.359223300970873738e-01,6.310679611650485965e-01,1.262135922330097082e-01,1.941747572815533812e-02,0.000000000000000000e+00,9.708737864077669061e-03,0.000000000000000000e+00,9.708737864077669061e-03,9.708737864077669061e-03,0.000000000000000000e+00,0.000000000000000000e+00,0.000000000000000000e+00,0.000000000000000000e+00,9.708737864077669061e-03,0.000000000000000000e+00,9.708737864077669061e-03,0.000000000000000000e+00,0.000000000000000000e+00,0.000000000000000000e+00,0.000000000000000000e+00,0.000000000000000000e+00
1.948051948051948007e-02,1.298701298701298787e-02,6.493506493506492894e-02,6.428571428571429047e-01,1.688311688311688319e-01,3.896103896103896014e-02,1.298701298701298787e-02,0.000000000000000000e+00,1.298701298701298787e-02,0.000000000000000000e+00,6.493506493506493935e-03,0.000000000000000000e+00,0.000000000000000000e+00,0.000000000000000000e+00,0.000000000000000000e+00,0.000000000000000000e+00,6.493506493506493935e-03,0.000000000000000000e+00,0.000000000000000000e+00,0.000000000000000000e+00,0.000000000000000000e+00,1.298701298701298787e-02
0.000000000000000000e+00,9.756097560975609748e-03,1.463414634146341549e-02,1.024390243902438963e-01,6.926829268292682418e-01,1.073170731707317055e-01,9.756097560975609748e-03,9.756097560975609748e-03,4.878048780487804874e-03,9.756097560975609748e-03,0.000000000000000000e+00,4.878048780487804874e-03,0.000000000000000000e+00,0.000000000000000000e+00,4.878048780487804874e-03,0.000000000000000000e+00,0.000000000000000000e+00,0.000000000000000000e+00,0.000000000000000000e+00,4.878048780487804874e-03,0.000000000000000000e+00,2.439024390243902524e-02
0.000000000000000000e+00,1.025641025641025640e-02,5.128205128205128201e-03,2.051282051282051280e-02,7.179487179487178961e-02,7.076923076923077316e-01,1.179487179487179460e-01,1.025641025641025640e-02,2.564102564102564014e-02,1.025641025641025640e-02,1.025641025641025640e-02,0.000000000000000000e+00,0.000000000000000000e+00,0.000000000000000000e+00,0.000000000000000000e+00,0.000000000000000000e+00,0.000000000000000000e+00,0.000000000000000000e+00,0.000000000000000000e+00,0.000000000000000000e+00,0.000000000000000000e+00,1.025641025641025640e-02
8.333333333333333218e-03,0.000000000000000000e+00,2.777777777777777884e-03,8.333333333333333218e-03,8.333333333333333218e-03,6.388888888888888395e-02,7.333333333333332815e-01,1.166666666666666685e-01,1.111111111111111154e-02,8.333333333333333218e-03,8.333333333333333218e-03,1.388888888888888812e-02,2.777777777777777884e-03,0.000000000000000000e+00,0.000000000000000000e+00,0.000000000000000000e+00,0.000000000000000000e+00,0.000000000000000000e+00,0.000000000000000000e+00,0.000000000000000000e+00,0.000000000000000000e+00,1.388888888888888812e-02
3.590664272890484870e-03,0.000000000000000000e+00,0.000000000000000000e+00,0.000000000000000000e+00,0.000000000000000000e+00,1.795332136445242435e-03,7.001795332136445671e-02,7.576301615798922695e-01,1.059245960502692985e-01,2.872531418312387896e-02,8.976660682226212176e-03,3.590664272890484870e-03,3.590664272890484870e-03,3.590664272890484870e-03,3.590664272890484870e-03,0.000000000000000000e+00,1.795332136445242435e-03,0.000000000000000000e+00,1.795332136445242435e-03,0.000000000000000000e+00,0.000000000000000000e+00,5.385996409335727306e-03
0.000000000000000000e+00,0.000000000000000000e+00,1.557632398753894037e-03,0.000000000000000000e+00,1.557632398753894037e-03,3.115264797507788074e-03,1.557632398753894080e-02,7.009345794392522755e-02,7.429906542056075036e-01,1.105919003115264782e-01,1.401869158878504655e-02,1.869158878504672758e-02,3.115264797507788074e-03,1.557632398753894037e-03,1.557632398753894037e-03,3.115264797507788074e-03,0.000000000000000000e+00,0.000000000000000000e+00,0.000000000000000000e+00,1.557632398753894037e-03,0.000000000000000000e+00,1.090342679127725804e-02
0.000000000000000000e+00,0.000000000000000000e+00,0.000000000000000000e+00,0.000000000000000000e+00,1.470588235294117627e-03,4.411764705882352880e-03,1.176470588235294101e-02,1.617647058823529563e-02,8.823529411764706454e-02,7.470588235294117752e-01,7.205882352941175850e-02,1.911764705882353088e-02,1.176470588235294101e-02,0.000000000000000000e+00,0.000000000000000000e+00,2.941176470588235253e-03,2.941176470588235253e-03,1.470588235294117627e-03,0.000000000000000000e+00,2.941176470588235253e-03,0.000000000000000000e+00,1.764705882352941152e-02
2.923976608187134341e-03,0.000000000000000000e+00,0.000000000000000000e+00,2.923976608187134341e-03,2.923976608187134341e-03,0.000000000000000000e+00,2.923976608187134341e-03,1.169590643274853736e-02,3.216374269005847775e-02,1.578947368421052544e-01,5.818713450292397615e-01,8.187134502923976154e-02,3.216374269005847775e-02,2.923976608187134341e-02,8.771929824561403022e-03,0.000000000000000000e+00,1.461988304093567170e-02,5.847953216374268681e-03,5.847953216374268681e-03,0.000000000000000000e+00,0.000000000000000000e+00,2.631578947368420907e-02
3.571428571428571317e-03,0.000000000000000000e+00,0.000000000000000000e+00,3.571428571428571317e-03,7.142857142857142634e-03,0.000000000000000000e+00,1.071428571428571438e-02,1.428571428571428527e-02,3.571428571428571230e-02,5.000000000000000278e-02,1.250000000000000000e-01,6.142857142857143238e-01,5.000000000000000278e-02,2.500000000000000139e-02,1.071428571428571438e-02,7.142857142857142634e-03,0.000000000000000000e+00,3.571428571428571317e-03,7.142857142857142634e-03,3.571428571428571317e-03,0.000000000000000000e+00,2.857142857142857054e-02
0.000000000000000000e+00,0.000000000000000000e+00,0.000000000000000000e+00,0.000000000000000000e+00,0.000000000000000000e+00,0.000000000000000000e+00,8.333333333333333218e-03,2.500000000000000139e-02,2.500000000000000139e-02,1.666666666666666644e-02,7.499999999999999722e-02,1.833333333333333204e-01,4.333333333333333481e-01,5.833333333333333426e-02,5.833333333333333426e-02,2.500000000000000139e-02,8.333333333333333218e-03,1.666666666666666644e-02,1.666666666666666644e-02,8.333333333333333218e-03,0.000000000000000000e+00,4.166666666666666435e-02
0.000000000000000000e+00,0.000000000000000000e+00,0.000000000000000000e+00,0.000000000000000000e+00,0.000000000000000000e+00,0.000000000000000000e+00,7.299270072992700489e-03,2.919708029197080196e-02,1.459854014598540098e-02,2.919708029197080196e-02,6.569343065693430961e-02,2.919708029197080196e-02,9.489051094890510463e-02,5.182481751824817851e-01,7.299270072992700142e-02,5.109489051094890516e-02,2.919708029197080196e-02,7.299270072992700489e-03,0.000000000000000000e+00,0.000000000000000000e+00,0.000000000000000000e+00,5.109489051094890516e-02
0.000000000000000000e+00,1.149425287356321823e-02,0.000000000000000000e+00,0.000000000000000000e+00,2.298850574712643646e-02,1.149425287356321823e-02,0.000000000000000000e+00,2.298850574712643646e-02,1.149425287356321823e-02,2.298850574712643646e-02,2.298850574712643646e-02,4.597701149425287293e-02,3.448275862068965469e-02,1.264367816091954144e-01,4.137931034482758563e-01,8.045977011494252762e-02,2.298850574712643646e-02,0.000000000000000000e+00,3.448275862068965469e-02,0.000000000000000000e+00,0.000000000000000000e+00,1.149425287356321823e-01
0.000000000000000000e+00,0.000000000000000000e+00,0.000000000000000000e+00,0.000000000000000000e+00,0.000000000000000000e+00,0.000000000000000000e+00,1.075268817204301161e-02,1.075268817204301161e-02,0.000000000000000000e+00,1.075268817204301161e-02,1.075268817204301161e-02,3.225806451612903136e-02,5.376344086021505458e-02,5.376344086021505458e-02,9.677419354838709409e-02,4.731182795698924970e-01,4.301075268817204644e-02,1.075268817204301161e-02,3.225806451612903136e-02,2.150537634408602322e-02,2.150537634408602322e-02,1.182795698924731242e-01
1.282051282051282007e-02,0.000000000000000000e+00,0.000000000000000000e+00,0.000000000000000000e+00,0.000000000000000000e+00,0.000000000000000000e+00,0.000000000000000000e+00,1.282051282051282007e-02,0.000000000000000000e+00,1.282051282051282007e-02,2.564102564102564014e-02,3.846153846153846367e-02,0.000000000000000000e+00,5.128205128205128027e-02,5.128205128205128027e-02,7.692307692307692735e-02,5.000000000000000000e-01,5.128205128205128027e-02,2.564102564102564014e-02,3.846153846153846367e-02,2.564102564102564014e-02,7.692307692307692735e-02
0.000000000000000000e+00,0.000000000000000000e+00,0.000000000000000000e+00,0.000000000000000000e+00,0.000000000000000000e+00,0.000000000000000000e+00,0.000000000000000000e+00,0.000000000000000000e+00,0.000000000000000000e+00,0.000000000000000000e+00,5.084745762711864736e-02,1.694915254237288130e-02,3.389830508474576259e-02,1.694915254237288130e-02,1.694915254237288130e-02,1.694915254237288130e-02,3.389830508474576259e-02,5.762711864406779849e-01,1.694915254237288130e-02,1.694915254237288130e-02,5.084745762711864736e-02,1.525423728813559421e-01
1.639344262295082053e-02,0.000000000000000000e+00,0.000000000000000000e+00,0.000000000000000000e+00,0.000000000000000000e+00,0.000000000000000000e+00,0.000000000000000000e+00,0.000000000000000000e+00,0.000000000000000000e+00,0.000000000000000000e+00,3.278688524590164105e-02,1.639344262295082053e-02,3.278688524590164105e-02,3.278688524590164105e-02,1.639344262295082053e-02,3.278688524590164105e-02,3.278688524590164105e-02,3.278688524590164105e-02,5.409836065573770947e-01,0.000000000000000000e+00,3.278688524590164105e-02,1.803278688524590223e-01
0.000000000000000000e+00,0.000000000000000000e+00,0.000000000000000000e+00,0.000000000000000000e+00,0.000000000000000000e+00,0.000000000000000000e+00,3.448275862068965469e-02,0.000000000000000000e+00,0.000000000000000000e+00,1.034482758620689641e-01,3.448275862068965469e-02,3.448275862068965469e-02,3.448275862068965469e-02,0.000000000000000000e+00,3.448275862068965469e-02,3.448275862068965469e-02,3.448275862068965469e-02,3.448275862068965469e-02,1.034482758620689641e-01,3.448275862068965747e-01,0.000000000000000000e+00,1.724137931034482873e-01
0.000000000000000000e+00,0.000000000000000000e+00,0.000000000000000000e+00,0.000000000000000000e+00,0.000000000000000000e+00,0.000000000000000000e+00,0.000000000000000000e+00,0.000000000000000000e+00,0.000000000000000000e+00,0.000000000000000000e+00,5.263157894736841813e-02,0.000000000000000000e+00,0.000000000000000000e+00,0.000000000000000000e+00,0.000000000000000000e+00,5.263157894736841813e-02,5.263157894736841813e-02,5.263157894736841813e-02,5.263157894736841813e-02,5.263157894736841813e-02,3.157894736842105088e-01,3.684210526315789269e-01
5.514705882352941534e-03,3.676470588235294067e-03,0.000000000000000000e+00,1.838235294117647033e-03,1.838235294117647033e-03,1.838235294117647033e-03,7.352941176470588133e-03,1.838235294117647033e-03,3.676470588235294067e-03,1.102941176470588307e-02,2.205882352941176613e-02,1.838235294117647120e-02,1.102941176470588307e-02,2.205882352941176613e-02,1.286764705882352880e-02,2.022058823529411867e-02,2.022058823529411867e-02,9.191176470588235600e-03,1.286764705882352880e-02,9.191176470588235600e-03,1.102941176470588307e-02,7.922794117647058432e-01
