9.692307692307692291e-01,1.538461538461538547e-02,0.000000000000000000e+00,0.000000000000000000e+00,1.538461538461538547e-02,0.000000000000000000e+00,0.000000000000000000e+00,0.000000000000000000e+00,0.000000000000000000e+00,0.000000000000000000e+00,0.000000000000000000e+00,0.000000000000000000e+00,0.000000000000000000e+00,0.000000000000000000e+00,0.000000000000000000e+00,0.000000000000000000e+00,0.000000000000000000e+00,0.000000000000000000e+00,0.000000000000000000e+00,0.000000000000000000e+00,0.000000000000000000e+00,0.000000000000000000e+00
5.263157894736841813e-02,7.894736842105263275e-01,1.578947368421052544e-01,0.000000000000000000e+00,0.000000000000000000e+00,0.000000000000000000e+00,0.000000000000000000e+00,0.000000000000000000e+00,0.000000000000000000e+00,0.000000000000000000e+00,0.000000000000000000e+00,0.000000000000000000e+00,0.000000000000000000e+00,0.000000000000000000e+00,0.000000000000000000e+00,0.000000000000000000e+00,0.000000000000000000e+00,0.000000000000000000e+00,0.000000000000000000e+00,0.000000000000000000e+00,0.000000000000000000e+00,0.000000000000000000e+00
0.000000000000000000e+00,9.090909090909091161e-02,5.909090909090909394e-01,2.727272727272727071e-01,0.000000000000000000e+00,0.000000000000000000e+00,4.545454545454545581e-02,0.000000000000000000e+00,0.000000000000000000e+00,0.000000000000000000e+00,0.000000000000000000e+00,0.000000000000000000e+00,0.000000000000000000e+00,0.000000000000000000e+00,0.000000000000000000e+00,0.000000000000000000e+00,0.000000000000000000e+00,0.000000000000000000e+00,0.000000000000000000e+00,0.000000000000000000e+00,0.000000000000000000e+00,0.000000000000000000e+00
0.000000000000000000e+00,2.222222222222222307e-02,6.666666666666666574e-02,7.555555555555555358e-01,1.111111111111111049e-01,2.222222222222222307e-02,0.000000000000000000e+00,0.000000000000000000e+00,0.000000000000000000e+00,0.000000000000000000e+00,0.000000000000000000e+00,0.000000000000000000e+00,0.000000000000000000e+00,0.000000000000000000e+00,0.000000000000000000e+00,0.000000000000000000e+00,0.000000000000000000e+00,0.000000000000000000e+00,0.000000000000000000e+00,0.000000000000000000e+00,0.000000000000000000e+00,2.222222222222222307e-02
0.000000000000000000e+00,0.000000000000000000e+00,0.000000000000000000e+00,8.000000000000000167e-02,8.133333333333333526e-01,2.666666666666666838e-02,2.666666666666666838e-02,2.666666666666666838e-02,0.000000000000000000e+00,0.000000000000000000e+00,0.000000000000000000e+00,0.000000000000000000e+00,1.333333333333333419e-02,0.000000000000000000e+00,0.000000000000000000e+00,0.000000000000000000e+00,0.000000000000000000e+00,0.000000000000000000e+00,0.000000000000000000e+00,1.333333333333333419e-02,0.000000000000000000e+00,0.000000000000000000e+00
0.000000000000000000e+00,3.703703703703703498e-02,3.703703703703703498e-02,0.000000000000000000e+00,7.407407407407406996e-02,4.814814814814814548e-01,3.703703703703703498e-02,1.851851851851851749e-01,7.407407407407406996e-02,0.000000000000000000e+00,0.000000000000000000e+00,0.000000000000000000e+00,0.000000000000000000e+00,0.000000000000000000e+00,0.000000000000000000e+00,0.000000000000000000e+00,0.000000000000000000e+00,3.703703703703703498e-02,0.000000000000000000e+00,0.000000000000000000e+00,0.000000000000000000e+00,3.703703703703703498e-02
0.000000000000000000e+00,0.000000000000000000e+00,0.000000000000000000e+00,1.052631578947368397e-02,0.000000000000000000e+00,4.210526315789473589e-02,7.157894736842105310e-01,1.684210526315789436e-01,3.157894736842105365e-02,1.052631578947368397e-02,1.052631578947368397e-02,0.000000000000000000e+00,0.000000000000000000e+00,0.000000000000000000e+00,0.000000000000000000e+00,0.000000000000000000e+00,0.000000000000000000e+00,0.000000000000000000e+00,0.000000000000000000e+00,0.000000000000000000e+00,0.000000000000000000e+00,1.052631578947368397e-02
0.000000000000000000e+00,0.000000000000000000e+00,0.000000000000000000e+00,0.000000000000000000e+00,8.474576271186440649e-03,4.237288135593220324e-03,4.661016949152542443e-02,6.906779661016949623e-01,1.652542372881355970e-01,3.813559322033898552e-02,1.271186440677966184e-02,8.474576271186440649e-03,8.474576271186440649e-03,4.237288135593220324e-03,0.000000000000000000e+00,0.000000000000000000e+00,0.000000000000000000e+00,0.000000000000000000e+00,0.000000000000000000e+00,4.237288135593220324e-03,0.000000000000000000e+00,8.474576271186440649e-03
0.000000000000000000e+00,0.000000000000000000e+00,0.000000000000000000e+00,0.000000000000000000e+00,0.000000000000000000e+00,5.102040816326530205e-03,1.530612244897959148e-02,6.122448979591836593e-02,7.678571428571429047e-01,1.173469387755102095e-01,1.785714285714285615e-02,5.102040816326530205e-03,5.102040816326530205e-03,0.000000000000000000e+00,0.000000000000000000e+00,0.000000000000000000e+00,0.000000000000000000e+00,0.000000000000000000e+00,0.000000000000000000e+00,0.000000000000000000e+00,0.000000000000000000e+00,5.102040816326530205e-03
0.000000000000000000e+00,0.000000000000000000e+00,0.000000000000000000e+00,0.000000000000000000e+00,0.000000000000000000e+00,0.000000000000000000e+00,1.569858712715855665e-03,7.849293563579277239e-03,6.907378335949763970e-02,7.739403453689167600e-01,1.083202511773940363e-01,1.726844583987440993e-02,6.279434850863422658e-03,3.139717425431711329e-03,1.569858712715855665e-03,0.000000000000000000e+00,1.569858712715855665e-03,1.569858712715855665e-03,0.000000000000000000e+00,0.000000000000000000e+00,0.000000000000000000e+00,7.849293563579277239e-03
0.000000000000000000e+00,0.000000000000000000e+00,0.000000000000000000e+00,0.000000000000000000e+00,0.000000000000000000e+00,0.000000000000000000e+00,1.733102253032928848e-03,8.665511265164644455e-03,1.559792027729636071e-02,1.039861351819757335e-01,7.400346620450606316e-01,1.005199306759098771e-01,1.559792027729636071e-02,5.199306759098787194e-03,0.000000000000000000e+00,3.466204506065857695e-03,1.733102253032928848e-03,1.733102253032928848e-03,0.000000000000000000e+00,0.000000000000000000e+00,0.000000000000000000e+00,1.733102253032928848e-03
3.257328990228013175e-03,0.000000000000000000e+00,0.000000000000000000e+00,0.000000000000000000e+00,0.000000000000000000e+00,0.000000000000000000e+00,0.000000000000000000e+00,3.257328990228013175e-03,9.771986970684038223e-03,3.583061889250814536e-02,1.400651465798045670e-01,6.905537459283387358e-01,7.166123778501629071e-02,6.514657980456026350e-03,0.000000000000000000e+00,6.514657980456026350e-03,3.257328990228013175e-03,0.000000000000000000e+00,3.257328990228013175e-03,0.000000000000000000e+00,0.000000000000000000e+00,2.605863192182410540e-02
0.000000000000000000e+00,0.000000000000000000e+00,0.000000000000000000e+00,0.000000000000000000e+00,7.407407407407407690e-03,0.000000000000000000e+00,0.000000000000000000e+00,7.407407407407407690e-03,2.222222222222222307e-02,6.666666666666666574e-02,7.407407407407406996e-02,1.333333333333333315e-01,5.185185185185184897e-01,6.666666666666666574e-02,1.481481481481481538e-02,3.703703703703703498e-02,7.407407407407407690e-03,2.222222222222222307e-02,0.000000000000000000e+00,7.407407407407407690e-03,0.000000000000000000e+00,1.481481481481481538e-02
0.000000000000000000e+00,0.000000000000000000e+00,0.000000000000000000e+00,0.000000000000000000e+00,0.000000000000000000e+00,0.000000000000000000e+00,0.000000000000000000e+00,0.000000000000000000e+00,0.000000000000000000e+00,2.857142857142857054e-02,5.714285714285714107e-02,1.142857142857142821e-01,1.428571428571428492e-01,3.142857142857142794e-01,8.571428571428571508e-02,2.857142857142857054e-02,0.000000000000000000e+00,2.857142857142857054e-02,5.714285714285714107e-02,2.857142857142857054e-02,0.000000000000000000e+00,1.142857142857142821e-01
0.000000000000000000e+00,0.000000000000000000e+00,0.000000000000000000e+00,0.000000000000000000e+00,0.000000000000000000e+00,0.000000000000000000e+00,0.000000000000000000e+00,0.000000000000000000e+00,5.882352941176470507e-02,0.000000000000000000e+00,0.000000000000000000e+00,5.882352941176470507e-02,3.529411764705882582e-01,1.764705882352941291e-01,2.352941176470588203e-01,0.000000000000000000e+00,0.000000000000000000e+00,0.000000000000000000e+00,0.000000000000000000e+00,0.000000000000000000e+00,5.882352941176470507e-02,5.882352941176470507e-02
0.000000000000000000e+00,0.000000000000000000e+00,0.000000000000000000e+00,0.000000000000000000e+00,0.000000000000000000e+00,0.000000000000000000e+00,0.000000000000000000e+00,0.000000000000000000e+00,0.000000000000000000e+00,0.000000000000000000e+00,1.481481481481481399e-01,1.481481481481481399e-01,1.111111111111111049e-01,0.000000000000000000e+00,1.481481481481481399e-01,2.592592592592592449e-01,7.407407407407406996e-02,0.000000000000000000e+00,0.000000000000000000e+00,3.703703703703703498e-02,0.000000000000000000e+00,7.407407407407406996e-02
0.000000000000000000e+00,0.000000000000000000e+00,0.000000000000000000e+00,0.000000000000000000e+00,0.000000000000000000e+00,0.000000000000000000e+00,0.000000000000000000e+00,0.000000000000000000e+00,5.882352941176470507e-02,5.882352941176470507e-02,5.882352941176470507e-02,0.000000000000000000e+00,1.176470588235294101e-01,5.882352941176470507e-02,5.882352941176470507e-02,1.176470588235294101e-01,3.529411764705882582e-01,0.000000000000000000e+00,1.176470588235294101e-01,0.000000000000000000e+00,0.000000000000000000e+00,0.000000000000000000e+00
0.000000000000000000e+00,0.000000000000000000e+00,0.000000000000000000e+00,0.000000000000000000e+00,0.000000000000000000e+00,1.000000000000000056e-01,0.000000000000000000e+00,1.000000000000000056e-01,0.000000000000000000e+00,1.000000000000000056e-01,0.000000000000000000e+00,0.000000000000000000e+00,1.000000000000000056e-01,1.000000000000000056e-01,0.000000000000000000e+00,0.000000000000000000e+00,2.000000000000000111e-01,1.000000000000000056e-01,0.000000000000000000e+00,0.000000000000000000e+00,1.000000000000000056e-01,1.000000000000000056e-01
0.000000000000000000e+00,0.000000000000000000e+00,0.000000000000000000e+00,0.000000000000000000e+00,0.000000000000000000e+00,0.000000000000000000e+00,0.000000000000000000e+00,0.000000000000000000e+00,0.000000000000000000e+00,9.523809523809523281e-02,0.000000000000000000e+00,0.000000000000000000e+00,0.000000000000000000e+00,0.000000000000000000e+00,4.761904761904761640e-02,9.523809523809523281e-02,9.523809523809523281e-02,4.761904761904761640e-02,3.809523809523809312e-01,0.000000000000000000e+00,4.761904761904761640e-02,1.904761904761904656e-01
0.000000000000000000e+00,0.000000000000000000e+00,0.000000000000000000e+00,0.000000000000000000e+00,1.111111111111111049e-01,0.000000000000000000e+00,0.000000000000000000e+00,0.000000000000000000e+00,0.000000000000000000e+00,0.000000000000000000e+00,0.000000000000000000e+00,2.222222222222222099e-01,1.111111111111111049e-01,0.000000000000000000e+00,0.000000000000000000e+00,2.222222222222222099e-01,0.000000000000000000e+00,0.000000000000000000e+00,0.000000000000000000e+00,2.222222222222222099e-01,0.000000000000000000e+00,1.111111111111111049e-01
0.000000000000000000e+00,0.000000000000000000e+00,0.000000000000000000e+00,0.000000000000000000e+00,0.000000000000000000e+00,0.000000000000000000e+00,0.000000000000000000e+00,0.000000000000000000e+00,0.000000000000000000e+00,0.000000000000000000e+00,0.000000000000000000e+00,1.000000000000000056e-01,0.000000000000000000e+00,0.000000000000000000e+00,0.000000000000000000e+00,2.000000000000000111e-01,0.000000000000000000e+00,1.000000000000000056e-01,1.000000000000000056e-01,1.000000000000000056e-01,2.999999999999999889e-01,1.000000000000000056e-01
0.000000000000000000e+00,0.000000000000000000e+00,0.000000000000000000e+00,0.000000000000000000e+00,0.000000000000000000e+00,0.000000000000000000e+00,0.000000000000000000e+00,1.075268817204301161e-02,2.150537634408602322e-02,2.150537634408602322e-02,2.150537634408602322e-02,4.301075268817204644e-02,5.376344086021505458e-02,3.225806451612903136e-02,2.150537634408602322e-02,1.075268817204301161e-02,2.150537634408602322e-02,0.000000000000000000e+00,6.451612903225806273e-02,0.000000000000000000e+00,4.301075268817204644e-02,6.344086021505376261e-01
