7.395833333333333703e-01,1.006944444444444475e-01,1.562500000000000000e-02,5.208333333333333044e-03,0.000000000000000000e+00,3.472222222222222029e-03,1.736111111111111015e-03,1.736111111111111015e-03,0.000000000000000000e+00,0.000000000000000000e+00,1.736111111111111015e-03,0.000000000000000000e+00,0.000000000000000000e+00,0.000000000000000000e+00,0.000000000000000000e+00,0.000000000000000000e+00,0.000000000000000000e+00,1.736111111111111015e-03,6.944444444444444059e-03,1.736111111111111188e-02,1.041666666666666713e-01
1.359223300970873738e-01,6.925566343042071082e-01,7.119741100323624672e-02,6.472491909385113575e-03,0.000000000000000000e+00,6.472491909385113575e-03,3.236245954692556787e-03,0.000000000000000000e+00,3.236245954692556787e-03,0.000000000000000000e+00,2.588996763754045430e-02,3.236245954692556787e-03,0.000000000000000000e+00,0.000000000000000000e+00,0.000000000000000000e+00,0.000000000000000000e+00,0.000000000000000000e+00,0.000000000000000000e+00,3.236245954692556787e-03,9.708737864077669061e-03,3.883495145631067624e-02
7.407407407407406996e-02,1.333333333333333315e-01,5.185185185185184897e-01,6.666666666666666574e-02,1.481481481481481538e-02,3.703703703703703498e-02,7.407407407407407690e-03,2.222222222222222307e-02,0.000000000000000000e+00,7.407407407407407690e-03,1.481481481481481538e-02,0.000000000000000000e+00,0.000000000000000000e+00,0.000000000000000000e+00,0.000000000000000000e+00,7.407407407407407690e-03,0.000000000000000000e+00,0.000000000000000000e+00,7.407407407407407690e-03,2.222222222222222307e-02,6.666666666666666574e-02
5.714285714285714107e-02,1.142857142857142821e-01,1.428571428571428492e-01,3.142857142857142794e-01,8.571428571428571508e-02,2.857142857142857054e-02,0.000000000000000000e+00,2.857142857142857054e-02,5.714285714285714107e-02,2.857142857142857054e-02,1.142857142857142821e-01,0.000000000000000000e+00,0.000000000000000000e+00,0.000000000000000000e+00,0.000000000000000000e+00,0.000000000000000000e+00,0.000000000000000000e+00,0.000000000000000000e+00,0.000000000000000000e+00,0.000000000000000000e+00,2.857142857142857054e-02
0.000000000000000000e+00,5.882352941176470507e-02,3.529411764705882582e-01,1.764705882352941291e-01,2.352941176470588203e-01,0.000000000000000000e+00,0.000000000000000000e+00,0.000000000000000000e+00,0.000000000000000000e+00,0.000000000000000000e+00,1.176470588235294101e-01,0.000000000000000000e+00,0.000000000000000000e+00,0.000000000000000000e+00,0.000000000000000000e+00,0.000000000000000000e+00,0.000000000000000000e+00,0.000000000000000000e+00,0.000000000000000000e+00,5.882352941176470507e-02,0.000000000000000000e+00
1.481481481481481399e-01,1.481481481481481399e-01,1.111111111111111049e-01,0.000000000000000000e+00,1.481481481481481399e-01,2.592592592592592449e-01,7.407407407407406996e-02,0.000000000000000000e+00,0.000000000000000000e+00,3.703703703703703498e-02,7.407407407407406996e-02,0.000000000000000000e+00,0.000000000000000000e+00,0.000000000000000000e+00,0.000000000000000000e+00,0.000000000000000000e+00,0.000000000000000000e+00,0.000000000000000000e+00,0.000000000000000000e+00,0.000000000000000000e+00,0.000000000000000000e+00
5.882352941176470507e-02,0.000000000000000000e+00,1.176470588235294101e-01,5.882352941176470507e-02,5.882352941176470507e-02,1.176470588235294101e-01,3.529411764705882582e-01,0.000000000000000000e+00,1.176470588235294101e-01,0.000000000000000000e+00,0.000000000000000000e+00,0.000000000000000000e+00,0.000000000000000000e+00,0.000000000000000000e+00,0.000000000000000000e+00,0.000000000000000000e+00,0.000000000000000000e+00,0.000000000000000000e+00,0.000000000000000000e+00,5.882352941176470507e-02,5.882352941176470507e-02
0.000000000000000000e+00,0.000000000000000000e+00,1.000000000000000056e-01,1.000000000000000056e-01,0.000000000000000000e+00,0.000000000000000000e+00,2.000000000000000111e-01,1.000000000000000056e-01,0.000000000000000000e+00,0.000000000000000000e+00,2.000000000000000111e-01,0.000000000000000000e+00,0.000000000000000000e+00,0.000000000000000000e+00,0.000000000000000000e+00,0.000000000000000000e+00,1.000000000000000056e-01,0.000000000000000000e+00,1.000000000000000056e-01,0.000000000000000000e+00,1.000000000000000056e-01
0.000000000000000000e+00,0.000000000000000000e+00,0.000000000000000000e+00,0.000000000000000000e+00,4.761904761904761640e-02,9.523809523809523281e-02,9.523809523809523281e-02,4.761904761904761640e-02,3.809523809523809312e-01,0.000000000000000000e+00,2.380952380952380820e-01,0.000000000000000000e+00,0.000000000000000000e+00,0.000000000000000000e+00,0.000000000000000000e+00,0.000000000000000000e+00,0.000000000000000000e+00,0.000000000000000000e+00,0.000000000000000000e+00,0.000000000000000000e+00,9.523809523809523281e-02
0.000000000000000000e+00,2.222222222222222099e-01,1.111111111111111049e-01,0.000000000000000000e+00,0.000000000000000000e+00,2.222222222222222099e-01,0.000000000000000000e+00,0.000000000000000000e+00,0.000000000000000000e+00,2.222222222222222099e-01,1.111111111111111049e-01,0.000000000000000000e+00,0.000000000000000000e+00,0.000000000000000000e+00,0.000000000000000000e+00,1.111111111111111049e-01,0.000000000000000000e+00,0.000000000000000000e+00,0.000000000000000000e+00,0.000000000000000000e+00,0.000000000000000000e+00
1.941747572815533812e-02,4.854368932038834877e-02,4.854368932038834877e-02,2.912621359223301065e-02,1.941747572815533812e-02,2.912621359223301065e-02,1.941747572815533812e-02,9.708737864077669061e-03,6.796116504854368690e-02,9.708737864077669061e-03,6.504854368932039277e-01,0.000000000000000000e+00,0.000000000000000000e+00,0.000000000000000000e+00,0.000000000000000000e+00,0.000000000000000000e+00,0.000000000000000000e+00,0.000000000000000000e+00,9.708737864077669061e-03,1.941747572815533812e-02,1.941747572815533812e-02
0.000000000000000000e+00,0.000000000000000000e+00,0.000000000000000000e+00,0.000000000000000000e+00,0.000000000000000000e+00,0.000000000000000000e+00,0.000000000000000000e+00,0.000000000000000000e+00,0.000000000000000000e+00,0.000000000000000000e+00,0.000000000000000000e+00,9.692307692307692291e-01,1.538461538461538547e-02,0.000000000000000000e+00,0.000000000000000000e+00,1.538461538461538547e-02,0.000000000000000000e+00,0.000000000000000000e+00,0.000000000000000000e+00,0.000000000000000000e+00,0.000000000000000000e+00
0.000000000000000000e+00,0.000000000000000000e+00,0.000000000000000000e+00,0.000000000000000000e+00,0.000000000000000000e+00,0.000000000000000000e+00,0.000000000000000000e+00,0.000000000000000000e+00,0.000000000000000000e+00,0.000000000000000000e+00,0.000000000000000000e+00,5.263157894736841813e-02,7.894736842105263275e-01,1.578947368421052544e-01,0.000000000000000000e+00,0.000000000000000000e+00,0.000000000000000000e+00,0.000000000000000000e+00,0.000000000000000000e+00,0.000000000000000000e+00,0.000000000000000000e+00
0.000000000000000000e+00,0.000000000000000000e+00,0.000000000000000000e+00,0.000000000000000000e+00,0.000000000000000000e+00,0.000000000000000000e+00,0.000000000000000000e+00,0.000000000000000000e+00,0.000000000000000000e+00,0.000000000000000000e+00,0.000000000000000000e+00,0.000000000000000000e+00,9.090909090909091161e-02,5.909090909090909394e-01,2.727272727272727071e-01,0.000000000000000000e+00,0.000000000000000000e+00,4.545454545454545581e-02,0.000000000000000000e+00,0.000000000000000000e+00,0.000000000000000000e+00
0.000000000000000000e+00,0.000000000000000000e+00,0.000000000000000000e+00,0.000000000000000000e+00,0.000000000000000000e+00,0.000000000000000000e+00,0.000000000000000000e+00,0.000000000000000000e+00,0.000000000000000000e+00,0.000000000000000000e+00,2.222222222222222307e-02,0.000000000000000000e+00,2.222222222222222307e-02,6.666666666666666574e-02,7.555555555555555358e-01,1.111111111111111049e-01,2.222222222222222307e-02,0.000000000000000000e+00,0.000000000000000000e+00,0.000000000000000000e+00,0.000000000000000000e+00
0.000000000000000000e+00,0.000000000000000000e+00,1.333333333333333419e-02,0.000000000000000000e+00,0.000000000000000000e+00,0.000000000000000000e+00,0.000000000000000000e+00,0.000000000000000000e+00,0.000000000000000000e+00,1.333333333333333419e-02,0.000000000000000000e+00,0.000000000000000000e+00,0.000000000000000000e+00,0.000000000000000000e+00,8.000000000000000167e-02,8.133333333333333526e-01,2.666666666666666838e-02,2.666666666666666838e-02,2.666666666666666838e-02,0.000000000000000000e+00,0.000000000000000000e+00
0.000000000000000000e+00,0.000000000000000000e+00,0.000000000000000000e+00,0.000000000000000000e+00,0.000000000000000000e+00,0.000000000000000000e+00,0.000000000000000000e+00,3.703703703703703498e-02,0.000000000000000000e+00,0.000000000000000000e+00,3.703703703703703498e-02,0.000000000000000000e+00,3.703703703703703498e-02,3.703703703703703498e-02,0.000000000000000000e+00,7.407407407407406996e-02,4.814814814814814548e-01,3.703703703703703498e-02,1.851851851851851749e-01,7.407407407407406996e-02,0.000000000000000000e+00
1.063829787234042527e-02,0.000000000000000000e+00,0.000000000000000000e+00,0.000000000000000000e+00,0.000000000000000000e+00,0.000000000000000000e+00,0.000000000000000000e+00,0.000000000000000000e+00,0.000000000000000000e+00,0.000000000000000000e+00,1.063829787234042527e-02,0.000000000000000000e+00,0.000000000000000000e+00,0.000000000000000000e+00,1.063829787234042527e-02,0.000000000000000000e+00,4.255319148936170109e-02,7.234042553191489811e-01,1.595744680851063912e-01,3.191489361702127409e-02,1.063829787234042527e-02
1.271186440677966184e-02,8.474576271186440649e-03,8.474576271186440649e-03,4.237288135593220324e-03,0.000000000000000000e+00,0.000000000000000000e+00,0.000000000000000000e+00,0.000000000000000000e+00,0.000000000000000000e+00,4.237288135593220324e-03,8.474576271186440649e-03,0.000000000000000000e+00,0.000000000000000000e+00,0.000000000000000000e+00,0.000000000000000000e+00,8.474576271186440649e-03,4.237288135593220324e-03,4.237288135593220151e-02,6.949152542372881713e-01,1.652542372881355970e-01,3.813559322033898552e-02
1.781170483460559756e-02,5.089058524173028369e-03,5.089058524173028369e-03,0.000000000000000000e+00,0.000000000000000000e+00,0.000000000000000000e+00,0.000000000000000000e+00,0.000000000000000000e+00,0.000000000000000000e+00,0.000000000000000000e+00,5.089058524173028369e-03,0.000000000000000000e+00,0.000000000000000000e+00,0.000000000000000000e+00,0.000000000000000000e+00,0.000000000000000000e+00,5.089058524173028369e-03,1.526717557251908337e-02,6.361323155216284941e-02,7.659033078880407297e-01,1.170483460559796490e-01
1.100628930817610096e-01,1.729559748427672919e-02,6.289308176100629269e-03,3.144654088050314635e-03,1.572327044025157317e-03,0.000000000000000000e+00,1.572327044025157317e-03,1.572327044025157317e-03,0.000000000000000000e+00,0.000000000000000000e+00,7.861635220125786153e-03,0.000000000000000000e+00,0.000000000000000000e+00,0.000000000000000000e+00,0.000000000000000000e+00,0.000000000000000000e+00,0.000000000000000000e+00,1.572327044025157317e-03,7.861635220125786153e-03,6.918238993710691676e-02,7.720125786163521964e-01
