7.393939393939393812e-01,6.060606060606060774e-02,1.818181818181818094e-02,8.080808080808080801e-03,4.040404040404040401e-03,2.020202020202020200e-03,0.000000000000000000e+00,0.000000000000000000e+00,0.000000000000000000e+00,0.000000000000000000e+00,2.222222222222222307e-02,0.000000000000000000e+00,0.000000000000000000e+00,0.000000000000000000e+00,0.000000000000000000e+00,0.000000000000000000e+00,0.000000000000000000e+00,0.000000000000000000e+00,1.212121212121212120e-02,6.060606060606060601e-03,1.272727272727272596e-01
1.291512915129151284e-01,6.494464944649446236e-01,9.225092250922509174e-02,1.476014760147601433e-02,1.107011070110701031e-02,7.380073800738007166e-03,1.107011070110701031e-02,3.690036900369003583e-03,0.000000000000000000e+00,0.000000000000000000e+00,2.214022140221402063e-02,0.000000000000000000e+00,0.000000000000000000e+00,3.690036900369003583e-03,0.000000000000000000e+00,3.690036900369003583e-03,0.000000000000000000e+00,0.000000000000000000e+00,0.000000000000000000e+00,1.845018450184501835e-02,3.321033210332103441e-02
9.917355371900826722e-02,1.900826446280991788e-01,4.545454545454545303e-01,9.090909090909091161e-02,2.479338842975206680e-02,0.000000000000000000e+00,2.479338842975206680e-02,8.264462809917355601e-03,1.652892561983471120e-02,0.000000000000000000e+00,4.132231404958677801e-02,0.000000000000000000e+00,0.000000000000000000e+00,0.000000000000000000e+00,0.000000000000000000e+00,0.000000000000000000e+00,0.000000000000000000e+00,0.000000000000000000e+00,8.264462809917355601e-03,8.264462809917355601e-03,3.305785123966942241e-02
4.878048780487805047e-02,8.536585365853659180e-02,1.463414634146341375e-01,5.853658536585365502e-01,4.878048780487805047e-02,3.658536585365853439e-02,0.000000000000000000e+00,0.000000000000000000e+00,0.000000000000000000e+00,0.000000000000000000e+00,1.219512195121951262e-02,0.000000000000000000e+00,0.000000000000000000e+00,0.000000000000000000e+00,0.000000000000000000e+00,0.000000000000000000e+00,0.000000000000000000e+00,0.000000000000000000e+00,0.000000000000000000e+00,1.219512195121951262e-02,2.439024390243902524e-02
5.882352941176470507e-02,1.470588235294117696e-01,2.941176470588235253e-02,2.058823529411764608e-01,2.941176470588235392e-01,0.000000000000000000e+00,2.941176470588235253e-02,0.000000000000000000e+00,0.000000000000000000e+00,2.941176470588235253e-02,1.470588235294117696e-01,0.000000000000000000e+00,0.000000000000000000e+00,0.000000000000000000e+00,0.000000000000000000e+00,0.000000000000000000e+00,2.941176470588235253e-02,0.000000000000000000e+00,0.000000000000000000e+00,0.000000000000000000e+00,2.941176470588235253e-02
0.000000000000000000e+00,0.000000000000000000e+00,1.250000000000000000e-01,6.250000000000000000e-02,0.000000000000000000e+00,3.750000000000000000e-01,1.250000000000000000e-01,6.250000000000000000e-02,0.000000000000000000e+00,0.000000000000000000e+00,1.250000000000000000e-01,0.000000000000000000e+00,0.000000000000000000e+00,0.000000000000000000e+00,6.250000000000000000e-02,0.000000000000000000e+00,0.000000000000000000e+00,0.000000000000000000e+00,0.000000000000000000e+00,0.000000000000000000e+00,6.250000000000000000e-02
0.000000000000000000e+00,1.199999999999999956e-01,4.000000000000000083e-02,4.000000000000000083e-02,1.600000000000000033e-01,4.000000000000000083e-02,3.200000000000000067e-01,8.000000000000000167e-02,0.000000000000000000e+00,0.000000000000000000e+00,1.199999999999999956e-01,0.000000000000000000e+00,0.000000000000000000e+00,0.000000000000000000e+00,0.000000000000000000e+00,0.000000000000000000e+00,0.000000000000000000e+00,0.000000000000000000e+00,4.000000000000000083e-02,4.000000000000000083e-02,0.000000000000000000e+00
5.555555555555555247e-02,5.555555555555555247e-02,0.000000000000000000e+00,0.000000000000000000e+00,5.555555555555555247e-02,0.000000000000000000e+00,5.555555555555555247e-02,4.444444444444444198e-01,5.555555555555555247e-02,0.000000000000000000e+00,2.222222222222222099e-01,0.000000000000000000e+00,0.000000000000000000e+00,0.000000000000000000e+00,0.000000000000000000e+00,5.555555555555555247e-02,0.000000000000000000e+00,0.000000000000000000e+00,0.000000000000000000e+00,0.000000000000000000e+00,0.000000000000000000e+00
0.000000000000000000e+00,1.250000000000000000e-01,2.500000000000000000e-01,0.000000000000000000e+00,1.250000000000000000e-01,0.000000000000000000e+00,1.250000000000000000e-01,0.000000000000000000e+00,1.250000000000000000e-01,0.000000000000000000e+00,0.000000000000000000e+00,0.000000000000000000e+00,0.000000000000000000e+00,0.000000000000000000e+00,0.000000000000000000e+00,0.000000000000000000e+00,0.000000000000000000e+00,2.500000000000000000e-01,0.000000000000000000e+00,0.000000000000000000e+00,0.000000000000000000e+00
0.000000000000000000e+00,0.000000000000000000e+00,0.000000000000000000e+00,0.000000000000000000e+00,0.000000000000000000e+00,0.000000000000000000e+00,0.000000000000000000e+00,0.000000000000000000e+00,0.000000000000000000e+00,0.000000000000000000e+00,1.000000000000000000e+00,0.000000000000000000e+00,0.000000000000000000e+00,0.000000000000000000e+00,0.000000000000000000e+00,0.000000000000000000e+00,0.000000000000000000e+00,0.000000000000000000e+00,0.000000000000000000e+00,0.000000000000000000e+00,0.000000000000000000e+00
4.545454545454545581e-02,2.272727272727272790e-02,4.545454545454545581e-02,7.575757575757575968e-03,2.272727272727272790e-02,2.272727272727272790e-02,4.545454545454545581e-02,2.272727272727272790e-02,7.575757575757575968e-03,7.575757575757575968e-03,5.681818181818182323e-01,7.575757575757575968e-03,7.575757575757575968e-03,0.000000000000000000e+00,0.000000000000000000e+00,0.000000000000000000e+00,0.000000000000000000e+00,7.575757575757575968e-03,2.272727272727272790e-02,3.787878787878787984e-02,9.848484848484848064e-02
0.000000000000000000e+00,0.000000000000000000e+00,0.000000000000000000e+00,0.000000000000000000e+00,0.000000000000000000e+00,1.176470588235294101e-02,0.000000000000000000e+00,0.000000000000000000e+00,0.000000000000000000e+00,0.000000000000000000e+00,1.176470588235294101e-02,8.941176470588235725e-01,3.529411764705882304e-02,1.176470588235294101e-02,0.000000000000000000e+00,0.000000000000000000e+00,1.176470588235294101e-02,1.176470588235294101e-02,0.000000000000000000e+00,1.176470588235294101e-02,0.000000000000000000e+00
0.000000000000000000e+00,4.761904761904761640e-02,0.000000000000000000e+00,0.000000000000000000e+00,0.000000000000000000e+00,0.000000000000000000e+00,0.000000000000000000e+00,0.000000000000000000e+00,0.000000000000000000e+00,0.000000000000000000e+00,0.000000000000000000e+00,1.428571428571428492e-01,7.142857142857143016e-01,4.761904761904761640e-02,0.000000000000000000e+00,0.000000000000000000e+00,4.761904761904761640e-02,0.000000000000000000e+00,0.000000000000000000e+00,0.000000000000000000e+00,0.000000000000000000e+00
0.000000000000000000e+00,0.000000000000000000e+00,0.000000000000000000e+00,0.000000000000000000e+00,0.000000000000000000e+00,0.000000000000000000e+00,0.000000000000000000e+00,0.000000000000000000e+00,0.000000000000000000e+00,0.000000000000000000e+00,0.000000000000000000e+00,0.000000000000000000e+00,2.222222222222222307e-02,8.666666666666666963e-01,4.444444444444444614e-02,4.444444444444444614e-02,0.000000000000000000e+00,0.000000000000000000e+00,0.000000000000000000e+00,0.000000000000000000e+00,2.222222222222222307e-02
2.941176470588235253e-02,0.000000000000000000e+00,0.000000000000000000e+00,0.000000000000000000e+00,0.000000000000000000e+00,0.000000000000000000e+00,0.000000000000000000e+00,0.000000000000000000e+00,0.000000000000000000e+00,0.000000000000000000e+00,2.941176470588235253e-02,0.000000000000000000e+00,0.000000000000000000e+00,2.941176470588235253e-02,7.647058823529411242e-01,8.823529411764706454e-02,2.941176470588235253e-02,0.000000000000000000e+00,2.941176470588235253e-02,0.000000000000000000e+00,0.000000000000000000e+00
2.325581395348837177e-02,0.000000000000000000e+00,0.000000000000000000e+00,2.325581395348837177e-02,2.325581395348837177e-02,0.000000000000000000e+00,0.000000000000000000e+00,0.000000000000000000e+00,0.000000000000000000e+00,0.000000000000000000e+00,0.000000000000000000e+00,2.325581395348837177e-02,2.325581395348837177e-02,0.000000000000000000e+00,9.302325581395348708e-02,6.511627906976744651e-01,6.976744186046511531e-02,4.651162790697674354e-02,0.000000000000000000e+00,0.000000000000000000e+00,2.325581395348837177e-02
0.000000000000000000e+00,1.587301587301587213e-02,0.000000000000000000e+00,0.000000000000000000e+00,0.000000000000000000e+00,0.000000000000000000e+00,0.000000000000000000e+00,0.000000000000000000e+00,0.000000000000000000e+00,0.000000000000000000e+00,0.000000000000000000e+00,3.174603174603174427e-02,0.000000000000000000e+00,0.000000000000000000e+00,0.000000000000000000e+00,6.349206349206348854e-02,6.666666666666666297e-01,1.587301587301587213e-01,3.174603174603174427e-02,3.174603174603174427e-02,0.000000000000000000e+00
0.000000000000000000e+00,0.000000000000000000e+00,0.000000000000000000e+00,0.000000000000000000e+00,0.000000000000000000e+00,0.000000000000000000e+00,0.000000000000000000e+00,0.000000000000000000e+00,9.433962264150943036e-03,0.000000000000000000e+00,9.433962264150943036e-03,0.000000000000000000e+00,0.000000000000000000e+00,0.000000000000000000e+00,0.000000000000000000e+00,9.433962264150943036e-03,8.490566037735848559e-02,6.603773584905660021e-01,1.886792452830188815e-01,3.773584905660377214e-02,0.000000000000000000e+00
1.792114695340501704e-02,3.584229390681003581e-03,3.584229390681003581e-03,0.000000000000000000e+00,0.000000000000000000e+00,0.000000000000000000e+00,0.000000000000000000e+00,0.000000000000000000e+00,3.584229390681003581e-03,0.000000000000000000e+00,3.584229390681003581e-03,0.000000000000000000e+00,0.000000000000000000e+00,0.000000000000000000e+00,3.584229390681003581e-03,3.584229390681003581e-03,3.584229390681003581e-03,6.451612903225806273e-02,7.455197132616487865e-01,1.433691756272401363e-01,3.584229390681003581e-03
1.246882793017456414e-02,9.975062344139650622e-03,0.000000000000000000e+00,0.000000000000000000e+00,2.493765586034912655e-03,2.493765586034912655e-03,0.000000000000000000e+00,0.000000000000000000e+00,0.000000000000000000e+00,0.000000000000000000e+00,1.995012468827930124e-02,2.493765586034912655e-03,0.000000000000000000e+00,0.000000000000000000e+00,2.493765586034912655e-03,2.493765586034912655e-03,7.481296758104737966e-03,1.246882793017456414e-02,9.725685785536158923e-02,7.431421446384040008e-01,8.478802992518703896e-02
8.998302207130730312e-02,1.697792869269949129e-02,8.488964346349745643e-03,5.093378607809847559e-03,1.697792869269949042e-03,0.000000000000000000e+00,1.697792869269949042e-03,0.000000000000000000e+00,0.000000000000000000e+00,1.697792869269949042e-03,8.488964346349745643e-03,0.000000000000000000e+00,0.000000000000000000e+00,1.697792869269949042e-03,0.000000000000000000e+00,1.697792869269949042e-03,0.000000000000000000e+00,1.697792869269949042e-03,5.093378607809847559e-03,6.621392190152801394e-02,7.894736842105263275e-01
