7.803389830508474789e-01,1.064406779661016961e-01,1.016949152542372808e-02,2.711864406779661198e-03,6.779661016949152996e-04,0.000000000000000000e+00,0.000000000000000000e+00,6.779661016949152996e-04,1.355932203389830599e-03,6.779661016949152996e-04,6.779661016949152345e-03,0.000000000000000000e+00,0.000000000000000000e+00,6.779661016949152996e-04,0.000000000000000000e+00,0.000000000000000000e+00,6.779661016949152996e-04,1.355932203389830599e-03,2.033898305084745790e-03,1.288135593220338972e-02,7.254237288135592654e-02
1.193124368048533862e-01,7.421638018200201747e-01,8.392315470171890501e-02,1.011122345803842221e-02,4.044489383215369230e-03,2.022244691607684615e-03,3.033367037411526922e-03,0.000000000000000000e+00,0.000000000000000000e+00,1.011122345803842307e-03,5.055611729019211104e-03,0.000000000000000000e+00,0.000000000000000000e+00,0.000000000000000000e+00,1.011122345803842307e-03,0.000000000000000000e+00,0.000000000000000000e+00,0.000000000000000000e+00,3.033367037411526922e-03,5.055611729019211104e-03,2.022244691607684441e-02
4.464285714285714385e-02,2.232142857142857262e-01,5.833333333333333703e-01,6.250000000000000000e-02,1.785714285714285615e-02,8.928571428571428076e-03,5.952380952380952051e-03,0.000000000000000000e+00,8.928571428571428076e-03,0.000000000000000000e+00,1.785714285714285615e-02,0.000000000000000000e+00,0.000000000000000000e+00,0.000000000000000000e+00,0.000000000000000000e+00,0.000000000000000000e+00,2.976190476190476025e-03,0.000000000000000000e+00,5.952380952380952051e-03,2.976190476190476025e-03,1.488095238095238013e-02
4.635761589403973593e-02,1.125827814569536484e-01,1.523178807947019875e-01,5.231788079470198749e-01,7.947019867549669214e-02,6.622516556291390723e-03,6.622516556291390723e-03,1.324503311258278145e-02,6.622516556291390723e-03,0.000000000000000000e+00,1.986754966887417304e-02,6.622516556291390723e-03,0.000000000000000000e+00,0.000000000000000000e+00,0.000000000000000000e+00,0.000000000000000000e+00,0.000000000000000000e+00,0.000000000000000000e+00,0.000000000000000000e+00,6.622516556291390723e-03,1.986754966887417304e-02
6.329113924050633333e-02,5.063291139240506250e-02,7.594936708860759722e-02,1.518987341772151944e-01,4.556962025316455556e-01,2.531645569620253125e-02,1.265822784810126563e-02,2.531645569620253125e-02,2.531645569620253125e-02,1.265822784810126563e-02,6.329113924050633333e-02,0.000000000000000000e+00,0.000000000000000000e+00,0.000000000000000000e+00,0.000000000000000000e+00,0.000000000000000000e+00,0.000000000000000000e+00,1.265822784810126563e-02,0.000000000000000000e+00,0.000000000000000000e+00,2.531645569620253125e-02
6.060606060606060774e-02,3.030303030303030387e-02,6.060606060606060774e-02,1.818181818181818232e-01,9.090909090909091161e-02,3.333333333333333148e-01,0.000000000000000000e+00,3.030303030303030387e-02,3.030303030303030387e-02,0.000000000000000000e+00,1.212121212121212155e-01,0.000000000000000000e+00,0.000000000000000000e+00,0.000000000000000000e+00,0.000000000000000000e+00,0.000000000000000000e+00,0.000000000000000000e+00,0.000000000000000000e+00,0.000000000000000000e+00,3.030303030303030387e-02,3.030303030303030387e-02
0.000000000000000000e+00,5.263157894736841813e-02,1.052631578947368363e-01,1.052631578947368363e-01,2.105263157894736725e-01,1.052631578947368363e-01,2.105263157894736725e-01,5.263157894736841813e-02,0.000000000000000000e+00,0.000000000000000000e+00,1.052631578947368363e-01,0.000000000000000000e+00,0.000000000000000000e+00,0.000000000000000000e+00,5.263157894736841813e-02,0.000000000000000000e+00,0.000000000000000000e+00,0.000000000000000000e+00,0.000000000000000000e+00,0.000000000000000000e+00,0.000000000000000000e+00
7.692307692307692735e-02,0.000000000000000000e+00,1.538461538461538547e-01,7.692307692307692735e-02,7.692307692307692735e-02,0.000000000000000000e+00,1.538461538461538547e-01,0.000000000000000000e+00,7.692307692307692735e-02,7.692307692307692735e-02,2.307692307692307820e-01,0.000000000000000000e+00,0.000000000000000000e+00,0.000000000000000000e+00,0.000000000000000000e+00,0.000000000000000000e+00,7.692307692307692735e-02,0.000000000000000000e+00,0.000000000000000000e+00,0.000000000000000000e+00,0.000000000000000000e+00
3.225806451612903136e-02,0.000000000000000000e+00,3.225806451612903136e-02,6.451612903225806273e-02,6.451612903225806273e-02,6.451612903225806273e-02,0.000000000000000000e+00,3.225806451612903136e-02,2.580645161290322509e-01,3.225806451612903136e-02,2.258064516129032195e-01,0.000000000000000000e+00,0.000000000000000000e+00,0.000000000000000000e+00,0.000000000000000000e+00,0.000000000000000000e+00,0.000000000000000000e+00,6.451612903225806273e-02,3.225806451612903136e-02,3.225806451612903136e-02,6.451612903225806273e-02
0.000000000000000000e+00,0.000000000000000000e+00,4.761904761904761640e-02,0.000000000000000000e+00,9.523809523809523281e-02,0.000000000000000000e+00,4.761904761904761640e-02,4.761904761904761640e-02,1.904761904761904656e-01,2.380952380952380820e-01,2.380952380952380820e-01,0.000000000000000000e+00,0.000000000000000000e+00,0.000000000000000000e+00,0.000000000000000000e+00,0.000000000000000000e+00,0.000000000000000000e+00,0.000000000000000000e+00,4.761904761904761640e-02,0.000000000000000000e+00,4.761904761904761640e-02
4.790419161676646997e-02,1.796407185628742451e-02,2.994011976047904200e-02,4.191616766467065602e-02,1.197604790419161749e-02,2.994011976047904200e-02,2.395209580838323499e-02,1.197604790419161749e-02,3.592814371257484901e-02,6.586826347305389795e-02,6.407185628742515515e-01,0.000000000000000000e+00,0.000000000000000000e+00,0.000000000000000000e+00,0.000000000000000000e+00,0.000000000000000000e+00,0.000000000000000000e+00,5.988023952095808747e-03,5.988023952095808747e-03,5.988023952095808747e-03,2.395209580838323499e-02
0.000000000000000000e+00,0.000000000000000000e+00,0.000000000000000000e+00,0.000000000000000000e+00,0.000000000000000000e+00,0.000000000000000000e+00,0.000000000000000000e+00,0.000000000000000000e+00,0.000000000000000000e+00,0.000000000000000000e+00,0.000000000000000000e+00,9.347826086956522174e-01,2.173913043478260809e-02,2.173913043478260809e-02,0.000000000000000000e+00,0.000000000000000000e+00,0.000000000000000000e+00,0.000000000000000000e+00,0.000000000000000000e+00,2.173913043478260809e-02,0.000000000000000000e+00
0.000000000000000000e+00,0.000000000000000000e+00,0.000000000000000000e+00,0.000000000000000000e+00,0.000000000000000000e+00,0.000000000000000000e+00,0.000000000000000000e+00,0.000000000000000000e+00,0.000000000000000000e+00,0.000000000000000000e+00,0.000000000000000000e+00,2.500000000000000000e-01,7.500000000000000000e-01,0.000000000000000000e+00,0.000000000000000000e+00,0.000000000000000000e+00,0.000000000000000000e+00,0.000000000000000000e+00,0.000000000000000000e+00,0.000000000000000000e+00,0.000000000000000000e+00
8.333333333333332871e-02,0.000000000000000000e+00,0.000000000000000000e+00,0.000000000000000000e+00,0.000000000000000000e+00,0.000000000000000000e+00,0.000000000000000000e+00,0.000000000000000000e+00,0.000000000000000000e+00,0.000000000000000000e+00,0.000000000000000000e+00,8.333333333333332871e-02,8.333333333333332871e-02,2.500000000000000000e-01,3.333333333333333148e-01,0.000000000000000000e+00,8.333333333333332871e-02,0.000000000000000000e+00,8.333333333333332871e-02,0.000000000000000000e+00,0.000000000000000000e+00
3.125000000000000000e-02,0.000000000000000000e+00,3.125000000000000000e-02,0.000000000000000000e+00,0.000000000000000000e+00,0.000000000000000000e+00,0.000000000000000000e+00,0.000000000000000000e+00,0.000000000000000000e+00,0.000000000000000000e+00,0.000000000000000000e+00,3.125000000000000000e-02,0.000000000000000000e+00,3.125000000000000000e-02,7.500000000000000000e-01,6.250000000000000000e-02,0.000000000000000000e+00,3.125000000000000000e-02,0.000000000000000000e+00,3.125000000000000000e-02,0.000000000000000000e+00
0.000000000000000000e+00,0.000000000000000000e+00,0.000000000000000000e+00,0.000000000000000000e+00,0.000000000000000000e+00,0.000000000000000000e+00,0.000000000000000000e+00,0.000000000000000000e+00,0.000000000000000000e+00,0.000000000000000000e+00,0.000000000000000000e+00,1.587301587301587213e-02,0.000000000000000000e+00,0.000000000000000000e+00,1.587301587301587213e-02,7.460317460317460458e-01,1.111111111111111049e-01,9.523809523809523281e-02,1.587301587301587213e-02,0.000000000000000000e+00,0.000000000000000000e+00
0.000000000000000000e+00,0.000000000000000000e+00,0.000000000000000000e+00,0.000000000000000000e+00,0.000000000000000000e+00,0.000000000000000000e+00,0.000000000000000000e+00,0.000000000000000000e+00,0.000000000000000000e+00,0.000000000000000000e+00,0.000000000000000000e+00,0.000000000000000000e+00,0.000000000000000000e+00,0.000000000000000000e+00,7.092198581560283516e-03,2.836879432624113406e-02,8.085106382978722861e-01,1.134751773049645363e-01,7.092198581560283516e-03,2.836879432624113406e-02,7.092198581560283516e-03
7.352941176470588133e-03,7.352941176470588133e-03,0.000000000000000000e+00,0.000000000000000000e+00,0.000000000000000000e+00,0.000000000000000000e+00,0.000000000000000000e+00,0.000000000000000000e+00,7.352941176470588133e-03,0.000000000000000000e+00,7.352941176470588133e-03,7.352941176470588133e-03,0.000000000000000000e+00,7.352941176470588133e-03,0.000000000000000000e+00,1.470588235294117627e-02,6.617647058823529493e-02,7.058823529411765163e-01,1.029411764705882304e-01,5.147058823529411520e-02,1.470588235294117627e-02
2.573529411764705760e-02,1.102941176470588307e-02,1.102941176470588307e-02,3.676470588235294067e-03,0.000000000000000000e+00,0.000000000000000000e+00,0.000000000000000000e+00,0.000000000000000000e+00,0.000000000000000000e+00,0.000000000000000000e+00,7.352941176470588133e-03,0.000000000000000000e+00,0.000000000000000000e+00,0.000000000000000000e+00,0.000000000000000000e+00,7.352941176470588133e-03,1.102941176470588307e-02,2.573529411764705760e-02,7.095588235294117974e-01,1.397058823529411797e-01,4.779411764705882026e-02
3.195488721804511101e-02,3.759398496240601295e-03,1.879699248120300648e-03,1.879699248120300648e-03,0.000000000000000000e+00,0.000000000000000000e+00,0.000000000000000000e+00,0.000000000000000000e+00,1.879699248120300648e-03,3.759398496240601295e-03,7.518796992481202590e-03,0.000000000000000000e+00,0.000000000000000000e+00,0.000000000000000000e+00,3.759398496240601295e-03,0.000000000000000000e+00,7.518796992481202590e-03,9.398496240601503238e-03,6.390977443609022202e-02,6.842105263157894912e-01,1.785714285714285754e-01
1.191489361702127714e-01,1.106382978723404256e-02,4.255319148936170283e-03,1.702127659574468070e-03,1.702127659574468070e-03,1.702127659574468070e-03,0.000000000000000000e+00,0.000000000000000000e+00,2.553191489361701996e-03,0.000000000000000000e+00,4.255319148936170283e-03,0.000000000000000000e+00,8.510638297872340349e-04,0.000000000000000000e+00,0.000000000000000000e+00,0.000000000000000000e+00,0.000000000000000000e+00,2.553191489361701996e-03,9.361702127659575143e-03,5.957446808510638570e-02,7.812765957446808907e-01
