9.009900990099010132e-01,2.970297029702970160e-02,0.000000000000000000e+00,1.980198019801980222e-02,0.000000000000000000e+00,0.000000000000000000e+00,9.900990099009901110e-03,2.970297029702970160e-02,0.000000000000000000e+00,0.000000000000000000e+00,0.000000000000000000e+00,0.000000000000000000e+00,0.000000000000000000e+00,0.000000000000000000e+00,0.000000000000000000e+00,0.000000000000000000e+00,0.000000000000000000e+00,0.000000000000000000e+00,9.900990099009901110e-03,0.000000000000000000e+00,0.000000000000000000e+00,0.000000000000000000e+00
1.000000000000000056e-01,6.500000000000000222e-01,5.000000000000000278e-02,0.000000000000000000e+00,5.000000000000000278e-02,0.000000000000000000e+00,5.000000000000000278e-02,0.000000000000000000e+00,5.000000000000000278e-02,0.000000000000000000e+00,5.000000000000000278e-02,0.000000000000000000e+00,0.000000000000000000e+00,0.000000000000000000e+00,0.000000000000000000e+00,0.000000000000000000e+00,0.000000000000000000e+00,0.000000000000000000e+00,0.000000000000000000e+00,0.000000000000000000e+00,0.000000000000000000e+00,0.000000000000000000e+00
0.000000000000000000e+00,3.389830508474576259e-02,8.135593220338983578e-01,5.084745762711864736e-02,5.084745762711864736e-02,0.000000000000000000e+00,0.000000000000000000e+00,0.000000000000000000e+00,1.694915254237288130e-02,0.000000000000000000e+00,1.694915254237288130e-02,0.000000000000000000e+00,0.000000000000000000e+00,0.000000000000000000e+00,0.000000000000000000e+00,0.000000000000000000e+00,0.000000000000000000e+00,0.000000000000000000e+00,0.000000000000000000e+00,0.000000000000000000e+00,0.000000000000000000e+00,1.694915254237288130e-02
1.111111111111111154e-02,0.000000000000000000e+00,4.444444444444444614e-02,8.555555555555555136e-01,2.222222222222222307e-02,1.111111111111111154e-02,0.000000000000000000e+00,3.333333333333333287e-02,0.000000000000000000e+00,1.111111111111111154e-02,0.000000000000000000e+00,0.000000000000000000e+00,0.000000000000000000e+00,1.111111111111111154e-02,0.000000000000000000e+00,0.000000000000000000e+00,0.000000000000000000e+00,0.000000000000000000e+00,0.000000000000000000e+00,0.000000000000000000e+00,0.000000000000000000e+00,0.000000000000000000e+00
3.508771929824561209e-02,1.754385964912280604e-02,1.754385964912280604e-02,5.263157894736841813e-02,5.438596491228070429e-01,1.228070175438596423e-01,3.508771929824561209e-02,5.263157894736841813e-02,5.263157894736841813e-02,0.000000000000000000e+00,0.000000000000000000e+00,0.000000000000000000e+00,0.000000000000000000e+00,1.754385964912280604e-02,0.000000000000000000e+00,1.754385964912280604e-02,0.000000000000000000e+00,1.754385964912280604e-02,0.000000000000000000e+00,0.000000000000000000e+00,0.000000000000000000e+00,1.754385964912280604e-02
0.000000000000000000e+00,0.000000000000000000e+00,0.000000000000000000e+00,1.801801801801801786e-02,7.207207207207207145e-02,6.936936936936937137e-01,1.081081081081081141e-01,1.801801801801801786e-02,1.801801801801801786e-02,2.702702702702702853e-02,0.000000000000000000e+00,9.009009009009008931e-03,0.000000000000000000e+00,0.000000000000000000e+00,0.000000000000000000e+00,0.000000000000000000e+00,0.000000000000000000e+00,9.009009009009008931e-03,0.000000000000000000e+00,0.000000000000000000e+00,0.000000000000000000e+00,2.702702702702702853e-02
0.000000000000000000e+00,0.000000000000000000e+00,4.716981132075471518e-03,0.000000000000000000e+00,1.415094339622641542e-02,7.547169811320754429e-02,6.556603773584905870e-01,1.462264150943396179e-01,4.245283018867924280e-02,9.433962264150943036e-03,4.716981132075471518e-03,0.000000000000000000e+00,1.415094339622641542e-02,4.716981132075471518e-03,0.000000000000000000e+00,0.000000000000000000e+00,0.000000000000000000e+00,0.000000000000000000e+00,0.000000000000000000e+00,0.000000000000000000e+00,9.433962264150943036e-03,1.886792452830188607e-02
4.310344827586206837e-03,0.000000000000000000e+00,2.155172413793103418e-03,2.155172413793103418e-03,2.155172413793103418e-03,1.293103448275862051e-02,6.250000000000000000e-02,7.456896551724138122e-01,1.336206896551724033e-01,1.293103448275862051e-02,4.310344827586206837e-03,4.310344827586206837e-03,4.310344827586206837e-03,0.000000000000000000e+00,0.000000000000000000e+00,0.000000000000000000e+00,0.000000000000000000e+00,0.000000000000000000e+00,0.000000000000000000e+00,2.155172413793103418e-03,0.000000000000000000e+00,6.465517241379310255e-03
0.000000000000000000e+00,1.209189842805320379e-03,1.209189842805320379e-03,0.000000000000000000e+00,1.209189842805320379e-03,2.418379685610640758e-03,8.464328899637243303e-03,7.617896009673519320e-02,7.581620314389359017e-01,1.136638452237001273e-01,1.451027811366384541e-02,6.045949214026602112e-03,3.627569528415961354e-03,0.000000000000000000e+00,2.418379685610640758e-03,0.000000000000000000e+00,0.000000000000000000e+00,1.209189842805320379e-03,1.209189842805320379e-03,0.000000000000000000e+00,2.418379685610640758e-03,6.045949214026602112e-03
0.000000000000000000e+00,0.000000000000000000e+00,0.000000000000000000e+00,0.000000000000000000e+00,0.000000000000000000e+00,0.000000000000000000e+00,2.508361204013377990e-03,5.852842809364548066e-03,8.026755852842809569e-02,7.951505016722407726e-01,8.528428093645484820e-02,1.170568561872909613e-02,7.525083612040133971e-03,3.344481605351170509e-03,8.361204013377926273e-04,0.000000000000000000e+00,0.000000000000000000e+00,1.672240802675585255e-03,8.361204013377926273e-04,8.361204013377926273e-04,8.361204013377926273e-04,3.344481605351170509e-03
0.000000000000000000e+00,0.000000000000000000e+00,8.278145695364238403e-04,1.655629139072847681e-03,0.000000000000000000e+00,0.000000000000000000e+00,1.655629139072847681e-03,8.278145695364238403e-04,8.278145695364239054e-03,7.864238410596026407e-02,7.889072847682119249e-01,8.029801324503310633e-02,1.490066225165562891e-02,7.450331125827814455e-03,2.483443708609271629e-03,2.483443708609271629e-03,8.278145695364238403e-04,0.000000000000000000e+00,0.000000000000000000e+00,0.000000000000000000e+00,8.278145695364238403e-04,9.933774834437086518e-03
0.000000000000000000e+00,0.000000000000000000e+00,0.000000000000000000e+00,0.000000000000000000e+00,0.000000000000000000e+00,0.000000000000000000e+00,1.531393568147013844e-03,3.062787136294027688e-03,7.656967840735069003e-03,3.369065849923430500e-02,1.485451761102603296e-01,6.676875957120980143e-01,9.954058192955589357e-02,1.225114854517611075e-02,6.125574272588055376e-03,7.656967840735069003e-03,1.531393568147013844e-03,1.531393568147013844e-03,0.000000000000000000e+00,0.000000000000000000e+00,0.000000000000000000e+00,9.188361408882083498e-03
0.000000000000000000e+00,0.000000000000000000e+00,0.000000000000000000e+00,0.000000000000000000e+00,0.000000000000000000e+00,4.385964912280701511e-03,8.771929824561403022e-03,0.000000000000000000e+00,8.771929824561403022e-03,3.070175438596491058e-02,5.263157894736841813e-02,2.412280701754385970e-01,4.517543859649122973e-01,1.096491228070175378e-01,2.631578947368420907e-02,4.385964912280701511e-03,8.771929824561403022e-03,4.385964912280701511e-03,4.385964912280701511e-03,4.385964912280701511e-03,4.385964912280701511e-03,3.508771929824561209e-02
0.000000000000000000e+00,0.000000000000000000e+00,0.000000000000000000e+00,0.000000000000000000e+00,0.000000000000000000e+00,6.802721088435373896e-03,0.000000000000000000e+00,6.802721088435373896e-03,1.360544217687074779e-02,3.401360544217687382e-02,4.081632653061224164e-02,9.523809523809523281e-02,1.836734693877551117e-01,4.421768707482993110e-01,4.761904761904761640e-02,2.040816326530612082e-02,6.802721088435373896e-03,2.721088435374149558e-02,6.802721088435373896e-03,0.000000000000000000e+00,6.802721088435373896e-03,6.122448979591836593e-02
0.000000000000000000e+00,0.000000000000000000e+00,0.000000000000000000e+00,0.000000000000000000e+00,0.000000000000000000e+00,0.000000000000000000e+00,0.000000000000000000e+00,0.000000000000000000e+00,1.639344262295082053e-02,3.278688524590164105e-02,6.557377049180328210e-02,9.836065573770491621e-02,6.557377049180328210e-02,1.803278688524590223e-01,3.114754098360655865e-01,8.196721311475409222e-02,1.639344262295082053e-02,1.639344262295082053e-02,0.000000000000000000e+00,1.639344262295082053e-02,1.639344262295082053e-02,8.196721311475409222e-02
0.000000000000000000e+00,0.000000000000000000e+00,0.000000000000000000e+00,0.000000000000000000e+00,0.000000000000000000e+00,0.000000000000000000e+00,4.444444444444444614e-02,2.222222222222222307e-02,2.222222222222222307e-02,4.444444444444444614e-02,0.000000000000000000e+00,1.555555555555555580e-01,0.000000000000000000e+00,1.333333333333333315e-01,2.222222222222222307e-02,3.111111111111111160e-01,8.888888888888889228e-02,2.222222222222222307e-02,0.000000000000000000e+00,4.444444444444444614e-02,0.000000000000000000e+00,8.888888888888889228e-02
0.000000000000000000e+00,0.000000000000000000e+00,0.000000000000000000e+00,0.000000000000000000e+00,0.000000000000000000e+00,0.000000000000000000e+00,0.000000000000000000e+00,0.000000000000000000e+00,0.000000000000000000e+00,0.000000000000000000e+00,1.499999999999999944e-01,5.000000000000000278e-02,1.499999999999999944e-01,0.000000000000000000e+00,2.500000000000000000e-01,2.000000000000000111e-01,1.499999999999999944e-01,0.000000000000000000e+00,0.000000000000000000e+00,0.000000000000000000e+00,0.000000000000000000e+00,5.000000000000000278e-02
0.000000000000000000e+00,0.000000000000000000e+00,0.000000000000000000e+00,0.000000000000000000e+00,0.000000000000000000e+00,0.000000000000000000e+00,0.000000000000000000e+00,4.347826086956521618e-02,4.347826086956521618e-02,4.347826086956521618e-02,4.347826086956521618e-02,4.347826086956521618e-02,4.347826086956521618e-02,4.347826086956521618e-02,4.347826086956521618e-02,8.695652173913043237e-02,1.739130434782608647e-01,2.608695652173912971e-01,0.000000000000000000e+00,4.347826086956521618e-02,4.347826086956521618e-02,4.347826086956521618e-02
0.000000000000000000e+00,0.000000000000000000e+00,0.000000000000000000e+00,0.000000000000000000e+00,0.000000000000000000e+00,0.000000000000000000e+00,1.250000000000000000e-01,6.250000000000000000e-02,0.000000000000000000e+00,0.000000000000000000e+00,6.250000000000000000e-02,0.000000000000000000e+00,0.000000000000000000e+00,6.250000000000000000e-02,1.250000000000000000e-01,1.250000000000000000e-01,0.000000000000000000e+00,0.000000000000000000e+00,2.500000000000000000e-01,1.875000000000000000e-01,0.000000000000000000e+00,0.000000000000000000e+00
0.000000000000000000e+00,0.000000000000000000e+00,0.000000000000000000e+00,0.000000000000000000e+00,0.000000000000000000e+00,0.000000000000000000e+00,0.000000000000000000e+00,4.761904761904761640e-02,0.000000000000000000e+00,1.428571428571428492e-01,0.000000000000000000e+00,0.000000000000000000e+00,4.761904761904761640e-02,0.000000000000000000e+00,0.000000000000000000e+00,4.761904761904761640e-02,0.000000000000000000e+00,9.523809523809523281e-02,1.428571428571428492e-01,2.380952380952380820e-01,4.761904761904761640e-02,1.904761904761904656e-01
0.000000000000000000e+00,0.000000000000000000e+00,0.000000000000000000e+00,0.000000000000000000e+00,0.000000000000000000e+00,0.000000000000000000e+00,0.000000000000000000e+00,0.000000000000000000e+00,6.250000000000000000e-02,0.000000000000000000e+00,0.000000000000000000e+00,1.250000000000000000e-01,0.000000000000000000e+00,6.250000000000000000e-02,0.000000000000000000e+00,0.000000000000000000e+00,0.000000000000000000e+00,6.250000000000000000e-02,0.000000000000000000e+00,6.250000000000000000e-02,2.500000000000000000e-01,3.750000000000000000e-01
6.410256410256410034e-03,0.000000000000000000e+00,0.000000000000000000e+00,6.410256410256410034e-03,1.923076923076923184e-02,1.923076923076923184e-02,6.410256410256410034e-03,1.923076923076923184e-02,1.923076923076923184e-02,3.846153846153846367e-02,5.769230769230769551e-02,5.128205128205128027e-02,3.205128205128204844e-02,3.205128205128204844e-02,5.769230769230769551e-02,3.846153846153846367e-02,1.923076923076923184e-02,1.923076923076923184e-02,2.564102564102564014e-02,2.564102564102564014e-02,1.923076923076923184e-02,4.871794871794871695e-01
