7.423756019261636974e-01,6.260032102728732561e-02,1.926163723916532802e-02,9.630818619582664011e-03,4.815409309791332006e-03,1.605136436597110741e-03,8.025682182985553704e-04,2.407704654895666003e-03,8.025682182985553704e-04,0.000000000000000000e+00,8.025682182985553054e-03,0.000000000000000000e+00,8.025682182985553704e-04,1.605136436597110741e-03,0.000000000000000000e+00,0.000000000000000000e+00,8.025682182985553704e-04,0.000000000000000000e+00,2.407704654895666003e-03,1.284109149277688593e-02,1.292134831460674260e-01
1.976935749588138447e-01,6.227347611202636024e-01,7.413509060955518482e-02,2.306425041186161567e-02,4.942339373970345597e-03,3.294892915980230687e-03,0.000000000000000000e+00,1.647446457990115343e-03,0.000000000000000000e+00,0.000000000000000000e+00,8.237232289950576283e-03,1.647446457990115343e-03,0.000000000000000000e+00,0.000000000000000000e+00,0.000000000000000000e+00,0.000000000000000000e+00,1.647446457990115343e-03,0.000000000000000000e+00,6.589785831960461374e-03,1.317957166392092275e-02,4.118616144975287968e-02
9.541984732824428106e-02,2.480916030534351113e-01,4.656488549618320594e-01,7.633587786259542207e-02,1.526717557251908337e-02,1.145038167938931296e-02,7.633587786259541687e-03,0.000000000000000000e+00,0.000000000000000000e+00,3.816793893129770843e-03,1.526717557251908337e-02,3.816793893129770843e-03,0.000000000000000000e+00,0.000000000000000000e+00,0.000000000000000000e+00,3.816793893129770843e-03,0.000000000000000000e+00,0.000000000000000000e+00,3.816793893129770843e-03,1.145038167938931296e-02,3.816793893129771104e-02
1.092436974789915971e-01,1.512605042016806622e-01,2.268907563025210072e-01,2.773109243697479132e-01,5.882352941176470507e-02,2.521008403361344602e-02,8.403361344537814762e-03,0.000000000000000000e+00,8.403361344537814762e-03,8.403361344537814762e-03,2.521008403361344602e-02,0.000000000000000000e+00,0.000000000000000000e+00,0.000000000000000000e+00,0.000000000000000000e+00,0.000000000000000000e+00,0.000000000000000000e+00,0.000000000000000000e+00,8.403361344537814762e-03,8.403361344537814762e-03,8.403361344537815802e-02
7.142857142857142461e-02,1.964285714285714246e-01,8.928571428571428770e-02,1.071428571428571369e-01,1.607142857142857262e-01,1.428571428571428492e-01,1.785714285714285615e-02,3.571428571428571230e-02,0.000000000000000000e+00,0.000000000000000000e+00,8.928571428571428770e-02,0.000000000000000000e+00,0.000000000000000000e+00,0.000000000000000000e+00,0.000000000000000000e+00,0.000000000000000000e+00,0.000000000000000000e+00,0.000000000000000000e+00,0.000000000000000000e+00,3.571428571428571230e-02,5.357142857142856845e-02
6.896551724137930939e-02,1.379310344827586188e-01,1.034482758620689641e-01,1.724137931034482873e-01,1.724137931034482873e-01,1.724137931034482873e-01,0.000000000000000000e+00,0.000000000000000000e+00,3.448275862068965469e-02,3.448275862068965469e-02,3.448275862068965469e-02,0.000000000000000000e+00,0.000000000000000000e+00,3.448275862068965469e-02,0.000000000000000000e+00,0.000000000000000000e+00,0.000000000000000000e+00,0.000000000000000000e+00,0.000000000000000000e+00,0.000000000000000000e+00,3.448275862068965469e-02
5.000000000000000278e-02,5.000000000000000278e-02,2.000000000000000111e-01,1.000000000000000056e-01,0.000000000000000000e+00,5.000000000000000278e-02,1.499999999999999944e-01,0.000000000000000000e+00,0.000000000000000000e+00,5.000000000000000278e-02,2.000000000000000111e-01,0.000000000000000000e+00,0.000000000000000000e+00,0.000000000000000000e+00,0.000000000000000000e+00,0.000000000000000000e+00,0.000000000000000000e+00,0.000000000000000000e+00,0.000000000000000000e+00,1.499999999999999944e-01,0.000000000000000000e+00
1.739130434782608647e-01,8.695652173913043237e-02,0.000000000000000000e+00,4.347826086956521618e-02,8.695652173913043237e-02,0.000000000000000000e+00,1.304347826086956486e-01,3.043478260869565410e-01,8.695652173913043237e-02,0.000000000000000000e+00,8.695652173913043237e-02,0.000000000000000000e+00,0.000000000000000000e+00,0.000000000000000000e+00,0.000000000000000000e+00,0.000000000000000000e+00,0.000000000000000000e+00,0.000000000000000000e+00,0.000000000000000000e+00,0.000000000000000000e+00,0.000000000000000000e+00
5.882352941176470507e-02,5.882352941176470507e-02,0.000000000000000000e+00,5.882352941176470507e-02,1.176470588235294101e-01,1.176470588235294101e-01,0.000000000000000000e+00,5.882352941176470507e-02,3.529411764705882582e-01,1.176470588235294101e-01,5.882352941176470507e-02,0.000000000000000000e+00,0.000000000000000000e+00,0.000000000000000000e+00,0.000000000000000000e+00,0.000000000000000000e+00,0.000000000000000000e+00,0.000000000000000000e+00,0.000000000000000000e+00,0.000000000000000000e+00,0.000000000000000000e+00
0.000000000000000000e+00,0.000000000000000000e+00,0.000000000000000000e+00,2.727272727272727071e-01,9.090909090909091161e-02,0.000000000000000000e+00,0.000000000000000000e+00,1.818181818181818232e-01,3.636363636363636465e-01,9.090909090909091161e-02,0.000000000000000000e+00,0.000000000000000000e+00,0.000000000000000000e+00,0.000000000000000000e+00,0.000000000000000000e+00,0.000000000000000000e+00,0.000000000000000000e+00,0.000000000000000000e+00,0.000000000000000000e+00,0.000000000000000000e+00,0.000000000000000000e+00
2.985074626865671585e-02,7.462686567164178442e-02,6.716417910447761153e-02,2.238805970149253602e-02,5.970149253731343170e-02,2.238805970149253602e-02,5.223880597014925187e-02,1.492537313432835792e-02,2.238805970149253602e-02,2.238805970149253602e-02,5.074626865671642006e-01,7.462686567164178962e-03,0.000000000000000000e+00,0.000000000000000000e+00,0.000000000000000000e+00,0.000000000000000000e+00,7.462686567164178962e-03,0.000000000000000000e+00,1.492537313432835792e-02,1.492537313432835792e-02,5.970149253731343170e-02
0.000000000000000000e+00,0.000000000000000000e+00,1.190476190476190410e-02,0.000000000000000000e+00,0.000000000000000000e+00,0.000000000000000000e+00,0.000000000000000000e+00,0.000000000000000000e+00,0.000000000000000000e+00,0.000000000000000000e+00,1.190476190476190410e-02,7.976190476190476719e-01,3.571428571428571230e-02,7.142857142857142461e-02,3.571428571428571230e-02,0.000000000000000000e+00,0.000000000000000000e+00,1.190476190476190410e-02,0.000000000000000000e+00,2.380952380952380820e-02,0.000000000000000000e+00
0.000000000000000000e+00,0.000000000000000000e+00,0.000000000000000000e+00,0.000000000000000000e+00,0.000000000000000000e+00,0.000000000000000000e+00,0.000000000000000000e+00,0.000000000000000000e+00,0.000000000000000000e+00,0.000000000000000000e+00,0.000000000000000000e+00,1.935483870967741882e-01,7.096774193548387455e-01,3.225806451612903136e-02,3.225806451612903136e-02,0.000000000000000000e+00,0.000000000000000000e+00,0.000000000000000000e+00,3.225806451612903136e-02,0.000000000000000000e+00,0.000000000000000000e+00
5.555555555555555247e-02,1.851851851851851749e-02,0.000000000000000000e+00,0.000000000000000000e+00,0.000000000000000000e+00,1.851851851851851749e-02,0.000000000000000000e+00,0.000000000000000000e+00,0.000000000000000000e+00,0.000000000000000000e+00,0.000000000000000000e+00,0.000000000000000000e+00,7.407407407407406996e-02,7.592592592592593004e-01,5.555555555555555247e-02,0.000000000000000000e+00,0.000000000000000000e+00,0.000000000000000000e+00,0.000000000000000000e+00,0.000000000000000000e+00,1.851851851851851749e-02
0.000000000000000000e+00,0.000000000000000000e+00,1.724137931034482735e-02,0.000000000000000000e+00,0.000000000000000000e+00,0.000000000000000000e+00,0.000000000000000000e+00,0.000000000000000000e+00,0.000000000000000000e+00,0.000000000000000000e+00,0.000000000000000000e+00,1.724137931034482735e-02,1.724137931034482735e-02,6.896551724137930939e-02,7.931034482758620996e-01,5.172413793103448204e-02,3.448275862068965469e-02,0.000000000000000000e+00,0.000000000000000000e+00,0.000000000000000000e+00,0.000000000000000000e+00
0.000000000000000000e+00,0.000000000000000000e+00,3.225806451612903136e-02,0.000000000000000000e+00,0.000000000000000000e+00,0.000000000000000000e+00,0.000000000000000000e+00,0.000000000000000000e+00,0.000000000000000000e+00,0.000000000000000000e+00,0.000000000000000000e+00,0.000000000000000000e+00,0.000000000000000000e+00,0.000000000000000000e+00,1.290322580645161255e-01,5.483870967741935054e-01,2.258064516129032195e-01,0.000000000000000000e+00,3.225806451612903136e-02,0.000000000000000000e+00,3.225806451612903136e-02
8.264462809917355601e-03,8.264462809917355601e-03,8.264462809917355601e-03,0.000000000000000000e+00,0.000000000000000000e+00,0.000000000000000000e+00,0.000000000000000000e+00,8.264462809917355601e-03,0.000000000000000000e+00,0.000000000000000000e+00,1.652892561983471120e-02,0.000000000000000000e+00,0.000000000000000000e+00,0.000000000000000000e+00,1.652892561983471120e-02,4.958677685950413361e-02,7.438016528925619486e-01,6.611570247933884481e-02,4.958677685950413361e-02,1.652892561983471120e-02,8.264462809917355601e-03
6.289308176100629269e-03,0.000000000000000000e+00,0.000000000000000000e+00,0.000000000000000000e+00,0.000000000000000000e+00,0.000000000000000000e+00,0.000000000000000000e+00,0.000000000000000000e+00,0.000000000000000000e+00,0.000000000000000000e+00,6.289308176100629269e-03,0.000000000000000000e+00,0.000000000000000000e+00,0.000000000000000000e+00,0.000000000000000000e+00,0.000000000000000000e+00,7.547169811320754429e-02,7.295597484276729050e-01,1.509433962264150886e-01,2.515723270440251708e-02,6.289308176100629269e-03
1.381215469613259611e-02,5.524861878453038444e-03,0.000000000000000000e+00,0.000000000000000000e+00,5.524861878453038444e-03,0.000000000000000000e+00,0.000000000000000000e+00,0.000000000000000000e+00,0.000000000000000000e+00,0.000000000000000000e+00,1.104972375690607689e-02,5.524861878453038444e-03,0.000000000000000000e+00,0.000000000000000000e+00,0.000000000000000000e+00,5.524861878453038444e-03,8.287292817679557666e-03,6.077348066298342288e-02,7.237569060773481056e-01,1.436464088397789995e-01,1.657458563535911533e-02
3.012746234067207457e-02,6.952491309385863162e-03,8.111239860950173255e-03,3.476245654692931581e-03,0.000000000000000000e+00,0.000000000000000000e+00,1.158748551564310527e-03,1.158748551564310527e-03,0.000000000000000000e+00,1.158748551564310527e-03,9.269988412514484216e-03,1.158748551564310527e-03,0.000000000000000000e+00,0.000000000000000000e+00,0.000000000000000000e+00,0.000000000000000000e+00,4.634994206257242108e-03,1.158748551564310614e-02,7.531865585168018296e-02,7.450753186558516372e-01,1.008111239860950137e-01
9.349030470914126978e-02,1.385041551246537356e-02,4.847645429362880572e-03,5.540166204986149597e-03,6.925207756232686996e-04,0.000000000000000000e+00,0.000000000000000000e+00,6.925207756232686996e-04,6.925207756232686996e-04,0.000000000000000000e+00,4.847645429362880572e-03,6.925207756232686996e-04,0.000000000000000000e+00,6.925207756232686996e-04,0.000000000000000000e+00,0.000000000000000000e+00,0.000000000000000000e+00,6.925207756232686996e-04,2.770083102493074798e-03,8.379501385041551731e-02,7.867036011080332791e-01
