8.093183779119931254e-01,5.435720448662640508e-02,1.380500431406384877e-02,6.902502157031924386e-03,1.725625539257981097e-03,1.725625539257981097e-03,0.000000000000000000e+00,1.725625539257981097e-03,0.000000000000000000e+00,2.588438308886971320e-03,8.628127696289905266e-03,8.628127696289905483e-04,0.000000000000000000e+00,0.000000000000000000e+00,0.000000000000000000e+00,0.000000000000000000e+00,8.628127696289905483e-04,1.725625539257981097e-03,4.314063848144952633e-03,1.207937877480586703e-02,7.937877480586712220e-02
1.079323797139141727e-01,7.581274382314694416e-01,5.981794538361508151e-02,1.430429128738621575e-02,6.501950585175552376e-03,3.901170351105331686e-03,0.000000000000000000e+00,1.300390117035110562e-03,1.300390117035110562e-03,0.000000000000000000e+00,1.690507152145643774e-02,2.600780234070221124e-03,0.000000000000000000e+00,0.000000000000000000e+00,0.000000000000000000e+00,1.300390117035110562e-03,0.000000000000000000e+00,2.600780234070221124e-03,2.600780234070221124e-03,3.901170351105331686e-03,1.690507152145643774e-02
5.322128851540616074e-02,1.820728291316526526e-01,6.358543417366946393e-01,5.322128851540616074e-02,1.400560224089635909e-02,8.403361344537814762e-03,8.403361344537814762e-03,0.000000000000000000e+00,0.000000000000000000e+00,0.000000000000000000e+00,1.680672268907562952e-02,5.602240896358543464e-03,0.000000000000000000e+00,0.000000000000000000e+00,0.000000000000000000e+00,0.000000000000000000e+00,0.000000000000000000e+00,5.602240896358543464e-03,2.801120448179271732e-03,0.000000000000000000e+00,1.400560224089635909e-02
2.222222222222222307e-02,4.444444444444444614e-02,1.777777777777777846e-01,4.666666666666666741e-01,1.111111111111111049e-01,7.407407407407407690e-03,2.222222222222222307e-02,7.407407407407407690e-03,7.407407407407407690e-03,0.000000000000000000e+00,8.148148148148148806e-02,0.000000000000000000e+00,0.000000000000000000e+00,0.000000000000000000e+00,0.000000000000000000e+00,0.000000000000000000e+00,0.000000000000000000e+00,2.222222222222222307e-02,0.000000000000000000e+00,1.481481481481481538e-02,1.481481481481481538e-02
2.816901408450704289e-02,5.633802816901408578e-02,1.126760563380281716e-01,1.971830985915492829e-01,3.521126760563380031e-01,2.816901408450704289e-02,2.816901408450704289e-02,2.816901408450704289e-02,1.408450704225352144e-02,0.000000000000000000e+00,1.267605633802816878e-01,0.000000000000000000e+00,0.000000000000000000e+00,0.000000000000000000e+00,0.000000000000000000e+00,0.000000000000000000e+00,0.000000000000000000e+00,0.000000000000000000e+00,0.000000000000000000e+00,1.408450704225352144e-02,1.408450704225352144e-02
1.000000000000000056e-01,6.666666666666666574e-02,6.666666666666666574e-02,1.666666666666666574e-01,1.000000000000000056e-01,1.666666666666666574e-01,6.666666666666666574e-02,6.666666666666666574e-02,0.000000000000000000e+00,0.000000000000000000e+00,3.333333333333333287e-02,0.000000000000000000e+00,0.000000000000000000e+00,0.000000000000000000e+00,3.333333333333333287e-02,0.000000000000000000e+00,0.000000000000000000e+00,3.333333333333333287e-02,0.000000000000000000e+00,3.333333333333333287e-02,6.666666666666666574e-02
2.439024390243902524e-02,0.000000000000000000e+00,4.878048780487805047e-02,4.878048780487805047e-02,1.219512195121951192e-01,4.878048780487805047e-02,3.658536585365853577e-01,9.756097560975610095e-02,0.000000000000000000e+00,2.439024390243902524e-02,4.878048780487805047e-02,0.000000000000000000e+00,0.000000000000000000e+00,0.000000000000000000e+00,4.878048780487805047e-02,0.000000000000000000e+00,2.439024390243902524e-02,2.439024390243902524e-02,4.878048780487805047e-02,2.439024390243902524e-02,0.000000000000000000e+00
1.960784313725490169e-02,3.921568627450980338e-02,1.960784313725490169e-02,1.960784313725490169e-02,3.921568627450980338e-02,1.960784313725490169e-02,7.843137254901960675e-02,4.117647058823529216e-01,3.921568627450980338e-02,1.960784313725490169e-02,1.568627450980392135e-01,0.000000000000000000e+00,1.960784313725490169e-02,0.000000000000000000e+00,0.000000000000000000e+00,0.000000000000000000e+00,3.921568627450980338e-02,1.960784313725490169e-02,1.960784313725490169e-02,3.921568627450980338e-02,0.000000000000000000e+00
0.000000000000000000e+00,5.882352941176470507e-02,0.000000000000000000e+00,0.000000000000000000e+00,5.882352941176470507e-02,0.000000000000000000e+00,1.176470588235294101e-01,1.764705882352941291e-01,1.176470588235294101e-01,0.000000000000000000e+00,1.764705882352941291e-01,0.000000000000000000e+00,0.000000000000000000e+00,0.000000000000000000e+00,0.000000000000000000e+00,5.882352941176470507e-02,5.882352941176470507e-02,1.176470588235294101e-01,5.882352941176470507e-02,0.000000000000000000e+00,0.000000000000000000e+00
6.666666666666666574e-02,0.000000000000000000e+00,1.333333333333333315e-01,0.000000000000000000e+00,0.000000000000000000e+00,1.333333333333333315e-01,0.000000000000000000e+00,6.666666666666666574e-02,6.666666666666666574e-02,6.666666666666666574e-02,2.666666666666666630e-01,6.666666666666666574e-02,0.000000000000000000e+00,0.000000000000000000e+00,0.000000000000000000e+00,0.000000000000000000e+00,0.000000000000000000e+00,6.666666666666666574e-02,6.666666666666666574e-02,0.000000000000000000e+00,0.000000000000000000e+00
3.571428571428571230e-02,4.017857142857143155e-02,4.017857142857143155e-02,4.464285714285714385e-02,3.125000000000000000e-02,2.232142857142857192e-02,3.571428571428571230e-02,3.571428571428571230e-02,1.785714285714285615e-02,2.232142857142857192e-02,5.223214285714286031e-01,8.928571428571428076e-03,4.464285714285714038e-03,0.000000000000000000e+00,4.464285714285714038e-03,1.785714285714285615e-02,4.464285714285714038e-03,2.678571428571428423e-02,2.232142857142857192e-02,3.125000000000000000e-02,3.125000000000000000e-02
0.000000000000000000e+00,4.716981132075471518e-03,4.716981132075471518e-03,0.000000000000000000e+00,0.000000000000000000e+00,0.000000000000000000e+00,4.716981132075471518e-03,0.000000000000000000e+00,0.000000000000000000e+00,0.000000000000000000e+00,1.415094339622641542e-02,9.150943396226415283e-01,1.886792452830188607e-02,4.716981132075471518e-03,4.716981132075471518e-03,4.716981132075471518e-03,9.433962264150943036e-03,0.000000000000000000e+00,4.716981132075471518e-03,4.716981132075471518e-03,4.716981132075471518e-03
0.000000000000000000e+00,2.439024390243902524e-02,0.000000000000000000e+00,0.000000000000000000e+00,0.000000000000000000e+00,0.000000000000000000e+00,0.000000000000000000e+00,0.000000000000000000e+00,0.000000000000000000e+00,0.000000000000000000e+00,0.000000000000000000e+00,9.756097560975610095e-02,6.097560975609755962e-01,2.195121951219512202e-01,2.439024390243902524e-02,0.000000000000000000e+00,0.000000000000000000e+00,0.000000000000000000e+00,0.000000000000000000e+00,2.439024390243902524e-02,0.000000000000000000e+00
0.000000000000000000e+00,0.000000000000000000e+00,0.000000000000000000e+00,0.000000000000000000e+00,0.000000000000000000e+00,0.000000000000000000e+00,0.000000000000000000e+00,0.000000000000000000e+00,0.000000000000000000e+00,0.000000000000000000e+00,1.010101010101010187e-02,1.010101010101010187e-02,1.111111111111111049e-01,7.171717171717171269e-01,8.080808080808081495e-02,2.020202020202020374e-02,2.020202020202020374e-02,2.020202020202020374e-02,1.010101010101010187e-02,0.000000000000000000e+00,0.000000000000000000e+00
1.149425287356321823e-02,0.000000000000000000e+00,0.000000000000000000e+00,0.000000000000000000e+00,0.000000000000000000e+00,0.000000000000000000e+00,0.000000000000000000e+00,0.000000000000000000e+00,0.000000000000000000e+00,0.000000000000000000e+00,1.149425287356321823e-02,0.000000000000000000e+00,1.149425287356321823e-02,9.195402298850574585e-02,7.011494252873563537e-01,1.264367816091954144e-01,1.149425287356321823e-02,1.149425287356321823e-02,1.149425287356321823e-02,0.000000000000000000e+00,1.149425287356321823e-02
0.000000000000000000e+00,8.130081300813008990e-03,8.130081300813008990e-03,8.130081300813008990e-03,0.000000000000000000e+00,0.000000000000000000e+00,0.000000000000000000e+00,8.130081300813008990e-03,8.130081300813008990e-03,0.000000000000000000e+00,2.439024390243902524e-02,0.000000000000000000e+00,0.000000000000000000e+00,1.626016260162601798e-02,8.130081300813007950e-02,6.910569105691056757e-01,8.943089430894309022e-02,3.252032520325203596e-02,1.626016260162601798e-02,0.000000000000000000e+00,8.130081300813008990e-03
6.289308176100629269e-03,0.000000000000000000e+00,6.289308176100629269e-03,0.000000000000000000e+00,6.289308176100629269e-03,0.000000000000000000e+00,6.289308176100629269e-03,0.000000000000000000e+00,6.289308176100629269e-03,0.000000000000000000e+00,2.515723270440251708e-02,6.289308176100629269e-03,0.000000000000000000e+00,1.886792452830188607e-02,1.257861635220125854e-02,7.547169811320754429e-02,7.295597484276729050e-01,6.289308176100628922e-02,6.289308176100629269e-03,2.515723270440251708e-02,6.289308176100629269e-03
3.731343283582089481e-03,2.611940298507462593e-02,7.462686567164178962e-03,7.462686567164178962e-03,0.000000000000000000e+00,7.462686567164178962e-03,0.000000000000000000e+00,0.000000000000000000e+00,1.492537313432835792e-02,0.000000000000000000e+00,7.462686567164178962e-03,0.000000000000000000e+00,3.731343283582089481e-03,0.000000000000000000e+00,3.731343283582089481e-03,0.000000000000000000e+00,6.343283582089552508e-02,7.425373134328357994e-01,8.208955223880597118e-02,1.865671641791044610e-02,1.119402985074626801e-02
8.565310492505353798e-03,2.141327623126338450e-03,0.000000000000000000e+00,2.141327623126338450e-03,0.000000000000000000e+00,4.282655246252676899e-03,2.141327623126338450e-03,0.000000000000000000e+00,0.000000000000000000e+00,0.000000000000000000e+00,1.070663811563169095e-02,2.141327623126338450e-03,0.000000000000000000e+00,0.000000000000000000e+00,0.000000000000000000e+00,0.000000000000000000e+00,6.423982869379014915e-03,4.710920770877944502e-02,8.094218415417558932e-01,9.207708779443254943e-02,1.284796573875802983e-02
2.946954813359528580e-02,7.858546168958742070e-03,5.893909626719056986e-03,0.000000000000000000e+00,0.000000000000000000e+00,3.929273084479371035e-03,1.964636542239685518e-03,7.858546168958742070e-03,0.000000000000000000e+00,1.964636542239685518e-03,3.929273084479371035e-03,1.964636542239685518e-03,1.964636542239685518e-03,0.000000000000000000e+00,1.964636542239685518e-03,1.964636542239685518e-03,3.929273084479371035e-03,1.178781925343811397e-02,9.037328094302554682e-02,7.210216110019646019e-01,1.021611001964636556e-01
8.584169453734670496e-02,1.114827201783723590e-02,4.459308807134894012e-03,2.229654403567447006e-03,0.000000000000000000e+00,0.000000000000000000e+00,0.000000000000000000e+00,0.000000000000000000e+00,0.000000000000000000e+00,1.114827201783723503e-03,1.003344481605351196e-02,1.114827201783723503e-03,0.000000000000000000e+00,1.114827201783723503e-03,1.114827201783723503e-03,2.229654403567447006e-03,2.229654403567447006e-03,2.229654403567447006e-03,5.574136008918617949e-03,6.911928651059086326e-02,8.004459308807134743e-01
