7.169981916817359524e-01,9.041591320072332738e-02,1.175406871609403249e-02,3.616636528028932974e-03,5.424954792043399678e-03,2.712477396021699839e-03,3.616636528028932974e-03,1.808318264014466487e-03,9.041591320072332435e-04,0.000000000000000000e+00,4.520795660036166543e-03,0.000000000000000000e+00,0.000000000000000000e+00,0.000000000000000000e+00,9.041591320072332435e-04,0.000000000000000000e+00,0.000000000000000000e+00,2.712477396021699839e-03,2.712477396021699839e-03,1.446654611211573190e-02,1.374321880650994643e-01
1.988873435326842798e-01,6.522948539638386833e-01,5.424200278164116595e-02,2.086230876216968108e-02,9.735744089012517144e-03,5.563282336578581101e-03,1.112656467315716220e-02,2.781641168289290551e-03,0.000000000000000000e+00,2.781641168289290551e-03,6.954102920723227027e-03,1.390820584144645275e-03,0.000000000000000000e+00,0.000000000000000000e+00,0.000000000000000000e+00,0.000000000000000000e+00,0.000000000000000000e+00,1.390820584144645275e-03,2.781641168289290551e-03,6.954102920723227027e-03,2.225312934631432440e-02
5.000000000000000278e-02,2.250000000000000056e-01,5.291666666666666741e-01,7.499999999999999722e-02,1.666666666666666644e-02,0.000000000000000000e+00,1.666666666666666644e-02,4.166666666666666609e-03,4.166666666666666609e-03,0.000000000000000000e+00,2.916666666666666713e-02,4.166666666666666609e-03,0.000000000000000000e+00,0.000000000000000000e+00,0.000000000000000000e+00,4.166666666666666609e-03,4.166666666666666609e-03,0.000000000000000000e+00,0.000000000000000000e+00,0.000000000000000000e+00,3.749999999999999861e-02
3.623188405797101580e-02,1.086956521739130405e-01,2.318840579710144956e-01,4.782608695652174058e-01,5.072463768115942351e-02,7.246376811594202987e-03,0.000000000000000000e+00,2.898550724637681195e-02,7.246376811594202987e-03,0.000000000000000000e+00,1.449275362318840597e-02,0.000000000000000000e+00,0.000000000000000000e+00,0.000000000000000000e+00,0.000000000000000000e+00,7.246376811594202987e-03,0.000000000000000000e+00,0.000000000000000000e+00,7.246376811594202987e-03,1.449275362318840597e-02,7.246376811594202987e-03
9.375000000000000000e-02,1.250000000000000000e-01,6.250000000000000000e-02,1.562500000000000000e-01,3.437500000000000000e-01,4.687500000000000000e-02,3.125000000000000000e-02,1.562500000000000000e-02,0.000000000000000000e+00,0.000000000000000000e+00,7.812500000000000000e-02,0.000000000000000000e+00,0.000000000000000000e+00,0.000000000000000000e+00,0.000000000000000000e+00,0.000000000000000000e+00,0.000000000000000000e+00,0.000000000000000000e+00,1.562500000000000000e-02,1.562500000000000000e-02,1.562500000000000000e-02
6.666666666666666574e-02,0.000000000000000000e+00,1.000000000000000056e-01,1.333333333333333315e-01,1.666666666666666574e-01,1.666666666666666574e-01,6.666666666666666574e-02,6.666666666666666574e-02,0.000000000000000000e+00,3.333333333333333287e-02,1.666666666666666574e-01,0.000000000000000000e+00,0.000000000000000000e+00,0.000000000000000000e+00,0.000000000000000000e+00,0.000000000000000000e+00,0.000000000000000000e+00,0.000000000000000000e+00,0.000000000000000000e+00,3.333333333333333287e-02,0.000000000000000000e+00
1.034482758620689641e-01,1.724137931034482873e-01,6.896551724137930939e-02,1.379310344827586188e-01,6.896551724137930939e-02,1.034482758620689641e-01,2.068965517241379282e-01,3.448275862068965469e-02,3.448275862068965469e-02,0.000000000000000000e+00,6.896551724137930939e-02,0.000000000000000000e+00,0.000000000000000000e+00,0.000000000000000000e+00,0.000000000000000000e+00,0.000000000000000000e+00,0.000000000000000000e+00,0.000000000000000000e+00,0.000000000000000000e+00,0.000000000000000000e+00,0.000000000000000000e+00
0.000000000000000000e+00,0.000000000000000000e+00,6.250000000000000000e-02,3.125000000000000000e-01,6.250000000000000000e-02,1.250000000000000000e-01,0.000000000000000000e+00,2.500000000000000000e-01,0.000000000000000000e+00,0.000000000000000000e+00,1.250000000000000000e-01,0.000000000000000000e+00,0.000000000000000000e+00,0.000000000000000000e+00,0.000000000000000000e+00,0.000000000000000000e+00,0.000000000000000000e+00,0.000000000000000000e+00,0.000000000000000000e+00,0.000000000000000000e+00,6.250000000000000000e-02
0.000000000000000000e+00,1.250000000000000000e-01,1.250000000000000000e-01,0.000000000000000000e+00,2.500000000000000000e-01,1.250000000000000000e-01,1.250000000000000000e-01,2.500000000000000000e-01,0.000000000000000000e+00,0.000000000000000000e+00,0.000000000000000000e+00,0.000000000000000000e+00,0.000000000000000000e+00,0.000000000000000000e+00,0.000000000000000000e+00,0.000000000000000000e+00,0.000000000000000000e+00,0.000000000000000000e+00,0.000000000000000000e+00,0.000000000000000000e+00,0.000000000000000000e+00
0.000000000000000000e+00,0.000000000000000000e+00,0.000000000000000000e+00,1.666666666666666574e-01,5.000000000000000000e-01,0.000000000000000000e+00,0.000000000000000000e+00,0.000000000000000000e+00,0.000000000000000000e+00,0.000000000000000000e+00,1.666666666666666574e-01,0.000000000000000000e+00,0.000000000000000000e+00,0.000000000000000000e+00,0.000000000000000000e+00,0.000000000000000000e+00,0.000000000000000000e+00,0.000000000000000000e+00,1.666666666666666574e-01,0.000000000000000000e+00,0.000000000000000000e+00
2.777777777777777624e-02,4.166666666666666435e-02,2.777777777777777624e-02,2.777777777777777624e-02,8.333333333333332871e-02,5.555555555555555247e-02,4.166666666666666435e-02,0.000000000000000000e+00,5.555555555555555247e-02,1.388888888888888812e-02,5.694444444444444198e-01,0.000000000000000000e+00,0.000000000000000000e+00,0.000000000000000000e+00,0.000000000000000000e+00,0.000000000000000000e+00,0.000000000000000000e+00,1.388888888888888812e-02,0.000000000000000000e+00,2.777777777777777624e-02,1.388888888888888812e-02
0.000000000000000000e+00,0.000000000000000000e+00,2.439024390243902524e-02,0.000000000000000000e+00,0.000000000000000000e+00,0.000000000000000000e+00,0.000000000000000000e+00,0.000000000000000000e+00,0.000000000000000000e+00,0.000000000000000000e+00,0.000000000000000000e+00,6.341463414634146423e-01,9.756097560975610095e-02,7.317073170731706877e-02,2.439024390243902524e-02,2.439024390243902524e-02,0.000000000000000000e+00,2.439024390243902524e-02,4.878048780487805047e-02,4.878048780487805047e-02,0.000000000000000000e+00
0.000000000000000000e+00,0.000000000000000000e+00,0.000000000000000000e+00,0.000000000000000000e+00,0.000000000000000000e+00,0.000000000000000000e+00,0.000000000000000000e+00,0.000000000000000000e+00,0.000000000000000000e+00,0.000000000000000000e+00,0.000000000000000000e+00,2.727272727272727071e-01,4.545454545454545303e-01,1.818181818181818232e-01,0.000000000000000000e+00,0.000000000000000000e+00,0.000000000000000000e+00,9.090909090909091161e-02,0.000000000000000000e+00,0.000000000000000000e+00,0.000000000000000000e+00
0.000000000000000000e+00,0.000000000000000000e+00,0.000000000000000000e+00,0.000000000000000000e+00,0.000000000000000000e+00,0.000000000000000000e+00,0.000000000000000000e+00,0.000000000000000000e+00,0.000000000000000000e+00,0.000000000000000000e+00,0.000000000000000000e+00,2.068965517241379282e-01,6.896551724137930939e-02,5.517241379310344751e-01,3.448275862068965469e-02,0.000000000000000000e+00,0.000000000000000000e+00,0.000000000000000000e+00,1.034482758620689641e-01,3.448275862068965469e-02,0.000000000000000000e+00
0.000000000000000000e+00,0.000000000000000000e+00,0.000000000000000000e+00,0.000000000000000000e+00,3.125000000000000000e-02,0.000000000000000000e+00,0.000000000000000000e+00,0.000000000000000000e+00,0.000000000000000000e+00,0.000000000000000000e+00,0.000000000000000000e+00,3.125000000000000000e-02,0.000000000000000000e+00,3.125000000000000000e-02,7.812500000000000000e-01,3.125000000000000000e-02,0.000000000000000000e+00,0.000000000000000000e+00,3.125000000000000000e-02,0.000000000000000000e+00,6.250000000000000000e-02
0.000000000000000000e+00,0.000000000000000000e+00,0.000000000000000000e+00,0.000000000000000000e+00,0.000000000000000000e+00,0.000000000000000000e+00,0.000000000000000000e+00,0.000000000000000000e+00,0.000000000000000000e+00,0.000000000000000000e+00,0.000000000000000000e+00,0.000000000000000000e+00,0.000000000000000000e+00,5.405405405405405705e-02,8.108108108108108558e-02,5.945945945945946276e-01,1.081081081081081141e-01,2.702702702702702853e-02,0.000000000000000000e+00,5.405405405405405705e-02,8.108108108108108558e-02
4.444444444444444614e-02,2.222222222222222307e-02,2.222222222222222307e-02,0.000000000000000000e+00,0.000000000000000000e+00,0.000000000000000000e+00,0.000000000000000000e+00,0.000000000000000000e+00,0.000000000000000000e+00,0.000000000000000000e+00,0.000000000000000000e+00,0.000000000000000000e+00,0.000000000000000000e+00,4.444444444444444614e-02,2.222222222222222307e-02,6.666666666666666574e-02,5.333333333333333259e-01,8.888888888888889228e-02,6.666666666666666574e-02,2.222222222222222307e-02,6.666666666666666574e-02
1.136363636363636395e-02,3.409090909090908839e-02,1.136363636363636395e-02,0.000000000000000000e+00,0.000000000000000000e+00,0.000000000000000000e+00,0.000000000000000000e+00,0.000000000000000000e+00,0.000000000000000000e+00,0.000000000000000000e+00,1.136363636363636395e-02,1.136363636363636395e-02,1.136363636363636395e-02,0.000000000000000000e+00,1.136363636363636395e-02,2.272727272727272790e-02,1.022727272727272790e-01,5.227272727272727071e-01,1.363636363636363535e-01,5.681818181818181629e-02,5.681818181818181629e-02
1.086956521739130405e-02,5.434782608695652023e-03,1.086956521739130405e-02,1.086956521739130405e-02,0.000000000000000000e+00,0.000000000000000000e+00,0.000000000000000000e+00,0.000000000000000000e+00,0.000000000000000000e+00,0.000000000000000000e+00,5.434782608695652023e-03,0.000000000000000000e+00,0.000000000000000000e+00,1.086956521739130405e-02,0.000000000000000000e+00,5.434782608695652023e-03,2.717391304347826012e-02,1.358695652173912971e-01,6.032608695652174058e-01,1.195652173913043514e-01,5.434782608695652023e-02
5.337078651685393110e-02,1.966292134831460620e-02,2.808988764044943742e-03,2.808988764044943742e-03,0.000000000000000000e+00,0.000000000000000000e+00,0.000000000000000000e+00,0.000000000000000000e+00,0.000000000000000000e+00,0.000000000000000000e+00,2.808988764044943742e-03,0.000000000000000000e+00,0.000000000000000000e+00,2.808988764044943742e-03,0.000000000000000000e+00,5.617977528089887485e-03,0.000000000000000000e+00,1.685393258426966245e-02,1.095505617977528129e-01,6.685393258426965968e-01,1.151685393258427004e-01
1.413612565445026281e-01,2.879581151832460648e-02,5.235602094240838014e-03,7.853403141361256154e-03,0.000000000000000000e+00,3.926701570680628077e-03,2.617801047120419007e-03,0.000000000000000000e+00,0.000000000000000000e+00,1.308900523560209504e-03,6.544502617801047084e-03,0.000000000000000000e+00,0.000000000000000000e+00,0.000000000000000000e+00,0.000000000000000000e+00,1.308900523560209504e-03,1.308900523560209504e-03,1.308900523560209504e-03,1.308900523560209417e-02,9.554973821989529159e-02,6.897905759162303863e-01
