3.333333333333333148e-01,0.000000000000000000e+00,3.333333333333333148e-01,3.333333333333333148e-01,0.000000000000000000e+00,0.000000000000000000e+00,0.000000000000000000e+00,0.000000000000000000e+00,0.000000000000000000e+00,0.000000000000000000e+00,0.000000000000000000e+00,0.000000000000000000e+00,0.000000000000000000e+00,0.000000000000000000e+00,0.000000000000000000e+00,0.000000000000000000e+00,0.000000000000000000e+00,0.000000000000000000e+00,0.000000000000000000e+00,0.000000000000000000e+00,0.000000000000000000e+00,0.000000000000000000e+00
0.000000000000000000e+00,8.817204301075268758e-01,9.677419354838709409e-02,1.075268817204301161e-02,1.075268817204301161e-02,0.000000000000000000e+00,0.000000000000000000e+00,0.000000000000000000e+00,0.000000000000000000e+00,0.000000000000000000e+00,0.000000000000000000e+00,0.000000000000000000e+00,0.000000000000000000e+00,0.000000000000000000e+00,0.000000000000000000e+00,0.000000000000000000e+00,0.000000000000000000e+00,0.000000000000000000e+00,0.000000000000000000e+00,0.000000000000000000e+00,0.000000000000000000e+00,0.000000000000000000e+00
3.333333333333333547e-03,2.666666666666666838e-02,7.833333333333333259e-01,1.633333333333333304e-01,1.333333333333333419e-02,6.666666666666667095e-03,3.333333333333333547e-03,0.000000000000000000e+00,0.000000000000000000e+00,0.000000000000000000e+00,0.000000000000000000e+00,0.000000000000000000e+00,0.000000000000000000e+00,0.000000000000000000e+00,0.000000000000000000e+00,0.000000000000000000e+00,0.000000000000000000e+00,0.000000000000000000e+00,0.000000000000000000e+00,0.000000000000000000e+00,0.000000000000000000e+00,0.000000000000000000e+00
0.000000000000000000e+00,1.101321585903083803e-03,3.744493392070484539e-02,8.292951541850219765e-01,1.090308370044052871e-01,1.211453744493392118e-02,4.405286343612335211e-03,2.202643171806167605e-03,0.000000000000000000e+00,0.000000000000000000e+00,0.000000000000000000e+00,0.000000000000000000e+00,1.101321585903083803e-03,0.000000000000000000e+00,0.000000000000000000e+00,0.000000000000000000e+00,1.101321585903083803e-03,0.000000000000000000e+00,0.000000000000000000e+00,1.101321585903083803e-03,0.000000000000000000e+00,1.101321585903083803e-03
9.233610341643582299e-04,0.000000000000000000e+00,4.616805170821791475e-03,7.202216066481995083e-02,7.830101569713757703e-01,1.043397968605724868e-01,1.385041551246537356e-02,1.846722068328716460e-03,1.846722068328716460e-03,2.770083102493074798e-03,9.233610341643582299e-04,9.233610341643582299e-04,9.233610341643582299e-04,9.233610341643582299e-04,0.000000000000000000e+00,9.233610341643582299e-04,0.000000000000000000e+00,2.770083102493074798e-03,9.233610341643582299e-04,0.000000000000000000e+00,0.000000000000000000e+00,6.463527239150507718e-03
0.000000000000000000e+00,0.000000000000000000e+00,0.000000000000000000e+00,3.343465045592704937e-02,1.367781155015197481e-01,6.717325227963525380e-01,8.054711246200607633e-02,1.367781155015197585e-02,1.215805471124620056e-02,9.118541033434649987e-03,3.039513677811550140e-03,6.079027355623100280e-03,6.079027355623100280e-03,1.519756838905775070e-03,1.519756838905775070e-03,3.039513677811550140e-03,1.519756838905775070e-03,0.000000000000000000e+00,1.519756838905775070e-03,0.000000000000000000e+00,1.519756838905775070e-03,1.671732522796352469e-02
0.000000000000000000e+00,0.000000000000000000e+00,0.000000000000000000e+00,3.539823008849557473e-02,8.849557522123893682e-02,1.902654867256637072e-01,4.778761061946902866e-01,1.017699115044247843e-01,4.424778761061946841e-02,2.654867256637168105e-02,0.000000000000000000e+00,4.424778761061946841e-03,0.000000000000000000e+00,0.000000000000000000e+00,0.000000000000000000e+00,0.000000000000000000e+00,0.000000000000000000e+00,0.000000000000000000e+00,8.849557522123893682e-03,0.000000000000000000e+00,0.000000000000000000e+00,2.212389380530973421e-02
0.000000000000000000e+00,0.000000000000000000e+00,0.000000000000000000e+00,8.620689655172413673e-03,4.310344827586207184e-02,1.120689655172413812e-01,1.724137931034482873e-01,4.396551724137930939e-01,8.620689655172414367e-02,4.310344827586207184e-02,8.620689655172413673e-03,0.000000000000000000e+00,2.586206896551724102e-02,8.620689655172413673e-03,8.620689655172413673e-03,0.000000000000000000e+00,0.000000000000000000e+00,8.620689655172413673e-03,0.000000000000000000e+00,0.000000000000000000e+00,0.000000000000000000e+00,3.448275862068965469e-02
0.000000000000000000e+00,0.000000000000000000e+00,0.000000000000000000e+00,0.000000000000000000e+00,8.928571428571428076e-03,5.357142857142856845e-02,1.339285714285714246e-01,8.928571428571428770e-02,5.178571428571429047e-01,7.142857142857142461e-02,4.464285714285714385e-02,2.678571428571428423e-02,0.000000000000000000e+00,1.785714285714285615e-02,8.928571428571428076e-03,0.000000000000000000e+00,0.000000000000000000e+00,0.000000000000000000e+00,0.000000000000000000e+00,0.000000000000000000e+00,0.000000000000000000e+00,2.678571428571428423e-02
0.000000000000000000e+00,0.000000000000000000e+00,0.000000000000000000e+00,1.538461538461538547e-02,3.076923076923077094e-02,7.692307692307692735e-02,1.230769230769230838e-01,1.076923076923076983e-01,1.538461538461538547e-01,2.307692307692307820e-01,6.153846153846154188e-02,6.153846153846154188e-02,1.538461538461538547e-02,4.615384615384615641e-02,0.000000000000000000e+00,3.076923076923077094e-02,0.000000000000000000e+00,1.538461538461538547e-02,0.000000000000000000e+00,0.000000000000000000e+00,0.000000000000000000e+00,3.076923076923077094e-02
0.000000000000000000e+00,0.000000000000000000e+00,0.000000000000000000e+00,0.000000000000000000e+00,0.000000000000000000e+00,5.714285714285714107e-02,8.571428571428571508e-02,5.714285714285714107e-02,5.714285714285714107e-02,1.714285714285714302e-01,2.285714285714285643e-01,1.142857142857142821e-01,2.857142857142857054e-02,0.000000000000000000e+00,0.000000000000000000e+00,8.571428571428571508e-02,5.714285714285714107e-02,0.000000000000000000e+00,0.000000000000000000e+00,0.000000000000000000e+00,0.000000000000000000e+00,5.714285714285714107e-02
0.000000000000000000e+00,0.000000000000000000e+00,0.000000000000000000e+00,0.000000000000000000e+00,1.960784313725490169e-02,1.960784313725490169e-02,0.000000000000000000e+00,0.000000000000000000e+00,5.882352941176470507e-02,5.882352941176470507e-02,1.372549019607843257e-01,5.098039215686274161e-01,5.882352941176470507e-02,1.960784313725490169e-02,0.000000000000000000e+00,1.960784313725490169e-02,0.000000000000000000e+00,0.000000000000000000e+00,0.000000000000000000e+00,1.960784313725490169e-02,0.000000000000000000e+00,7.843137254901960675e-02
0.000000000000000000e+00,0.000000000000000000e+00,0.000000000000000000e+00,1.886792452830188607e-02,3.773584905660377214e-02,1.886792452830188607e-02,3.773584905660377214e-02,1.886792452830188607e-02,1.886792452830188607e-02,5.660377358490566169e-02,5.660377358490566169e-02,1.886792452830188607e-02,5.283018867924528239e-01,7.547169811320754429e-02,3.773584905660377214e-02,1.886792452830188607e-02,0.000000000000000000e+00,1.886792452830188607e-02,0.000000000000000000e+00,0.000000000000000000e+00,0.000000000000000000e+00,3.773584905660377214e-02
0.000000000000000000e+00,0.000000000000000000e+00,0.000000000000000000e+00,0.000000000000000000e+00,0.000000000000000000e+00,3.030303030303030387e-02,3.030303030303030387e-02,9.090909090909091161e-02,0.000000000000000000e+00,6.060606060606060774e-02,0.000000000000000000e+00,6.060606060606060774e-02,6.060606060606060774e-02,4.545454545454545303e-01,3.030303030303030387e-02,9.090909090909091161e-02,3.030303030303030387e-02,3.030303030303030387e-02,0.000000000000000000e+00,0.000000000000000000e+00,0.000000000000000000e+00,3.030303030303030387e-02
0.000000000000000000e+00,0.000000000000000000e+00,0.000000000000000000e+00,0.000000000000000000e+00,0.000000000000000000e+00,8.333333333333332871e-02,8.333333333333332871e-02,0.000000000000000000e+00,0.000000000000000000e+00,0.000000000000000000e+00,0.000000000000000000e+00,0.000000000000000000e+00,8.333333333333332871e-02,2.500000000000000000e-01,3.333333333333333148e-01,0.000000000000000000e+00,0.000000000000000000e+00,8.333333333333332871e-02,0.000000000000000000e+00,8.333333333333332871e-02,0.000000000000000000e+00,0.000000000000000000e+00
0.000000000000000000e+00,0.000000000000000000e+00,0.000000000000000000e+00,0.000000000000000000e+00,3.333333333333333287e-02,6.666666666666666574e-02,0.000000000000000000e+00,0.000000000000000000e+00,6.666666666666666574e-02,3.333333333333333287e-02,1.000000000000000056e-01,3.333333333333333287e-02,6.666666666666666574e-02,3.333333333333333287e-02,3.333333333333333287e-02,3.666666666666666408e-01,0.000000000000000000e+00,6.666666666666666574e-02,0.000000000000000000e+00,0.000000000000000000e+00,0.000000000000000000e+00,1.000000000000000056e-01
0.000000000000000000e+00,0.000000000000000000e+00,0.000000000000000000e+00,0.000000000000000000e+00,0.000000000000000000e+00,6.666666666666666574e-02,6.666666666666666574e-02,0.000000000000000000e+00,0.000000000000000000e+00,0.000000000000000000e+00,0.000000000000000000e+00,6.666666666666666574e-02,6.666666666666666574e-02,0.000000000000000000e+00,0.000000000000000000e+00,2.000000000000000111e-01,1.333333333333333315e-01,2.666666666666666630e-01,0.000000000000000000e+00,0.000000000000000000e+00,0.000000000000000000e+00,1.333333333333333315e-01
0.000000000000000000e+00,0.000000000000000000e+00,4.166666666666666435e-02,0.000000000000000000e+00,8.333333333333332871e-02,4.166666666666666435e-02,0.000000000000000000e+00,4.166666666666666435e-02,0.000000000000000000e+00,0.000000000000000000e+00,4.166666666666666435e-02,0.000000000000000000e+00,4.166666666666666435e-02,4.166666666666666435e-02,0.000000000000000000e+00,1.250000000000000000e-01,1.250000000000000000e-01,2.500000000000000000e-01,4.166666666666666435e-02,0.000000000000000000e+00,0.000000000000000000e+00,1.250000000000000000e-01
0.000000000000000000e+00,0.000000000000000000e+00,0.000000000000000000e+00,1.250000000000000000e-01,0.000000000000000000e+00,1.250000000000000000e-01,0.000000000000000000e+00,0.000000000000000000e+00,0.000000000000000000e+00,0.000000000000000000e+00,0.000000000000000000e+00,0.000000000000000000e+00,0.000000000000000000e+00,0.000000000000000000e+00,1.250000000000000000e-01,0.000000000000000000e+00,1.250000000000000000e-01,1.250000000000000000e-01,1.250000000000000000e-01,0.000000000000000000e+00,0.000000000000000000e+00,2.500000000000000000e-01
0.000000000000000000e+00,0.000000000000000000e+00,0.000000000000000000e+00,0.000000000000000000e+00,1.428571428571428492e-01,0.000000000000000000e+00,0.000000000000000000e+00,0.000000000000000000e+00,1.428571428571428492e-01,1.428571428571428492e-01,0.000000000000000000e+00,1.428571428571428492e-01,0.000000000000000000e+00,0.000000000000000000e+00,0.000000000000000000e+00,0.000000000000000000e+00,0.000000000000000000e+00,0.000000000000000000e+00,0.000000000000000000e+00,0.000000000000000000e+00,0.000000000000000000e+00,4.285714285714285476e-01
0.000000000000000000e+00,0.000000000000000000e+00,0.000000000000000000e+00,0.000000000000000000e+00,0.000000000000000000e+00,1.818181818181818232e-01,0.000000000000000000e+00,0.000000000000000000e+00,0.000000000000000000e+00,0.000000000000000000e+00,0.000000000000000000e+00,0.000000000000000000e+00,0.000000000000000000e+00,0.000000000000000000e+00,0.000000000000000000e+00,0.000000000000000000e+00,0.000000000000000000e+00,0.000000000000000000e+00,9.090909090909091161e-02,9.090909090909091161e-02,4.545454545454545303e-01,1.818181818181818232e-01
0.000000000000000000e+00,0.000000000000000000e+00,5.813953488372092943e-03,0.000000000000000000e+00,1.162790697674418589e-02,3.488372093023255766e-02,1.162790697674418589e-02,0.000000000000000000e+00,4.069767441860465407e-02,1.744186046511627883e-02,5.813953488372092943e-03,2.325581395348837177e-02,5.813953488372092943e-03,5.813953488372092943e-03,5.813953488372092943e-03,1.744186046511627883e-02,2.325581395348837177e-02,1.744186046511627883e-02,1.162790697674418589e-02,1.744186046511627883e-02,2.325581395348837177e-02,7.209302325581394832e-01
