7.058823529411765163e-01,0.000000000000000000e+00,5.882352941176470507e-02,1.176470588235294101e-01,5.882352941176470507e-02,0.000000000000000000e+00,0.000000000000000000e+00,0.000000000000000000e+00,0.000000000000000000e+00,0.000000000000000000e+00,5.882352941176470507e-02,0.000000000000000000e+00,0.000000000000000000e+00,0.000000000000000000e+00,0.000000000000000000e+00,0.000000000000000000e+00,0.000000000000000000e+00,0.000000000000000000e+00,0.000000000000000000e+00,0.000000000000000000e+00,0.000000000000000000e+00,0.000000000000000000e+00
1.250000000000000000e-01,1.250000000000000000e-01,1.250000000000000000e-01,0.000000000000000000e+00,3.750000000000000000e-01,0.000000000000000000e+00,1.250000000000000000e-01,1.250000000000000000e-01,0.000000000000000000e+00,0.000000000000000000e+00,0.000000000000000000e+00,0.000000000000000000e+00,0.000000000000000000e+00,0.000000000000000000e+00,0.000000000000000000e+00,0.000000000000000000e+00,0.000000000000000000e+00,0.000000000000000000e+00,0.000000000000000000e+00,0.000000000000000000e+00,0.000000000000000000e+00,0.000000000000000000e+00
0.000000000000000000e+00,0.000000000000000000e+00,1.666666666666666574e-01,1.666666666666666574e-01,1.666666666666666574e-01,0.000000000000000000e+00,3.333333333333333148e-01,0.000000000000000000e+00,0.000000000000000000e+00,0.000000000000000000e+00,0.000000000000000000e+00,0.000000000000000000e+00,0.000000000000000000e+00,0.000000000000000000e+00,0.000000000000000000e+00,0.000000000000000000e+00,0.000000000000000000e+00,0.000000000000000000e+00,0.000000000000000000e+00,0.000000000000000000e+00,0.000000000000000000e+00,1.666666666666666574e-01
0.000000000000000000e+00,0.000000000000000000e+00,0.000000000000000000e+00,5.999999999999999778e-01,1.499999999999999944e-01,5.000000000000000278e-02,0.000000000000000000e+00,1.000000000000000056e-01,5.000000000000000278e-02,0.000000000000000000e+00,5.000000000000000278e-02,0.000000000000000000e+00,0.000000000000000000e+00,0.000000000000000000e+00,0.000000000000000000e+00,0.000000000000000000e+00,0.000000000000000000e+00,0.000000000000000000e+00,0.000000000000000000e+00,0.000000000000000000e+00,0.000000000000000000e+00,0.000000000000000000e+00
1.754385964912280604e-02,3.508771929824561209e-02,0.000000000000000000e+00,1.754385964912280604e-02,5.964912280701754055e-01,8.771929824561403022e-02,7.017543859649122417e-02,1.754385964912280604e-02,7.017543859649122417e-02,3.508771929824561209e-02,1.754385964912280604e-02,0.000000000000000000e+00,1.754385964912280604e-02,0.000000000000000000e+00,0.000000000000000000e+00,0.000000000000000000e+00,0.000000000000000000e+00,1.754385964912280604e-02,0.000000000000000000e+00,0.000000000000000000e+00,0.000000000000000000e+00,0.000000000000000000e+00
0.000000000000000000e+00,0.000000000000000000e+00,0.000000000000000000e+00,0.000000000000000000e+00,0.000000000000000000e+00,6.800000000000000488e-01,1.466666666666666674e-01,4.000000000000000083e-02,5.333333333333333676e-02,4.000000000000000083e-02,0.000000000000000000e+00,1.333333333333333419e-02,0.000000000000000000e+00,0.000000000000000000e+00,0.000000000000000000e+00,1.333333333333333419e-02,0.000000000000000000e+00,0.000000000000000000e+00,0.000000000000000000e+00,0.000000000000000000e+00,0.000000000000000000e+00,1.333333333333333419e-02
0.000000000000000000e+00,2.040816326530612082e-02,0.000000000000000000e+00,1.020408163265306041e-02,3.061224489795918297e-02,4.081632653061224164e-02,4.693877551020408379e-01,2.142857142857142738e-01,1.428571428571428492e-01,5.102040816326530726e-02,2.040816326530612082e-02,0.000000000000000000e+00,0.000000000000000000e+00,0.000000000000000000e+00,0.000000000000000000e+00,0.000000000000000000e+00,0.000000000000000000e+00,0.000000000000000000e+00,0.000000000000000000e+00,0.000000000000000000e+00,0.000000000000000000e+00,0.000000000000000000e+00
0.000000000000000000e+00,6.849315068493150305e-03,6.849315068493150305e-03,0.000000000000000000e+00,6.849315068493150305e-03,2.054794520547945091e-02,8.219178082191780366e-02,4.520547945205479201e-01,2.534246575342465890e-01,6.849315068493150305e-02,4.794520547945205213e-02,6.849315068493150305e-03,2.054794520547945091e-02,0.000000000000000000e+00,0.000000000000000000e+00,6.849315068493150305e-03,1.369863013698630061e-02,0.000000000000000000e+00,0.000000000000000000e+00,0.000000000000000000e+00,0.000000000000000000e+00,6.849315068493150305e-03
0.000000000000000000e+00,0.000000000000000000e+00,0.000000000000000000e+00,0.000000000000000000e+00,5.390835579514825088e-03,8.086253369272237632e-03,1.617250673854447526e-02,5.390835579514825088e-02,5.902964959568732795e-01,2.210242587601078113e-01,6.199460916442048330e-02,1.886792452830188607e-02,1.347708894878706272e-02,2.695417789757412544e-03,0.000000000000000000e+00,2.695417789757412544e-03,0.000000000000000000e+00,0.000000000000000000e+00,0.000000000000000000e+00,0.000000000000000000e+00,2.695417789757412544e-03,2.695417789757412544e-03
0.000000000000000000e+00,0.000000000000000000e+00,0.000000000000000000e+00,0.000000000000000000e+00,1.545595054095826862e-03,3.091190108191653723e-03,4.636785162287480368e-03,9.273570324574960735e-03,7.109737248840804213e-02,6.429675425038640091e-01,2.086553323029366191e-01,3.863987635239567175e-02,7.727975270479134524e-03,4.636785162287480368e-03,1.545595054095826862e-03,0.000000000000000000e+00,0.000000000000000000e+00,3.091190108191653723e-03,0.000000000000000000e+00,0.000000000000000000e+00,1.545595054095826862e-03,1.545595054095826862e-03
2.336448598130840947e-03,0.000000000000000000e+00,0.000000000000000000e+00,0.000000000000000000e+00,2.336448598130840947e-03,0.000000000000000000e+00,4.672897196261681894e-03,9.345794392523363789e-03,2.570093457943925172e-02,1.086448598130841103e-01,6.471962616822429792e-01,1.553738317757009380e-01,2.570093457943925172e-02,5.841121495327102585e-03,2.336448598130840947e-03,2.336448598130840947e-03,0.000000000000000000e+00,1.168224299065420474e-03,0.000000000000000000e+00,0.000000000000000000e+00,0.000000000000000000e+00,7.009345794392523275e-03
1.213592233009708633e-03,0.000000000000000000e+00,0.000000000000000000e+00,0.000000000000000000e+00,0.000000000000000000e+00,1.213592233009708633e-03,4.854368932038834530e-03,7.281553398058252663e-03,1.092233009708737899e-02,4.004854368932039138e-02,1.189320388349514590e-01,6.820388349514563409e-01,1.043689320388349467e-01,1.577669902912621352e-02,3.640776699029126331e-03,2.427184466019417265e-03,1.213592233009708633e-03,0.000000000000000000e+00,0.000000000000000000e+00,0.000000000000000000e+00,0.000000000000000000e+00,6.067961165048543597e-03
0.000000000000000000e+00,0.000000000000000000e+00,0.000000000000000000e+00,0.000000000000000000e+00,2.070393374741200977e-03,2.070393374741200977e-03,0.000000000000000000e+00,1.242236024844720413e-02,1.242236024844720413e-02,1.656314699792960782e-02,4.968944099378881651e-02,1.345755693581780488e-01,6.501035196687370288e-01,6.832298136645963138e-02,2.070393374741200804e-02,8.281573498964803909e-03,2.070393374741200977e-03,6.211180124223602064e-03,6.211180124223602064e-03,2.070393374741200977e-03,0.000000000000000000e+00,6.211180124223602064e-03
0.000000000000000000e+00,0.000000000000000000e+00,0.000000000000000000e+00,0.000000000000000000e+00,0.000000000000000000e+00,8.196721311475410263e-03,8.196721311475410263e-03,8.196721311475410263e-03,1.639344262295082053e-02,2.459016393442622905e-02,3.278688524590164105e-02,1.557377049180327933e-01,1.639344262295081844e-01,3.934426229508196649e-01,1.065573770491803213e-01,1.639344262295082053e-02,1.639344262295082053e-02,8.196721311475410263e-03,0.000000000000000000e+00,0.000000000000000000e+00,0.000000000000000000e+00,4.098360655737704611e-02
1.515151515151515194e-02,0.000000000000000000e+00,0.000000000000000000e+00,0.000000000000000000e+00,0.000000000000000000e+00,0.000000000000000000e+00,0.000000000000000000e+00,0.000000000000000000e+00,0.000000000000000000e+00,6.060606060606060774e-02,9.090909090909091161e-02,6.060606060606060774e-02,1.363636363636363535e-01,1.363636363636363535e-01,3.181818181818181768e-01,9.090909090909091161e-02,4.545454545454545581e-02,1.515151515151515194e-02,0.000000000000000000e+00,0.000000000000000000e+00,0.000000000000000000e+00,3.030303030303030387e-02
3.448275862068965469e-02,0.000000000000000000e+00,0.000000000000000000e+00,0.000000000000000000e+00,0.000000000000000000e+00,0.000000000000000000e+00,0.000000000000000000e+00,3.448275862068965469e-02,0.000000000000000000e+00,3.448275862068965469e-02,1.379310344827586188e-01,3.448275862068965469e-02,3.448275862068965469e-02,6.896551724137930939e-02,1.034482758620689641e-01,2.758620689655172376e-01,6.896551724137930939e-02,1.034482758620689641e-01,3.448275862068965469e-02,0.000000000000000000e+00,0.000000000000000000e+00,3.448275862068965469e-02
0.000000000000000000e+00,0.000000000000000000e+00,0.000000000000000000e+00,0.000000000000000000e+00,0.000000000000000000e+00,4.000000000000000083e-02,4.000000000000000083e-02,0.000000000000000000e+00,0.000000000000000000e+00,0.000000000000000000e+00,1.199999999999999956e-01,8.000000000000000167e-02,8.000000000000000167e-02,1.199999999999999956e-01,4.000000000000000083e-02,0.000000000000000000e+00,2.399999999999999911e-01,4.000000000000000083e-02,4.000000000000000083e-02,4.000000000000000083e-02,4.000000000000000083e-02,8.000000000000000167e-02
0.000000000000000000e+00,0.000000000000000000e+00,0.000000000000000000e+00,5.882352941176470507e-02,5.882352941176470507e-02,0.000000000000000000e+00,0.000000000000000000e+00,5.882352941176470507e-02,0.000000000000000000e+00,1.176470588235294101e-01,1.764705882352941291e-01,5.882352941176470507e-02,5.882352941176470507e-02,1.176470588235294101e-01,0.000000000000000000e+00,0.000000000000000000e+00,5.882352941176470507e-02,0.000000000000000000e+00,0.000000000000000000e+00,0.000000000000000000e+00,5.882352941176470507e-02,1.764705882352941291e-01
0.000000000000000000e+00,0.000000000000000000e+00,0.000000000000000000e+00,0.000000000000000000e+00,0.000000000000000000e+00,0.000000000000000000e+00,0.000000000000000000e+00,0.000000000000000000e+00,0.000000000000000000e+00,0.000000000000000000e+00,1.000000000000000056e-01,5.000000000000000278e-02,5.000000000000000278e-02,5.000000000000000278e-02,1.000000000000000056e-01,5.000000000000000278e-02,5.000000000000000278e-02,5.000000000000000278e-02,2.999999999999999889e-01,1.499999999999999944e-01,0.000000000000000000e+00,5.000000000000000278e-02
0.000000000000000000e+00,0.000000000000000000e+00,0.000000000000000000e+00,0.000000000000000000e+00,0.000000000000000000e+00,0.000000000000000000e+00,0.000000000000000000e+00,0.000000000000000000e+00,0.000000000000000000e+00,0.000000000000000000e+00,0.000000000000000000e+00,8.333333333333332871e-02,0.000000000000000000e+00,0.000000000000000000e+00,0.000000000000000000e+00,0.000000000000000000e+00,8.333333333333332871e-02,8.333333333333332871e-02,8.333333333333332871e-02,3.333333333333333148e-01,2.500000000000000000e-01,8.333333333333332871e-02
6.666666666666666574e-02,0.000000000000000000e+00,0.000000000000000000e+00,0.000000000000000000e+00,0.000000000000000000e+00,0.000000000000000000e+00,0.000000000000000000e+00,0.000000000000000000e+00,0.000000000000000000e+00,0.000000000000000000e+00,0.000000000000000000e+00,0.000000000000000000e+00,0.000000000000000000e+00,0.000000000000000000e+00,0.000000000000000000e+00,6.666666666666666574e-02,1.333333333333333315e-01,0.000000000000000000e+00,6.666666666666666574e-02,6.666666666666666574e-02,4.000000000000000222e-01,2.000000000000000111e-01
0.000000000000000000e+00,0.000000000000000000e+00,0.000000000000000000e+00,0.000000000000000000e+00,0.000000000000000000e+00,0.000000000000000000e+00,9.900990099009901110e-03,9.900990099009901110e-03,9.900990099009901110e-03,9.900990099009901110e-03,3.960396039603960444e-02,1.980198019801980222e-02,3.960396039603960444e-02,2.970297029702970160e-02,2.970297029702970160e-02,1.980198019801980222e-02,3.960396039603960444e-02,1.980198019801980222e-02,4.950495049504950729e-02,2.970297029702970160e-02,1.980198019801980222e-02,6.237623762376237613e-01
