7.297949336550060284e-01,8.805790108564535978e-02,1.326899879372738303e-02,1.568154402895054200e-02,3.618817852834740629e-03,1.206272617611580137e-03,1.206272617611580137e-03,2.412545235223160275e-03,1.206272617611580137e-03,0.000000000000000000e+00,3.618817852834740629e-03,0.000000000000000000e+00,0.000000000000000000e+00,1.206272617611580137e-03,0.000000000000000000e+00,2.412545235223160275e-03,1.206272617611580137e-03,0.000000000000000000e+00,6.031363088057900904e-03,1.085645355850422232e-02,1.182147165259348626e-01
1.356521739130434889e-01,6.730434782608695210e-01,8.000000000000000167e-02,2.782608695652174016e-02,5.217391304347826497e-03,1.739130434782608760e-03,6.956521739130435041e-03,0.000000000000000000e+00,1.739130434782608760e-03,0.000000000000000000e+00,1.913043478260869484e-02,0.000000000000000000e+00,0.000000000000000000e+00,0.000000000000000000e+00,0.000000000000000000e+00,0.000000000000000000e+00,0.000000000000000000e+00,1.739130434782608760e-03,3.478260869565217520e-03,1.565217391304347949e-02,2.782608695652174016e-02
4.270462633451957424e-02,1.565836298932384296e-01,5.907473309608540779e-01,7.829181494661921481e-02,2.491103202846975048e-02,7.117437722419928461e-03,1.423487544483985692e-02,7.117437722419928461e-03,0.000000000000000000e+00,0.000000000000000000e+00,1.779359430604982376e-02,0.000000000000000000e+00,0.000000000000000000e+00,0.000000000000000000e+00,0.000000000000000000e+00,3.558718861209964231e-03,0.000000000000000000e+00,3.558718861209964231e-03,7.117437722419928461e-03,7.117437722419928461e-03,3.914590747330960741e-02
1.166666666666666685e-01,1.416666666666666630e-01,1.666666666666666574e-01,3.833333333333333592e-01,5.833333333333333426e-02,3.333333333333333287e-02,1.666666666666666644e-02,0.000000000000000000e+00,8.333333333333333218e-03,8.333333333333333218e-03,4.166666666666666435e-02,0.000000000000000000e+00,0.000000000000000000e+00,0.000000000000000000e+00,0.000000000000000000e+00,0.000000000000000000e+00,0.000000000000000000e+00,0.000000000000000000e+00,0.000000000000000000e+00,0.000000000000000000e+00,2.500000000000000139e-02
8.928571428571428770e-02,1.071428571428571369e-01,1.071428571428571369e-01,1.785714285714285754e-01,2.500000000000000000e-01,7.142857142857142461e-02,1.785714285714285615e-02,0.000000000000000000e+00,0.000000000000000000e+00,3.571428571428571230e-02,5.357142857142856845e-02,0.000000000000000000e+00,0.000000000000000000e+00,0.000000000000000000e+00,0.000000000000000000e+00,0.000000000000000000e+00,0.000000000000000000e+00,1.785714285714285615e-02,0.000000000000000000e+00,3.571428571428571230e-02,3.571428571428571230e-02
2.777777777777777624e-02,8.333333333333332871e-02,5.555555555555555247e-02,5.555555555555555247e-02,1.944444444444444475e-01,3.333333333333333148e-01,8.333333333333332871e-02,2.777777777777777624e-02,0.000000000000000000e+00,0.000000000000000000e+00,1.111111111111111049e-01,0.000000000000000000e+00,0.000000000000000000e+00,0.000000000000000000e+00,0.000000000000000000e+00,0.000000000000000000e+00,0.000000000000000000e+00,0.000000000000000000e+00,0.000000000000000000e+00,2.777777777777777624e-02,0.000000000000000000e+00
1.212121212121212155e-01,9.090909090909091161e-02,3.030303030303030387e-02,9.090909090909091161e-02,3.030303030303030387e-02,9.090909090909091161e-02,3.030303030303030387e-01,6.060606060606060774e-02,6.060606060606060774e-02,0.000000000000000000e+00,1.212121212121212155e-01,0.000000000000000000e+00,0.000000000000000000e+00,0.000000000000000000e+00,0.000000000000000000e+00,0.000000000000000000e+00,0.000000000000000000e+00,0.000000000000000000e+00,0.000000000000000000e+00,0.000000000000000000e+00,0.000000000000000000e+00
5.555555555555555247e-02,2.222222222222222099e-01,1.111111111111111049e-01,0.000000000000000000e+00,0.000000000000000000e+00,0.000000000000000000e+00,0.000000000000000000e+00,3.333333333333333148e-01,1.666666666666666574e-01,0.000000000000000000e+00,1.111111111111111049e-01,0.000000000000000000e+00,0.000000000000000000e+00,0.000000000000000000e+00,0.000000000000000000e+00,0.000000000000000000e+00,0.000000000000000000e+00,0.000000000000000000e+00,0.000000000000000000e+00,0.000000000000000000e+00,0.000000000000000000e+00
0.000000000000000000e+00,0.000000000000000000e+00,4.347826086956521618e-02,4.347826086956521618e-02,8.695652173913043237e-02,0.000000000000000000e+00,4.347826086956521618e-02,8.695652173913043237e-02,4.347826086956521618e-01,8.695652173913043237e-02,1.304347826086956486e-01,0.000000000000000000e+00,0.000000000000000000e+00,0.000000000000000000e+00,0.000000000000000000e+00,0.000000000000000000e+00,0.000000000000000000e+00,0.000000000000000000e+00,0.000000000000000000e+00,0.000000000000000000e+00,4.347826086956521618e-02
1.333333333333333315e-01,0.000000000000000000e+00,0.000000000000000000e+00,0.000000000000000000e+00,2.666666666666666630e-01,1.333333333333333315e-01,0.000000000000000000e+00,0.000000000000000000e+00,0.000000000000000000e+00,4.666666666666666741e-01,0.000000000000000000e+00,0.000000000000000000e+00,0.000000000000000000e+00,0.000000000000000000e+00,0.000000000000000000e+00,0.000000000000000000e+00,0.000000000000000000e+00,0.000000000000000000e+00,0.000000000000000000e+00,0.000000000000000000e+00,0.000000000000000000e+00
1.869158878504672758e-02,2.803738317757009310e-02,2.803738317757009310e-02,8.411214953271027583e-02,1.869158878504672758e-02,6.542056074766354479e-02,7.476635514018691031e-02,4.672897196261682068e-02,2.803738317757009310e-02,9.345794392523363789e-03,5.794392523364485514e-01,0.000000000000000000e+00,0.000000000000000000e+00,0.000000000000000000e+00,0.000000000000000000e+00,0.000000000000000000e+00,0.000000000000000000e+00,0.000000000000000000e+00,9.345794392523363789e-03,0.000000000000000000e+00,9.345794392523363789e-03
0.000000000000000000e+00,0.000000000000000000e+00,0.000000000000000000e+00,0.000000000000000000e+00,0.000000000000000000e+00,0.000000000000000000e+00,0.000000000000000000e+00,0.000000000000000000e+00,0.000000000000000000e+00,0.000000000000000000e+00,0.000000000000000000e+00,9.183673469387755306e-01,6.122448979591836593e-02,0.000000000000000000e+00,0.000000000000000000e+00,0.000000000000000000e+00,0.000000000000000000e+00,0.000000000000000000e+00,2.040816326530612082e-02,0.000000000000000000e+00,0.000000000000000000e+00
0.000000000000000000e+00,0.000000000000000000e+00,2.500000000000000139e-02,0.000000000000000000e+00,0.000000000000000000e+00,0.000000000000000000e+00,0.000000000000000000e+00,0.000000000000000000e+00,0.000000000000000000e+00,0.000000000000000000e+00,0.000000000000000000e+00,5.000000000000000278e-02,8.000000000000000444e-01,5.000000000000000278e-02,2.500000000000000139e-02,0.000000000000000000e+00,0.000000000000000000e+00,2.500000000000000139e-02,0.000000000000000000e+00,2.500000000000000139e-02,0.000000000000000000e+00
7.142857142857142461e-02,0.000000000000000000e+00,7.142857142857142461e-02,0.000000000000000000e+00,0.000000000000000000e+00,0.000000000000000000e+00,0.000000000000000000e+00,0.000000000000000000e+00,0.000000000000000000e+00,0.000000000000000000e+00,0.000000000000000000e+00,0.000000000000000000e+00,2.857142857142856984e-01,3.571428571428571508e-01,1.428571428571428492e-01,0.000000000000000000e+00,0.000000000000000000e+00,0.000000000000000000e+00,0.000000000000000000e+00,0.000000000000000000e+00,7.142857142857142461e-02
0.000000000000000000e+00,0.000000000000000000e+00,0.000000000000000000e+00,0.000000000000000000e+00,0.000000000000000000e+00,0.000000000000000000e+00,0.000000000000000000e+00,0.000000000000000000e+00,0.000000000000000000e+00,0.000000000000000000e+00,0.000000000000000000e+00,0.000000000000000000e+00,3.571428571428571230e-02,7.142857142857142461e-02,7.857142857142856984e-01,0.000000000000000000e+00,3.571428571428571230e-02,3.571428571428571230e-02,0.000000000000000000e+00,0.000000000000000000e+00,3.571428571428571230e-02
4.878048780487805047e-02,2.439024390243902524e-02,2.439024390243902524e-02,0.000000000000000000e+00,0.000000000000000000e+00,0.000000000000000000e+00,0.000000000000000000e+00,0.000000000000000000e+00,0.000000000000000000e+00,0.000000000000000000e+00,0.000000000000000000e+00,2.439024390243902524e-02,0.000000000000000000e+00,0.000000000000000000e+00,2.439024390243902524e-02,6.585365853658536883e-01,9.756097560975610095e-02,0.000000000000000000e+00,9.756097560975610095e-02,0.000000000000000000e+00,0.000000000000000000e+00
0.000000000000000000e+00,0.000000000000000000e+00,0.000000000000000000e+00,0.000000000000000000e+00,0.000000000000000000e+00,0.000000000000000000e+00,0.000000000000000000e+00,0.000000000000000000e+00,0.000000000000000000e+00,0.000000000000000000e+00,0.000000000000000000e+00,0.000000000000000000e+00,0.000000000000000000e+00,0.000000000000000000e+00,1.785714285714285615e-02,8.928571428571428770e-02,6.964285714285713969e-01,1.071428571428571369e-01,3.571428571428571230e-02,3.571428571428571230e-02,1.785714285714285615e-02
2.189781021897810320e-02,0.000000000000000000e+00,7.299270072992700489e-03,0.000000000000000000e+00,0.000000000000000000e+00,0.000000000000000000e+00,0.000000000000000000e+00,0.000000000000000000e+00,0.000000000000000000e+00,0.000000000000000000e+00,7.299270072992700489e-03,0.000000000000000000e+00,0.000000000000000000e+00,0.000000000000000000e+00,1.459854014598540098e-02,7.299270072992700489e-03,7.299270072992700142e-02,7.080291970802919943e-01,9.489051094890510463e-02,5.109489051094890516e-02,1.459854014598540098e-02
1.327433628318584052e-02,4.424778761061946841e-03,1.327433628318584052e-02,0.000000000000000000e+00,0.000000000000000000e+00,0.000000000000000000e+00,0.000000000000000000e+00,0.000000000000000000e+00,0.000000000000000000e+00,0.000000000000000000e+00,8.849557522123893682e-03,0.000000000000000000e+00,0.000000000000000000e+00,0.000000000000000000e+00,4.424778761061946841e-03,8.849557522123893682e-03,8.849557522123893682e-03,8.407079646017699692e-02,7.035398230088495408e-01,1.327433628318584191e-01,1.769911504424778736e-02
1.568627450980392135e-02,1.568627450980392135e-02,5.882352941176470507e-03,0.000000000000000000e+00,1.960784313725490169e-03,0.000000000000000000e+00,0.000000000000000000e+00,0.000000000000000000e+00,0.000000000000000000e+00,0.000000000000000000e+00,0.000000000000000000e+00,1.960784313725490169e-03,0.000000000000000000e+00,3.921568627450980338e-03,0.000000000000000000e+00,3.921568627450980338e-03,3.921568627450980338e-03,1.568627450980392135e-02,6.078431372549019523e-02,7.705882352941176849e-01,1.000000000000000056e-01
1.108404384896467670e-01,1.948842874543239845e-02,1.218026796589524903e-02,2.436053593179049806e-03,2.436053593179049806e-03,0.000000000000000000e+00,1.218026796589524903e-03,1.218026796589524903e-03,1.218026796589524903e-03,0.000000000000000000e+00,1.218026796589524903e-03,0.000000000000000000e+00,0.000000000000000000e+00,1.218026796589524903e-03,0.000000000000000000e+00,1.218026796589524903e-03,1.218026796589524903e-03,3.654080389768574709e-03,7.308160779537149418e-03,6.577344701583434650e-02,7.673568818514007184e-01
