7.326732673267326579e-01,9.158415841584158223e-02,1.732673267326732824e-02,7.425742574257425399e-03,6.188118811881188411e-03,2.475247524752475278e-03,2.475247524752475278e-03,0.000000000000000000e+00,2.475247524752475278e-03,0.000000000000000000e+00,9.900990099009901110e-03,0.000000000000000000e+00,0.000000000000000000e+00,0.000000000000000000e+00,0.000000000000000000e+00,0.000000000000000000e+00,0.000000000000000000e+00,0.000000000000000000e+00,7.425742574257425399e-03,1.980198019801980222e-02,1.002475247524752533e-01
1.349206349206349131e-01,7.003968253968253510e-01,5.952380952380952051e-02,1.388888888888888812e-02,9.920634920634920084e-03,1.984126984126984017e-03,3.968253968253968034e-03,1.984126984126984017e-03,3.968253968253968034e-03,3.968253968253968034e-03,7.936507936507936067e-03,0.000000000000000000e+00,0.000000000000000000e+00,0.000000000000000000e+00,0.000000000000000000e+00,0.000000000000000000e+00,0.000000000000000000e+00,1.984126984126984017e-03,3.968253968253968034e-03,9.920634920634920084e-03,4.166666666666666435e-02
6.829268292682927344e-02,1.463414634146341375e-01,5.756097560975609317e-01,1.024390243902438963e-01,2.439024390243902524e-02,4.878048780487804874e-03,9.756097560975609748e-03,4.878048780487804874e-03,4.878048780487804874e-03,4.878048780487804874e-03,2.439024390243902524e-02,0.000000000000000000e+00,0.000000000000000000e+00,0.000000000000000000e+00,0.000000000000000000e+00,0.000000000000000000e+00,0.000000000000000000e+00,0.000000000000000000e+00,4.878048780487804874e-03,4.878048780487804874e-03,1.951219512195121950e-02
7.377049180327868716e-02,1.311475409836065642e-01,1.393442622950819554e-01,4.426229508196721230e-01,7.377049180327868716e-02,3.278688524590164105e-02,1.639344262295082053e-02,8.196721311475410263e-03,0.000000000000000000e+00,0.000000000000000000e+00,4.918032786885245811e-02,0.000000000000000000e+00,0.000000000000000000e+00,0.000000000000000000e+00,0.000000000000000000e+00,0.000000000000000000e+00,0.000000000000000000e+00,8.196721311475410263e-03,8.196721311475410263e-03,8.196721311475410263e-03,8.196721311475410263e-03
4.705882352941176405e-02,8.235294117647058709e-02,7.058823529411764608e-02,1.411764705882352922e-01,4.705882352941176405e-01,4.705882352941176405e-02,2.352941176470588203e-02,1.176470588235294101e-02,2.352941176470588203e-02,3.529411764705882304e-02,4.705882352941176405e-02,0.000000000000000000e+00,0.000000000000000000e+00,0.000000000000000000e+00,0.000000000000000000e+00,0.000000000000000000e+00,0.000000000000000000e+00,0.000000000000000000e+00,0.000000000000000000e+00,0.000000000000000000e+00,0.000000000000000000e+00
6.060606060606060774e-02,6.060606060606060774e-02,1.515151515151515194e-01,9.090909090909091161e-02,9.090909090909091161e-02,3.030303030303030387e-01,1.212121212121212155e-01,3.030303030303030387e-02,3.030303030303030387e-02,0.000000000000000000e+00,0.000000000000000000e+00,0.000000000000000000e+00,0.000000000000000000e+00,0.000000000000000000e+00,0.000000000000000000e+00,0.000000000000000000e+00,0.000000000000000000e+00,3.030303030303030387e-02,0.000000000000000000e+00,3.030303030303030387e-02,0.000000000000000000e+00
6.060606060606060774e-02,1.212121212121212155e-01,3.030303030303030387e-02,9.090909090909091161e-02,9.090909090909091161e-02,9.090909090909091161e-02,2.424242424242424310e-01,6.060606060606060774e-02,6.060606060606060774e-02,6.060606060606060774e-02,3.030303030303030387e-02,0.000000000000000000e+00,0.000000000000000000e+00,0.000000000000000000e+00,0.000000000000000000e+00,0.000000000000000000e+00,3.030303030303030387e-02,0.000000000000000000e+00,3.030303030303030387e-02,0.000000000000000000e+00,0.000000000000000000e+00
9.523809523809523281e-02,1.428571428571428492e-01,9.523809523809523281e-02,4.761904761904761640e-02,0.000000000000000000e+00,1.428571428571428492e-01,0.000000000000000000e+00,2.380952380952380820e-01,0.000000000000000000e+00,4.761904761904761640e-02,1.904761904761904656e-01,0.000000000000000000e+00,0.000000000000000000e+00,0.000000000000000000e+00,0.000000000000000000e+00,0.000000000000000000e+00,0.000000000000000000e+00,0.000000000000000000e+00,0.000000000000000000e+00,0.000000000000000000e+00,0.000000000000000000e+00
0.000000000000000000e+00,0.000000000000000000e+00,1.428571428571428492e-01,4.761904761904761640e-02,4.761904761904761640e-02,0.000000000000000000e+00,9.523809523809523281e-02,1.428571428571428492e-01,2.857142857142856984e-01,0.000000000000000000e+00,1.904761904761904656e-01,0.000000000000000000e+00,0.000000000000000000e+00,0.000000000000000000e+00,0.000000000000000000e+00,0.000000000000000000e+00,0.000000000000000000e+00,0.000000000000000000e+00,4.761904761904761640e-02,0.000000000000000000e+00,0.000000000000000000e+00
0.000000000000000000e+00,5.882352941176470507e-02,1.176470588235294101e-01,5.882352941176470507e-02,0.000000000000000000e+00,0.000000000000000000e+00,5.882352941176470507e-02,5.882352941176470507e-02,5.882352941176470507e-02,3.529411764705882582e-01,1.176470588235294101e-01,0.000000000000000000e+00,0.000000000000000000e+00,0.000000000000000000e+00,0.000000000000000000e+00,0.000000000000000000e+00,5.882352941176470507e-02,0.000000000000000000e+00,0.000000000000000000e+00,5.882352941176470507e-02,0.000000000000000000e+00
3.703703703703703498e-02,4.444444444444444614e-02,3.703703703703703498e-02,2.962962962962963076e-02,6.666666666666666574e-02,1.481481481481481538e-02,3.703703703703703498e-02,2.962962962962963076e-02,3.703703703703703498e-02,2.962962962962963076e-02,6.074074074074073959e-01,0.000000000000000000e+00,0.000000000000000000e+00,0.000000000000000000e+00,0.000000000000000000e+00,0.000000000000000000e+00,0.000000000000000000e+00,0.000000000000000000e+00,0.000000000000000000e+00,7.407407407407407690e-03,2.222222222222222307e-02
0.000000000000000000e+00,0.000000000000000000e+00,0.000000000000000000e+00,0.000000000000000000e+00,0.000000000000000000e+00,0.000000000000000000e+00,0.000000000000000000e+00,0.000000000000000000e+00,0.000000000000000000e+00,0.000000000000000000e+00,0.000000000000000000e+00,1.000000000000000000e+00,0.000000000000000000e+00,0.000000000000000000e+00,0.000000000000000000e+00,0.000000000000000000e+00,0.000000000000000000e+00,0.000000000000000000e+00,0.000000000000000000e+00,0.000000000000000000e+00,0.000000000000000000e+00
0.000000000000000000e+00,0.000000000000000000e+00,0.000000000000000000e+00,0.000000000000000000e+00,0.000000000000000000e+00,0.000000000000000000e+00,0.000000000000000000e+00,0.000000000000000000e+00,0.000000000000000000e+00,0.000000000000000000e+00,0.000000000000000000e+00,0.000000000000000000e+00,9.259259259259259300e-01,3.703703703703703498e-02,0.000000000000000000e+00,0.000000000000000000e+00,0.000000000000000000e+00,3.703703703703703498e-02,0.000000000000000000e+00,0.000000000000000000e+00,0.000000000000000000e+00
0.000000000000000000e+00,0.000000000000000000e+00,0.000000000000000000e+00,0.000000000000000000e+00,0.000000000000000000e+00,0.000000000000000000e+00,0.000000000000000000e+00,0.000000000000000000e+00,0.000000000000000000e+00,0.000000000000000000e+00,0.000000000000000000e+00,0.000000000000000000e+00,3.333333333333333148e-01,3.333333333333333148e-01,0.000000000000000000e+00,1.666666666666666574e-01,0.000000000000000000e+00,0.000000000000000000e+00,0.000000000000000000e+00,0.000000000000000000e+00,1.666666666666666574e-01
0.000000000000000000e+00,0.000000000000000000e+00,0.000000000000000000e+00,0.000000000000000000e+00,0.000000000000000000e+00,0.000000000000000000e+00,0.000000000000000000e+00,0.000000000000000000e+00,0.000000000000000000e+00,0.000000000000000000e+00,0.000000000000000000e+00,0.000000000000000000e+00,0.000000000000000000e+00,0.000000000000000000e+00,1.000000000000000000e+00,0.000000000000000000e+00,0.000000000000000000e+00,0.000000000000000000e+00,0.000000000000000000e+00,0.000000000000000000e+00,0.000000000000000000e+00
0.000000000000000000e+00,0.000000000000000000e+00,0.000000000000000000e+00,0.000000000000000000e+00,0.000000000000000000e+00,0.000000000000000000e+00,0.000000000000000000e+00,0.000000000000000000e+00,0.000000000000000000e+00,0.000000000000000000e+00,0.000000000000000000e+00,0.000000000000000000e+00,0.000000000000000000e+00,9.090909090909091161e-02,0.000000000000000000e+00,3.636363636363636465e-01,3.636363636363636465e-01,0.000000000000000000e+00,0.000000000000000000e+00,9.090909090909091161e-02,9.090909090909091161e-02
0.000000000000000000e+00,0.000000000000000000e+00,0.000000000000000000e+00,0.000000000000000000e+00,0.000000000000000000e+00,0.000000000000000000e+00,0.000000000000000000e+00,0.000000000000000000e+00,0.000000000000000000e+00,0.000000000000000000e+00,0.000000000000000000e+00,0.000000000000000000e+00,0.000000000000000000e+00,0.000000000000000000e+00,0.000000000000000000e+00,9.638554216867470381e-02,8.192771084337349130e-01,4.819277108433735191e-02,2.409638554216867595e-02,1.204819277108433798e-02,0.000000000000000000e+00
8.000000000000000167e-03,0.000000000000000000e+00,8.000000000000000167e-03,0.000000000000000000e+00,0.000000000000000000e+00,0.000000000000000000e+00,0.000000000000000000e+00,0.000000000000000000e+00,0.000000000000000000e+00,0.000000000000000000e+00,8.000000000000000167e-03,0.000000000000000000e+00,0.000000000000000000e+00,8.000000000000000167e-03,8.000000000000000167e-03,0.000000000000000000e+00,6.400000000000000133e-02,7.279999999999999805e-01,8.000000000000000167e-02,5.600000000000000117e-02,3.200000000000000067e-02
1.092896174863387977e-02,1.639344262295082053e-02,5.464480874316939886e-03,5.464480874316939886e-03,0.000000000000000000e+00,5.464480874316939886e-03,5.464480874316939886e-03,0.000000000000000000e+00,5.464480874316939886e-03,0.000000000000000000e+00,5.464480874316939886e-03,0.000000000000000000e+00,0.000000000000000000e+00,0.000000000000000000e+00,0.000000000000000000e+00,0.000000000000000000e+00,5.464480874316939886e-03,6.557377049180328210e-02,6.830601092896174675e-01,1.584699453551912662e-01,2.732240437158469856e-02
2.739726027397260122e-02,5.136986301369862729e-03,1.712328767123287576e-03,0.000000000000000000e+00,1.712328767123287576e-03,0.000000000000000000e+00,0.000000000000000000e+00,0.000000000000000000e+00,0.000000000000000000e+00,1.712328767123287576e-03,0.000000000000000000e+00,0.000000000000000000e+00,0.000000000000000000e+00,3.424657534246575152e-03,0.000000000000000000e+00,1.712328767123287576e-03,1.712328767123287576e-03,1.369863013698630061e-02,5.650684931506849001e-02,7.705479452054794232e-01,1.147260273972602745e-01
8.586387434554973441e-02,1.780104712041884890e-02,3.141361256544502722e-03,5.235602094240838014e-03,1.047120418848167646e-03,0.000000000000000000e+00,1.047120418848167646e-03,0.000000000000000000e+00,0.000000000000000000e+00,0.000000000000000000e+00,7.329842931937172873e-03,0.000000000000000000e+00,0.000000000000000000e+00,0.000000000000000000e+00,0.000000000000000000e+00,0.000000000000000000e+00,0.000000000000000000e+00,5.235602094240838014e-03,2.094240837696335292e-03,7.643979057591622495e-02,7.947643979057591457e-01
