7.307221542227662070e-01,9.302325581395348708e-02,1.346389228886168965e-02,1.223990208078335439e-02,3.671970624235006229e-03,2.447980416156670530e-03,0.000000000000000000e+00,2.447980416156670530e-03,0.000000000000000000e+00,1.223990208078335265e-03,9.791921664626682120e-03,2.447980416156670530e-03,0.000000000000000000e+00,0.000000000000000000e+00,0.000000000000000000e+00,0.000000000000000000e+00,0.000000000000000000e+00,3.671970624235006229e-03,2.447980416156670530e-03,2.325581395348837177e-02,9.914320685434516167e-02
1.230769230769230838e-01,6.307692307692307487e-01,1.134615384615384609e-01,2.307692307692307820e-02,1.153846153846153910e-02,5.769230769230769551e-03,3.846153846153846367e-03,1.923076923076923184e-03,0.000000000000000000e+00,0.000000000000000000e+00,2.307692307692307820e-02,0.000000000000000000e+00,0.000000000000000000e+00,0.000000000000000000e+00,1.923076923076923184e-03,0.000000000000000000e+00,1.923076923076923184e-03,1.923076923076923184e-03,5.769230769230769551e-03,9.615384615384615918e-03,4.230769230769231004e-02
7.112970711297071646e-02,1.589958158995815884e-01,5.271966527196653152e-01,9.623430962343096362e-02,4.602510460251046237e-02,4.184100418410041482e-03,4.184100418410041482e-03,1.255230125523012531e-02,8.368200836820082963e-03,0.000000000000000000e+00,3.347280334728033185e-02,0.000000000000000000e+00,0.000000000000000000e+00,0.000000000000000000e+00,0.000000000000000000e+00,0.000000000000000000e+00,4.184100418410041482e-03,0.000000000000000000e+00,4.184100418410041482e-03,8.368200836820082963e-03,2.092050209205020828e-02
8.474576271186440302e-02,1.440677966101694962e-01,1.949152542372881436e-01,3.050847457627118842e-01,7.627118644067797104e-02,2.542372881355932368e-02,1.694915254237288130e-02,1.694915254237288130e-02,1.694915254237288130e-02,0.000000000000000000e+00,4.237288135593220151e-02,0.000000000000000000e+00,0.000000000000000000e+00,0.000000000000000000e+00,0.000000000000000000e+00,0.000000000000000000e+00,0.000000000000000000e+00,8.474576271186440649e-03,8.474576271186440649e-03,8.474576271186440649e-03,5.084745762711864736e-02
1.136363636363636395e-02,6.818181818181817677e-02,7.954545454545454419e-02,1.363636363636363535e-01,4.886363636363636465e-01,4.545454545454545581e-02,3.409090909090908839e-02,2.272727272727272790e-02,1.136363636363636395e-02,1.136363636363636395e-02,2.272727272727272790e-02,0.000000000000000000e+00,0.000000000000000000e+00,0.000000000000000000e+00,0.000000000000000000e+00,0.000000000000000000e+00,0.000000000000000000e+00,1.136363636363636395e-02,1.136363636363636395e-02,2.272727272727272790e-02,2.272727272727272790e-02
1.842105263157894635e-01,1.842105263157894635e-01,7.894736842105262720e-02,1.578947368421052544e-01,5.263157894736841813e-02,2.894736842105263275e-01,0.000000000000000000e+00,0.000000000000000000e+00,0.000000000000000000e+00,0.000000000000000000e+00,2.631578947368420907e-02,0.000000000000000000e+00,0.000000000000000000e+00,0.000000000000000000e+00,0.000000000000000000e+00,0.000000000000000000e+00,0.000000000000000000e+00,0.000000000000000000e+00,2.631578947368420907e-02,0.000000000000000000e+00,0.000000000000000000e+00
0.000000000000000000e+00,9.090909090909091161e-02,4.545454545454545581e-02,1.363636363636363535e-01,4.545454545454545581e-02,1.818181818181818232e-01,2.727272727272727071e-01,4.545454545454545581e-02,0.000000000000000000e+00,4.545454545454545581e-02,1.363636363636363535e-01,0.000000000000000000e+00,0.000000000000000000e+00,0.000000000000000000e+00,0.000000000000000000e+00,0.000000000000000000e+00,0.000000000000000000e+00,0.000000000000000000e+00,0.000000000000000000e+00,0.000000000000000000e+00,0.000000000000000000e+00
1.886792452830188607e-02,0.000000000000000000e+00,7.547169811320754429e-02,3.773584905660377214e-02,3.773584905660377214e-02,1.886792452830188607e-02,3.773584905660377214e-02,5.849056603773584717e-01,1.886792452830188607e-02,0.000000000000000000e+00,1.132075471698113234e-01,0.000000000000000000e+00,0.000000000000000000e+00,0.000000000000000000e+00,0.000000000000000000e+00,0.000000000000000000e+00,0.000000000000000000e+00,3.773584905660377214e-02,0.000000000000000000e+00,0.000000000000000000e+00,1.886792452830188607e-02
0.000000000000000000e+00,0.000000000000000000e+00,3.448275862068965469e-02,3.448275862068965469e-02,3.448275862068965469e-02,0.000000000000000000e+00,0.000000000000000000e+00,3.448275862068965469e-02,5.517241379310344751e-01,0.000000000000000000e+00,2.758620689655172376e-01,0.000000000000000000e+00,0.000000000000000000e+00,0.000000000000000000e+00,0.000000000000000000e+00,0.000000000000000000e+00,0.000000000000000000e+00,0.000000000000000000e+00,0.000000000000000000e+00,3.448275862068965469e-02,0.000000000000000000e+00
0.000000000000000000e+00,0.000000000000000000e+00,0.000000000000000000e+00,1.111111111111111049e-01,0.000000000000000000e+00,2.222222222222222099e-01,0.000000000000000000e+00,1.111111111111111049e-01,0.000000000000000000e+00,2.222222222222222099e-01,3.333333333333333148e-01,0.000000000000000000e+00,0.000000000000000000e+00,0.000000000000000000e+00,0.000000000000000000e+00,0.000000000000000000e+00,0.000000000000000000e+00,0.000000000000000000e+00,0.000000000000000000e+00,0.000000000000000000e+00,0.000000000000000000e+00
2.906976744186046471e-02,5.232558139534883995e-02,3.488372093023255766e-02,2.906976744186046471e-02,3.488372093023255766e-02,1.744186046511627883e-02,2.906976744186046471e-02,1.162790697674418589e-02,4.069767441860465407e-02,1.162790697674418589e-02,6.337209302325581550e-01,0.000000000000000000e+00,0.000000000000000000e+00,0.000000000000000000e+00,0.000000000000000000e+00,0.000000000000000000e+00,0.000000000000000000e+00,5.813953488372092943e-03,1.162790697674418589e-02,1.744186046511627883e-02,4.069767441860465407e-02
0.000000000000000000e+00,0.000000000000000000e+00,0.000000000000000000e+00,0.000000000000000000e+00,0.000000000000000000e+00,1.351351351351351426e-02,0.000000000000000000e+00,0.000000000000000000e+00,0.000000000000000000e+00,0.000000000000000000e+00,0.000000000000000000e+00,9.189189189189189699e-01,1.351351351351351426e-02,0.000000000000000000e+00,0.000000000000000000e+00,2.702702702702702853e-02,0.000000000000000000e+00,2.702702702702702853e-02,0.000000000000000000e+00,0.000000000000000000e+00,0.000000000000000000e+00
0.000000000000000000e+00,0.000000000000000000e+00,0.000000000000000000e+00,0.000000000000000000e+00,0.000000000000000000e+00,0.000000000000000000e+00,0.000000000000000000e+00,0.000000000000000000e+00,0.000000000000000000e+00,0.000000000000000000e+00,0.000000000000000000e+00,1.666666666666666574e-01,1.666666666666666574e-01,3.333333333333333148e-01,1.666666666666666574e-01,0.000000000000000000e+00,0.000000000000000000e+00,0.000000000000000000e+00,1.666666666666666574e-01,0.000000000000000000e+00,0.000000000000000000e+00
0.000000000000000000e+00,0.000000000000000000e+00,0.000000000000000000e+00,0.000000000000000000e+00,0.000000000000000000e+00,0.000000000000000000e+00,0.000000000000000000e+00,0.000000000000000000e+00,0.000000000000000000e+00,0.000000000000000000e+00,0.000000000000000000e+00,0.000000000000000000e+00,5.263157894736841813e-02,7.894736842105263275e-01,1.052631578947368363e-01,0.000000000000000000e+00,0.000000000000000000e+00,0.000000000000000000e+00,5.263157894736841813e-02,0.000000000000000000e+00,0.000000000000000000e+00
0.000000000000000000e+00,0.000000000000000000e+00,0.000000000000000000e+00,0.000000000000000000e+00,0.000000000000000000e+00,0.000000000000000000e+00,0.000000000000000000e+00,0.000000000000000000e+00,0.000000000000000000e+00,0.000000000000000000e+00,0.000000000000000000e+00,7.317073170731706877e-02,0.000000000000000000e+00,4.878048780487805047e-02,7.317073170731707155e-01,4.878048780487805047e-02,2.439024390243902524e-02,2.439024390243902524e-02,0.000000000000000000e+00,0.000000000000000000e+00,4.878048780487805047e-02
3.125000000000000000e-02,0.000000000000000000e+00,0.000000000000000000e+00,0.000000000000000000e+00,0.000000000000000000e+00,0.000000000000000000e+00,0.000000000000000000e+00,0.000000000000000000e+00,0.000000000000000000e+00,0.000000000000000000e+00,1.562500000000000000e-02,0.000000000000000000e+00,1.562500000000000000e-02,0.000000000000000000e+00,3.125000000000000000e-02,7.187500000000000000e-01,1.250000000000000000e-01,3.125000000000000000e-02,1.562500000000000000e-02,1.562500000000000000e-02,0.000000000000000000e+00
1.333333333333333419e-02,0.000000000000000000e+00,0.000000000000000000e+00,0.000000000000000000e+00,0.000000000000000000e+00,0.000000000000000000e+00,0.000000000000000000e+00,0.000000000000000000e+00,0.000000000000000000e+00,0.000000000000000000e+00,0.000000000000000000e+00,0.000000000000000000e+00,0.000000000000000000e+00,0.000000000000000000e+00,0.000000000000000000e+00,1.333333333333333315e-01,6.400000000000000133e-01,1.466666666666666674e-01,1.333333333333333419e-02,4.000000000000000083e-02,1.333333333333333419e-02
1.058201058201058142e-02,5.291005291005290712e-03,0.000000000000000000e+00,0.000000000000000000e+00,0.000000000000000000e+00,0.000000000000000000e+00,5.291005291005290712e-03,5.291005291005290712e-03,0.000000000000000000e+00,0.000000000000000000e+00,1.587301587301587213e-02,5.291005291005290712e-03,0.000000000000000000e+00,0.000000000000000000e+00,1.058201058201058142e-02,2.645502645502645356e-02,5.291005291005290712e-02,6.825396825396825573e-01,1.269841269841269771e-01,3.174603174603174427e-02,2.116402116402116285e-02
9.900990099009901110e-03,1.485148514851485080e-02,0.000000000000000000e+00,0.000000000000000000e+00,0.000000000000000000e+00,0.000000000000000000e+00,0.000000000000000000e+00,0.000000000000000000e+00,0.000000000000000000e+00,0.000000000000000000e+00,4.950495049504950555e-03,0.000000000000000000e+00,0.000000000000000000e+00,4.950495049504950555e-03,0.000000000000000000e+00,1.980198019801980222e-02,0.000000000000000000e+00,1.138613861386138654e-01,6.534653465346534906e-01,1.584158415841584178e-01,1.980198019801980222e-02
2.731092436974789928e-02,6.302521008403361505e-03,4.201680672268907381e-03,2.100840336134453690e-03,4.201680672268907381e-03,2.100840336134453690e-03,0.000000000000000000e+00,4.201680672268907381e-03,0.000000000000000000e+00,0.000000000000000000e+00,4.201680672268907381e-03,0.000000000000000000e+00,0.000000000000000000e+00,0.000000000000000000e+00,0.000000000000000000e+00,2.100840336134453690e-03,6.302521008403361505e-03,1.470588235294117627e-02,7.142857142857142461e-02,7.247899159663865332e-01,1.260504201680672232e-01
1.060209424083769642e-01,1.570680628272251231e-02,1.308900523560209504e-03,3.926701570680628077e-03,1.308900523560209504e-03,1.308900523560209504e-03,0.000000000000000000e+00,1.308900523560209504e-03,0.000000000000000000e+00,1.308900523560209504e-03,6.544502617801047084e-03,0.000000000000000000e+00,0.000000000000000000e+00,0.000000000000000000e+00,1.308900523560209504e-03,2.617801047120419007e-03,1.308900523560209504e-03,3.926701570680628077e-03,1.047120418848167603e-02,7.722513089005235420e-02,7.643979057591623327e-01
