7.685881370091895981e-01,9.189640768588136499e-02,1.503759398496240518e-02,8.354218880534669545e-03,2.506265664160400863e-03,0.000000000000000000e+00,8.354218880534669545e-04,8.354218880534669545e-04,8.354218880534669545e-04,0.000000000000000000e+00,6.683375104427735636e-03,0.000000000000000000e+00,0.000000000000000000e+00,8.354218880534669545e-04,0.000000000000000000e+00,8.354218880534669545e-04,0.000000000000000000e+00,2.506265664160400863e-03,2.506265664160400863e-03,1.670843776106933909e-02,8.103592314118629458e-02
1.533219761499148293e-01,6.814310051107325128e-01,9.880749574105621158e-02,1.703577512776831282e-02,5.110732538330493673e-03,3.407155025553662737e-03,3.407155025553662737e-03,0.000000000000000000e+00,0.000000000000000000e+00,0.000000000000000000e+00,1.192504258943782001e-02,0.000000000000000000e+00,0.000000000000000000e+00,0.000000000000000000e+00,0.000000000000000000e+00,0.000000000000000000e+00,0.000000000000000000e+00,0.000000000000000000e+00,1.703577512776831369e-03,3.407155025553662737e-03,2.044293015332197469e-02
9.016393442622951115e-02,1.393442622950819554e-01,6.024590163934425702e-01,8.196721311475409222e-02,3.278688524590164105e-02,1.229508196721311453e-02,0.000000000000000000e+00,8.196721311475410263e-03,4.098360655737705131e-03,0.000000000000000000e+00,1.229508196721311453e-02,0.000000000000000000e+00,0.000000000000000000e+00,0.000000000000000000e+00,0.000000000000000000e+00,0.000000000000000000e+00,0.000000000000000000e+00,4.098360655737705131e-03,0.000000000000000000e+00,0.000000000000000000e+00,1.229508196721311453e-02
1.111111111111111049e-01,1.444444444444444309e-01,1.222222222222222182e-01,3.666666666666666408e-01,8.888888888888889228e-02,3.333333333333333287e-02,2.222222222222222307e-02,1.111111111111111154e-02,0.000000000000000000e+00,2.222222222222222307e-02,2.222222222222222307e-02,0.000000000000000000e+00,0.000000000000000000e+00,0.000000000000000000e+00,0.000000000000000000e+00,0.000000000000000000e+00,0.000000000000000000e+00,0.000000000000000000e+00,0.000000000000000000e+00,3.333333333333333287e-02,2.222222222222222307e-02
7.499999999999999722e-02,1.000000000000000056e-01,1.499999999999999944e-01,1.749999999999999889e-01,2.500000000000000000e-01,5.000000000000000278e-02,0.000000000000000000e+00,5.000000000000000278e-02,0.000000000000000000e+00,0.000000000000000000e+00,1.000000000000000056e-01,0.000000000000000000e+00,0.000000000000000000e+00,0.000000000000000000e+00,0.000000000000000000e+00,0.000000000000000000e+00,0.000000000000000000e+00,0.000000000000000000e+00,0.000000000000000000e+00,0.000000000000000000e+00,5.000000000000000278e-02
8.695652173913043237e-02,0.000000000000000000e+00,1.739130434782608647e-01,1.304347826086956486e-01,4.347826086956521618e-02,2.608695652173912971e-01,0.000000000000000000e+00,4.347826086956521618e-02,0.000000000000000000e+00,0.000000000000000000e+00,1.739130434782608647e-01,0.000000000000000000e+00,0.000000000000000000e+00,0.000000000000000000e+00,0.000000000000000000e+00,0.000000000000000000e+00,0.000000000000000000e+00,0.000000000000000000e+00,0.000000000000000000e+00,4.347826086956521618e-02,4.347826086956521618e-02
8.333333333333332871e-02,1.666666666666666574e-01,8.333333333333332871e-02,8.333333333333332871e-02,0.000000000000000000e+00,0.000000000000000000e+00,2.500000000000000000e-01,0.000000000000000000e+00,0.000000000000000000e+00,0.000000000000000000e+00,2.500000000000000000e-01,0.000000000000000000e+00,0.000000000000000000e+00,0.000000000000000000e+00,0.000000000000000000e+00,0.000000000000000000e+00,0.000000000000000000e+00,0.000000000000000000e+00,0.000000000000000000e+00,0.000000000000000000e+00,8.333333333333332871e-02
3.333333333333333148e-01,0.000000000000000000e+00,2.222222222222222099e-01,1.111111111111111049e-01,1.111111111111111049e-01,0.000000000000000000e+00,0.000000000000000000e+00,0.000000000000000000e+00,0.000000000000000000e+00,0.000000000000000000e+00,2.222222222222222099e-01,0.000000000000000000e+00,0.000000000000000000e+00,0.000000000000000000e+00,0.000000000000000000e+00,0.000000000000000000e+00,0.000000000000000000e+00,0.000000000000000000e+00,0.000000000000000000e+00,0.000000000000000000e+00,0.000000000000000000e+00
0.000000000000000000e+00,0.000000000000000000e+00,0.000000000000000000e+00,2.857142857142856984e-01,0.000000000000000000e+00,0.000000000000000000e+00,1.428571428571428492e-01,0.000000000000000000e+00,1.428571428571428492e-01,0.000000000000000000e+00,1.428571428571428492e-01,1.428571428571428492e-01,0.000000000000000000e+00,0.000000000000000000e+00,0.000000000000000000e+00,0.000000000000000000e+00,0.000000000000000000e+00,0.000000000000000000e+00,0.000000000000000000e+00,0.000000000000000000e+00,1.428571428571428492e-01
0.000000000000000000e+00,0.000000000000000000e+00,0.000000000000000000e+00,2.000000000000000111e-01,0.000000000000000000e+00,0.000000000000000000e+00,0.000000000000000000e+00,0.000000000000000000e+00,6.666666666666666574e-02,5.333333333333333259e-01,2.000000000000000111e-01,0.000000000000000000e+00,0.000000000000000000e+00,0.000000000000000000e+00,0.000000000000000000e+00,0.000000000000000000e+00,0.000000000000000000e+00,0.000000000000000000e+00,0.000000000000000000e+00,0.000000000000000000e+00,0.000000000000000000e+00
3.125000000000000000e-02,3.906250000000000000e-02,2.343750000000000000e-02,1.562500000000000000e-02,3.906250000000000000e-02,3.125000000000000000e-02,1.562500000000000000e-02,1.562500000000000000e-02,7.812500000000000000e-03,2.343750000000000000e-02,6.796875000000000000e-01,7.812500000000000000e-03,7.812500000000000000e-03,7.812500000000000000e-03,0.000000000000000000e+00,0.000000000000000000e+00,7.812500000000000000e-03,0.000000000000000000e+00,7.812500000000000000e-03,1.562500000000000000e-02,2.343750000000000000e-02
0.000000000000000000e+00,0.000000000000000000e+00,0.000000000000000000e+00,0.000000000000000000e+00,0.000000000000000000e+00,0.000000000000000000e+00,0.000000000000000000e+00,0.000000000000000000e+00,0.000000000000000000e+00,0.000000000000000000e+00,0.000000000000000000e+00,8.499999999999999778e-01,2.500000000000000139e-02,0.000000000000000000e+00,0.000000000000000000e+00,2.500000000000000139e-02,2.500000000000000139e-02,2.500000000000000139e-02,2.500000000000000139e-02,0.000000000000000000e+00,2.500000000000000139e-02
0.000000000000000000e+00,0.000000000000000000e+00,0.000000000000000000e+00,0.000000000000000000e+00,0.000000000000000000e+00,0.000000000000000000e+00,0.000000000000000000e+00,0.000000000000000000e+00,0.000000000000000000e+00,0.000000000000000000e+00,0.000000000000000000e+00,0.000000000000000000e+00,0.000000000000000000e+00,5.000000000000000000e-01,2.500000000000000000e-01,0.000000000000000000e+00,2.500000000000000000e-01,0.000000000000000000e+00,0.000000000000000000e+00,0.000000000000000000e+00,0.000000000000000000e+00
6.250000000000000000e-02,0.000000000000000000e+00,0.000000000000000000e+00,0.000000000000000000e+00,0.000000000000000000e+00,6.250000000000000000e-02,0.000000000000000000e+00,0.000000000000000000e+00,0.000000000000000000e+00,0.000000000000000000e+00,0.000000000000000000e+00,0.000000000000000000e+00,6.250000000000000000e-02,6.875000000000000000e-01,0.000000000000000000e+00,6.250000000000000000e-02,0.000000000000000000e+00,0.000000000000000000e+00,6.250000000000000000e-02,0.000000000000000000e+00,0.000000000000000000e+00
0.000000000000000000e+00,0.000000000000000000e+00,0.000000000000000000e+00,0.000000000000000000e+00,0.000000000000000000e+00,0.000000000000000000e+00,0.000000000000000000e+00,0.000000000000000000e+00,2.000000000000000042e-02,0.000000000000000000e+00,0.000000000000000000e+00,0.000000000000000000e+00,0.000000000000000000e+00,0.000000000000000000e+00,9.399999999999999467e-01,0.000000000000000000e+00,2.000000000000000042e-02,2.000000000000000042e-02,0.000000000000000000e+00,0.000000000000000000e+00,0.000000000000000000e+00
0.000000000000000000e+00,0.000000000000000000e+00,0.000000000000000000e+00,0.000000000000000000e+00,0.000000000000000000e+00,0.000000000000000000e+00,0.000000000000000000e+00,0.000000000000000000e+00,0.000000000000000000e+00,0.000000000000000000e+00,5.555555555555555247e-02,5.555555555555555247e-02,0.000000000000000000e+00,0.000000000000000000e+00,0.000000000000000000e+00,3.888888888888888951e-01,2.222222222222222099e-01,5.555555555555555247e-02,5.555555555555555247e-02,0.000000000000000000e+00,1.666666666666666574e-01
1.428571428571428527e-02,0.000000000000000000e+00,0.000000000000000000e+00,0.000000000000000000e+00,1.428571428571428527e-02,0.000000000000000000e+00,0.000000000000000000e+00,0.000000000000000000e+00,0.000000000000000000e+00,0.000000000000000000e+00,1.428571428571428527e-02,0.000000000000000000e+00,1.428571428571428527e-02,1.428571428571428527e-02,0.000000000000000000e+00,1.428571428571428527e-02,6.428571428571429047e-01,1.285714285714285587e-01,7.142857142857142461e-02,4.285714285714285754e-02,2.857142857142857054e-02
1.219512195121951262e-02,0.000000000000000000e+00,1.219512195121951262e-02,0.000000000000000000e+00,0.000000000000000000e+00,0.000000000000000000e+00,0.000000000000000000e+00,0.000000000000000000e+00,0.000000000000000000e+00,0.000000000000000000e+00,0.000000000000000000e+00,0.000000000000000000e+00,0.000000000000000000e+00,1.219512195121951262e-02,0.000000000000000000e+00,0.000000000000000000e+00,1.341463414634146423e-01,5.487804878048780921e-01,1.707317073170731836e-01,7.317073170731706877e-02,3.658536585365853439e-02
1.388888888888888812e-02,0.000000000000000000e+00,4.629629629629629373e-03,0.000000000000000000e+00,0.000000000000000000e+00,0.000000000000000000e+00,0.000000000000000000e+00,0.000000000000000000e+00,0.000000000000000000e+00,0.000000000000000000e+00,1.851851851851851749e-02,0.000000000000000000e+00,0.000000000000000000e+00,0.000000000000000000e+00,0.000000000000000000e+00,4.629629629629629373e-03,2.314814814814814686e-02,6.018518518518518184e-02,6.851851851851852304e-01,1.342592592592592726e-01,5.555555555555555247e-02
5.070422535211267789e-02,1.126760563380281750e-02,5.633802816901408751e-03,0.000000000000000000e+00,2.816901408450704376e-03,0.000000000000000000e+00,0.000000000000000000e+00,0.000000000000000000e+00,0.000000000000000000e+00,0.000000000000000000e+00,2.816901408450704376e-03,2.816901408450704376e-03,0.000000000000000000e+00,0.000000000000000000e+00,0.000000000000000000e+00,0.000000000000000000e+00,2.816901408450704376e-03,1.408450704225352144e-02,5.915492957746478625e-02,6.760563380281690016e-01,1.718309859154929509e-01
1.477832512315271074e-01,1.600985221674876974e-02,3.694581280788177165e-03,3.694581280788177165e-03,1.231527093596059127e-03,1.231527093596059127e-03,1.231527093596059127e-03,0.000000000000000000e+00,0.000000000000000000e+00,1.231527093596059127e-03,7.389162561576354329e-03,1.231527093596059127e-03,0.000000000000000000e+00,0.000000000000000000e+00,0.000000000000000000e+00,2.463054187192118254e-03,2.463054187192118254e-03,3.694581280788177165e-03,9.852216748768473017e-03,4.802955665024630227e-02,7.487684729064039146e-01
