9.295774647887323772e-01,1.408450704225352144e-02,0.000000000000000000e+00,0.000000000000000000e+00,0.000000000000000000e+00,0.000000000000000000e+00,0.000000000000000000e+00,0.000000000000000000e+00,1.408450704225352144e-02,0.000000000000000000e+00,1.408450704225352144e-02,1.408450704225352144e-02,0.000000000000000000e+00,0.000000000000000000e+00,0.000000000000000000e+00,0.000000000000000000e+00,0.000000000000000000e+00,0.000000000000000000e+00,0.000000000000000000e+00,0.000000000000000000e+00,0.000000000000000000e+00,1.408450704225352144e-02
4.761904761904761640e-02,7.619047619047618625e-01,9.523809523809523281e-02,0.000000000000000000e+00,4.761904761904761640e-02,0.000000000000000000e+00,4.761904761904761640e-02,0.000000000000000000e+00,0.000000000000000000e+00,0.000000000000000000e+00,0.000000000000000000e+00,0.000000000000000000e+00,0.000000000000000000e+00,0.000000000000000000e+00,0.000000000000000000e+00,0.000000000000000000e+00,0.000000000000000000e+00,0.000000000000000000e+00,0.000000000000000000e+00,0.000000000000000000e+00,0.000000000000000000e+00,0.000000000000000000e+00
0.000000000000000000e+00,5.555555555555555247e-02,7.777777777777777901e-01,1.111111111111111049e-01,0.000000000000000000e+00,0.000000000000000000e+00,0.000000000000000000e+00,0.000000000000000000e+00,0.000000000000000000e+00,0.000000000000000000e+00,0.000000000000000000e+00,0.000000000000000000e+00,5.555555555555555247e-02,0.000000000000000000e+00,0.000000000000000000e+00,0.000000000000000000e+00,0.000000000000000000e+00,0.000000000000000000e+00,0.000000000000000000e+00,0.000000000000000000e+00,0.000000000000000000e+00,0.000000000000000000e+00
0.000000000000000000e+00,6.250000000000000000e-02,3.125000000000000000e-02,7.812500000000000000e-01,3.125000000000000000e-02,0.000000000000000000e+00,3.125000000000000000e-02,3.125000000000000000e-02,0.000000000000000000e+00,0.000000000000000000e+00,0.000000000000000000e+00,0.000000000000000000e+00,0.000000000000000000e+00,0.000000000000000000e+00,0.000000000000000000e+00,0.000000000000000000e+00,0.000000000000000000e+00,0.000000000000000000e+00,0.000000000000000000e+00,0.000000000000000000e+00,3.125000000000000000e-02,0.000000000000000000e+00
0.000000000000000000e+00,0.000000000000000000e+00,0.000000000000000000e+00,1.176470588235294101e-01,6.470588235294117974e-01,1.176470588235294101e-01,0.000000000000000000e+00,5.882352941176470507e-02,2.941176470588235253e-02,0.000000000000000000e+00,0.000000000000000000e+00,2.941176470588235253e-02,0.000000000000000000e+00,0.000000000000000000e+00,0.000000000000000000e+00,0.000000000000000000e+00,0.000000000000000000e+00,0.000000000000000000e+00,0.000000000000000000e+00,0.000000000000000000e+00,0.000000000000000000e+00,0.000000000000000000e+00
0.000000000000000000e+00,0.000000000000000000e+00,0.000000000000000000e+00,0.000000000000000000e+00,4.878048780487805047e-02,7.195121951219511924e-01,1.097560975609756101e-01,4.878048780487805047e-02,4.878048780487805047e-02,0.000000000000000000e+00,0.000000000000000000e+00,1.219512195121951262e-02,0.000000000000000000e+00,0.000000000000000000e+00,0.000000000000000000e+00,0.000000000000000000e+00,0.000000000000000000e+00,0.000000000000000000e+00,0.000000000000000000e+00,0.000000000000000000e+00,0.000000000000000000e+00,1.219512195121951262e-02
6.451612903225806446e-03,0.000000000000000000e+00,0.000000000000000000e+00,6.451612903225806446e-03,0.000000000000000000e+00,4.516129032258064252e-02,7.096774193548387455e-01,1.225806451612903164e-01,6.451612903225806273e-02,1.935483870967742021e-02,6.451612903225806446e-03,6.451612903225806446e-03,6.451612903225806446e-03,0.000000000000000000e+00,0.000000000000000000e+00,0.000000000000000000e+00,0.000000000000000000e+00,0.000000000000000000e+00,0.000000000000000000e+00,0.000000000000000000e+00,0.000000000000000000e+00,6.451612903225806446e-03
0.000000000000000000e+00,0.000000000000000000e+00,0.000000000000000000e+00,0.000000000000000000e+00,2.688172043010752903e-03,1.344086021505376365e-02,6.182795698924731242e-02,7.096774193548387455e-01,1.344086021505376261e-01,3.225806451612903136e-02,1.612903225806451568e-02,5.376344086021505805e-03,5.376344086021505805e-03,0.000000000000000000e+00,5.376344086021505805e-03,0.000000000000000000e+00,0.000000000000000000e+00,2.688172043010752903e-03,2.688172043010752903e-03,0.000000000000000000e+00,0.000000000000000000e+00,8.064516129032257841e-03
3.257328990228013175e-03,1.628664495114006587e-03,0.000000000000000000e+00,0.000000000000000000e+00,4.885993485342019112e-03,6.514657980456026350e-03,9.771986970684038223e-03,8.306188925081432750e-02,7.100977198697068227e-01,1.009771986970684071e-01,2.605863192182410540e-02,1.628664495114006544e-02,9.771986970684038223e-03,6.514657980456026350e-03,3.257328990228013175e-03,3.257328990228013175e-03,0.000000000000000000e+00,1.628664495114006587e-03,1.628664495114006587e-03,0.000000000000000000e+00,1.628664495114006587e-03,9.771986970684038223e-03
0.000000000000000000e+00,0.000000000000000000e+00,0.000000000000000000e+00,0.000000000000000000e+00,0.000000000000000000e+00,0.000000000000000000e+00,2.166847237269772363e-03,1.625135427952329251e-02,7.908992416034670014e-02,7.464788732394366244e-01,8.667388949079089799e-02,2.383531960996749730e-02,1.516793066088840784e-02,7.583965330444203921e-03,8.667388949079089452e-03,0.000000000000000000e+00,1.083423618634886182e-03,0.000000000000000000e+00,0.000000000000000000e+00,0.000000000000000000e+00,0.000000000000000000e+00,1.300108342361863505e-02
0.000000000000000000e+00,0.000000000000000000e+00,0.000000000000000000e+00,0.000000000000000000e+00,0.000000000000000000e+00,0.000000000000000000e+00,1.545595054095826862e-03,6.182380216383307446e-03,1.700154559505409613e-02,1.700154559505409613e-01,6.491499227202472966e-01,8.964451313755796014e-02,2.936630602782070928e-02,9.273570324574960735e-03,7.727975270479134524e-03,4.636785162287480368e-03,1.545595054095826862e-03,3.091190108191653723e-03,3.091190108191653723e-03,0.000000000000000000e+00,0.000000000000000000e+00,7.727975270479134524e-03
0.000000000000000000e+00,0.000000000000000000e+00,0.000000000000000000e+00,0.000000000000000000e+00,0.000000000000000000e+00,2.873563218390804558e-03,2.873563218390804558e-03,5.747126436781609116e-03,3.160919540229885361e-02,8.333333333333332871e-02,2.040229885057471271e-01,5.229885057471264087e-01,8.333333333333332871e-02,2.011494252873563190e-02,0.000000000000000000e+00,1.149425287356321823e-02,2.873563218390804558e-03,0.000000000000000000e+00,2.873563218390804558e-03,0.000000000000000000e+00,0.000000000000000000e+00,2.586206896551724102e-02
0.000000000000000000e+00,4.484304932735425943e-03,4.484304932735425943e-03,0.000000000000000000e+00,0.000000000000000000e+00,0.000000000000000000e+00,4.484304932735425943e-03,4.484304932735425943e-03,4.035874439461883262e-02,6.726457399103139001e-02,1.031390134529148045e-01,1.614349775784753305e-01,4.663677130044843189e-01,7.623318385650224016e-02,2.690582959641255739e-02,1.793721973094170377e-02,0.000000000000000000e+00,8.968609865470851886e-03,0.000000000000000000e+00,8.968609865470851886e-03,0.000000000000000000e+00,4.484304932735425943e-03
0.000000000000000000e+00,0.000000000000000000e+00,0.000000000000000000e+00,0.000000000000000000e+00,0.000000000000000000e+00,0.000000000000000000e+00,0.000000000000000000e+00,0.000000000000000000e+00,4.854368932038834877e-02,1.941747572815533812e-02,1.165048543689320426e-01,1.165048543689320426e-01,2.038834951456310607e-01,3.398058252427184622e-01,6.796116504854368690e-02,2.912621359223301065e-02,0.000000000000000000e+00,1.941747572815533812e-02,9.708737864077669061e-03,0.000000000000000000e+00,9.708737864077669061e-03,1.941747572815533812e-02
0.000000000000000000e+00,0.000000000000000000e+00,0.000000000000000000e+00,0.000000000000000000e+00,0.000000000000000000e+00,0.000000000000000000e+00,0.000000000000000000e+00,0.000000000000000000e+00,1.612903225806451568e-02,6.451612903225806273e-02,1.129032258064516098e-01,9.677419354838709409e-02,1.290322580645161255e-01,1.451612903225806550e-01,3.387096774193548154e-01,4.838709677419354704e-02,1.612903225806451568e-02,0.000000000000000000e+00,0.000000000000000000e+00,0.000000000000000000e+00,0.000000000000000000e+00,3.225806451612903136e-02
0.000000000000000000e+00,0.000000000000000000e+00,0.000000000000000000e+00,0.000000000000000000e+00,0.000000000000000000e+00,0.000000000000000000e+00,0.000000000000000000e+00,0.000000000000000000e+00,1.785714285714285615e-02,3.571428571428571230e-02,7.142857142857142461e-02,8.928571428571428770e-02,8.928571428571428770e-02,5.357142857142856845e-02,5.357142857142856845e-02,3.392857142857143016e-01,1.785714285714285615e-02,1.785714285714285615e-02,1.785714285714285615e-02,0.000000000000000000e+00,0.000000000000000000e+00,1.964285714285714246e-01
0.000000000000000000e+00,0.000000000000000000e+00,0.000000000000000000e+00,0.000000000000000000e+00,0.000000000000000000e+00,0.000000000000000000e+00,0.000000000000000000e+00,0.000000000000000000e+00,0.000000000000000000e+00,0.000000000000000000e+00,7.142857142857142461e-02,1.071428571428571369e-01,0.000000000000000000e+00,3.571428571428571230e-02,3.571428571428571230e-02,1.785714285714285754e-01,4.285714285714285476e-01,3.571428571428571230e-02,3.571428571428571230e-02,0.000000000000000000e+00,0.000000000000000000e+00,7.142857142857142461e-02
0.000000000000000000e+00,0.000000000000000000e+00,0.000000000000000000e+00,0.000000000000000000e+00,0.000000000000000000e+00,0.000000000000000000e+00,0.000000000000000000e+00,5.882352941176470507e-02,5.882352941176470507e-02,0.000000000000000000e+00,5.882352941176470507e-02,0.000000000000000000e+00,1.176470588235294101e-01,0.000000000000000000e+00,0.000000000000000000e+00,0.000000000000000000e+00,5.882352941176470507e-02,3.529411764705882582e-01,5.882352941176470507e-02,0.000000000000000000e+00,0.000000000000000000e+00,2.352941176470588203e-01
0.000000000000000000e+00,0.000000000000000000e+00,0.000000000000000000e+00,0.000000000000000000e+00,0.000000000000000000e+00,0.000000000000000000e+00,0.000000000000000000e+00,0.000000000000000000e+00,3.846153846153846367e-02,0.000000000000000000e+00,7.692307692307692735e-02,1.153846153846153910e-01,3.846153846153846367e-02,1.153846153846153910e-01,0.000000000000000000e+00,7.692307692307692735e-02,7.692307692307692735e-02,0.000000000000000000e+00,2.692307692307692180e-01,3.846153846153846367e-02,0.000000000000000000e+00,1.538461538461538547e-01
0.000000000000000000e+00,0.000000000000000000e+00,0.000000000000000000e+00,0.000000000000000000e+00,1.000000000000000056e-01,0.000000000000000000e+00,0.000000000000000000e+00,0.000000000000000000e+00,0.000000000000000000e+00,0.000000000000000000e+00,0.000000000000000000e+00,0.000000000000000000e+00,0.000000000000000000e+00,0.000000000000000000e+00,0.000000000000000000e+00,2.000000000000000111e-01,0.000000000000000000e+00,1.000000000000000056e-01,0.000000000000000000e+00,4.000000000000000222e-01,0.000000000000000000e+00,2.000000000000000111e-01
0.000000000000000000e+00,0.000000000000000000e+00,0.000000000000000000e+00,0.000000000000000000e+00,0.000000000000000000e+00,0.000000000000000000e+00,0.000000000000000000e+00,0.000000000000000000e+00,0.000000000000000000e+00,1.428571428571428492e-01,0.000000000000000000e+00,0.000000000000000000e+00,0.000000000000000000e+00,0.000000000000000000e+00,1.428571428571428492e-01,0.000000000000000000e+00,0.000000000000000000e+00,0.000000000000000000e+00,0.000000000000000000e+00,0.000000000000000000e+00,4.285714285714285476e-01,2.857142857142856984e-01
0.000000000000000000e+00,0.000000000000000000e+00,0.000000000000000000e+00,0.000000000000000000e+00,0.000000000000000000e+00,0.000000000000000000e+00,0.000000000000000000e+00,0.000000000000000000e+00,6.024096385542168988e-03,1.807228915662650523e-02,2.409638554216867595e-02,6.024096385542168641e-02,2.409638554216867595e-02,3.614457831325301046e-02,3.614457831325301046e-02,4.216867469879517771e-02,3.012048192771084321e-02,1.204819277108433798e-02,4.216867469879517771e-02,1.807228915662650523e-02,2.409638554216867595e-02,6.265060240963855609e-01
