8.027079303675048738e-01,7.833655705996131480e-02,1.450676982591876142e-02,1.934235976789168291e-03,4.835589941972921052e-03,0.000000000000000000e+00,0.000000000000000000e+00,9.671179883945841453e-04,0.000000000000000000e+00,0.000000000000000000e+00,9.671179883945841453e-04,0.000000000000000000e+00,0.000000000000000000e+00,0.000000000000000000e+00,0.000000000000000000e+00,0.000000000000000000e+00,0.000000000000000000e+00,1.934235976789168291e-03,1.934235976789168291e-03,1.450676982591876142e-02,7.736943907156673683e-02
1.236897274633123739e-01,7.127882599580712686e-01,7.966457023060796727e-02,8.385744234800839025e-03,8.385744234800839025e-03,4.192872117400419513e-03,4.192872117400419513e-03,2.096436058700209756e-03,0.000000000000000000e+00,0.000000000000000000e+00,4.192872117400419513e-03,2.096436058700209756e-03,2.096436058700209756e-03,0.000000000000000000e+00,0.000000000000000000e+00,0.000000000000000000e+00,2.096436058700209756e-03,0.000000000000000000e+00,2.096436058700209756e-03,6.289308176100629269e-03,3.773584905660377214e-02
6.779661016949152519e-02,2.146892655367231562e-01,5.310734463276836070e-01,7.909604519774011966e-02,1.694915254237288130e-02,1.694915254237288130e-02,5.649717514124293766e-03,0.000000000000000000e+00,0.000000000000000000e+00,0.000000000000000000e+00,2.259887005649717506e-02,0.000000000000000000e+00,0.000000000000000000e+00,0.000000000000000000e+00,0.000000000000000000e+00,0.000000000000000000e+00,0.000000000000000000e+00,5.649717514124293766e-03,5.649717514124293766e-03,0.000000000000000000e+00,3.389830508474576259e-02
2.564102564102564014e-02,7.692307692307692735e-02,1.282051282051281937e-01,4.871794871794871695e-01,1.025641025641025605e-01,5.128205128205128027e-02,0.000000000000000000e+00,1.282051282051282007e-02,1.282051282051282007e-02,0.000000000000000000e+00,7.692307692307692735e-02,0.000000000000000000e+00,0.000000000000000000e+00,0.000000000000000000e+00,1.282051282051282007e-02,0.000000000000000000e+00,0.000000000000000000e+00,0.000000000000000000e+00,0.000000000000000000e+00,0.000000000000000000e+00,1.282051282051282007e-02
6.122448979591836593e-02,1.020408163265306145e-01,1.020408163265306145e-01,1.020408163265306145e-01,3.469387755102040782e-01,2.040816326530612082e-02,6.122448979591836593e-02,4.081632653061224164e-02,2.040816326530612082e-02,2.040816326530612082e-02,6.122448979591836593e-02,0.000000000000000000e+00,0.000000000000000000e+00,0.000000000000000000e+00,0.000000000000000000e+00,0.000000000000000000e+00,0.000000000000000000e+00,2.040816326530612082e-02,0.000000000000000000e+00,0.000000000000000000e+00,4.081632653061224164e-02
1.111111111111111049e-01,5.555555555555555247e-02,1.111111111111111049e-01,1.666666666666666574e-01,2.222222222222222099e-01,5.555555555555555247e-02,0.000000000000000000e+00,5.555555555555555247e-02,5.555555555555555247e-02,0.000000000000000000e+00,1.666666666666666574e-01,0.000000000000000000e+00,0.000000000000000000e+00,0.000000000000000000e+00,0.000000000000000000e+00,0.000000000000000000e+00,0.000000000000000000e+00,0.000000000000000000e+00,0.000000000000000000e+00,0.000000000000000000e+00,0.000000000000000000e+00
0.000000000000000000e+00,9.523809523809523281e-02,9.523809523809523281e-02,4.761904761904761640e-02,1.428571428571428492e-01,4.761904761904761640e-02,3.333333333333333148e-01,4.761904761904761640e-02,0.000000000000000000e+00,0.000000000000000000e+00,1.428571428571428492e-01,0.000000000000000000e+00,0.000000000000000000e+00,0.000000000000000000e+00,0.000000000000000000e+00,0.000000000000000000e+00,0.000000000000000000e+00,0.000000000000000000e+00,0.000000000000000000e+00,0.000000000000000000e+00,4.761904761904761640e-02
0.000000000000000000e+00,1.818181818181818232e-01,0.000000000000000000e+00,1.818181818181818232e-01,9.090909090909091161e-02,9.090909090909091161e-02,9.090909090909091161e-02,0.000000000000000000e+00,9.090909090909091161e-02,0.000000000000000000e+00,0.000000000000000000e+00,0.000000000000000000e+00,0.000000000000000000e+00,0.000000000000000000e+00,0.000000000000000000e+00,0.000000000000000000e+00,0.000000000000000000e+00,0.000000000000000000e+00,0.000000000000000000e+00,0.000000000000000000e+00,2.727272727272727071e-01
0.000000000000000000e+00,1.250000000000000000e-01,0.000000000000000000e+00,1.250000000000000000e-01,0.000000000000000000e+00,0.000000000000000000e+00,0.000000000000000000e+00,1.250000000000000000e-01,2.500000000000000000e-01,0.000000000000000000e+00,3.750000000000000000e-01,0.000000000000000000e+00,0.000000000000000000e+00,0.000000000000000000e+00,0.000000000000000000e+00,0.000000000000000000e+00,0.000000000000000000e+00,0.000000000000000000e+00,0.000000000000000000e+00,0.000000000000000000e+00,0.000000000000000000e+00
6.666666666666666297e-01,0.000000000000000000e+00,0.000000000000000000e+00,0.000000000000000000e+00,3.333333333333333148e-01,0.000000000000000000e+00,0.000000000000000000e+00,0.000000000000000000e+00,0.000000000000000000e+00,0.000000000000000000e+00,0.000000000000000000e+00,0.000000000000000000e+00,0.000000000000000000e+00,0.000000000000000000e+00,0.000000000000000000e+00,0.000000000000000000e+00,0.000000000000000000e+00,0.000000000000000000e+00,0.000000000000000000e+00,0.000000000000000000e+00,0.000000000000000000e+00
6.521739130434782428e-02,2.173913043478260809e-02,2.173913043478260809e-02,7.608695652173913526e-02,0.000000000000000000e+00,5.434782608695652023e-02,4.347826086956521618e-02,3.260869565217391214e-02,2.173913043478260809e-02,0.000000000000000000e+00,6.413043478260869179e-01,0.000000000000000000e+00,0.000000000000000000e+00,0.000000000000000000e+00,0.000000000000000000e+00,0.000000000000000000e+00,0.000000000000000000e+00,0.000000000000000000e+00,1.086956521739130405e-02,0.000000000000000000e+00,1.086956521739130405e-02
0.000000000000000000e+00,0.000000000000000000e+00,0.000000000000000000e+00,0.000000000000000000e+00,0.000000000000000000e+00,0.000000000000000000e+00,0.000000000000000000e+00,0.000000000000000000e+00,0.000000000000000000e+00,0.000000000000000000e+00,0.000000000000000000e+00,0.000000000000000000e+00,0.000000000000000000e+00,0.000000000000000000e+00,5.000000000000000000e-01,0.000000000000000000e+00,0.000000000000000000e+00,0.000000000000000000e+00,0.000000000000000000e+00,0.000000000000000000e+00,5.000000000000000000e-01
0.000000000000000000e+00,0.000000000000000000e+00,0.000000000000000000e+00,0.000000000000000000e+00,0.000000000000000000e+00,0.000000000000000000e+00,0.000000000000000000e+00,0.000000000000000000e+00,0.000000000000000000e+00,0.000000000000000000e+00,0.000000000000000000e+00,0.000000000000000000e+00,8.333333333333333703e-01,1.666666666666666574e-01,0.000000000000000000e+00,0.000000000000000000e+00,0.000000000000000000e+00,0.000000000000000000e+00,0.000000000000000000e+00,0.000000000000000000e+00,0.000000000000000000e+00
0.000000000000000000e+00,0.000000000000000000e+00,0.000000000000000000e+00,0.000000000000000000e+00,0.000000000000000000e+00,0.000000000000000000e+00,0.000000000000000000e+00,0.000000000000000000e+00,0.000000000000000000e+00,0.000000000000000000e+00,0.000000000000000000e+00,0.000000000000000000e+00,2.000000000000000111e-01,4.000000000000000222e-01,2.000000000000000111e-01,0.000000000000000000e+00,0.000000000000000000e+00,0.000000000000000000e+00,2.000000000000000111e-01,0.000000000000000000e+00,0.000000000000000000e+00
0.000000000000000000e+00,0.000000000000000000e+00,0.000000000000000000e+00,0.000000000000000000e+00,0.000000000000000000e+00,0.000000000000000000e+00,0.000000000000000000e+00,0.000000000000000000e+00,0.000000000000000000e+00,0.000000000000000000e+00,0.000000000000000000e+00,0.000000000000000000e+00,0.000000000000000000e+00,0.000000000000000000e+00,5.714285714285713969e-01,1.428571428571428492e-01,0.000000000000000000e+00,0.000000000000000000e+00,1.428571428571428492e-01,1.428571428571428492e-01,0.000000000000000000e+00
0.000000000000000000e+00,0.000000000000000000e+00,0.000000000000000000e+00,0.000000000000000000e+00,0.000000000000000000e+00,0.000000000000000000e+00,0.000000000000000000e+00,0.000000000000000000e+00,0.000000000000000000e+00,0.000000000000000000e+00,0.000000000000000000e+00,0.000000000000000000e+00,0.000000000000000000e+00,0.000000000000000000e+00,0.000000000000000000e+00,7.142857142857143016e-01,4.761904761904761640e-02,4.761904761904761640e-02,4.761904761904761640e-02,9.523809523809523281e-02,4.761904761904761640e-02
0.000000000000000000e+00,0.000000000000000000e+00,3.448275862068965469e-02,0.000000000000000000e+00,0.000000000000000000e+00,0.000000000000000000e+00,0.000000000000000000e+00,0.000000000000000000e+00,0.000000000000000000e+00,0.000000000000000000e+00,0.000000000000000000e+00,0.000000000000000000e+00,0.000000000000000000e+00,0.000000000000000000e+00,3.448275862068965469e-02,3.448275862068965469e-02,4.827586206896551935e-01,2.068965517241379282e-01,1.034482758620689641e-01,1.034482758620689641e-01,0.000000000000000000e+00
1.941747572815533812e-02,0.000000000000000000e+00,0.000000000000000000e+00,0.000000000000000000e+00,0.000000000000000000e+00,0.000000000000000000e+00,0.000000000000000000e+00,0.000000000000000000e+00,0.000000000000000000e+00,0.000000000000000000e+00,0.000000000000000000e+00,0.000000000000000000e+00,0.000000000000000000e+00,0.000000000000000000e+00,0.000000000000000000e+00,1.941747572815533812e-02,4.854368932038834877e-02,6.893203883495145901e-01,9.708737864077669755e-02,8.737864077669903196e-02,3.883495145631067624e-02
1.190476190476190410e-02,5.952380952380952051e-03,5.952380952380952051e-03,0.000000000000000000e+00,0.000000000000000000e+00,0.000000000000000000e+00,0.000000000000000000e+00,0.000000000000000000e+00,0.000000000000000000e+00,0.000000000000000000e+00,0.000000000000000000e+00,5.952380952380952051e-03,0.000000000000000000e+00,0.000000000000000000e+00,0.000000000000000000e+00,0.000000000000000000e+00,2.380952380952380820e-02,2.380952380952380820e-02,6.785714285714286031e-01,1.845238095238095344e-01,5.952380952380952051e-02
3.597122302158273222e-02,7.194244604316547137e-03,7.194244604316547137e-03,0.000000000000000000e+00,0.000000000000000000e+00,0.000000000000000000e+00,0.000000000000000000e+00,0.000000000000000000e+00,0.000000000000000000e+00,2.398081534772182090e-03,4.796163069544364180e-03,0.000000000000000000e+00,0.000000000000000000e+00,0.000000000000000000e+00,0.000000000000000000e+00,4.796163069544364180e-03,2.398081534772182090e-03,1.199040767386091132e-02,4.796163069544364527e-02,7.026378896882493619e-01,1.726618705035971313e-01
1.508379888268156499e-01,1.117318435754189980e-02,5.586592178770949900e-03,2.793296089385474950e-03,5.586592178770949900e-03,0.000000000000000000e+00,2.793296089385474950e-03,0.000000000000000000e+00,0.000000000000000000e+00,1.396648044692737475e-03,1.396648044692737475e-03,1.396648044692737475e-03,0.000000000000000000e+00,0.000000000000000000e+00,1.396648044692737475e-03,0.000000000000000000e+00,0.000000000000000000e+00,5.586592178770949900e-03,1.256983240223463749e-02,6.284916201117318746e-02,7.346368715083798628e-01
