3.333333333333333148e-01,0.000000000000000000e+00,0.000000000000000000e+00,0.000000000000000000e+00,0.000000000000000000e+00,0.000000000000000000e+00,6.666666666666666297e-01,0.000000000000000000e+00,0.000000000000000000e+00,0.000000000000000000e+00,0.000000000000000000e+00,0.000000000000000000e+00,0.000000000000000000e+00,0.000000000000000000e+00,0.000000000000000000e+00,0.000000000000000000e+00,0.000000000000000000e+00,0.000000000000000000e+00,0.000000000000000000e+00,0.000000000000000000e+00,0.000000000000000000e+00,0.000000000000000000e+00
0.000000000000000000e+00,5.000000000000000000e-01,5.000000000000000000e-01,0.000000000000000000e+00,0.000000000000000000e+00,0.000000000000000000e+00,0.000000000000000000e+00,0.000000000000000000e+00,0.000000000000000000e+00,0.000000000000000000e+00,0.000000000000000000e+00,0.000000000000000000e+00,0.000000000000000000e+00,0.000000000000000000e+00,0.000000000000000000e+00,0.000000000000000000e+00,0.000000000000000000e+00,0.000000000000000000e+00,0.000000000000000000e+00,0.000000000000000000e+00,0.000000000000000000e+00,0.000000000000000000e+00
0.000000000000000000e+00,0.000000000000000000e+00,5.999999999999999778e-01,1.000000000000000056e-01,0.000000000000000000e+00,0.000000000000000000e+00,0.000000000000000000e+00,2.000000000000000111e-01,1.000000000000000056e-01,0.000000000000000000e+00,0.000000000000000000e+00,0.000000000000000000e+00,0.000000000000000000e+00,0.000000000000000000e+00,0.000000000000000000e+00,0.000000000000000000e+00,0.000000000000000000e+00,0.000000000000000000e+00,0.000000000000000000e+00,0.000000000000000000e+00,0.000000000000000000e+00,0.000000000000000000e+00
0.000000000000000000e+00,0.000000000000000000e+00,1.052631578947368363e-01,7.894736842105263275e-01,0.000000000000000000e+00,0.000000000000000000e+00,5.263157894736841813e-02,0.000000000000000000e+00,0.000000000000000000e+00,5.263157894736841813e-02,0.000000000000000000e+00,0.000000000000000000e+00,0.000000000000000000e+00,0.000000000000000000e+00,0.000000000000000000e+00,0.000000000000000000e+00,0.000000000000000000e+00,0.000000000000000000e+00,0.000000000000000000e+00,0.000000000000000000e+00,0.000000000000000000e+00,0.000000000000000000e+00
0.000000000000000000e+00,0.000000000000000000e+00,0.000000000000000000e+00,0.000000000000000000e+00,8.399999999999999689e-01,1.199999999999999956e-01,0.000000000000000000e+00,0.000000000000000000e+00,0.000000000000000000e+00,0.000000000000000000e+00,4.000000000000000083e-02,0.000000000000000000e+00,0.000000000000000000e+00,0.000000000000000000e+00,0.000000000000000000e+00,0.000000000000000000e+00,0.000000000000000000e+00,0.000000000000000000e+00,0.000000000000000000e+00,0.000000000000000000e+00,0.000000000000000000e+00,0.000000000000000000e+00
0.000000000000000000e+00,0.000000000000000000e+00,0.000000000000000000e+00,0.000000000000000000e+00,5.263157894736841813e-02,6.578947368421053099e-01,2.105263157894736725e-01,2.631578947368420907e-02,5.263157894736841813e-02,0.000000000000000000e+00,0.000000000000000000e+00,0.000000000000000000e+00,0.000000000000000000e+00,0.000000000000000000e+00,0.000000000000000000e+00,0.000000000000000000e+00,0.000000000000000000e+00,0.000000000000000000e+00,0.000000000000000000e+00,0.000000000000000000e+00,0.000000000000000000e+00,0.000000000000000000e+00
9.803921568627450844e-03,9.803921568627450844e-03,0.000000000000000000e+00,1.960784313725490169e-02,9.803921568627450844e-03,8.823529411764706454e-02,6.470588235294117974e-01,1.470588235294117696e-01,2.941176470588235253e-02,9.803921568627450844e-03,9.803921568627450844e-03,0.000000000000000000e+00,0.000000000000000000e+00,0.000000000000000000e+00,0.000000000000000000e+00,0.000000000000000000e+00,0.000000000000000000e+00,0.000000000000000000e+00,0.000000000000000000e+00,0.000000000000000000e+00,0.000000000000000000e+00,1.960784313725490169e-02
0.000000000000000000e+00,5.714285714285714281e-03,0.000000000000000000e+00,5.714285714285714281e-03,1.142857142857142856e-02,0.000000000000000000e+00,8.571428571428571508e-02,6.914285714285713924e-01,1.371428571428571497e-01,2.857142857142857054e-02,5.714285714285714281e-03,1.142857142857142856e-02,1.142857142857142856e-02,0.000000000000000000e+00,0.000000000000000000e+00,0.000000000000000000e+00,5.714285714285714281e-03,0.000000000000000000e+00,0.000000000000000000e+00,0.000000000000000000e+00,0.000000000000000000e+00,0.000000000000000000e+00
0.000000000000000000e+00,0.000000000000000000e+00,0.000000000000000000e+00,2.392344497607655409e-03,0.000000000000000000e+00,4.784688995215310818e-03,7.177033492822966661e-03,5.502392344497607918e-02,7.440191387559809133e-01,1.411483253588516618e-01,2.870813397129186664e-02,4.784688995215310818e-03,2.392344497607655409e-03,0.000000000000000000e+00,4.784688995215310818e-03,2.392344497607655409e-03,0.000000000000000000e+00,0.000000000000000000e+00,0.000000000000000000e+00,0.000000000000000000e+00,0.000000000000000000e+00,2.392344497607655409e-03
0.000000000000000000e+00,0.000000000000000000e+00,1.457725947521865866e-03,0.000000000000000000e+00,0.000000000000000000e+00,0.000000000000000000e+00,0.000000000000000000e+00,1.311953352769679344e-02,7.580174927113703109e-02,7.507288629737609575e-01,1.326530612244898044e-01,7.288629737609329112e-03,5.830903790087463463e-03,1.457725947521865866e-03,4.373177842565597814e-03,1.457725947521865866e-03,0.000000000000000000e+00,0.000000000000000000e+00,0.000000000000000000e+00,1.457725947521865866e-03,0.000000000000000000e+00,4.373177842565597814e-03
2.503128911138923721e-03,0.000000000000000000e+00,0.000000000000000000e+00,0.000000000000000000e+00,0.000000000000000000e+00,2.503128911138923721e-03,2.503128911138923721e-03,3.754693366708385365e-03,2.628285356695869712e-02,1.001251564455569454e-01,7.622027534418022165e-01,7.509386733416771598e-02,1.001251564455569489e-02,3.754693366708385365e-03,1.251564455569461861e-03,5.006257822277847443e-03,0.000000000000000000e+00,1.251564455569461861e-03,0.000000000000000000e+00,0.000000000000000000e+00,0.000000000000000000e+00,3.754693366708385365e-03
0.000000000000000000e+00,0.000000000000000000e+00,0.000000000000000000e+00,0.000000000000000000e+00,0.000000000000000000e+00,0.000000000000000000e+00,1.689189189189189283e-03,1.689189189189189283e-03,6.756756756756757132e-03,2.364864864864864996e-02,9.121621621621621434e-02,7.601351351351350871e-01,7.939189189189188589e-02,5.067567567567567849e-03,6.756756756756757132e-03,8.445945945945946415e-03,5.067567567567567849e-03,5.067567567567567849e-03,0.000000000000000000e+00,1.689189189189189283e-03,0.000000000000000000e+00,3.378378378378378566e-03
0.000000000000000000e+00,0.000000000000000000e+00,0.000000000000000000e+00,0.000000000000000000e+00,0.000000000000000000e+00,0.000000000000000000e+00,0.000000000000000000e+00,0.000000000000000000e+00,4.484304932735425943e-03,3.139013452914798247e-02,4.932735426008968277e-02,1.614349775784753305e-01,5.784753363228699596e-01,1.031390134529148045e-01,2.690582959641255739e-02,4.484304932735425943e-03,1.345291479820627870e-02,8.968609865470851886e-03,0.000000000000000000e+00,4.484304932735425943e-03,0.000000000000000000e+00,1.345291479820627870e-02
0.000000000000000000e+00,0.000000000000000000e+00,0.000000000000000000e+00,0.000000000000000000e+00,0.000000000000000000e+00,0.000000000000000000e+00,0.000000000000000000e+00,0.000000000000000000e+00,1.075268817204301161e-02,2.150537634408602322e-02,5.376344086021505458e-02,5.376344086021505458e-02,2.150537634408602183e-01,4.516129032258064391e-01,7.526881720430107781e-02,2.150537634408602322e-02,4.301075268817204644e-02,1.075268817204301161e-02,0.000000000000000000e+00,1.075268817204301161e-02,0.000000000000000000e+00,3.225806451612903136e-02
0.000000000000000000e+00,0.000000000000000000e+00,0.000000000000000000e+00,0.000000000000000000e+00,0.000000000000000000e+00,0.000000000000000000e+00,0.000000000000000000e+00,0.000000000000000000e+00,4.761904761904761640e-02,4.761904761904761640e-02,0.000000000000000000e+00,7.936507936507936067e-02,6.349206349206348854e-02,1.111111111111111049e-01,5.238095238095238360e-01,6.349206349206348854e-02,6.349206349206348854e-02,0.000000000000000000e+00,0.000000000000000000e+00,0.000000000000000000e+00,0.000000000000000000e+00,0.000000000000000000e+00
0.000000000000000000e+00,2.777777777777777624e-02,0.000000000000000000e+00,0.000000000000000000e+00,0.000000000000000000e+00,0.000000000000000000e+00,0.000000000000000000e+00,0.000000000000000000e+00,0.000000000000000000e+00,0.000000000000000000e+00,1.111111111111111049e-01,1.944444444444444475e-01,5.555555555555555247e-02,1.111111111111111049e-01,1.111111111111111049e-01,2.777777777777777901e-01,5.555555555555555247e-02,0.000000000000000000e+00,0.000000000000000000e+00,5.555555555555555247e-02,0.000000000000000000e+00,0.000000000000000000e+00
0.000000000000000000e+00,0.000000000000000000e+00,0.000000000000000000e+00,0.000000000000000000e+00,0.000000000000000000e+00,0.000000000000000000e+00,0.000000000000000000e+00,0.000000000000000000e+00,0.000000000000000000e+00,5.555555555555555247e-02,0.000000000000000000e+00,8.333333333333332871e-02,5.555555555555555247e-02,2.777777777777777624e-02,8.333333333333332871e-02,1.666666666666666574e-01,2.777777777777777901e-01,5.555555555555555247e-02,8.333333333333332871e-02,2.777777777777777624e-02,0.000000000000000000e+00,8.333333333333332871e-02
0.000000000000000000e+00,0.000000000000000000e+00,0.000000000000000000e+00,0.000000000000000000e+00,0.000000000000000000e+00,0.000000000000000000e+00,0.000000000000000000e+00,0.000000000000000000e+00,0.000000000000000000e+00,0.000000000000000000e+00,2.941176470588235253e-02,0.000000000000000000e+00,5.882352941176470507e-02,2.941176470588235253e-02,0.000000000000000000e+00,5.882352941176470507e-02,8.823529411764706454e-02,6.470588235294117974e-01,2.941176470588235253e-02,0.000000000000000000e+00,5.882352941176470507e-02,0.000000000000000000e+00
0.000000000000000000e+00,0.000000000000000000e+00,0.000000000000000000e+00,0.000000000000000000e+00,0.000000000000000000e+00,0.000000000000000000e+00,0.000000000000000000e+00,0.000000000000000000e+00,0.000000000000000000e+00,0.000000000000000000e+00,0.000000000000000000e+00,0.000000000000000000e+00,0.000000000000000000e+00,1.000000000000000056e-01,0.000000000000000000e+00,1.000000000000000056e-01,1.000000000000000056e-01,0.000000000000000000e+00,5.000000000000000000e-01,0.000000000000000000e+00,1.000000000000000056e-01,1.000000000000000056e-01
0.000000000000000000e+00,0.000000000000000000e+00,0.000000000000000000e+00,0.000000000000000000e+00,0.000000000000000000e+00,0.000000000000000000e+00,0.000000000000000000e+00,0.000000000000000000e+00,0.000000000000000000e+00,0.000000000000000000e+00,0.000000000000000000e+00,0.000000000000000000e+00,1.250000000000000000e-01,2.500000000000000000e-01,1.250000000000000000e-01,0.000000000000000000e+00,2.500000000000000000e-01,0.000000000000000000e+00,0.000000000000000000e+00,0.000000000000000000e+00,0.000000000000000000e+00,2.500000000000000000e-01
0.000000000000000000e+00,0.000000000000000000e+00,0.000000000000000000e+00,0.000000000000000000e+00,0.000000000000000000e+00,0.000000000000000000e+00,0.000000000000000000e+00,0.000000000000000000e+00,0.000000000000000000e+00,0.000000000000000000e+00,0.000000000000000000e+00,1.428571428571428492e-01,0.000000000000000000e+00,0.000000000000000000e+00,0.000000000000000000e+00,0.000000000000000000e+00,0.000000000000000000e+00,0.000000000000000000e+00,0.000000000000000000e+00,0.000000000000000000e+00,4.285714285714285476e-01,4.285714285714285476e-01
0.000000000000000000e+00,0.000000000000000000e+00,0.000000000000000000e+00,0.000000000000000000e+00,0.000000000000000000e+00,0.000000000000000000e+00,1.470588235294117627e-02,0.000000000000000000e+00,1.470588235294117627e-02,1.470588235294117627e-02,4.411764705882353227e-02,2.941176470588235253e-02,4.411764705882353227e-02,1.470588235294117627e-02,4.411764705882353227e-02,0.000000000000000000e+00,2.941176470588235253e-02,0.000000000000000000e+00,5.882352941176470507e-02,1.470588235294117627e-02,5.882352941176470507e-02,6.176470588235294379e-01
