7.330827067669173358e-01,1.071428571428571369e-01,1.503759398496240518e-02,4.699248120300751619e-03,2.819548872180450971e-03,0.000000000000000000e+00,0.000000000000000000e+00,9.398496240601503238e-04,9.398496240601503238e-04,0.000000000000000000e+00,1.879699248120300648e-03,9.398496240601503238e-04,0.000000000000000000e+00,9.398496240601503238e-04,0.000000000000000000e+00,1.879699248120300648e-03,9.398496240601503238e-04,0.000000000000000000e+00,6.578947368421052266e-03,1.879699248120300648e-02,1.033834586466165356e-01
1.396866840731070536e-01,7.154046997389034157e-01,6.135770234986945293e-02,2.088772845953002638e-02,5.221932114882506595e-03,6.527415143603132811e-03,3.916449086161879513e-03,2.610966057441253298e-03,2.610966057441253298e-03,1.305483028720626649e-03,7.832898172323759026e-03,0.000000000000000000e+00,0.000000000000000000e+00,0.000000000000000000e+00,0.000000000000000000e+00,0.000000000000000000e+00,1.305483028720626649e-03,1.305483028720626649e-03,3.916449086161879513e-03,5.221932114882506595e-03,2.088772845953002638e-02
4.430379746835443056e-02,1.708860759493670833e-01,6.360759493670885556e-01,4.746835443037975000e-02,1.265822784810126563e-02,1.582278481012658333e-02,1.582278481012658333e-02,6.329113924050632813e-03,0.000000000000000000e+00,0.000000000000000000e+00,2.531645569620253125e-02,0.000000000000000000e+00,0.000000000000000000e+00,0.000000000000000000e+00,0.000000000000000000e+00,0.000000000000000000e+00,0.000000000000000000e+00,0.000000000000000000e+00,6.329113924050632813e-03,1.265822784810126563e-02,6.329113924050632813e-03
4.132231404958677801e-02,8.264462809917355601e-02,1.818181818181818232e-01,5.041322314049586639e-01,9.917355371900826722e-02,4.958677685950413361e-02,8.264462809917355601e-03,0.000000000000000000e+00,0.000000000000000000e+00,0.000000000000000000e+00,8.264462809917355601e-03,0.000000000000000000e+00,0.000000000000000000e+00,0.000000000000000000e+00,0.000000000000000000e+00,0.000000000000000000e+00,0.000000000000000000e+00,0.000000000000000000e+00,0.000000000000000000e+00,8.264462809917355601e-03,1.652892561983471120e-02
2.666666666666666838e-02,5.333333333333333676e-02,9.333333333333333759e-02,1.866666666666666752e-01,5.600000000000000533e-01,5.333333333333333676e-02,0.000000000000000000e+00,0.000000000000000000e+00,0.000000000000000000e+00,0.000000000000000000e+00,2.666666666666666838e-02,0.000000000000000000e+00,0.000000000000000000e+00,0.000000000000000000e+00,0.000000000000000000e+00,0.000000000000000000e+00,0.000000000000000000e+00,0.000000000000000000e+00,0.000000000000000000e+00,0.000000000000000000e+00,0.000000000000000000e+00
6.818181818181817677e-02,1.363636363636363535e-01,2.272727272727272790e-02,1.363636363636363535e-01,1.136363636363636326e-01,2.954545454545454697e-01,4.545454545454545581e-02,4.545454545454545581e-02,2.272727272727272790e-02,0.000000000000000000e+00,6.818181818181817677e-02,0.000000000000000000e+00,0.000000000000000000e+00,0.000000000000000000e+00,0.000000000000000000e+00,0.000000000000000000e+00,0.000000000000000000e+00,0.000000000000000000e+00,2.272727272727272790e-02,2.272727272727272790e-02,0.000000000000000000e+00
4.545454545454545581e-02,4.545454545454545581e-02,4.545454545454545581e-02,1.363636363636363535e-01,9.090909090909091161e-02,9.090909090909091161e-02,4.545454545454545303e-01,4.545454545454545581e-02,0.000000000000000000e+00,0.000000000000000000e+00,4.545454545454545581e-02,0.000000000000000000e+00,0.000000000000000000e+00,0.000000000000000000e+00,0.000000000000000000e+00,0.000000000000000000e+00,0.000000000000000000e+00,0.000000000000000000e+00,0.000000000000000000e+00,0.000000000000000000e+00,0.000000000000000000e+00
8.333333333333332871e-02,1.666666666666666574e-01,1.666666666666666574e-01,8.333333333333332871e-02,0.000000000000000000e+00,8.333333333333332871e-02,1.666666666666666574e-01,0.000000000000000000e+00,8.333333333333332871e-02,0.000000000000000000e+00,8.333333333333332871e-02,0.000000000000000000e+00,0.000000000000000000e+00,0.000000000000000000e+00,0.000000000000000000e+00,0.000000000000000000e+00,0.000000000000000000e+00,0.000000000000000000e+00,8.333333333333332871e-02,0.000000000000000000e+00,0.000000000000000000e+00
1.000000000000000056e-01,1.000000000000000056e-01,0.000000000000000000e+00,0.000000000000000000e+00,0.000000000000000000e+00,1.000000000000000056e-01,0.000000000000000000e+00,1.000000000000000056e-01,4.000000000000000222e-01,1.000000000000000056e-01,1.000000000000000056e-01,0.000000000000000000e+00,0.000000000000000000e+00,0.000000000000000000e+00,0.000000000000000000e+00,0.000000000000000000e+00,0.000000000000000000e+00,0.000000000000000000e+00,0.000000000000000000e+00,0.000000000000000000e+00,0.000000000000000000e+00
0.000000000000000000e+00,0.000000000000000000e+00,3.333333333333333148e-01,0.000000000000000000e+00,6.666666666666666297e-01,0.000000000000000000e+00,0.000000000000000000e+00,0.000000000000000000e+00,0.000000000000000000e+00,0.000000000000000000e+00,0.000000000000000000e+00,0.000000000000000000e+00,0.000000000000000000e+00,0.000000000000000000e+00,0.000000000000000000e+00,0.000000000000000000e+00,0.000000000000000000e+00,0.000000000000000000e+00,0.000000000000000000e+00,0.000000000000000000e+00,0.000000000000000000e+00
1.960784313725490169e-02,1.960784313725490169e-02,1.764705882352941291e-01,1.960784313725490169e-02,5.882352941176470507e-02,5.882352941176470507e-02,1.960784313725490169e-02,1.960784313725490169e-02,3.921568627450980338e-02,1.960784313725490169e-02,5.294117647058823595e-01,0.000000000000000000e+00,0.000000000000000000e+00,0.000000000000000000e+00,0.000000000000000000e+00,1.960784313725490169e-02,0.000000000000000000e+00,0.000000000000000000e+00,0.000000000000000000e+00,0.000000000000000000e+00,0.000000000000000000e+00
1.428571428571428492e-01,0.000000000000000000e+00,0.000000000000000000e+00,0.000000000000000000e+00,0.000000000000000000e+00,0.000000000000000000e+00,0.000000000000000000e+00,1.428571428571428492e-01,0.000000000000000000e+00,0.000000000000000000e+00,0.000000000000000000e+00,2.857142857142856984e-01,1.428571428571428492e-01,0.000000000000000000e+00,1.428571428571428492e-01,0.000000000000000000e+00,0.000000000000000000e+00,0.000000000000000000e+00,0.000000000000000000e+00,1.428571428571428492e-01,0.000000000000000000e+00
0.000000000000000000e+00,0.000000000000000000e+00,0.000000000000000000e+00,0.000000000000000000e+00,0.000000000000000000e+00,0.000000000000000000e+00,0.000000000000000000e+00,0.000000000000000000e+00,0.000000000000000000e+00,0.000000000000000000e+00,0.000000000000000000e+00,0.000000000000000000e+00,0.000000000000000000e+00,0.000000000000000000e+00,1.000000000000000000e+00,0.000000000000000000e+00,0.000000000000000000e+00,0.000000000000000000e+00,0.000000000000000000e+00,0.000000000000000000e+00,0.000000000000000000e+00
0.000000000000000000e+00,0.000000000000000000e+00,0.000000000000000000e+00,0.000000000000000000e+00,1.428571428571428492e-01,0.000000000000000000e+00,0.000000000000000000e+00,0.000000000000000000e+00,0.000000000000000000e+00,0.000000000000000000e+00,2.857142857142856984e-01,0.000000000000000000e+00,0.000000000000000000e+00,1.428571428571428492e-01,0.000000000000000000e+00,0.000000000000000000e+00,0.000000000000000000e+00,0.000000000000000000e+00,2.857142857142856984e-01,1.428571428571428492e-01,0.000000000000000000e+00
1.000000000000000056e-01,0.000000000000000000e+00,0.000000000000000000e+00,0.000000000000000000e+00,0.000000000000000000e+00,0.000000000000000000e+00,0.000000000000000000e+00,0.000000000000000000e+00,0.000000000000000000e+00,0.000000000000000000e+00,0.000000000000000000e+00,5.000000000000000278e-02,0.000000000000000000e+00,0.000000000000000000e+00,8.499999999999999778e-01,0.000000000000000000e+00,0.000000000000000000e+00,0.000000000000000000e+00,0.000000000000000000e+00,0.000000000000000000e+00,0.000000000000000000e+00
9.090909090909091161e-02,0.000000000000000000e+00,4.545454545454545581e-02,0.000000000000000000e+00,0.000000000000000000e+00,0.000000000000000000e+00,0.000000000000000000e+00,0.000000000000000000e+00,0.000000000000000000e+00,0.000000000000000000e+00,4.545454545454545581e-02,0.000000000000000000e+00,0.000000000000000000e+00,0.000000000000000000e+00,0.000000000000000000e+00,5.454545454545454142e-01,1.363636363636363535e-01,9.090909090909091161e-02,0.000000000000000000e+00,4.545454545454545581e-02,0.000000000000000000e+00
3.030303030303030387e-02,6.060606060606060774e-02,3.030303030303030387e-02,0.000000000000000000e+00,0.000000000000000000e+00,0.000000000000000000e+00,0.000000000000000000e+00,0.000000000000000000e+00,0.000000000000000000e+00,0.000000000000000000e+00,3.030303030303030387e-02,0.000000000000000000e+00,0.000000000000000000e+00,0.000000000000000000e+00,0.000000000000000000e+00,1.212121212121212155e-01,5.757575757575758013e-01,3.030303030303030387e-02,3.030303030303030387e-02,6.060606060606060774e-02,3.030303030303030387e-02
2.222222222222222307e-02,0.000000000000000000e+00,0.000000000000000000e+00,0.000000000000000000e+00,0.000000000000000000e+00,2.222222222222222307e-02,0.000000000000000000e+00,0.000000000000000000e+00,0.000000000000000000e+00,0.000000000000000000e+00,0.000000000000000000e+00,0.000000000000000000e+00,0.000000000000000000e+00,2.222222222222222307e-02,0.000000000000000000e+00,2.222222222222222307e-02,8.888888888888889228e-02,4.888888888888888729e-01,2.222222222222222099e-01,6.666666666666666574e-02,4.444444444444444614e-02
7.692307692307692735e-02,4.273504273504273587e-02,8.547008547008547868e-03,0.000000000000000000e+00,0.000000000000000000e+00,0.000000000000000000e+00,0.000000000000000000e+00,8.547008547008547868e-03,0.000000000000000000e+00,0.000000000000000000e+00,0.000000000000000000e+00,0.000000000000000000e+00,0.000000000000000000e+00,0.000000000000000000e+00,0.000000000000000000e+00,0.000000000000000000e+00,1.709401709401709574e-02,8.547008547008547175e-02,5.128205128205127750e-01,1.452991452991453103e-01,1.025641025641025605e-01
1.004566210045662045e-01,4.109589041095890183e-02,1.369863013698630061e-02,4.566210045662100203e-03,0.000000000000000000e+00,4.566210045662100203e-03,0.000000000000000000e+00,0.000000000000000000e+00,0.000000000000000000e+00,0.000000000000000000e+00,0.000000000000000000e+00,0.000000000000000000e+00,0.000000000000000000e+00,4.566210045662100203e-03,4.566210045662100203e-03,0.000000000000000000e+00,4.566210045662100203e-03,2.283105022831050102e-02,8.219178082191780366e-02,5.616438356164383805e-01,1.552511415525114069e-01
1.963927855711422865e-01,3.406813627254508953e-02,2.004008016032064049e-02,2.004008016032063962e-03,0.000000000000000000e+00,0.000000000000000000e+00,2.004008016032063962e-03,0.000000000000000000e+00,2.004008016032063962e-03,0.000000000000000000e+00,2.004008016032063962e-03,2.004008016032063962e-03,0.000000000000000000e+00,0.000000000000000000e+00,2.004008016032063962e-03,2.004008016032063962e-03,2.004008016032063962e-03,6.012024048096192320e-03,2.605210420841683194e-02,7.815631262525049583e-02,6.232464929859719005e-01
