3.333333333333333148e-01,0.000000000000000000e+00,3.333333333333333148e-01,3.333333333333333148e-01,0.000000000000000000e+00,0.000000000000000000e+00,0.000000000000000000e+00,0.000000000000000000e+00,0.000000000000000000e+00,0.000000000000000000e+00,0.000000000000000000e+00,0.000000000000000000e+00,0.000000000000000000e+00,0.000000000000000000e+00,0.000000000000000000e+00,0.000000000000000000e+00,0.000000000000000000e+00,0.000000000000000000e+00,0.000000000000000000e+00,0.000000000000000000e+00,0.000000000000000000e+00,0.000000000000000000e+00
0.000000000000000000e+00,0.000000000000000000e+00,1.000000000000000000e+00,0.000000000000000000e+00,0.000000000000000000e+00,0.000000000000000000e+00,0.000000000000000000e+00,0.000000000000000000e+00,0.000000000000000000e+00,0.000000000000000000e+00,0.000000000000000000e+00,0.000000000000000000e+00,0.000000000000000000e+00,0.000000000000000000e+00,0.000000000000000000e+00,0.000000000000000000e+00,0.000000000000000000e+00,0.000000000000000000e+00,0.000000000000000000e+00,0.000000000000000000e+00,0.000000000000000000e+00,0.000000000000000000e+00
0.000000000000000000e+00,9.090909090909091161e-02,8.636363636363636465e-01,0.000000000000000000e+00,0.000000000000000000e+00,0.000000000000000000e+00,0.000000000000000000e+00,0.000000000000000000e+00,0.000000000000000000e+00,0.000000000000000000e+00,0.000000000000000000e+00,0.000000000000000000e+00,0.000000000000000000e+00,0.000000000000000000e+00,0.000000000000000000e+00,0.000000000000000000e+00,0.000000000000000000e+00,0.000000000000000000e+00,0.000000000000000000e+00,0.000000000000000000e+00,0.000000000000000000e+00,4.545454545454545581e-02
5.882352941176470507e-02,0.000000000000000000e+00,0.000000000000000000e+00,8.235294117647058432e-01,5.882352941176470507e-02,0.000000000000000000e+00,0.000000000000000000e+00,5.882352941176470507e-02,0.000000000000000000e+00,0.000000000000000000e+00,0.000000000000000000e+00,0.000000000000000000e+00,0.000000000000000000e+00,0.000000000000000000e+00,0.000000000000000000e+00,0.000000000000000000e+00,0.000000000000000000e+00,0.000000000000000000e+00,0.000000000000000000e+00,0.000000000000000000e+00,0.000000000000000000e+00,0.000000000000000000e+00
0.000000000000000000e+00,0.000000000000000000e+00,0.000000000000000000e+00,4.166666666666666435e-02,5.833333333333333703e-01,2.500000000000000000e-01,0.000000000000000000e+00,8.333333333333332871e-02,4.166666666666666435e-02,0.000000000000000000e+00,0.000000000000000000e+00,0.000000000000000000e+00,0.000000000000000000e+00,0.000000000000000000e+00,0.000000000000000000e+00,0.000000000000000000e+00,0.000000000000000000e+00,0.000000000000000000e+00,0.000000000000000000e+00,0.000000000000000000e+00,0.000000000000000000e+00,0.000000000000000000e+00
0.000000000000000000e+00,0.000000000000000000e+00,0.000000000000000000e+00,0.000000000000000000e+00,5.660377358490566169e-02,6.037735849056603543e-01,2.075471698113207641e-01,3.773584905660377214e-02,3.773584905660377214e-02,0.000000000000000000e+00,1.886792452830188607e-02,0.000000000000000000e+00,1.886792452830188607e-02,0.000000000000000000e+00,0.000000000000000000e+00,0.000000000000000000e+00,0.000000000000000000e+00,0.000000000000000000e+00,0.000000000000000000e+00,0.000000000000000000e+00,1.886792452830188607e-02,0.000000000000000000e+00
0.000000000000000000e+00,0.000000000000000000e+00,0.000000000000000000e+00,0.000000000000000000e+00,0.000000000000000000e+00,4.464285714285714385e-02,6.250000000000000000e-01,1.517857142857142738e-01,1.250000000000000000e-01,2.678571428571428423e-02,1.785714285714285615e-02,0.000000000000000000e+00,0.000000000000000000e+00,0.000000000000000000e+00,0.000000000000000000e+00,0.000000000000000000e+00,0.000000000000000000e+00,0.000000000000000000e+00,0.000000000000000000e+00,8.928571428571428076e-03,0.000000000000000000e+00,0.000000000000000000e+00
0.000000000000000000e+00,0.000000000000000000e+00,0.000000000000000000e+00,4.672897196261681894e-03,9.345794392523363789e-03,9.345794392523363789e-03,4.672897196261682068e-02,6.121495327102803863e-01,2.102803738317756965e-01,5.140186915887850344e-02,4.205607476635513792e-02,0.000000000000000000e+00,9.345794392523363789e-03,4.672897196261681894e-03,0.000000000000000000e+00,0.000000000000000000e+00,0.000000000000000000e+00,0.000000000000000000e+00,0.000000000000000000e+00,0.000000000000000000e+00,0.000000000000000000e+00,0.000000000000000000e+00
0.000000000000000000e+00,0.000000000000000000e+00,0.000000000000000000e+00,0.000000000000000000e+00,0.000000000000000000e+00,7.246376811594202987e-03,1.449275362318840597e-02,7.065217391304347283e-02,7.210144927536231707e-01,1.485507246376811530e-01,2.717391304347826012e-02,7.246376811594202987e-03,1.811594202898550747e-03,1.811594202898550747e-03,0.000000000000000000e+00,0.000000000000000000e+00,0.000000000000000000e+00,0.000000000000000000e+00,0.000000000000000000e+00,0.000000000000000000e+00,0.000000000000000000e+00,0.000000000000000000e+00
0.000000000000000000e+00,0.000000000000000000e+00,0.000000000000000000e+00,0.000000000000000000e+00,1.270648030495552788e-03,2.541296060991105575e-03,3.811944091486658363e-03,1.143583227445997379e-02,7.878017789072426502e-02,7.179161372299872612e-01,1.410419313850063416e-01,2.033036848792884460e-02,7.623888182973316725e-03,3.811944091486658363e-03,2.541296060991105575e-03,1.270648030495552788e-03,0.000000000000000000e+00,0.000000000000000000e+00,1.270648030495552788e-03,0.000000000000000000e+00,1.270648030495552788e-03,5.082592121982211150e-03
0.000000000000000000e+00,0.000000000000000000e+00,0.000000000000000000e+00,0.000000000000000000e+00,0.000000000000000000e+00,0.000000000000000000e+00,5.174644243208279849e-03,6.468305304010349595e-03,1.940491591203104618e-02,9.443725743855109489e-02,7.412677878395860231e-01,8.020698576972833116e-02,2.069857697283311940e-02,1.423027166882276894e-02,5.174644243208279849e-03,9.055627425614488218e-03,0.000000000000000000e+00,0.000000000000000000e+00,0.000000000000000000e+00,1.293661060802069962e-03,1.293661060802069962e-03,1.293661060802069962e-03
0.000000000000000000e+00,0.000000000000000000e+00,0.000000000000000000e+00,0.000000000000000000e+00,3.012048192771084494e-03,3.012048192771084494e-03,0.000000000000000000e+00,9.036144578313252615e-03,6.024096385542168988e-03,3.915662650602409756e-02,1.084337349397590383e-01,6.475903614457830804e-01,9.337349397590360978e-02,2.108433734939758886e-02,2.108433734939758886e-02,2.108433734939758886e-02,3.012048192771084494e-03,9.036144578313252615e-03,0.000000000000000000e+00,0.000000000000000000e+00,0.000000000000000000e+00,1.506024096385542160e-02
0.000000000000000000e+00,0.000000000000000000e+00,0.000000000000000000e+00,0.000000000000000000e+00,0.000000000000000000e+00,6.250000000000000347e-03,0.000000000000000000e+00,6.250000000000000347e-03,2.500000000000000139e-02,3.749999999999999861e-02,8.749999999999999445e-02,1.625000000000000056e-01,4.062500000000000000e-01,1.437499999999999889e-01,1.874999999999999931e-02,6.250000000000000347e-03,1.874999999999999931e-02,2.500000000000000139e-02,0.000000000000000000e+00,1.874999999999999931e-02,0.000000000000000000e+00,3.749999999999999861e-02
0.000000000000000000e+00,0.000000000000000000e+00,0.000000000000000000e+00,0.000000000000000000e+00,0.000000000000000000e+00,0.000000000000000000e+00,0.000000000000000000e+00,0.000000000000000000e+00,2.970297029702970160e-02,4.950495049504950729e-02,1.089108910891089105e-01,7.920792079207920888e-02,1.782178217821782096e-01,4.158415841584158223e-01,6.930693069306931298e-02,0.000000000000000000e+00,1.980198019801980222e-02,2.970297029702970160e-02,0.000000000000000000e+00,9.900990099009901110e-03,0.000000000000000000e+00,9.900990099009901110e-03
0.000000000000000000e+00,0.000000000000000000e+00,0.000000000000000000e+00,0.000000000000000000e+00,0.000000000000000000e+00,0.000000000000000000e+00,0.000000000000000000e+00,0.000000000000000000e+00,2.127659574468085055e-02,6.382978723404254817e-02,6.382978723404254817e-02,2.127659574468085055e-02,8.510638297872340219e-02,1.063829787234042562e-01,3.404255319148936088e-01,1.702127659574468044e-01,4.255319148936170109e-02,6.382978723404254817e-02,0.000000000000000000e+00,2.127659574468085055e-02,0.000000000000000000e+00,0.000000000000000000e+00
0.000000000000000000e+00,0.000000000000000000e+00,0.000000000000000000e+00,0.000000000000000000e+00,0.000000000000000000e+00,0.000000000000000000e+00,0.000000000000000000e+00,0.000000000000000000e+00,3.846153846153846367e-02,1.923076923076923184e-02,7.692307692307692735e-02,7.692307692307692735e-02,5.769230769230769551e-02,3.846153846153846367e-02,5.769230769230769551e-02,4.615384615384615641e-01,7.692307692307692735e-02,1.923076923076923184e-02,0.000000000000000000e+00,0.000000000000000000e+00,3.846153846153846367e-02,3.846153846153846367e-02
0.000000000000000000e+00,0.000000000000000000e+00,0.000000000000000000e+00,0.000000000000000000e+00,0.000000000000000000e+00,0.000000000000000000e+00,0.000000000000000000e+00,0.000000000000000000e+00,0.000000000000000000e+00,3.448275862068965469e-02,3.448275862068965469e-02,3.448275862068965469e-02,6.896551724137930939e-02,6.896551724137930939e-02,3.448275862068965469e-02,1.724137931034482873e-01,3.793103448275861878e-01,6.896551724137930939e-02,0.000000000000000000e+00,0.000000000000000000e+00,0.000000000000000000e+00,1.034482758620689641e-01
0.000000000000000000e+00,0.000000000000000000e+00,0.000000000000000000e+00,0.000000000000000000e+00,0.000000000000000000e+00,0.000000000000000000e+00,4.761904761904761640e-02,4.761904761904761640e-02,0.000000000000000000e+00,0.000000000000000000e+00,0.000000000000000000e+00,4.761904761904761640e-02,4.761904761904761640e-02,4.761904761904761640e-02,1.428571428571428492e-01,0.000000000000000000e+00,1.428571428571428492e-01,4.761904761904761640e-02,1.428571428571428492e-01,0.000000000000000000e+00,4.761904761904761640e-02,2.380952380952380820e-01
0.000000000000000000e+00,0.000000000000000000e+00,0.000000000000000000e+00,0.000000000000000000e+00,0.000000000000000000e+00,0.000000000000000000e+00,0.000000000000000000e+00,0.000000000000000000e+00,5.263157894736841813e-02,0.000000000000000000e+00,0.000000000000000000e+00,0.000000000000000000e+00,0.000000000000000000e+00,5.263157894736841813e-02,5.263157894736841813e-02,0.000000000000000000e+00,5.263157894736841813e-02,5.263157894736841813e-02,4.210526315789473450e-01,5.263157894736841813e-02,0.000000000000000000e+00,2.631578947368420907e-01
0.000000000000000000e+00,0.000000000000000000e+00,0.000000000000000000e+00,0.000000000000000000e+00,0.000000000000000000e+00,9.090909090909091161e-02,0.000000000000000000e+00,0.000000000000000000e+00,0.000000000000000000e+00,0.000000000000000000e+00,9.090909090909091161e-02,0.000000000000000000e+00,1.818181818181818232e-01,9.090909090909091161e-02,0.000000000000000000e+00,0.000000000000000000e+00,1.818181818181818232e-01,0.000000000000000000e+00,0.000000000000000000e+00,0.000000000000000000e+00,0.000000000000000000e+00,3.636363636363636465e-01
0.000000000000000000e+00,0.000000000000000000e+00,0.000000000000000000e+00,0.000000000000000000e+00,0.000000000000000000e+00,0.000000000000000000e+00,0.000000000000000000e+00,0.000000000000000000e+00,0.000000000000000000e+00,1.000000000000000056e-01,2.000000000000000111e-01,0.000000000000000000e+00,1.000000000000000056e-01,0.000000000000000000e+00,0.000000000000000000e+00,0.000000000000000000e+00,0.000000000000000000e+00,0.000000000000000000e+00,0.000000000000000000e+00,0.000000000000000000e+00,2.000000000000000111e-01,4.000000000000000222e-01
8.771929824561403022e-03,0.000000000000000000e+00,0.000000000000000000e+00,0.000000000000000000e+00,0.000000000000000000e+00,0.000000000000000000e+00,0.000000000000000000e+00,0.000000000000000000e+00,0.000000000000000000e+00,3.508771929824561209e-02,8.771929824561403022e-03,1.754385964912280604e-02,7.894736842105262720e-02,2.631578947368420907e-02,3.508771929824561209e-02,0.000000000000000000e+00,8.771929824561403022e-03,2.631578947368420907e-02,4.385964912280701511e-02,2.631578947368420907e-02,2.631578947368420907e-02,6.578947368421053099e-01
