7.818965517241379670e-01,1.043103448275862072e-01,1.034482758620689641e-02,6.034482758620689571e-03,1.724137931034482735e-03,1.724137931034482735e-03,0.000000000000000000e+00,0.000000000000000000e+00,0.000000000000000000e+00,0.000000000000000000e+00,2.586206896551724102e-03,0.000000000000000000e+00,0.000000000000000000e+00,0.000000000000000000e+00,0.000000000000000000e+00,8.620689655172413673e-04,0.000000000000000000e+00,1.724137931034482735e-03,4.310344827586206837e-03,1.465517241379310324e-02,6.982758620689655249e-02
1.305637982195845814e-01,7.433234421364984801e-01,7.270029673590504282e-02,1.928783382789317491e-02,2.967359050445103966e-03,4.451038575667655948e-03,2.967359050445103966e-03,0.000000000000000000e+00,0.000000000000000000e+00,0.000000000000000000e+00,5.934718100890207931e-03,0.000000000000000000e+00,0.000000000000000000e+00,0.000000000000000000e+00,0.000000000000000000e+00,0.000000000000000000e+00,0.000000000000000000e+00,0.000000000000000000e+00,1.483679525222551983e-03,4.451038575667655948e-03,1.186943620178041586e-02
7.177033492822966487e-02,1.531100478468899462e-01,6.459330143540670255e-01,5.263157894736841813e-02,2.870813397129186664e-02,4.784688995215310818e-03,0.000000000000000000e+00,0.000000000000000000e+00,0.000000000000000000e+00,0.000000000000000000e+00,9.569377990430621636e-03,0.000000000000000000e+00,0.000000000000000000e+00,0.000000000000000000e+00,0.000000000000000000e+00,0.000000000000000000e+00,0.000000000000000000e+00,4.784688995215310818e-03,4.784688995215310818e-03,4.784688995215310818e-03,1.913875598086124327e-02
7.692307692307692735e-02,1.538461538461538547e-01,1.076923076923076983e-01,3.538461538461538658e-01,4.615384615384615641e-02,1.076923076923076983e-01,1.538461538461538547e-02,1.538461538461538547e-02,0.000000000000000000e+00,0.000000000000000000e+00,4.615384615384615641e-02,0.000000000000000000e+00,0.000000000000000000e+00,0.000000000000000000e+00,0.000000000000000000e+00,0.000000000000000000e+00,0.000000000000000000e+00,0.000000000000000000e+00,0.000000000000000000e+00,4.615384615384615641e-02,3.076923076923077094e-02
4.347826086956521618e-02,4.347826086956521618e-02,3.043478260869565410e-01,2.173913043478260809e-01,1.304347826086956486e-01,0.000000000000000000e+00,0.000000000000000000e+00,1.304347826086956486e-01,0.000000000000000000e+00,0.000000000000000000e+00,0.000000000000000000e+00,0.000000000000000000e+00,0.000000000000000000e+00,0.000000000000000000e+00,0.000000000000000000e+00,0.000000000000000000e+00,0.000000000000000000e+00,0.000000000000000000e+00,0.000000000000000000e+00,0.000000000000000000e+00,1.304347826086956486e-01
1.111111111111111049e-01,0.000000000000000000e+00,2.222222222222222099e-01,2.222222222222222099e-01,1.111111111111111049e-01,1.666666666666666574e-01,0.000000000000000000e+00,5.555555555555555247e-02,5.555555555555555247e-02,0.000000000000000000e+00,0.000000000000000000e+00,0.000000000000000000e+00,0.000000000000000000e+00,0.000000000000000000e+00,0.000000000000000000e+00,0.000000000000000000e+00,0.000000000000000000e+00,0.000000000000000000e+00,0.000000000000000000e+00,5.555555555555555247e-02,0.000000000000000000e+00
0.000000000000000000e+00,4.000000000000000222e-01,2.000000000000000111e-01,0.000000000000000000e+00,0.000000000000000000e+00,2.000000000000000111e-01,0.000000000000000000e+00,0.000000000000000000e+00,0.000000000000000000e+00,0.000000000000000000e+00,2.000000000000000111e-01,0.000000000000000000e+00,0.000000000000000000e+00,0.000000000000000000e+00,0.000000000000000000e+00,0.000000000000000000e+00,0.000000000000000000e+00,0.000000000000000000e+00,0.000000000000000000e+00,0.000000000000000000e+00,0.000000000000000000e+00
9.090909090909091161e-02,0.000000000000000000e+00,1.818181818181818232e-01,0.000000000000000000e+00,9.090909090909091161e-02,0.000000000000000000e+00,0.000000000000000000e+00,2.727272727272727071e-01,2.727272727272727071e-01,0.000000000000000000e+00,9.090909090909091161e-02,0.000000000000000000e+00,0.000000000000000000e+00,0.000000000000000000e+00,0.000000000000000000e+00,0.000000000000000000e+00,0.000000000000000000e+00,0.000000000000000000e+00,0.000000000000000000e+00,0.000000000000000000e+00,0.000000000000000000e+00
2.000000000000000111e-01,0.000000000000000000e+00,0.000000000000000000e+00,2.000000000000000111e-01,0.000000000000000000e+00,0.000000000000000000e+00,2.000000000000000111e-01,2.000000000000000111e-01,2.000000000000000111e-01,0.000000000000000000e+00,0.000000000000000000e+00,0.000000000000000000e+00,0.000000000000000000e+00,0.000000000000000000e+00,0.000000000000000000e+00,0.000000000000000000e+00,0.000000000000000000e+00,0.000000000000000000e+00,0.000000000000000000e+00,0.000000000000000000e+00,0.000000000000000000e+00
0.000000000000000000e+00,0.000000000000000000e+00,0.000000000000000000e+00,4.000000000000000222e-01,0.000000000000000000e+00,0.000000000000000000e+00,0.000000000000000000e+00,0.000000000000000000e+00,0.000000000000000000e+00,5.999999999999999778e-01,0.000000000000000000e+00,0.000000000000000000e+00,0.000000000000000000e+00,0.000000000000000000e+00,0.000000000000000000e+00,0.000000000000000000e+00,0.000000000000000000e+00,0.000000000000000000e+00,0.000000000000000000e+00,0.000000000000000000e+00,0.000000000000000000e+00
3.030303030303030387e-02,0.000000000000000000e+00,3.030303030303030387e-02,3.030303030303030387e-02,1.515151515151515194e-02,1.515151515151515194e-02,1.515151515151515194e-02,1.515151515151515194e-02,1.515151515151515194e-02,1.515151515151515194e-02,8.030303030303029832e-01,0.000000000000000000e+00,0.000000000000000000e+00,0.000000000000000000e+00,0.000000000000000000e+00,0.000000000000000000e+00,0.000000000000000000e+00,0.000000000000000000e+00,0.000000000000000000e+00,0.000000000000000000e+00,1.515151515151515194e-02
0.000000000000000000e+00,0.000000000000000000e+00,0.000000000000000000e+00,0.000000000000000000e+00,0.000000000000000000e+00,0.000000000000000000e+00,0.000000000000000000e+00,0.000000000000000000e+00,0.000000000000000000e+00,0.000000000000000000e+00,0.000000000000000000e+00,0.000000000000000000e+00,0.000000000000000000e+00,0.000000000000000000e+00,0.000000000000000000e+00,0.000000000000000000e+00,2.500000000000000000e-01,5.000000000000000000e-01,2.500000000000000000e-01,0.000000000000000000e+00,0.000000000000000000e+00
0.000000000000000000e+00,0.000000000000000000e+00,0.000000000000000000e+00,0.000000000000000000e+00,0.000000000000000000e+00,0.000000000000000000e+00,0.000000000000000000e+00,0.000000000000000000e+00,0.000000000000000000e+00,0.000000000000000000e+00,0.000000000000000000e+00,0.000000000000000000e+00,1.000000000000000000e+00,0.000000000000000000e+00,0.000000000000000000e+00,0.000000000000000000e+00,0.000000000000000000e+00,0.000000000000000000e+00,0.000000000000000000e+00,0.000000000000000000e+00,0.000000000000000000e+00
0.000000000000000000e+00,0.000000000000000000e+00,0.000000000000000000e+00,0.000000000000000000e+00,0.000000000000000000e+00,0.000000000000000000e+00,0.000000000000000000e+00,0.000000000000000000e+00,0.000000000000000000e+00,0.000000000000000000e+00,0.000000000000000000e+00,0.000000000000000000e+00,0.000000000000000000e+00,0.000000000000000000e+00,0.000000000000000000e+00,5.000000000000000000e-01,0.000000000000000000e+00,0.000000000000000000e+00,0.000000000000000000e+00,5.000000000000000000e-01,0.000000000000000000e+00
0.000000000000000000e+00,0.000000000000000000e+00,0.000000000000000000e+00,0.000000000000000000e+00,0.000000000000000000e+00,0.000000000000000000e+00,0.000000000000000000e+00,0.000000000000000000e+00,0.000000000000000000e+00,0.000000000000000000e+00,0.000000000000000000e+00,0.000000000000000000e+00,0.000000000000000000e+00,7.692307692307692735e-02,8.461538461538461453e-01,0.000000000000000000e+00,0.000000000000000000e+00,7.692307692307692735e-02,0.000000000000000000e+00,0.000000000000000000e+00,0.000000000000000000e+00
0.000000000000000000e+00,0.000000000000000000e+00,0.000000000000000000e+00,0.000000000000000000e+00,0.000000000000000000e+00,0.000000000000000000e+00,0.000000000000000000e+00,0.000000000000000000e+00,0.000000000000000000e+00,0.000000000000000000e+00,0.000000000000000000e+00,0.000000000000000000e+00,0.000000000000000000e+00,0.000000000000000000e+00,2.000000000000000111e-01,0.000000000000000000e+00,0.000000000000000000e+00,4.000000000000000222e-01,2.000000000000000111e-01,0.000000000000000000e+00,2.000000000000000111e-01
0.000000000000000000e+00,0.000000000000000000e+00,0.000000000000000000e+00,0.000000000000000000e+00,0.000000000000000000e+00,0.000000000000000000e+00,0.000000000000000000e+00,0.000000000000000000e+00,0.000000000000000000e+00,0.000000000000000000e+00,6.250000000000000000e-02,0.000000000000000000e+00,0.000000000000000000e+00,0.000000000000000000e+00,0.000000000000000000e+00,0.000000000000000000e+00,6.875000000000000000e-01,2.500000000000000000e-01,0.000000000000000000e+00,0.000000000000000000e+00,0.000000000000000000e+00
0.000000000000000000e+00,1.162790697674418589e-02,0.000000000000000000e+00,0.000000000000000000e+00,0.000000000000000000e+00,0.000000000000000000e+00,0.000000000000000000e+00,0.000000000000000000e+00,0.000000000000000000e+00,0.000000000000000000e+00,0.000000000000000000e+00,0.000000000000000000e+00,0.000000000000000000e+00,0.000000000000000000e+00,0.000000000000000000e+00,0.000000000000000000e+00,3.488372093023255766e-02,6.279069767441860517e-01,1.511627906976744096e-01,1.162790697674418589e-01,5.813953488372092943e-02
3.870967741935484041e-02,0.000000000000000000e+00,1.290322580645161289e-02,0.000000000000000000e+00,0.000000000000000000e+00,0.000000000000000000e+00,6.451612903225806446e-03,0.000000000000000000e+00,0.000000000000000000e+00,0.000000000000000000e+00,6.451612903225806446e-03,0.000000000000000000e+00,0.000000000000000000e+00,0.000000000000000000e+00,0.000000000000000000e+00,0.000000000000000000e+00,0.000000000000000000e+00,7.096774193548387177e-02,6.387096774193548043e-01,1.548387096774193616e-01,7.096774193548387177e-02
6.116207951070336268e-02,6.116207951070336442e-03,3.058103975535168221e-03,3.058103975535168221e-03,0.000000000000000000e+00,0.000000000000000000e+00,0.000000000000000000e+00,0.000000000000000000e+00,0.000000000000000000e+00,0.000000000000000000e+00,0.000000000000000000e+00,3.058103975535168221e-03,0.000000000000000000e+00,0.000000000000000000e+00,0.000000000000000000e+00,3.058103975535168221e-03,0.000000000000000000e+00,6.116207951070336442e-03,4.587155963302752548e-02,6.850152905198776399e-01,1.834862385321101019e-01
2.003367003367003407e-01,2.525252525252525207e-02,0.000000000000000000e+00,1.683501683501683428e-03,1.683501683501683428e-03,0.000000000000000000e+00,0.000000000000000000e+00,1.683501683501683428e-03,0.000000000000000000e+00,1.683501683501683428e-03,0.000000000000000000e+00,0.000000000000000000e+00,0.000000000000000000e+00,0.000000000000000000e+00,0.000000000000000000e+00,0.000000000000000000e+00,0.000000000000000000e+00,6.734006734006733712e-03,1.851851851851851749e-02,5.723905723905724219e-02,6.851851851851852304e-01
