7.346938775510204467e-01,6.122448979591836593e-02,0.000000000000000000e+00,0.000000000000000000e+00,2.040816326530612082e-02,2.040816326530612082e-02,4.081632653061224164e-02,0.000000000000000000e+00,0.000000000000000000e+00,4.081632653061224164e-02,2.040816326530612082e-02,2.040816326530612082e-02,2.040816326530612082e-02,2.040816326530612082e-02,0.000000000000000000e+00,0.000000000000000000e+00,0.000000000000000000e+00,0.000000000000000000e+00,0.000000000000000000e+00,0.000000000000000000e+00,0.000000000000000000e+00,0.000000000000000000e+00
1.304347826086956486e-01,6.956521739130434590e-01,4.347826086956521618e-02,4.347826086956521618e-02,0.000000000000000000e+00,0.000000000000000000e+00,4.347826086956521618e-02,0.000000000000000000e+00,0.000000000000000000e+00,0.000000000000000000e+00,0.000000000000000000e+00,0.000000000000000000e+00,0.000000000000000000e+00,0.000000000000000000e+00,4.347826086956521618e-02,0.000000000000000000e+00,0.000000000000000000e+00,0.000000000000000000e+00,0.000000000000000000e+00,0.000000000000000000e+00,0.000000000000000000e+00,0.000000000000000000e+00
0.000000000000000000e+00,1.666666666666666574e-01,0.000000000000000000e+00,1.666666666666666574e-01,0.000000000000000000e+00,1.666666666666666574e-01,1.666666666666666574e-01,0.000000000000000000e+00,0.000000000000000000e+00,1.666666666666666574e-01,0.000000000000000000e+00,0.000000000000000000e+00,0.000000000000000000e+00,0.000000000000000000e+00,1.666666666666666574e-01,0.000000000000000000e+00,0.000000000000000000e+00,0.000000000000000000e+00,0.000000000000000000e+00,0.000000000000000000e+00,0.000000000000000000e+00,0.000000000000000000e+00
6.779661016949152519e-02,1.694915254237288130e-02,1.694915254237288130e-02,7.118644067796610075e-01,5.084745762711864736e-02,0.000000000000000000e+00,0.000000000000000000e+00,0.000000000000000000e+00,1.694915254237288130e-02,3.389830508474576259e-02,0.000000000000000000e+00,3.389830508474576259e-02,1.694915254237288130e-02,3.389830508474576259e-02,0.000000000000000000e+00,0.000000000000000000e+00,0.000000000000000000e+00,0.000000000000000000e+00,0.000000000000000000e+00,0.000000000000000000e+00,0.000000000000000000e+00,0.000000000000000000e+00
2.500000000000000139e-02,2.500000000000000139e-02,0.000000000000000000e+00,7.499999999999999722e-02,5.250000000000000222e-01,2.500000000000000139e-02,5.000000000000000278e-02,2.500000000000000139e-02,2.500000000000000139e-02,5.000000000000000278e-02,1.499999999999999944e-01,0.000000000000000000e+00,2.500000000000000139e-02,0.000000000000000000e+00,0.000000000000000000e+00,0.000000000000000000e+00,0.000000000000000000e+00,0.000000000000000000e+00,0.000000000000000000e+00,0.000000000000000000e+00,0.000000000000000000e+00,0.000000000000000000e+00
0.000000000000000000e+00,2.272727272727272790e-02,2.272727272727272790e-02,0.000000000000000000e+00,2.272727272727272790e-02,5.909090909090909394e-01,9.090909090909091161e-02,2.272727272727272790e-02,9.090909090909091161e-02,0.000000000000000000e+00,2.272727272727272790e-02,4.545454545454545581e-02,4.545454545454545581e-02,0.000000000000000000e+00,0.000000000000000000e+00,0.000000000000000000e+00,2.272727272727272790e-02,0.000000000000000000e+00,0.000000000000000000e+00,0.000000000000000000e+00,0.000000000000000000e+00,0.000000000000000000e+00
0.000000000000000000e+00,0.000000000000000000e+00,1.562500000000000000e-02,3.125000000000000000e-02,4.687500000000000000e-02,7.812500000000000000e-02,5.625000000000000000e-01,1.406250000000000000e-01,1.562500000000000000e-02,3.125000000000000000e-02,3.125000000000000000e-02,3.125000000000000000e-02,0.000000000000000000e+00,1.562500000000000000e-02,0.000000000000000000e+00,0.000000000000000000e+00,0.000000000000000000e+00,0.000000000000000000e+00,0.000000000000000000e+00,0.000000000000000000e+00,0.000000000000000000e+00,0.000000000000000000e+00
0.000000000000000000e+00,0.000000000000000000e+00,0.000000000000000000e+00,8.064516129032257841e-03,0.000000000000000000e+00,8.064516129032257841e-03,4.838709677419354704e-02,7.177419354838709964e-01,9.677419354838709409e-02,5.645161290322580488e-02,4.032258064516128920e-02,8.064516129032257841e-03,0.000000000000000000e+00,0.000000000000000000e+00,0.000000000000000000e+00,8.064516129032257841e-03,0.000000000000000000e+00,0.000000000000000000e+00,0.000000000000000000e+00,0.000000000000000000e+00,8.064516129032257841e-03,0.000000000000000000e+00
6.493506493506493935e-03,0.000000000000000000e+00,0.000000000000000000e+00,1.298701298701298787e-02,6.493506493506493935e-03,1.948051948051948007e-02,1.948051948051948007e-02,1.038961038961039030e-01,6.428571428571429047e-01,1.558441558441558406e-01,1.298701298701298787e-02,6.493506493506493935e-03,1.298701298701298787e-02,0.000000000000000000e+00,0.000000000000000000e+00,0.000000000000000000e+00,0.000000000000000000e+00,0.000000000000000000e+00,0.000000000000000000e+00,0.000000000000000000e+00,0.000000000000000000e+00,0.000000000000000000e+00
2.044989775051124937e-03,0.000000000000000000e+00,0.000000000000000000e+00,6.134969325153374377e-03,0.000000000000000000e+00,0.000000000000000000e+00,6.134969325153374377e-03,1.022494887525562425e-02,5.112474437627811952e-02,8.139059304703476494e-01,7.566462167689161356e-02,1.431492842535787326e-02,6.134969325153374377e-03,4.089979550102249874e-03,0.000000000000000000e+00,2.044989775051124937e-03,0.000000000000000000e+00,0.000000000000000000e+00,2.044989775051124937e-03,2.044989775051124937e-03,2.044989775051124937e-03,2.044989775051124937e-03
0.000000000000000000e+00,0.000000000000000000e+00,0.000000000000000000e+00,1.406469760900140673e-03,7.032348804500702932e-03,0.000000000000000000e+00,2.812939521800281346e-03,4.219409282700421586e-03,5.625879043600562693e-03,6.329113924050633333e-02,8.171589310829817654e-01,7.313642756680731327e-02,7.032348804500702932e-03,9.845288326300985146e-03,2.812939521800281346e-03,0.000000000000000000e+00,0.000000000000000000e+00,0.000000000000000000e+00,1.406469760900140673e-03,0.000000000000000000e+00,0.000000000000000000e+00,4.219409282700421586e-03
0.000000000000000000e+00,0.000000000000000000e+00,1.919385796545105497e-03,0.000000000000000000e+00,1.919385796545105497e-03,0.000000000000000000e+00,1.919385796545105497e-03,3.838771593090210994e-03,3.838771593090210994e-03,7.677543186180421989e-03,9.980806142034548412e-02,7.428023032629558209e-01,8.637236084452974694e-02,2.111324376199616090e-02,1.919385796545105410e-02,1.919385796545105497e-03,1.919385796545105497e-03,0.000000000000000000e+00,1.919385796545105497e-03,0.000000000000000000e+00,0.000000000000000000e+00,3.838771593090210994e-03
0.000000000000000000e+00,0.000000000000000000e+00,2.544529262086514185e-03,5.089058524173028369e-03,0.000000000000000000e+00,7.633587786259541687e-03,0.000000000000000000e+00,0.000000000000000000e+00,5.089058524173028369e-03,1.272264631043256919e-02,3.053435114503816675e-02,1.272264631043256988e-01,6.844783715012722203e-01,9.160305343511450371e-02,2.035623409669211348e-02,5.089058524173028369e-03,2.544529262086514185e-03,2.544529262086514185e-03,0.000000000000000000e+00,0.000000000000000000e+00,0.000000000000000000e+00,2.544529262086514185e-03
0.000000000000000000e+00,4.405286343612335211e-03,0.000000000000000000e+00,0.000000000000000000e+00,4.405286343612335211e-03,0.000000000000000000e+00,4.405286343612335211e-03,0.000000000000000000e+00,0.000000000000000000e+00,4.405286343612335211e-03,2.202643171806167519e-02,6.607929515418502209e-02,1.585903083700440641e-01,6.211453744493392604e-01,7.929515418502203206e-02,8.810572687224670421e-03,1.321585903083700476e-02,0.000000000000000000e+00,0.000000000000000000e+00,0.000000000000000000e+00,0.000000000000000000e+00,1.321585903083700476e-02
0.000000000000000000e+00,0.000000000000000000e+00,0.000000000000000000e+00,0.000000000000000000e+00,0.000000000000000000e+00,9.174311926605505096e-03,0.000000000000000000e+00,9.174311926605505096e-03,9.174311926605505096e-03,9.174311926605505096e-03,4.587155963302752548e-02,3.669724770642202039e-02,8.256880733944954587e-02,1.467889908256880815e-01,5.321100917431192956e-01,4.587155963302752548e-02,3.669724770642202039e-02,9.174311926605505096e-03,9.174311926605505096e-03,9.174311926605505096e-03,0.000000000000000000e+00,9.174311926605505096e-03
0.000000000000000000e+00,0.000000000000000000e+00,0.000000000000000000e+00,0.000000000000000000e+00,0.000000000000000000e+00,0.000000000000000000e+00,0.000000000000000000e+00,0.000000000000000000e+00,0.000000000000000000e+00,0.000000000000000000e+00,4.347826086956521618e-02,4.347826086956521618e-02,4.347826086956521618e-02,1.304347826086956486e-01,1.739130434782608647e-01,3.043478260869565410e-01,1.304347826086956486e-01,4.347826086956521618e-02,0.000000000000000000e+00,4.347826086956521618e-02,4.347826086956521618e-02,0.000000000000000000e+00
0.000000000000000000e+00,0.000000000000000000e+00,0.000000000000000000e+00,0.000000000000000000e+00,0.000000000000000000e+00,3.125000000000000000e-02,0.000000000000000000e+00,0.000000000000000000e+00,0.000000000000000000e+00,3.125000000000000000e-02,0.000000000000000000e+00,0.000000000000000000e+00,3.125000000000000000e-02,0.000000000000000000e+00,1.250000000000000000e-01,3.125000000000000000e-02,4.062500000000000000e-01,1.250000000000000000e-01,3.125000000000000000e-02,3.125000000000000000e-02,3.125000000000000000e-02,1.250000000000000000e-01
0.000000000000000000e+00,0.000000000000000000e+00,0.000000000000000000e+00,0.000000000000000000e+00,0.000000000000000000e+00,0.000000000000000000e+00,0.000000000000000000e+00,0.000000000000000000e+00,0.000000000000000000e+00,0.000000000000000000e+00,0.000000000000000000e+00,8.695652173913043237e-02,4.347826086956521618e-02,1.304347826086956486e-01,4.347826086956521618e-02,4.347826086956521618e-02,8.695652173913043237e-02,3.478260869565217295e-01,1.739130434782608647e-01,0.000000000000000000e+00,4.347826086956521618e-02,0.000000000000000000e+00
0.000000000000000000e+00,0.000000000000000000e+00,0.000000000000000000e+00,0.000000000000000000e+00,0.000000000000000000e+00,0.000000000000000000e+00,0.000000000000000000e+00,0.000000000000000000e+00,0.000000000000000000e+00,0.000000000000000000e+00,5.882352941176470507e-02,0.000000000000000000e+00,0.000000000000000000e+00,0.000000000000000000e+00,0.000000000000000000e+00,0.000000000000000000e+00,5.882352941176470507e-02,1.176470588235294101e-01,2.352941176470588203e-01,1.176470588235294101e-01,5.882352941176470507e-02,3.529411764705882582e-01
0.000000000000000000e+00,0.000000000000000000e+00,0.000000000000000000e+00,0.000000000000000000e+00,0.000000000000000000e+00,0.000000000000000000e+00,0.000000000000000000e+00,0.000000000000000000e+00,0.000000000000000000e+00,5.263157894736841813e-02,0.000000000000000000e+00,0.000000000000000000e+00,0.000000000000000000e+00,0.000000000000000000e+00,5.263157894736841813e-02,1.052631578947368363e-01,0.000000000000000000e+00,1.052631578947368363e-01,1.052631578947368363e-01,4.736842105263157632e-01,0.000000000000000000e+00,1.052631578947368363e-01
0.000000000000000000e+00,0.000000000000000000e+00,0.000000000000000000e+00,0.000000000000000000e+00,5.555555555555555247e-02,0.000000000000000000e+00,0.000000000000000000e+00,0.000000000000000000e+00,5.555555555555555247e-02,0.000000000000000000e+00,0.000000000000000000e+00,0.000000000000000000e+00,1.111111111111111049e-01,0.000000000000000000e+00,5.555555555555555247e-02,5.555555555555555247e-02,0.000000000000000000e+00,1.111111111111111049e-01,5.555555555555555247e-02,5.555555555555555247e-02,2.777777777777777901e-01,1.666666666666666574e-01
1.785714285714285615e-02,0.000000000000000000e+00,0.000000000000000000e+00,0.000000000000000000e+00,0.000000000000000000e+00,0.000000000000000000e+00,0.000000000000000000e+00,0.000000000000000000e+00,0.000000000000000000e+00,1.785714285714285615e-02,1.785714285714285615e-02,3.571428571428571230e-02,5.357142857142856845e-02,3.571428571428571230e-02,3.571428571428571230e-02,1.785714285714285615e-02,8.928571428571428770e-02,3.571428571428571230e-02,5.357142857142856845e-02,5.357142857142856845e-02,5.357142857142856845e-02,4.821428571428571508e-01
