6.198083067092651222e-01,1.709265175718849838e-01,4.472843450479233041e-02,2.076677316293929626e-02,6.389776357827475772e-03,0.000000000000000000e+00,0.000000000000000000e+00,0.000000000000000000e+00,0.000000000000000000e+00,0.000000000000000000e+00,0.000000000000000000e+00,1.597444089456868943e-03,0.000000000000000000e+00,0.000000000000000000e+00,6.389776357827475772e-03,0.000000000000000000e+00,4.792332268370606829e-03,1.597444089456868943e-02,1.597444089456868943e-02,2.236421725239616520e-02,7.028753993610223350e-02
1.059701492537313411e-01,6.432835820895522749e-01,1.313432835820895483e-01,2.238805970149253602e-02,5.970149253731343343e-03,4.477611940298507724e-03,0.000000000000000000e+00,0.000000000000000000e+00,0.000000000000000000e+00,0.000000000000000000e+00,0.000000000000000000e+00,5.970149253731343343e-03,0.000000000000000000e+00,0.000000000000000000e+00,1.492537313432835836e-03,0.000000000000000000e+00,2.985074626865671672e-03,2.985074626865671672e-03,2.238805970149253602e-02,1.044776119402985107e-02,4.029850746268656692e-02
6.334841628959275717e-02,1.244343891402714952e-01,5.588235294117647189e-01,1.515837104072398078e-01,9.049773755656109406e-03,9.049773755656109406e-03,0.000000000000000000e+00,0.000000000000000000e+00,0.000000000000000000e+00,0.000000000000000000e+00,2.262443438914027351e-03,0.000000000000000000e+00,0.000000000000000000e+00,0.000000000000000000e+00,2.262443438914027351e-03,4.524886877828054703e-03,2.262443438914027351e-03,2.262443438914027351e-03,1.583710407239818929e-02,2.036199095022624486e-02,3.393665158371040463e-02
2.967359050445103966e-02,5.934718100890207931e-02,1.097922848664688450e-01,5.697329376854599614e-01,8.902077151335312244e-02,2.077151335311572602e-02,2.967359050445103966e-03,5.934718100890207931e-03,0.000000000000000000e+00,0.000000000000000000e+00,0.000000000000000000e+00,2.967359050445103966e-03,0.000000000000000000e+00,5.934718100890207931e-03,5.934718100890207931e-03,2.967359050445103966e-03,1.186943620178041586e-02,8.902077151335311897e-03,8.902077151335311897e-03,2.670623145400593396e-02,3.857566765578634982e-02
2.803738317757009310e-02,7.476635514018691031e-02,6.542056074766354479e-02,1.495327102803738206e-01,4.392523364485981241e-01,1.214953271028037379e-01,1.869158878504672758e-02,9.345794392523363789e-03,0.000000000000000000e+00,0.000000000000000000e+00,2.803738317757009310e-02,0.000000000000000000e+00,0.000000000000000000e+00,0.000000000000000000e+00,0.000000000000000000e+00,0.000000000000000000e+00,9.345794392523363789e-03,0.000000000000000000e+00,1.869158878504672758e-02,0.000000000000000000e+00,3.738317757009345516e-02
1.851851851851851749e-02,1.111111111111111049e-01,7.407407407407406996e-02,1.481481481481481399e-01,1.111111111111111049e-01,3.333333333333333148e-01,7.407407407407406996e-02,3.703703703703703498e-02,0.000000000000000000e+00,0.000000000000000000e+00,5.555555555555555247e-02,0.000000000000000000e+00,0.000000000000000000e+00,0.000000000000000000e+00,1.851851851851851749e-02,0.000000000000000000e+00,0.000000000000000000e+00,0.000000000000000000e+00,0.000000000000000000e+00,0.000000000000000000e+00,1.851851851851851749e-02
5.555555555555555247e-02,0.000000000000000000e+00,0.000000000000000000e+00,1.111111111111111049e-01,5.555555555555555247e-02,1.111111111111111049e-01,4.444444444444444198e-01,0.000000000000000000e+00,5.555555555555555247e-02,0.000000000000000000e+00,1.666666666666666574e-01,0.000000000000000000e+00,0.000000000000000000e+00,0.000000000000000000e+00,0.000000000000000000e+00,0.000000000000000000e+00,0.000000000000000000e+00,0.000000000000000000e+00,0.000000000000000000e+00,0.000000000000000000e+00,0.000000000000000000e+00
0.000000000000000000e+00,0.000000000000000000e+00,1.428571428571428492e-01,0.000000000000000000e+00,1.428571428571428492e-01,0.000000000000000000e+00,0.000000000000000000e+00,1.428571428571428492e-01,2.857142857142856984e-01,0.000000000000000000e+00,0.000000000000000000e+00,0.000000000000000000e+00,0.000000000000000000e+00,0.000000000000000000e+00,0.000000000000000000e+00,0.000000000000000000e+00,0.000000000000000000e+00,0.000000000000000000e+00,0.000000000000000000e+00,1.428571428571428492e-01,1.428571428571428492e-01
0.000000000000000000e+00,0.000000000000000000e+00,5.882352941176470507e-02,0.000000000000000000e+00,0.000000000000000000e+00,0.000000000000000000e+00,1.176470588235294101e-01,5.882352941176470507e-02,4.705882352941176405e-01,1.176470588235294101e-01,1.764705882352941291e-01,0.000000000000000000e+00,0.000000000000000000e+00,0.000000000000000000e+00,0.000000000000000000e+00,0.000000000000000000e+00,0.000000000000000000e+00,0.000000000000000000e+00,0.000000000000000000e+00,0.000000000000000000e+00,0.000000000000000000e+00
0.000000000000000000e+00,0.000000000000000000e+00,0.000000000000000000e+00,0.000000000000000000e+00,0.000000000000000000e+00,0.000000000000000000e+00,0.000000000000000000e+00,0.000000000000000000e+00,0.000000000000000000e+00,5.555555555555555802e-01,4.444444444444444198e-01,0.000000000000000000e+00,0.000000000000000000e+00,0.000000000000000000e+00,0.000000000000000000e+00,0.000000000000000000e+00,0.000000000000000000e+00,0.000000000000000000e+00,0.000000000000000000e+00,0.000000000000000000e+00,0.000000000000000000e+00
5.769230769230769551e-02,0.000000000000000000e+00,3.846153846153846367e-02,3.846153846153846367e-02,5.769230769230769551e-02,3.846153846153846367e-02,0.000000000000000000e+00,1.923076923076923184e-02,9.615384615384615918e-02,3.846153846153846367e-02,5.961538461538461453e-01,0.000000000000000000e+00,0.000000000000000000e+00,0.000000000000000000e+00,0.000000000000000000e+00,0.000000000000000000e+00,0.000000000000000000e+00,0.000000000000000000e+00,0.000000000000000000e+00,0.000000000000000000e+00,1.923076923076923184e-02
0.000000000000000000e+00,0.000000000000000000e+00,0.000000000000000000e+00,2.380952380952380820e-02,0.000000000000000000e+00,0.000000000000000000e+00,0.000000000000000000e+00,0.000000000000000000e+00,0.000000000000000000e+00,0.000000000000000000e+00,0.000000000000000000e+00,7.857142857142856984e-01,0.000000000000000000e+00,2.380952380952380820e-02,2.380952380952380820e-02,2.380952380952380820e-02,4.761904761904761640e-02,4.761904761904761640e-02,2.380952380952380820e-02,0.000000000000000000e+00,0.000000000000000000e+00
0.000000000000000000e+00,0.000000000000000000e+00,0.000000000000000000e+00,0.000000000000000000e+00,0.000000000000000000e+00,0.000000000000000000e+00,0.000000000000000000e+00,0.000000000000000000e+00,0.000000000000000000e+00,0.000000000000000000e+00,0.000000000000000000e+00,3.333333333333333148e-01,0.000000000000000000e+00,0.000000000000000000e+00,3.333333333333333148e-01,0.000000000000000000e+00,0.000000000000000000e+00,0.000000000000000000e+00,3.333333333333333148e-01,0.000000000000000000e+00,0.000000000000000000e+00
2.000000000000000111e-01,0.000000000000000000e+00,0.000000000000000000e+00,0.000000000000000000e+00,0.000000000000000000e+00,0.000000000000000000e+00,0.000000000000000000e+00,0.000000000000000000e+00,0.000000000000000000e+00,0.000000000000000000e+00,0.000000000000000000e+00,2.000000000000000111e-01,0.000000000000000000e+00,0.000000000000000000e+00,2.000000000000000111e-01,2.000000000000000111e-01,0.000000000000000000e+00,0.000000000000000000e+00,0.000000000000000000e+00,2.000000000000000111e-01,0.000000000000000000e+00
6.250000000000000000e-02,3.125000000000000000e-02,0.000000000000000000e+00,0.000000000000000000e+00,3.125000000000000000e-02,0.000000000000000000e+00,0.000000000000000000e+00,0.000000000000000000e+00,0.000000000000000000e+00,0.000000000000000000e+00,0.000000000000000000e+00,9.375000000000000000e-02,0.000000000000000000e+00,3.125000000000000000e-02,5.000000000000000000e-01,3.125000000000000000e-02,0.000000000000000000e+00,3.125000000000000000e-02,1.250000000000000000e-01,3.125000000000000000e-02,3.125000000000000000e-02
0.000000000000000000e+00,0.000000000000000000e+00,0.000000000000000000e+00,5.882352941176470507e-02,5.882352941176470507e-02,0.000000000000000000e+00,0.000000000000000000e+00,0.000000000000000000e+00,0.000000000000000000e+00,0.000000000000000000e+00,0.000000000000000000e+00,0.000000000000000000e+00,0.000000000000000000e+00,0.000000000000000000e+00,0.000000000000000000e+00,2.941176470588235392e-01,1.764705882352941291e-01,2.941176470588235392e-01,5.882352941176470507e-02,0.000000000000000000e+00,5.882352941176470507e-02
9.677419354838709409e-02,0.000000000000000000e+00,3.225806451612903136e-02,6.451612903225806273e-02,6.451612903225806273e-02,0.000000000000000000e+00,0.000000000000000000e+00,0.000000000000000000e+00,0.000000000000000000e+00,0.000000000000000000e+00,0.000000000000000000e+00,0.000000000000000000e+00,0.000000000000000000e+00,0.000000000000000000e+00,6.451612903225806273e-02,3.225806451612903136e-02,3.548387096774193727e-01,1.290322580645161255e-01,1.290322580645161255e-01,0.000000000000000000e+00,3.225806451612903136e-02
1.000000000000000056e-01,3.333333333333333287e-02,1.111111111111111154e-02,0.000000000000000000e+00,1.111111111111111154e-02,0.000000000000000000e+00,0.000000000000000000e+00,0.000000000000000000e+00,0.000000000000000000e+00,0.000000000000000000e+00,1.111111111111111154e-02,1.111111111111111154e-02,0.000000000000000000e+00,0.000000000000000000e+00,1.111111111111111154e-02,2.222222222222222307e-02,1.111111111111111154e-02,4.666666666666666741e-01,1.444444444444444309e-01,8.888888888888889228e-02,7.777777777777777901e-02
7.964601769911504314e-02,4.424778761061946841e-02,5.309734513274336209e-02,1.769911504424778736e-02,1.769911504424778736e-02,0.000000000000000000e+00,0.000000000000000000e+00,0.000000000000000000e+00,0.000000000000000000e+00,0.000000000000000000e+00,0.000000000000000000e+00,0.000000000000000000e+00,8.849557522123893682e-03,0.000000000000000000e+00,1.769911504424778736e-02,8.849557522123893682e-03,3.539823008849557473e-02,7.079646017699114946e-02,3.451327433628318397e-01,2.123893805309734484e-01,8.849557522123893682e-02
8.333333333333332871e-02,4.166666666666666435e-02,4.761904761904761640e-02,3.571428571428571230e-02,5.952380952380952051e-03,0.000000000000000000e+00,5.952380952380952051e-03,0.000000000000000000e+00,0.000000000000000000e+00,0.000000000000000000e+00,0.000000000000000000e+00,0.000000000000000000e+00,0.000000000000000000e+00,0.000000000000000000e+00,1.785714285714285615e-02,0.000000000000000000e+00,5.952380952380952051e-03,2.380952380952380820e-02,6.547619047619047949e-02,4.404761904761904656e-01,2.261904761904761918e-01
1.883656509695290915e-01,8.864265927977839354e-02,3.601108033240997541e-02,2.770083102493074712e-02,2.770083102493074798e-03,5.540166204986149597e-03,2.770083102493074798e-03,0.000000000000000000e+00,0.000000000000000000e+00,0.000000000000000000e+00,0.000000000000000000e+00,0.000000000000000000e+00,0.000000000000000000e+00,5.540166204986149597e-03,0.000000000000000000e+00,2.770083102493074798e-03,8.310249307479224828e-03,8.310249307479224828e-03,3.324099722991689931e-02,6.371191135734072253e-02,5.263157894736841813e-01
