8.218997361477572428e-01,7.915567282321900322e-02,1.583113456464380064e-02,5.277044854881266303e-03,2.638522427440633152e-03,1.319261213720316576e-03,0.000000000000000000e+00,0.000000000000000000e+00,0.000000000000000000e+00,0.000000000000000000e+00,2.638522427440633152e-03,1.319261213720316576e-03,0.000000000000000000e+00,0.000000000000000000e+00,0.000000000000000000e+00,3.957783641160950161e-03,1.319261213720316576e-03,0.000000000000000000e+00,3.957783641160950161e-03,2.638522427440633152e-03,5.804749340369393107e-02
8.815028901734103806e-02,7.933526011560693147e-01,6.936416184971097576e-02,4.335260115606935985e-03,2.890173410404624135e-03,2.890173410404624135e-03,1.445086705202312067e-03,1.445086705202312067e-03,1.445086705202312067e-03,0.000000000000000000e+00,1.445086705202312067e-03,1.445086705202312067e-03,0.000000000000000000e+00,0.000000000000000000e+00,0.000000000000000000e+00,2.890173410404624135e-03,0.000000000000000000e+00,5.780346820809248269e-03,2.890173410404624135e-03,5.780346820809248269e-03,1.445086705202312111e-02
3.051643192488262893e-02,1.197183098591549227e-01,6.854460093896713735e-01,1.032863849765258274e-01,1.173708920187793367e-02,7.042253521126760722e-03,2.347417840375586907e-03,0.000000000000000000e+00,0.000000000000000000e+00,0.000000000000000000e+00,9.389671361502347630e-03,0.000000000000000000e+00,0.000000000000000000e+00,2.347417840375586907e-03,0.000000000000000000e+00,4.694835680751173815e-03,2.347417840375586907e-03,4.694835680751173815e-03,4.694835680751173815e-03,4.694835680751173815e-03,7.042253521126760722e-03
2.702702702702702853e-02,7.657657657657657158e-02,1.756756756756756854e-01,5.945945945945946276e-01,8.108108108108108558e-02,1.351351351351351426e-02,0.000000000000000000e+00,0.000000000000000000e+00,0.000000000000000000e+00,4.504504504504504465e-03,4.504504504504504465e-03,0.000000000000000000e+00,0.000000000000000000e+00,0.000000000000000000e+00,0.000000000000000000e+00,0.000000000000000000e+00,4.504504504504504465e-03,4.504504504504504465e-03,0.000000000000000000e+00,4.504504504504504465e-03,9.009009009009008931e-03
1.639344262295082053e-02,8.196721311475410263e-03,9.016393442622951115e-02,1.803278688524590223e-01,5.901639344262294973e-01,1.639344262295082053e-02,3.278688524590164105e-02,8.196721311475410263e-03,8.196721311475410263e-03,0.000000000000000000e+00,1.639344262295082053e-02,1.639344262295082053e-02,0.000000000000000000e+00,0.000000000000000000e+00,0.000000000000000000e+00,0.000000000000000000e+00,0.000000000000000000e+00,0.000000000000000000e+00,1.639344262295082053e-02,0.000000000000000000e+00,0.000000000000000000e+00
0.000000000000000000e+00,2.857142857142857054e-02,8.571428571428571508e-02,1.142857142857142821e-01,2.000000000000000111e-01,4.857142857142857095e-01,2.857142857142857054e-02,5.714285714285714107e-02,0.000000000000000000e+00,0.000000000000000000e+00,0.000000000000000000e+00,0.000000000000000000e+00,0.000000000000000000e+00,0.000000000000000000e+00,0.000000000000000000e+00,0.000000000000000000e+00,0.000000000000000000e+00,0.000000000000000000e+00,0.000000000000000000e+00,0.000000000000000000e+00,0.000000000000000000e+00
0.000000000000000000e+00,0.000000000000000000e+00,4.761904761904761640e-02,4.761904761904761640e-02,1.428571428571428492e-01,4.761904761904761640e-02,4.285714285714285476e-01,1.428571428571428492e-01,9.523809523809523281e-02,0.000000000000000000e+00,4.761904761904761640e-02,0.000000000000000000e+00,0.000000000000000000e+00,0.000000000000000000e+00,0.000000000000000000e+00,0.000000000000000000e+00,0.000000000000000000e+00,0.000000000000000000e+00,0.000000000000000000e+00,0.000000000000000000e+00,0.000000000000000000e+00
0.000000000000000000e+00,7.692307692307692735e-02,1.538461538461538547e-01,7.692307692307692735e-02,0.000000000000000000e+00,1.538461538461538547e-01,1.538461538461538547e-01,2.307692307692307820e-01,7.692307692307692735e-02,0.000000000000000000e+00,7.692307692307692735e-02,0.000000000000000000e+00,0.000000000000000000e+00,0.000000000000000000e+00,0.000000000000000000e+00,0.000000000000000000e+00,0.000000000000000000e+00,0.000000000000000000e+00,0.000000000000000000e+00,0.000000000000000000e+00,0.000000000000000000e+00
7.142857142857142461e-02,0.000000000000000000e+00,0.000000000000000000e+00,0.000000000000000000e+00,1.428571428571428492e-01,0.000000000000000000e+00,1.428571428571428492e-01,0.000000000000000000e+00,4.285714285714285476e-01,1.428571428571428492e-01,7.142857142857142461e-02,0.000000000000000000e+00,0.000000000000000000e+00,0.000000000000000000e+00,0.000000000000000000e+00,0.000000000000000000e+00,0.000000000000000000e+00,0.000000000000000000e+00,0.000000000000000000e+00,0.000000000000000000e+00,0.000000000000000000e+00
0.000000000000000000e+00,0.000000000000000000e+00,0.000000000000000000e+00,5.882352941176470507e-02,5.882352941176470507e-02,0.000000000000000000e+00,0.000000000000000000e+00,0.000000000000000000e+00,1.176470588235294101e-01,6.470588235294117974e-01,1.176470588235294101e-01,0.000000000000000000e+00,0.000000000000000000e+00,0.000000000000000000e+00,0.000000000000000000e+00,0.000000000000000000e+00,0.000000000000000000e+00,0.000000000000000000e+00,0.000000000000000000e+00,0.000000000000000000e+00,0.000000000000000000e+00
2.631578947368420907e-02,0.000000000000000000e+00,2.631578947368420907e-02,0.000000000000000000e+00,2.631578947368420907e-02,2.631578947368420907e-02,2.631578947368420907e-02,5.263157894736841813e-02,7.894736842105262720e-02,5.263157894736841813e-02,6.315789473684210176e-01,2.631578947368420907e-02,0.000000000000000000e+00,0.000000000000000000e+00,0.000000000000000000e+00,0.000000000000000000e+00,0.000000000000000000e+00,0.000000000000000000e+00,2.631578947368420907e-02,0.000000000000000000e+00,0.000000000000000000e+00
6.818181818181817677e-02,0.000000000000000000e+00,0.000000000000000000e+00,2.272727272727272790e-02,2.272727272727272790e-02,0.000000000000000000e+00,0.000000000000000000e+00,0.000000000000000000e+00,0.000000000000000000e+00,0.000000000000000000e+00,0.000000000000000000e+00,7.727272727272727071e-01,2.272727272727272790e-02,2.272727272727272790e-02,0.000000000000000000e+00,0.000000000000000000e+00,2.272727272727272790e-02,0.000000000000000000e+00,4.545454545454545581e-02,0.000000000000000000e+00,0.000000000000000000e+00
0.000000000000000000e+00,0.000000000000000000e+00,0.000000000000000000e+00,0.000000000000000000e+00,0.000000000000000000e+00,0.000000000000000000e+00,0.000000000000000000e+00,0.000000000000000000e+00,0.000000000000000000e+00,0.000000000000000000e+00,0.000000000000000000e+00,3.333333333333333148e-01,3.333333333333333148e-01,3.333333333333333148e-01,0.000000000000000000e+00,0.000000000000000000e+00,0.000000000000000000e+00,0.000000000000000000e+00,0.000000000000000000e+00,0.000000000000000000e+00,0.000000000000000000e+00
0.000000000000000000e+00,0.000000000000000000e+00,0.000000000000000000e+00,0.000000000000000000e+00,0.000000000000000000e+00,0.000000000000000000e+00,0.000000000000000000e+00,0.000000000000000000e+00,0.000000000000000000e+00,0.000000000000000000e+00,0.000000000000000000e+00,5.263157894736841813e-02,5.263157894736841813e-02,7.631578947368421462e-01,2.631578947368420907e-02,0.000000000000000000e+00,0.000000000000000000e+00,7.894736842105262720e-02,2.631578947368420907e-02,0.000000000000000000e+00,0.000000000000000000e+00
0.000000000000000000e+00,3.921568627450980338e-02,0.000000000000000000e+00,0.000000000000000000e+00,0.000000000000000000e+00,0.000000000000000000e+00,0.000000000000000000e+00,0.000000000000000000e+00,0.000000000000000000e+00,0.000000000000000000e+00,0.000000000000000000e+00,0.000000000000000000e+00,0.000000000000000000e+00,5.882352941176470507e-02,8.039215686274510109e-01,3.921568627450980338e-02,0.000000000000000000e+00,1.960784313725490169e-02,1.960784313725490169e-02,1.960784313725490169e-02,0.000000000000000000e+00
9.803921568627450844e-02,0.000000000000000000e+00,3.921568627450980338e-02,0.000000000000000000e+00,0.000000000000000000e+00,0.000000000000000000e+00,0.000000000000000000e+00,0.000000000000000000e+00,0.000000000000000000e+00,0.000000000000000000e+00,0.000000000000000000e+00,0.000000000000000000e+00,3.921568627450980338e-02,0.000000000000000000e+00,7.843137254901960675e-02,7.058823529411765163e-01,3.921568627450980338e-02,0.000000000000000000e+00,0.000000000000000000e+00,0.000000000000000000e+00,0.000000000000000000e+00
1.538461538461538547e-01,0.000000000000000000e+00,0.000000000000000000e+00,0.000000000000000000e+00,0.000000000000000000e+00,0.000000000000000000e+00,0.000000000000000000e+00,0.000000000000000000e+00,0.000000000000000000e+00,0.000000000000000000e+00,0.000000000000000000e+00,0.000000000000000000e+00,0.000000000000000000e+00,0.000000000000000000e+00,0.000000000000000000e+00,2.307692307692307820e-01,3.076923076923077094e-01,1.538461538461538547e-01,1.538461538461538547e-01,0.000000000000000000e+00,0.000000000000000000e+00
1.666666666666666644e-02,5.000000000000000278e-02,3.333333333333333287e-02,0.000000000000000000e+00,0.000000000000000000e+00,0.000000000000000000e+00,0.000000000000000000e+00,0.000000000000000000e+00,0.000000000000000000e+00,0.000000000000000000e+00,0.000000000000000000e+00,0.000000000000000000e+00,1.666666666666666644e-02,3.333333333333333287e-02,0.000000000000000000e+00,0.000000000000000000e+00,5.000000000000000278e-02,6.833333333333333481e-01,6.666666666666666574e-02,1.666666666666666644e-02,3.333333333333333287e-02
9.615384615384615918e-03,1.923076923076923184e-02,9.615384615384615918e-03,9.615384615384615918e-03,0.000000000000000000e+00,0.000000000000000000e+00,9.615384615384615918e-03,9.615384615384615918e-03,0.000000000000000000e+00,0.000000000000000000e+00,0.000000000000000000e+00,1.923076923076923184e-02,0.000000000000000000e+00,0.000000000000000000e+00,9.615384615384615918e-03,0.000000000000000000e+00,0.000000000000000000e+00,6.730769230769230449e-02,6.442307692307692735e-01,1.250000000000000000e-01,6.730769230769230449e-02
1.307189542483660170e-02,6.535947712418300852e-03,1.960784313725490169e-02,0.000000000000000000e+00,0.000000000000000000e+00,0.000000000000000000e+00,0.000000000000000000e+00,0.000000000000000000e+00,0.000000000000000000e+00,0.000000000000000000e+00,0.000000000000000000e+00,0.000000000000000000e+00,0.000000000000000000e+00,0.000000000000000000e+00,1.307189542483660170e-02,0.000000000000000000e+00,0.000000000000000000e+00,1.307189542483660170e-02,1.045751633986928136e-01,7.189542483660130712e-01,1.111111111111111049e-01
1.021671826625386997e-01,1.547987616099071213e-02,6.191950464396285200e-03,9.287925696594426933e-03,0.000000000000000000e+00,0.000000000000000000e+00,0.000000000000000000e+00,0.000000000000000000e+00,0.000000000000000000e+00,0.000000000000000000e+00,3.095975232198142600e-03,0.000000000000000000e+00,0.000000000000000000e+00,0.000000000000000000e+00,3.095975232198142600e-03,6.191950464396285200e-03,0.000000000000000000e+00,0.000000000000000000e+00,9.287925696594426933e-03,6.501547987616099200e-02,7.801857585139319040e-01
