6.175298804780876560e-01,1.633466135458167268e-01,2.988047808764940361e-02,1.992031872509960125e-02,1.593625498007968100e-02,1.992031872509960125e-03,1.992031872509960125e-03,0.000000000000000000e+00,1.992031872509960125e-03,0.000000000000000000e+00,0.000000000000000000e+00,3.984063745019920250e-03,0.000000000000000000e+00,3.984063745019920250e-03,0.000000000000000000e+00,1.992031872509960125e-03,0.000000000000000000e+00,3.984063745019920250e-03,1.394422310756972087e-02,3.386454183266932039e-02,8.565737051792828016e-02
8.961593172119487749e-02,6.628733997155049629e-01,1.223328591749644340e-01,3.129445234708392448e-02,1.706970128022759770e-02,1.422475106685633069e-03,2.844950213371266138e-03,1.422475106685633069e-03,0.000000000000000000e+00,0.000000000000000000e+00,1.422475106685633069e-03,0.000000000000000000e+00,0.000000000000000000e+00,2.844950213371266138e-03,2.844950213371266138e-03,1.422475106685633069e-03,2.844950213371266138e-03,4.267425320056899424e-03,1.137980085348506455e-02,1.422475106685633026e-02,2.987197724039829250e-02
3.364485981308411311e-02,1.121495327102803724e-01,6.691588785046729271e-01,9.719626168224299034e-02,1.121495327102803655e-02,5.607476635514018273e-03,1.869158878504672975e-03,0.000000000000000000e+00,0.000000000000000000e+00,0.000000000000000000e+00,0.000000000000000000e+00,3.738317757009345949e-03,0.000000000000000000e+00,1.869158878504672975e-03,0.000000000000000000e+00,1.869158878504672975e-03,5.607476635514018273e-03,7.476635514018691898e-03,1.308411214953271104e-02,1.121495327102803655e-02,2.429906542056074759e-02
2.292263610315186176e-02,6.876790830945558874e-02,9.455587392550143799e-02,6.418338108882521986e-01,9.742120343839541508e-02,5.730659025787965440e-03,2.865329512893982720e-03,0.000000000000000000e+00,0.000000000000000000e+00,0.000000000000000000e+00,2.865329512893982720e-03,2.865329512893982720e-03,0.000000000000000000e+00,0.000000000000000000e+00,2.865329512893982720e-03,5.730659025787965440e-03,2.865329512893982720e-03,2.865329512893982720e-03,5.730659025787965440e-03,8.595988538681948593e-03,3.151862464183381035e-02
6.432748538011695549e-02,7.602339181286549286e-02,2.923976608187134341e-02,1.403508771929824483e-01,5.614035087719297934e-01,2.923976608187134341e-02,1.169590643274853736e-02,5.847953216374268681e-03,0.000000000000000000e+00,0.000000000000000000e+00,0.000000000000000000e+00,1.169590643274853736e-02,0.000000000000000000e+00,0.000000000000000000e+00,0.000000000000000000e+00,0.000000000000000000e+00,2.339181286549707472e-02,5.847953216374268681e-03,1.169590643274853736e-02,5.847953216374268681e-03,2.339181286549707472e-02
3.125000000000000000e-02,6.250000000000000000e-02,3.125000000000000000e-02,3.125000000000000000e-02,9.375000000000000000e-02,4.375000000000000000e-01,0.000000000000000000e+00,0.000000000000000000e+00,0.000000000000000000e+00,3.125000000000000000e-02,3.125000000000000000e-02,0.000000000000000000e+00,0.000000000000000000e+00,0.000000000000000000e+00,0.000000000000000000e+00,6.250000000000000000e-02,0.000000000000000000e+00,6.250000000000000000e-02,6.250000000000000000e-02,3.125000000000000000e-02,3.125000000000000000e-02
3.333333333333333148e-01,1.111111111111111049e-01,1.111111111111111049e-01,0.000000000000000000e+00,0.000000000000000000e+00,0.000000000000000000e+00,0.000000000000000000e+00,0.000000000000000000e+00,0.000000000000000000e+00,0.000000000000000000e+00,3.333333333333333148e-01,0.000000000000000000e+00,0.000000000000000000e+00,0.000000000000000000e+00,0.000000000000000000e+00,0.000000000000000000e+00,0.000000000000000000e+00,1.111111111111111049e-01,0.000000000000000000e+00,0.000000000000000000e+00,0.000000000000000000e+00
3.125000000000000000e-02,0.000000000000000000e+00,0.000000000000000000e+00,6.250000000000000000e-02,0.000000000000000000e+00,0.000000000000000000e+00,3.125000000000000000e-02,6.875000000000000000e-01,6.250000000000000000e-02,3.125000000000000000e-02,6.250000000000000000e-02,0.000000000000000000e+00,0.000000000000000000e+00,0.000000000000000000e+00,0.000000000000000000e+00,0.000000000000000000e+00,0.000000000000000000e+00,0.000000000000000000e+00,0.000000000000000000e+00,3.125000000000000000e-02,0.000000000000000000e+00
0.000000000000000000e+00,0.000000000000000000e+00,5.882352941176470507e-02,0.000000000000000000e+00,5.882352941176470507e-02,0.000000000000000000e+00,0.000000000000000000e+00,5.882352941176470507e-02,5.882352941176470784e-01,5.882352941176470507e-02,1.764705882352941291e-01,0.000000000000000000e+00,0.000000000000000000e+00,0.000000000000000000e+00,0.000000000000000000e+00,0.000000000000000000e+00,0.000000000000000000e+00,0.000000000000000000e+00,0.000000000000000000e+00,0.000000000000000000e+00,0.000000000000000000e+00
0.000000000000000000e+00,0.000000000000000000e+00,0.000000000000000000e+00,0.000000000000000000e+00,0.000000000000000000e+00,0.000000000000000000e+00,0.000000000000000000e+00,0.000000000000000000e+00,2.500000000000000000e-01,3.750000000000000000e-01,1.250000000000000000e-01,0.000000000000000000e+00,0.000000000000000000e+00,1.250000000000000000e-01,0.000000000000000000e+00,0.000000000000000000e+00,0.000000000000000000e+00,0.000000000000000000e+00,1.250000000000000000e-01,0.000000000000000000e+00,0.000000000000000000e+00
0.000000000000000000e+00,4.918032786885245811e-02,1.639344262295082053e-02,0.000000000000000000e+00,1.639344262295082053e-02,0.000000000000000000e+00,1.639344262295082053e-02,4.918032786885245811e-02,3.278688524590164105e-02,1.639344262295082053e-02,7.704918032786884918e-01,0.000000000000000000e+00,0.000000000000000000e+00,0.000000000000000000e+00,0.000000000000000000e+00,1.639344262295082053e-02,0.000000000000000000e+00,0.000000000000000000e+00,1.639344262295082053e-02,0.000000000000000000e+00,0.000000000000000000e+00
0.000000000000000000e+00,0.000000000000000000e+00,0.000000000000000000e+00,0.000000000000000000e+00,0.000000000000000000e+00,0.000000000000000000e+00,0.000000000000000000e+00,0.000000000000000000e+00,0.000000000000000000e+00,0.000000000000000000e+00,0.000000000000000000e+00,9.285714285714286031e-01,0.000000000000000000e+00,0.000000000000000000e+00,0.000000000000000000e+00,0.000000000000000000e+00,0.000000000000000000e+00,0.000000000000000000e+00,7.142857142857142461e-02,0.000000000000000000e+00,0.000000000000000000e+00
0.000000000000000000e+00,0.000000000000000000e+00,0.000000000000000000e+00,0.000000000000000000e+00,0.000000000000000000e+00,0.000000000000000000e+00,0.000000000000000000e+00,0.000000000000000000e+00,0.000000000000000000e+00,0.000000000000000000e+00,0.000000000000000000e+00,0.000000000000000000e+00,0.000000000000000000e+00,0.000000000000000000e+00,0.000000000000000000e+00,0.000000000000000000e+00,0.000000000000000000e+00,0.000000000000000000e+00,0.000000000000000000e+00,0.000000000000000000e+00,0.000000000000000000e+00
6.666666666666666297e-01,0.000000000000000000e+00,0.000000000000000000e+00,0.000000000000000000e+00,0.000000000000000000e+00,0.000000000000000000e+00,0.000000000000000000e+00,0.000000000000000000e+00,0.000000000000000000e+00,0.000000000000000000e+00,0.000000000000000000e+00,0.000000000000000000e+00,0.000000000000000000e+00,0.000000000000000000e+00,0.000000000000000000e+00,0.000000000000000000e+00,0.000000000000000000e+00,0.000000000000000000e+00,0.000000000000000000e+00,3.333333333333333148e-01,0.000000000000000000e+00
3.333333333333333148e-01,0.000000000000000000e+00,0.000000000000000000e+00,0.000000000000000000e+00,0.000000000000000000e+00,0.000000000000000000e+00,0.000000000000000000e+00,0.000000000000000000e+00,0.000000000000000000e+00,0.000000000000000000e+00,0.000000000000000000e+00,0.000000000000000000e+00,0.000000000000000000e+00,0.000000000000000000e+00,0.000000000000000000e+00,0.000000000000000000e+00,3.333333333333333148e-01,0.000000000000000000e+00,0.000000000000000000e+00,3.333333333333333148e-01,0.000000000000000000e+00
1.000000000000000056e-01,1.000000000000000056e-01,0.000000000000000000e+00,0.000000000000000000e+00,0.000000000000000000e+00,0.000000000000000000e+00,0.000000000000000000e+00,0.000000000000000000e+00,0.000000000000000000e+00,0.000000000000000000e+00,0.000000000000000000e+00,0.000000000000000000e+00,0.000000000000000000e+00,0.000000000000000000e+00,1.000000000000000056e-01,2.999999999999999889e-01,0.000000000000000000e+00,0.000000000000000000e+00,1.000000000000000056e-01,2.000000000000000111e-01,1.000000000000000056e-01
1.666666666666666574e-01,8.333333333333332871e-02,0.000000000000000000e+00,8.333333333333332871e-02,0.000000000000000000e+00,0.000000000000000000e+00,0.000000000000000000e+00,0.000000000000000000e+00,0.000000000000000000e+00,0.000000000000000000e+00,0.000000000000000000e+00,0.000000000000000000e+00,0.000000000000000000e+00,0.000000000000000000e+00,0.000000000000000000e+00,8.333333333333332871e-02,5.000000000000000000e-01,0.000000000000000000e+00,0.000000000000000000e+00,8.333333333333332871e-02,0.000000000000000000e+00
0.000000000000000000e+00,4.878048780487805047e-02,0.000000000000000000e+00,0.000000000000000000e+00,4.878048780487805047e-02,2.439024390243902524e-02,0.000000000000000000e+00,0.000000000000000000e+00,0.000000000000000000e+00,0.000000000000000000e+00,0.000000000000000000e+00,0.000000000000000000e+00,0.000000000000000000e+00,0.000000000000000000e+00,0.000000000000000000e+00,0.000000000000000000e+00,0.000000000000000000e+00,7.317073170731707155e-01,7.317073170731706877e-02,4.878048780487805047e-02,2.439024390243902524e-02
7.499999999999999722e-02,3.749999999999999861e-02,5.000000000000000278e-02,0.000000000000000000e+00,1.250000000000000069e-02,0.000000000000000000e+00,0.000000000000000000e+00,0.000000000000000000e+00,0.000000000000000000e+00,0.000000000000000000e+00,0.000000000000000000e+00,1.250000000000000069e-02,0.000000000000000000e+00,0.000000000000000000e+00,0.000000000000000000e+00,0.000000000000000000e+00,0.000000000000000000e+00,6.250000000000000000e-02,4.625000000000000222e-01,1.749999999999999889e-01,1.125000000000000028e-01
6.751054852320674537e-02,5.485232067510548842e-02,4.641350210970464352e-02,0.000000000000000000e+00,0.000000000000000000e+00,4.219409282700421586e-03,0.000000000000000000e+00,0.000000000000000000e+00,0.000000000000000000e+00,4.219409282700421586e-03,0.000000000000000000e+00,4.219409282700421586e-03,0.000000000000000000e+00,0.000000000000000000e+00,0.000000000000000000e+00,4.219409282700421586e-03,0.000000000000000000e+00,4.219409282700421586e-03,2.953586497890295370e-02,6.286919831223628519e-01,1.518987341772151944e-01
1.308900523560209417e-01,5.235602094240837667e-02,3.926701570680628250e-02,1.570680628272251231e-02,5.235602094240838014e-03,2.617801047120419007e-03,2.617801047120419007e-03,0.000000000000000000e+00,0.000000000000000000e+00,0.000000000000000000e+00,2.617801047120419007e-03,0.000000000000000000e+00,0.000000000000000000e+00,0.000000000000000000e+00,0.000000000000000000e+00,7.853403141361256154e-03,2.617801047120419007e-03,0.000000000000000000e+00,2.879581151832460648e-02,6.544502617801047084e-02,6.439790575916229942e-01
