8.867924528301887044e-01,2.830188679245283084e-02,1.886792452830188607e-02,9.433962264150943036e-03,9.433962264150943036e-03,9.433962264150943036e-03,0.000000000000000000e+00,0.000000000000000000e+00,0.000000000000000000e+00,9.433962264150943036e-03,0.000000000000000000e+00,0.000000000000000000e+00,0.000000000000000000e+00,0.000000000000000000e+00,0.000000000000000000e+00,9.433962264150943036e-03,0.000000000000000000e+00,0.000000000000000000e+00,0.000000000000000000e+00,0.000000000000000000e+00,0.000000000000000000e+00,1.886792452830188607e-02
2.142857142857142738e-01,6.428571428571429047e-01,7.142857142857142461e-02,0.000000000000000000e+00,0.000000000000000000e+00,0.000000000000000000e+00,0.000000000000000000e+00,0.000000000000000000e+00,7.142857142857142461e-02,0.000000000000000000e+00,0.000000000000000000e+00,0.000000000000000000e+00,0.000000000000000000e+00,0.000000000000000000e+00,0.000000000000000000e+00,0.000000000000000000e+00,0.000000000000000000e+00,0.000000000000000000e+00,0.000000000000000000e+00,0.000000000000000000e+00,0.000000000000000000e+00,0.000000000000000000e+00
8.000000000000000167e-02,4.000000000000000083e-02,5.999999999999999778e-01,1.600000000000000033e-01,0.000000000000000000e+00,0.000000000000000000e+00,0.000000000000000000e+00,0.000000000000000000e+00,0.000000000000000000e+00,0.000000000000000000e+00,4.000000000000000083e-02,4.000000000000000083e-02,4.000000000000000083e-02,0.000000000000000000e+00,0.000000000000000000e+00,0.000000000000000000e+00,0.000000000000000000e+00,0.000000000000000000e+00,0.000000000000000000e+00,0.000000000000000000e+00,0.000000000000000000e+00,0.000000000000000000e+00
0.000000000000000000e+00,1.333333333333333315e-01,0.000000000000000000e+00,4.000000000000000222e-01,2.000000000000000111e-01,0.000000000000000000e+00,0.000000000000000000e+00,0.000000000000000000e+00,0.000000000000000000e+00,0.000000000000000000e+00,6.666666666666666574e-02,0.000000000000000000e+00,6.666666666666666574e-02,6.666666666666666574e-02,6.666666666666666574e-02,0.000000000000000000e+00,0.000000000000000000e+00,0.000000000000000000e+00,0.000000000000000000e+00,0.000000000000000000e+00,0.000000000000000000e+00,0.000000000000000000e+00
0.000000000000000000e+00,0.000000000000000000e+00,7.692307692307692735e-02,1.923076923076923184e-02,7.307692307692307265e-01,3.846153846153846367e-02,1.923076923076923184e-02,3.846153846153846367e-02,1.923076923076923184e-02,0.000000000000000000e+00,5.769230769230769551e-02,0.000000000000000000e+00,0.000000000000000000e+00,0.000000000000000000e+00,0.000000000000000000e+00,0.000000000000000000e+00,0.000000000000000000e+00,0.000000000000000000e+00,0.000000000000000000e+00,0.000000000000000000e+00,0.000000000000000000e+00,0.000000000000000000e+00
2.702702702702702853e-02,0.000000000000000000e+00,0.000000000000000000e+00,0.000000000000000000e+00,8.108108108108108558e-02,5.675675675675675436e-01,1.351351351351351426e-01,8.108108108108108558e-02,2.702702702702702853e-02,0.000000000000000000e+00,0.000000000000000000e+00,0.000000000000000000e+00,2.702702702702702853e-02,0.000000000000000000e+00,0.000000000000000000e+00,0.000000000000000000e+00,0.000000000000000000e+00,0.000000000000000000e+00,2.702702702702702853e-02,0.000000000000000000e+00,0.000000000000000000e+00,2.702702702702702853e-02
0.000000000000000000e+00,0.000000000000000000e+00,0.000000000000000000e+00,0.000000000000000000e+00,0.000000000000000000e+00,6.185567010309278579e-02,7.319587628865978912e-01,9.278350515463917869e-02,2.061855670103092744e-02,4.123711340206185488e-02,0.000000000000000000e+00,1.030927835051546372e-02,1.030927835051546372e-02,0.000000000000000000e+00,1.030927835051546372e-02,0.000000000000000000e+00,0.000000000000000000e+00,1.030927835051546372e-02,0.000000000000000000e+00,0.000000000000000000e+00,0.000000000000000000e+00,1.030927835051546372e-02
0.000000000000000000e+00,0.000000000000000000e+00,0.000000000000000000e+00,7.518796992481202590e-03,7.518796992481202590e-03,3.007518796992481036e-02,9.022556390977443108e-02,6.917293233082706383e-01,1.203007518796992414e-01,1.503759398496240518e-02,7.518796992481202590e-03,2.255639097744360777e-02,0.000000000000000000e+00,0.000000000000000000e+00,7.518796992481202590e-03,0.000000000000000000e+00,0.000000000000000000e+00,0.000000000000000000e+00,0.000000000000000000e+00,0.000000000000000000e+00,0.000000000000000000e+00,0.000000000000000000e+00
4.329004329004329001e-03,0.000000000000000000e+00,4.329004329004329001e-03,0.000000000000000000e+00,1.298701298701298787e-02,0.000000000000000000e+00,1.731601731601731600e-02,6.060606060606060774e-02,6.709956709956710341e-01,1.341991341991342068e-01,3.896103896103896014e-02,2.164502164502164414e-02,1.298701298701298787e-02,4.329004329004329001e-03,4.329004329004329001e-03,4.329004329004329001e-03,0.000000000000000000e+00,0.000000000000000000e+00,0.000000000000000000e+00,0.000000000000000000e+00,0.000000000000000000e+00,8.658008658008658001e-03
1.607717041800643069e-03,0.000000000000000000e+00,0.000000000000000000e+00,0.000000000000000000e+00,1.607717041800643069e-03,0.000000000000000000e+00,0.000000000000000000e+00,9.646302250803859279e-03,7.717041800643087424e-02,7.829581993569131315e-01,9.485530546623793802e-02,1.286173633440514455e-02,4.823151125401929640e-03,9.646302250803859279e-03,0.000000000000000000e+00,0.000000000000000000e+00,0.000000000000000000e+00,0.000000000000000000e+00,1.607717041800643069e-03,0.000000000000000000e+00,0.000000000000000000e+00,3.215434083601286137e-03
1.436781609195402279e-03,0.000000000000000000e+00,0.000000000000000000e+00,1.436781609195402279e-03,4.310344827586206837e-03,2.873563218390804558e-03,1.436781609195402279e-03,1.436781609195402279e-03,1.724137931034482735e-02,1.149425287356321823e-01,7.528735632183908288e-01,5.459770114942529007e-02,2.155172413793103592e-02,5.747126436781609116e-03,5.747126436781609116e-03,1.436781609195402279e-03,2.873563218390804558e-03,0.000000000000000000e+00,2.873563218390804558e-03,0.000000000000000000e+00,0.000000000000000000e+00,7.183908045977011395e-03
2.118644067796610162e-03,0.000000000000000000e+00,4.237288135593220324e-03,2.118644067796610162e-03,0.000000000000000000e+00,0.000000000000000000e+00,2.118644067796610162e-03,6.355932203389830920e-03,6.355932203389830920e-03,2.118644067796610075e-02,1.440677966101694962e-01,6.800847457627118287e-01,5.720338983050847481e-02,3.601694915254237406e-02,1.059322033898305038e-02,8.474576271186440649e-03,2.118644067796610162e-03,2.118644067796610162e-03,0.000000000000000000e+00,0.000000000000000000e+00,0.000000000000000000e+00,1.483050847457627157e-02
0.000000000000000000e+00,3.906250000000000000e-03,0.000000000000000000e+00,0.000000000000000000e+00,0.000000000000000000e+00,0.000000000000000000e+00,3.906250000000000000e-03,0.000000000000000000e+00,7.812500000000000000e-03,3.125000000000000000e-02,7.031250000000000000e-02,1.601562500000000000e-01,6.132812500000000000e-01,7.421875000000000000e-02,1.953125000000000000e-02,3.906250000000000000e-03,7.812500000000000000e-03,0.000000000000000000e+00,0.000000000000000000e+00,3.906250000000000000e-03,0.000000000000000000e+00,0.000000000000000000e+00
0.000000000000000000e+00,0.000000000000000000e+00,5.917159763313609329e-03,0.000000000000000000e+00,0.000000000000000000e+00,0.000000000000000000e+00,0.000000000000000000e+00,0.000000000000000000e+00,5.917159763313609329e-03,1.775147928994082885e-02,3.550295857988165771e-02,1.065088757396449731e-01,1.656804733727810786e-01,5.798816568047336917e-01,4.142011834319526964e-02,1.183431952662721866e-02,1.183431952662721866e-02,0.000000000000000000e+00,0.000000000000000000e+00,1.183431952662721866e-02,0.000000000000000000e+00,5.917159763313609329e-03
0.000000000000000000e+00,0.000000000000000000e+00,0.000000000000000000e+00,0.000000000000000000e+00,0.000000000000000000e+00,0.000000000000000000e+00,1.250000000000000069e-02,1.250000000000000069e-02,0.000000000000000000e+00,2.500000000000000139e-02,3.749999999999999861e-02,1.125000000000000028e-01,6.250000000000000000e-02,1.375000000000000111e-01,4.249999999999999889e-01,1.000000000000000056e-01,1.250000000000000069e-02,1.250000000000000069e-02,0.000000000000000000e+00,0.000000000000000000e+00,1.250000000000000069e-02,3.749999999999999861e-02
2.083333333333333218e-02,0.000000000000000000e+00,0.000000000000000000e+00,0.000000000000000000e+00,0.000000000000000000e+00,0.000000000000000000e+00,0.000000000000000000e+00,0.000000000000000000e+00,0.000000000000000000e+00,2.083333333333333218e-02,2.083333333333333218e-02,6.250000000000000000e-02,4.166666666666666435e-02,1.666666666666666574e-01,8.333333333333332871e-02,4.375000000000000000e-01,2.083333333333333218e-02,2.083333333333333218e-02,6.250000000000000000e-02,0.000000000000000000e+00,0.000000000000000000e+00,4.166666666666666435e-02
0.000000000000000000e+00,0.000000000000000000e+00,0.000000000000000000e+00,0.000000000000000000e+00,0.000000000000000000e+00,0.000000000000000000e+00,0.000000000000000000e+00,0.000000000000000000e+00,0.000000000000000000e+00,4.000000000000000083e-02,0.000000000000000000e+00,0.000000000000000000e+00,1.199999999999999956e-01,1.600000000000000033e-01,8.000000000000000167e-02,1.199999999999999956e-01,2.000000000000000111e-01,4.000000000000000083e-02,8.000000000000000167e-02,0.000000000000000000e+00,4.000000000000000083e-02,1.199999999999999956e-01
0.000000000000000000e+00,0.000000000000000000e+00,0.000000000000000000e+00,0.000000000000000000e+00,0.000000000000000000e+00,0.000000000000000000e+00,0.000000000000000000e+00,0.000000000000000000e+00,0.000000000000000000e+00,8.333333333333332871e-02,8.333333333333332871e-02,8.333333333333332871e-02,0.000000000000000000e+00,8.333333333333332871e-02,3.333333333333333148e-01,0.000000000000000000e+00,1.666666666666666574e-01,8.333333333333332871e-02,0.000000000000000000e+00,0.000000000000000000e+00,0.000000000000000000e+00,8.333333333333332871e-02
0.000000000000000000e+00,0.000000000000000000e+00,0.000000000000000000e+00,0.000000000000000000e+00,0.000000000000000000e+00,0.000000000000000000e+00,0.000000000000000000e+00,0.000000000000000000e+00,0.000000000000000000e+00,0.000000000000000000e+00,9.090909090909091161e-02,0.000000000000000000e+00,9.090909090909091161e-02,1.818181818181818232e-01,2.727272727272727071e-01,0.000000000000000000e+00,1.818181818181818232e-01,0.000000000000000000e+00,0.000000000000000000e+00,9.090909090909091161e-02,0.000000000000000000e+00,9.090909090909091161e-02
0.000000000000000000e+00,0.000000000000000000e+00,0.000000000000000000e+00,0.000000000000000000e+00,0.000000000000000000e+00,0.000000000000000000e+00,0.000000000000000000e+00,0.000000000000000000e+00,0.000000000000000000e+00,0.000000000000000000e+00,1.000000000000000056e-01,0.000000000000000000e+00,1.000000000000000056e-01,0.000000000000000000e+00,2.000000000000000111e-01,0.000000000000000000e+00,0.000000000000000000e+00,0.000000000000000000e+00,1.000000000000000056e-01,4.000000000000000222e-01,1.000000000000000056e-01,0.000000000000000000e+00
0.000000000000000000e+00,0.000000000000000000e+00,0.000000000000000000e+00,0.000000000000000000e+00,0.000000000000000000e+00,0.000000000000000000e+00,0.000000000000000000e+00,0.000000000000000000e+00,0.000000000000000000e+00,0.000000000000000000e+00,0.000000000000000000e+00,0.000000000000000000e+00,5.555555555555555247e-02,5.555555555555555247e-02,5.555555555555555247e-02,0.000000000000000000e+00,1.111111111111111049e-01,1.111111111111111049e-01,0.000000000000000000e+00,5.555555555555555247e-02,5.000000000000000000e-01,5.555555555555555247e-02
1.388888888888888812e-02,0.000000000000000000e+00,0.000000000000000000e+00,0.000000000000000000e+00,0.000000000000000000e+00,1.388888888888888812e-02,0.000000000000000000e+00,0.000000000000000000e+00,2.777777777777777624e-02,1.388888888888888812e-02,2.777777777777777624e-02,4.166666666666666435e-02,4.166666666666666435e-02,5.555555555555555247e-02,6.944444444444444753e-02,1.388888888888888812e-02,2.777777777777777624e-02,5.555555555555555247e-02,2.777777777777777624e-02,2.777777777777777624e-02,5.555555555555555247e-02,4.861111111111111049e-01
