8.265306122448979886e-01,3.061224489795918297e-02,2.040816326530612082e-02,3.061224489795918297e-02,2.040816326530612082e-02,1.020408163265306041e-02,0.000000000000000000e+00,0.000000000000000000e+00,1.020408163265306041e-02,1.020408163265306041e-02,0.000000000000000000e+00,0.000000000000000000e+00,2.040816326530612082e-02,0.000000000000000000e+00,1.020408163265306041e-02,0.000000000000000000e+00,0.000000000000000000e+00,0.000000000000000000e+00,0.000000000000000000e+00,0.000000000000000000e+00,0.000000000000000000e+00,1.020408163265306041e-02
1.428571428571428492e-01,4.285714285714285476e-01,2.857142857142856984e-01,0.000000000000000000e+00,0.000000000000000000e+00,0.000000000000000000e+00,1.428571428571428492e-01,0.000000000000000000e+00,0.000000000000000000e+00,0.000000000000000000e+00,0.000000000000000000e+00,0.000000000000000000e+00,0.000000000000000000e+00,0.000000000000000000e+00,0.000000000000000000e+00,0.000000000000000000e+00,0.000000000000000000e+00,0.000000000000000000e+00,0.000000000000000000e+00,0.000000000000000000e+00,0.000000000000000000e+00,0.000000000000000000e+00
0.000000000000000000e+00,2.272727272727272652e-01,5.909090909090909394e-01,4.545454545454545581e-02,4.545454545454545581e-02,4.545454545454545581e-02,0.000000000000000000e+00,0.000000000000000000e+00,4.545454545454545581e-02,0.000000000000000000e+00,0.000000000000000000e+00,0.000000000000000000e+00,0.000000000000000000e+00,0.000000000000000000e+00,0.000000000000000000e+00,0.000000000000000000e+00,0.000000000000000000e+00,0.000000000000000000e+00,0.000000000000000000e+00,0.000000000000000000e+00,0.000000000000000000e+00,0.000000000000000000e+00
1.081081081081081141e-01,0.000000000000000000e+00,8.108108108108108558e-02,6.486486486486486847e-01,2.702702702702702853e-02,2.702702702702702853e-02,0.000000000000000000e+00,0.000000000000000000e+00,2.702702702702702853e-02,0.000000000000000000e+00,0.000000000000000000e+00,5.405405405405405705e-02,0.000000000000000000e+00,0.000000000000000000e+00,0.000000000000000000e+00,0.000000000000000000e+00,0.000000000000000000e+00,0.000000000000000000e+00,0.000000000000000000e+00,0.000000000000000000e+00,0.000000000000000000e+00,2.702702702702702853e-02
2.564102564102564014e-02,0.000000000000000000e+00,2.564102564102564014e-02,5.128205128205128027e-02,6.923076923076922906e-01,7.692307692307692735e-02,2.564102564102564014e-02,0.000000000000000000e+00,5.128205128205128027e-02,2.564102564102564014e-02,0.000000000000000000e+00,0.000000000000000000e+00,2.564102564102564014e-02,0.000000000000000000e+00,0.000000000000000000e+00,0.000000000000000000e+00,0.000000000000000000e+00,0.000000000000000000e+00,0.000000000000000000e+00,0.000000000000000000e+00,0.000000000000000000e+00,0.000000000000000000e+00
0.000000000000000000e+00,1.754385964912280604e-02,0.000000000000000000e+00,3.508771929824561209e-02,1.754385964912280604e-02,7.192982456140351033e-01,8.771929824561403022e-02,3.508771929824561209e-02,3.508771929824561209e-02,1.754385964912280604e-02,0.000000000000000000e+00,1.754385964912280604e-02,1.754385964912280604e-02,0.000000000000000000e+00,0.000000000000000000e+00,0.000000000000000000e+00,0.000000000000000000e+00,0.000000000000000000e+00,0.000000000000000000e+00,0.000000000000000000e+00,0.000000000000000000e+00,0.000000000000000000e+00
1.754385964912280604e-02,0.000000000000000000e+00,0.000000000000000000e+00,1.754385964912280604e-02,1.754385964912280604e-02,1.052631578947368363e-01,6.315789473684210176e-01,1.052631578947368363e-01,1.754385964912280604e-02,5.263157894736841813e-02,1.754385964912280604e-02,1.754385964912280604e-02,0.000000000000000000e+00,0.000000000000000000e+00,0.000000000000000000e+00,0.000000000000000000e+00,0.000000000000000000e+00,0.000000000000000000e+00,0.000000000000000000e+00,0.000000000000000000e+00,0.000000000000000000e+00,0.000000000000000000e+00
0.000000000000000000e+00,0.000000000000000000e+00,0.000000000000000000e+00,1.587301587301587213e-02,7.936507936507936067e-03,0.000000000000000000e+00,6.349206349206348854e-02,7.142857142857143016e-01,8.730158730158729674e-02,3.174603174603174427e-02,1.587301587301587213e-02,2.380952380952380820e-02,7.936507936507936067e-03,7.936507936507936067e-03,2.380952380952380820e-02,0.000000000000000000e+00,0.000000000000000000e+00,0.000000000000000000e+00,0.000000000000000000e+00,0.000000000000000000e+00,0.000000000000000000e+00,0.000000000000000000e+00
3.984063745019920250e-03,0.000000000000000000e+00,0.000000000000000000e+00,3.984063745019920250e-03,7.968127490039840499e-03,7.968127490039840499e-03,1.195219123505976075e-02,6.772908366533864077e-02,7.131474103585657698e-01,1.314741035856573648e-01,2.788844621513944175e-02,0.000000000000000000e+00,1.992031872509960125e-02,0.000000000000000000e+00,0.000000000000000000e+00,0.000000000000000000e+00,0.000000000000000000e+00,0.000000000000000000e+00,0.000000000000000000e+00,0.000000000000000000e+00,0.000000000000000000e+00,3.984063745019920250e-03
1.992031872509960125e-03,0.000000000000000000e+00,0.000000000000000000e+00,0.000000000000000000e+00,0.000000000000000000e+00,1.992031872509960125e-03,1.992031872509960125e-03,1.195219123505976075e-02,9.561752988047808599e-02,7.529880478087649376e-01,9.960159362549800277e-02,2.191235059760956311e-02,5.976095617529880374e-03,1.992031872509960125e-03,0.000000000000000000e+00,0.000000000000000000e+00,1.992031872509960125e-03,0.000000000000000000e+00,0.000000000000000000e+00,0.000000000000000000e+00,0.000000000000000000e+00,1.992031872509960125e-03
0.000000000000000000e+00,0.000000000000000000e+00,0.000000000000000000e+00,0.000000000000000000e+00,0.000000000000000000e+00,2.713704206241519465e-03,0.000000000000000000e+00,0.000000000000000000e+00,8.141112618724558395e-03,1.004070556309362289e-01,7.435549525101763368e-01,1.017639077340569825e-01,1.628222523744911679e-02,4.070556309362279197e-03,6.784260515603799530e-03,4.070556309362279197e-03,4.070556309362279197e-03,0.000000000000000000e+00,1.356852103120759732e-03,0.000000000000000000e+00,0.000000000000000000e+00,6.784260515603799530e-03
1.237623762376237639e-03,0.000000000000000000e+00,0.000000000000000000e+00,0.000000000000000000e+00,0.000000000000000000e+00,0.000000000000000000e+00,1.237623762376237639e-03,2.475247524752475278e-03,0.000000000000000000e+00,9.900990099009901110e-03,1.299504950495049549e-01,7.215346534653465094e-01,9.405940594059405968e-02,1.237623762376237682e-02,1.237623762376237682e-02,4.950495049504950555e-03,2.475247524752475278e-03,1.237623762376237639e-03,0.000000000000000000e+00,0.000000000000000000e+00,0.000000000000000000e+00,6.188118811881188411e-03
0.000000000000000000e+00,0.000000000000000000e+00,0.000000000000000000e+00,0.000000000000000000e+00,0.000000000000000000e+00,1.848428835489833617e-03,0.000000000000000000e+00,1.848428835489833617e-03,9.242144177449168954e-03,7.393715341959334469e-03,3.142329020332717410e-02,1.774491682070240273e-01,6.635859519408502383e-01,6.654343807763400676e-02,9.242144177449168954e-03,9.242144177449168954e-03,7.393715341959334469e-03,1.848428835489833617e-03,1.848428835489833617e-03,1.848428835489833617e-03,1.848428835489833617e-03,7.393715341959334469e-03
7.692307692307692735e-03,0.000000000000000000e+00,0.000000000000000000e+00,3.846153846153846367e-03,0.000000000000000000e+00,0.000000000000000000e+00,0.000000000000000000e+00,0.000000000000000000e+00,3.846153846153846367e-03,0.000000000000000000e+00,1.923076923076923184e-02,4.615384615384615641e-02,1.961538461538461509e-01,5.961538461538461453e-01,9.230769230769231282e-02,3.846153846153846367e-03,0.000000000000000000e+00,3.846153846153846367e-03,0.000000000000000000e+00,3.846153846153846367e-03,0.000000000000000000e+00,2.307692307692307820e-02
0.000000000000000000e+00,0.000000000000000000e+00,0.000000000000000000e+00,0.000000000000000000e+00,0.000000000000000000e+00,0.000000000000000000e+00,0.000000000000000000e+00,1.435406698564593332e-02,0.000000000000000000e+00,4.784688995215310818e-03,3.349282296650717833e-02,1.913875598086124327e-02,4.306220095693780170e-02,1.913875598086124397e-01,6.028708133971292238e-01,4.306220095693780170e-02,1.435406698564593332e-02,4.784688995215310818e-03,4.784688995215310818e-03,0.000000000000000000e+00,0.000000000000000000e+00,2.392344497607655496e-02
0.000000000000000000e+00,0.000000000000000000e+00,0.000000000000000000e+00,0.000000000000000000e+00,0.000000000000000000e+00,0.000000000000000000e+00,0.000000000000000000e+00,0.000000000000000000e+00,1.149425287356321823e-02,0.000000000000000000e+00,1.149425287356321823e-02,1.149425287356321823e-02,4.597701149425287293e-02,3.448275862068965469e-02,1.954022988505747238e-01,5.862068965517240882e-01,5.747126436781609116e-02,1.149425287356321823e-02,0.000000000000000000e+00,0.000000000000000000e+00,0.000000000000000000e+00,3.448275862068965469e-02
0.000000000000000000e+00,0.000000000000000000e+00,0.000000000000000000e+00,0.000000000000000000e+00,0.000000000000000000e+00,0.000000000000000000e+00,0.000000000000000000e+00,0.000000000000000000e+00,2.564102564102564014e-02,0.000000000000000000e+00,0.000000000000000000e+00,5.128205128205128027e-02,7.692307692307692735e-02,1.282051282051281937e-01,7.692307692307692735e-02,1.794871794871794879e-01,3.333333333333333148e-01,7.692307692307692735e-02,0.000000000000000000e+00,2.564102564102564014e-02,0.000000000000000000e+00,2.564102564102564014e-02
0.000000000000000000e+00,0.000000000000000000e+00,0.000000000000000000e+00,0.000000000000000000e+00,0.000000000000000000e+00,0.000000000000000000e+00,0.000000000000000000e+00,0.000000000000000000e+00,0.000000000000000000e+00,0.000000000000000000e+00,5.263157894736841813e-02,5.263157894736841813e-02,5.263157894736841813e-02,0.000000000000000000e+00,0.000000000000000000e+00,2.105263157894736725e-01,3.157894736842105088e-01,2.105263157894736725e-01,0.000000000000000000e+00,0.000000000000000000e+00,0.000000000000000000e+00,1.052631578947368363e-01
0.000000000000000000e+00,0.000000000000000000e+00,0.000000000000000000e+00,0.000000000000000000e+00,0.000000000000000000e+00,0.000000000000000000e+00,0.000000000000000000e+00,0.000000000000000000e+00,0.000000000000000000e+00,0.000000000000000000e+00,0.000000000000000000e+00,0.000000000000000000e+00,1.000000000000000056e-01,1.000000000000000056e-01,1.000000000000000056e-01,0.000000000000000000e+00,1.000000000000000056e-01,2.999999999999999889e-01,2.000000000000000111e-01,0.000000000000000000e+00,0.000000000000000000e+00,1.000000000000000056e-01
0.000000000000000000e+00,0.000000000000000000e+00,0.000000000000000000e+00,0.000000000000000000e+00,0.000000000000000000e+00,0.000000000000000000e+00,0.000000000000000000e+00,0.000000000000000000e+00,0.000000000000000000e+00,0.000000000000000000e+00,0.000000000000000000e+00,0.000000000000000000e+00,0.000000000000000000e+00,0.000000000000000000e+00,2.000000000000000111e-01,2.000000000000000111e-01,2.000000000000000111e-01,0.000000000000000000e+00,4.000000000000000222e-01,0.000000000000000000e+00,0.000000000000000000e+00,0.000000000000000000e+00
0.000000000000000000e+00,0.000000000000000000e+00,0.000000000000000000e+00,0.000000000000000000e+00,0.000000000000000000e+00,0.000000000000000000e+00,0.000000000000000000e+00,0.000000000000000000e+00,0.000000000000000000e+00,0.000000000000000000e+00,0.000000000000000000e+00,0.000000000000000000e+00,0.000000000000000000e+00,0.000000000000000000e+00,1.111111111111111049e-01,0.000000000000000000e+00,0.000000000000000000e+00,1.111111111111111049e-01,0.000000000000000000e+00,1.111111111111111049e-01,4.444444444444444198e-01,2.222222222222222099e-01
0.000000000000000000e+00,0.000000000000000000e+00,0.000000000000000000e+00,0.000000000000000000e+00,0.000000000000000000e+00,0.000000000000000000e+00,0.000000000000000000e+00,0.000000000000000000e+00,0.000000000000000000e+00,1.136363636363636395e-02,4.545454545454545581e-02,3.409090909090908839e-02,6.818181818181817677e-02,2.272727272727272790e-02,9.090909090909091161e-02,3.409090909090908839e-02,2.272727272727272790e-02,0.000000000000000000e+00,1.136363636363636395e-02,3.409090909090908839e-02,3.409090909090908839e-02,5.909090909090909394e-01
