7.496977025392986826e-01,7.617896009673519320e-02,2.055622732769044753e-02,2.418379685610640758e-03,3.627569528415961354e-03,2.418379685610640758e-03,1.209189842805320379e-03,1.209189842805320379e-03,1.209189842805320379e-03,1.209189842805320379e-03,4.836759371221281516e-03,1.209189842805320379e-03,0.000000000000000000e+00,0.000000000000000000e+00,1.209189842805320379e-03,1.209189842805320379e-03,1.209189842805320379e-03,1.209189842805320379e-03,2.418379685610640758e-03,2.176541717049576899e-02,1.051995163240628806e-01
1.324717285945072598e-01,7.075928917609046742e-01,6.623586429725362990e-02,2.584814216478190790e-02,1.292407108239095395e-02,4.846526655896607298e-03,1.615508885298869244e-03,0.000000000000000000e+00,0.000000000000000000e+00,0.000000000000000000e+00,8.077544426494345786e-03,4.846526655896607298e-03,1.615508885298869244e-03,0.000000000000000000e+00,0.000000000000000000e+00,1.615508885298869244e-03,0.000000000000000000e+00,3.231017770597738488e-03,6.462035541195476976e-03,8.077544426494345786e-03,1.453957996768982276e-02
5.357142857142856845e-02,1.530612244897959218e-01,6.709183673469387710e-01,6.377551020408163407e-02,1.275510204081632681e-02,7.653061224489795741e-03,7.653061224489795741e-03,2.551020408163265103e-03,0.000000000000000000e+00,2.551020408163265103e-03,2.551020408163265103e-03,0.000000000000000000e+00,2.551020408163265103e-03,0.000000000000000000e+00,0.000000000000000000e+00,0.000000000000000000e+00,0.000000000000000000e+00,2.551020408163265103e-03,2.551020408163265103e-03,0.000000000000000000e+00,1.530612244897959148e-02
2.054794520547945091e-02,6.164383561643835274e-02,1.164383561643835552e-01,6.541095890410958402e-01,8.904109589041095396e-02,1.027397260273972546e-02,3.424657534246575152e-03,6.849315068493150305e-03,0.000000000000000000e+00,0.000000000000000000e+00,1.369863013698630061e-02,0.000000000000000000e+00,0.000000000000000000e+00,3.424657534246575152e-03,0.000000000000000000e+00,0.000000000000000000e+00,0.000000000000000000e+00,6.849315068493150305e-03,0.000000000000000000e+00,0.000000000000000000e+00,1.369863013698630061e-02
5.291005291005290712e-03,6.349206349206348854e-02,2.645502645502645356e-02,1.851851851851851749e-01,5.820105820105819783e-01,5.820105820105819783e-02,5.291005291005290712e-03,5.291005291005290712e-03,1.058201058201058142e-02,0.000000000000000000e+00,2.116402116402116285e-02,0.000000000000000000e+00,0.000000000000000000e+00,5.291005291005290712e-03,0.000000000000000000e+00,0.000000000000000000e+00,0.000000000000000000e+00,5.291005291005290712e-03,1.058201058201058142e-02,1.058201058201058142e-02,5.291005291005290712e-03
0.000000000000000000e+00,2.197802197802197974e-02,4.395604395604395948e-02,9.890109890109889668e-02,1.648351648351648324e-01,5.054945054945054750e-01,4.395604395604395948e-02,3.296703296703296787e-02,2.197802197802197974e-02,1.098901098901098987e-02,3.296703296703296787e-02,1.098901098901098987e-02,0.000000000000000000e+00,0.000000000000000000e+00,0.000000000000000000e+00,0.000000000000000000e+00,0.000000000000000000e+00,0.000000000000000000e+00,0.000000000000000000e+00,0.000000000000000000e+00,1.098901098901098987e-02
0.000000000000000000e+00,0.000000000000000000e+00,0.000000000000000000e+00,4.651162790697674354e-02,1.162790697674418589e-01,1.162790697674418589e-01,5.116279069767442067e-01,9.302325581395348708e-02,2.325581395348837177e-02,0.000000000000000000e+00,9.302325581395348708e-02,0.000000000000000000e+00,0.000000000000000000e+00,0.000000000000000000e+00,0.000000000000000000e+00,0.000000000000000000e+00,0.000000000000000000e+00,0.000000000000000000e+00,0.000000000000000000e+00,0.000000000000000000e+00,0.000000000000000000e+00
0.000000000000000000e+00,0.000000000000000000e+00,7.407407407407406996e-02,0.000000000000000000e+00,1.481481481481481399e-01,1.851851851851851749e-01,7.407407407407406996e-02,2.592592592592592449e-01,1.111111111111111049e-01,3.703703703703703498e-02,7.407407407407406996e-02,0.000000000000000000e+00,0.000000000000000000e+00,0.000000000000000000e+00,0.000000000000000000e+00,0.000000000000000000e+00,0.000000000000000000e+00,0.000000000000000000e+00,0.000000000000000000e+00,0.000000000000000000e+00,3.703703703703703498e-02
0.000000000000000000e+00,0.000000000000000000e+00,0.000000000000000000e+00,5.555555555555555247e-02,2.222222222222222099e-01,0.000000000000000000e+00,1.666666666666666574e-01,1.111111111111111049e-01,1.666666666666666574e-01,1.111111111111111049e-01,1.666666666666666574e-01,0.000000000000000000e+00,0.000000000000000000e+00,0.000000000000000000e+00,0.000000000000000000e+00,0.000000000000000000e+00,0.000000000000000000e+00,0.000000000000000000e+00,0.000000000000000000e+00,0.000000000000000000e+00,0.000000000000000000e+00
0.000000000000000000e+00,0.000000000000000000e+00,0.000000000000000000e+00,0.000000000000000000e+00,1.176470588235294101e-01,0.000000000000000000e+00,0.000000000000000000e+00,1.176470588235294101e-01,1.176470588235294101e-01,5.882352941176470784e-01,5.882352941176470507e-02,0.000000000000000000e+00,0.000000000000000000e+00,0.000000000000000000e+00,0.000000000000000000e+00,0.000000000000000000e+00,0.000000000000000000e+00,0.000000000000000000e+00,0.000000000000000000e+00,0.000000000000000000e+00,0.000000000000000000e+00
7.751937984496123923e-03,1.550387596899224785e-02,6.201550387596899139e-02,3.100775193798449569e-02,3.100775193798449569e-02,3.100775193798449569e-02,3.875968992248061962e-02,3.875968992248061962e-02,1.550387596899224785e-02,2.325581395348837177e-02,6.976744186046511809e-01,0.000000000000000000e+00,0.000000000000000000e+00,0.000000000000000000e+00,0.000000000000000000e+00,0.000000000000000000e+00,0.000000000000000000e+00,0.000000000000000000e+00,0.000000000000000000e+00,7.751937984496123923e-03,0.000000000000000000e+00
9.708737864077669061e-03,0.000000000000000000e+00,0.000000000000000000e+00,0.000000000000000000e+00,9.708737864077669061e-03,9.708737864077669061e-03,0.000000000000000000e+00,0.000000000000000000e+00,0.000000000000000000e+00,0.000000000000000000e+00,0.000000000000000000e+00,8.834951456310680129e-01,3.883495145631067624e-02,1.941747572815533812e-02,9.708737864077669061e-03,0.000000000000000000e+00,9.708737864077669061e-03,0.000000000000000000e+00,0.000000000000000000e+00,0.000000000000000000e+00,9.708737864077669061e-03
0.000000000000000000e+00,4.347826086956521618e-02,0.000000000000000000e+00,0.000000000000000000e+00,0.000000000000000000e+00,0.000000000000000000e+00,0.000000000000000000e+00,0.000000000000000000e+00,0.000000000000000000e+00,0.000000000000000000e+00,0.000000000000000000e+00,2.608695652173912971e-01,5.217391304347825942e-01,8.695652173913043237e-02,0.000000000000000000e+00,0.000000000000000000e+00,4.347826086956521618e-02,0.000000000000000000e+00,0.000000000000000000e+00,4.347826086956521618e-02,0.000000000000000000e+00
4.347826086956521618e-02,0.000000000000000000e+00,0.000000000000000000e+00,0.000000000000000000e+00,4.347826086956521618e-02,0.000000000000000000e+00,0.000000000000000000e+00,0.000000000000000000e+00,0.000000000000000000e+00,0.000000000000000000e+00,0.000000000000000000e+00,4.347826086956521618e-02,1.304347826086956486e-01,6.521739130434782705e-01,8.695652173913043237e-02,0.000000000000000000e+00,0.000000000000000000e+00,0.000000000000000000e+00,0.000000000000000000e+00,0.000000000000000000e+00,0.000000000000000000e+00
1.694915254237288130e-02,0.000000000000000000e+00,0.000000000000000000e+00,0.000000000000000000e+00,0.000000000000000000e+00,0.000000000000000000e+00,0.000000000000000000e+00,0.000000000000000000e+00,0.000000000000000000e+00,0.000000000000000000e+00,1.694915254237288130e-02,1.694915254237288130e-02,3.389830508474576259e-02,0.000000000000000000e+00,8.474576271186440302e-01,3.389830508474576259e-02,1.694915254237288130e-02,0.000000000000000000e+00,1.694915254237288130e-02,0.000000000000000000e+00,0.000000000000000000e+00
0.000000000000000000e+00,0.000000000000000000e+00,0.000000000000000000e+00,0.000000000000000000e+00,0.000000000000000000e+00,0.000000000000000000e+00,0.000000000000000000e+00,0.000000000000000000e+00,0.000000000000000000e+00,0.000000000000000000e+00,3.030303030303030387e-02,0.000000000000000000e+00,3.030303030303030387e-02,6.060606060606060774e-02,3.030303030303030387e-02,6.363636363636363535e-01,9.090909090909091161e-02,3.030303030303030387e-02,6.060606060606060774e-02,3.030303030303030387e-02,0.000000000000000000e+00
0.000000000000000000e+00,0.000000000000000000e+00,2.857142857142857054e-02,0.000000000000000000e+00,0.000000000000000000e+00,0.000000000000000000e+00,0.000000000000000000e+00,0.000000000000000000e+00,0.000000000000000000e+00,0.000000000000000000e+00,0.000000000000000000e+00,2.857142857142857054e-02,2.857142857142857054e-02,0.000000000000000000e+00,2.857142857142857054e-02,2.857142857142857054e-02,7.428571428571428825e-01,2.857142857142857054e-02,0.000000000000000000e+00,8.571428571428571508e-02,0.000000000000000000e+00
0.000000000000000000e+00,9.433962264150943036e-03,9.433962264150943036e-03,1.886792452830188607e-02,9.433962264150943036e-03,0.000000000000000000e+00,0.000000000000000000e+00,9.433962264150943036e-03,0.000000000000000000e+00,0.000000000000000000e+00,9.433962264150943036e-03,0.000000000000000000e+00,0.000000000000000000e+00,0.000000000000000000e+00,9.433962264150943036e-03,9.433962264150943036e-03,9.433962264150943036e-03,8.301886792452830566e-01,4.716981132075472039e-02,9.433962264150943036e-03,1.886792452830188607e-02
1.562500000000000000e-02,3.906250000000000000e-02,7.812500000000000000e-03,0.000000000000000000e+00,7.812500000000000000e-03,0.000000000000000000e+00,0.000000000000000000e+00,0.000000000000000000e+00,0.000000000000000000e+00,0.000000000000000000e+00,0.000000000000000000e+00,0.000000000000000000e+00,0.000000000000000000e+00,0.000000000000000000e+00,1.562500000000000000e-02,7.812500000000000000e-03,0.000000000000000000e+00,3.906250000000000000e-02,7.265625000000000000e-01,1.250000000000000000e-01,1.562500000000000000e-02
5.923344947735191546e-02,1.742160278745644511e-02,1.045296167247386845e-02,0.000000000000000000e+00,6.968641114982578391e-03,3.484320557491289196e-03,0.000000000000000000e+00,0.000000000000000000e+00,0.000000000000000000e+00,0.000000000000000000e+00,6.968641114982578391e-03,0.000000000000000000e+00,0.000000000000000000e+00,0.000000000000000000e+00,0.000000000000000000e+00,1.045296167247386845e-02,3.484320557491289196e-03,1.393728222996515678e-02,5.226480836236933880e-02,7.212543554006968227e-01,9.407665505226481262e-02
1.254355400696864076e-01,1.393728222996515678e-02,1.045296167247386845e-02,1.219512195121951262e-02,1.742160278745644598e-03,3.484320557491289196e-03,0.000000000000000000e+00,0.000000000000000000e+00,1.742160278745644598e-03,0.000000000000000000e+00,1.742160278745644598e-03,1.742160278745644598e-03,0.000000000000000000e+00,0.000000000000000000e+00,1.742160278745644598e-03,1.742160278745644598e-03,0.000000000000000000e+00,0.000000000000000000e+00,3.484320557491289196e-03,6.445993031358884795e-02,7.560975609756097615e-01
