7.932285368802901582e-01,1.015719467956469196e-01,1.088270858524788449e-02,7.255139056831922707e-03,4.836759371221281516e-03,0.000000000000000000e+00,0.000000000000000000e+00,0.000000000000000000e+00,0.000000000000000000e+00,0.000000000000000000e+00,1.209189842805320379e-03,1.209189842805320379e-03,0.000000000000000000e+00,1.209189842805320379e-03,0.000000000000000000e+00,0.000000000000000000e+00,0.000000000000000000e+00,2.418379685610640758e-03,2.418379685610640758e-03,4.836759371221281516e-03,6.892382103990327136e-02
1.244444444444444409e-01,7.437037037037037557e-01,8.888888888888889228e-02,1.925925925925926069e-02,2.962962962962962816e-03,0.000000000000000000e+00,1.481481481481481408e-03,0.000000000000000000e+00,0.000000000000000000e+00,0.000000000000000000e+00,2.962962962962962816e-03,1.481481481481481408e-03,0.000000000000000000e+00,0.000000000000000000e+00,0.000000000000000000e+00,0.000000000000000000e+00,1.481481481481481408e-03,2.962962962962962816e-03,1.481481481481481408e-03,0.000000000000000000e+00,8.888888888888888881e-03
2.813299232736572730e-02,1.508951406649616245e-01,6.445012787723785053e-01,1.253196930946291476e-01,7.672634271099744441e-03,0.000000000000000000e+00,5.115089514066496583e-03,2.557544757033248291e-03,2.557544757033248291e-03,0.000000000000000000e+00,7.672634271099744441e-03,0.000000000000000000e+00,0.000000000000000000e+00,0.000000000000000000e+00,2.557544757033248291e-03,0.000000000000000000e+00,2.557544757033248291e-03,2.557544757033248291e-03,5.115089514066496583e-03,2.557544757033248291e-03,1.023017902813299317e-02
5.698005698005698290e-03,5.128205128205128027e-02,1.339031339031339085e-01,6.410256410256410797e-01,9.686609686609685965e-02,1.709401709401709574e-02,1.139601139601139658e-02,8.547008547008547868e-03,0.000000000000000000e+00,0.000000000000000000e+00,2.849002849002849145e-03,2.849002849002849145e-03,0.000000000000000000e+00,2.849002849002849145e-03,0.000000000000000000e+00,0.000000000000000000e+00,0.000000000000000000e+00,1.139601139601139658e-02,2.849002849002849145e-03,5.698005698005698290e-03,5.698005698005698290e-03
9.216589861751152066e-03,2.304147465437788103e-02,1.843317972350230413e-02,1.428571428571428492e-01,7.050691244239630784e-01,4.608294930875576206e-02,1.382488479262672897e-02,0.000000000000000000e+00,0.000000000000000000e+00,0.000000000000000000e+00,2.764976958525345793e-02,0.000000000000000000e+00,4.608294930875576033e-03,0.000000000000000000e+00,0.000000000000000000e+00,4.608294930875576033e-03,0.000000000000000000e+00,4.608294930875576033e-03,0.000000000000000000e+00,0.000000000000000000e+00,0.000000000000000000e+00
0.000000000000000000e+00,1.123595505617977497e-02,2.247191011235954994e-02,5.617977528089887485e-02,1.573033707865168496e-01,5.617977528089888040e-01,1.011235955056179747e-01,1.123595505617977497e-02,1.123595505617977497e-02,1.123595505617977497e-02,3.370786516853932491e-02,0.000000000000000000e+00,0.000000000000000000e+00,0.000000000000000000e+00,0.000000000000000000e+00,1.123595505617977497e-02,1.123595505617977497e-02,0.000000000000000000e+00,0.000000000000000000e+00,0.000000000000000000e+00,0.000000000000000000e+00
2.083333333333333218e-02,0.000000000000000000e+00,1.041666666666666713e-01,6.250000000000000000e-02,8.333333333333332871e-02,1.666666666666666574e-01,3.541666666666666852e-01,1.250000000000000000e-01,4.166666666666666435e-02,2.083333333333333218e-02,2.083333333333333218e-02,0.000000000000000000e+00,0.000000000000000000e+00,0.000000000000000000e+00,0.000000000000000000e+00,0.000000000000000000e+00,0.000000000000000000e+00,0.000000000000000000e+00,0.000000000000000000e+00,0.000000000000000000e+00,0.000000000000000000e+00
0.000000000000000000e+00,0.000000000000000000e+00,7.142857142857142461e-02,3.571428571428571230e-02,3.571428571428571230e-02,1.071428571428571369e-01,1.428571428571428492e-01,2.142857142857142738e-01,1.428571428571428492e-01,7.142857142857142461e-02,1.428571428571428492e-01,0.000000000000000000e+00,0.000000000000000000e+00,0.000000000000000000e+00,0.000000000000000000e+00,0.000000000000000000e+00,0.000000000000000000e+00,0.000000000000000000e+00,0.000000000000000000e+00,3.571428571428571230e-02,0.000000000000000000e+00
0.000000000000000000e+00,0.000000000000000000e+00,0.000000000000000000e+00,0.000000000000000000e+00,0.000000000000000000e+00,4.347826086956521618e-02,8.695652173913043237e-02,2.173913043478260809e-01,5.652173913043477826e-01,0.000000000000000000e+00,8.695652173913043237e-02,0.000000000000000000e+00,0.000000000000000000e+00,0.000000000000000000e+00,0.000000000000000000e+00,0.000000000000000000e+00,0.000000000000000000e+00,0.000000000000000000e+00,0.000000000000000000e+00,0.000000000000000000e+00,0.000000000000000000e+00
0.000000000000000000e+00,0.000000000000000000e+00,0.000000000000000000e+00,0.000000000000000000e+00,0.000000000000000000e+00,2.272727272727272652e-01,1.363636363636363535e-01,0.000000000000000000e+00,0.000000000000000000e+00,5.454545454545454142e-01,9.090909090909091161e-02,0.000000000000000000e+00,0.000000000000000000e+00,0.000000000000000000e+00,0.000000000000000000e+00,0.000000000000000000e+00,0.000000000000000000e+00,0.000000000000000000e+00,0.000000000000000000e+00,0.000000000000000000e+00,0.000000000000000000e+00
1.098901098901098987e-02,1.098901098901098987e-02,1.098901098901098987e-02,1.098901098901098987e-02,3.296703296703296787e-02,5.494505494505494414e-02,4.395604395604395948e-02,3.296703296703296787e-02,4.395604395604395948e-02,4.395604395604395948e-02,6.703296703296702796e-01,1.098901098901098987e-02,0.000000000000000000e+00,0.000000000000000000e+00,0.000000000000000000e+00,0.000000000000000000e+00,0.000000000000000000e+00,1.098901098901098987e-02,0.000000000000000000e+00,0.000000000000000000e+00,1.098901098901098987e-02
2.000000000000000042e-02,2.000000000000000042e-02,0.000000000000000000e+00,2.000000000000000042e-02,0.000000000000000000e+00,2.000000000000000042e-02,0.000000000000000000e+00,0.000000000000000000e+00,0.000000000000000000e+00,0.000000000000000000e+00,2.000000000000000042e-02,6.600000000000000311e-01,5.999999999999999778e-02,4.000000000000000083e-02,1.000000000000000056e-01,2.000000000000000042e-02,2.000000000000000042e-02,0.000000000000000000e+00,0.000000000000000000e+00,0.000000000000000000e+00,0.000000000000000000e+00
0.000000000000000000e+00,0.000000000000000000e+00,0.000000000000000000e+00,0.000000000000000000e+00,0.000000000000000000e+00,0.000000000000000000e+00,0.000000000000000000e+00,0.000000000000000000e+00,0.000000000000000000e+00,0.000000000000000000e+00,0.000000000000000000e+00,3.529411764705882582e-01,5.294117647058823595e-01,0.000000000000000000e+00,0.000000000000000000e+00,0.000000000000000000e+00,1.176470588235294101e-01,0.000000000000000000e+00,0.000000000000000000e+00,0.000000000000000000e+00,0.000000000000000000e+00
4.347826086956521618e-02,0.000000000000000000e+00,0.000000000000000000e+00,0.000000000000000000e+00,0.000000000000000000e+00,0.000000000000000000e+00,0.000000000000000000e+00,0.000000000000000000e+00,0.000000000000000000e+00,0.000000000000000000e+00,0.000000000000000000e+00,0.000000000000000000e+00,4.347826086956521618e-02,6.086956521739130821e-01,0.000000000000000000e+00,8.695652173913043237e-02,4.347826086956521618e-02,4.347826086956521618e-02,4.347826086956521618e-02,8.695652173913043237e-02,0.000000000000000000e+00
0.000000000000000000e+00,1.515151515151515194e-02,1.515151515151515194e-02,0.000000000000000000e+00,0.000000000000000000e+00,0.000000000000000000e+00,0.000000000000000000e+00,0.000000000000000000e+00,0.000000000000000000e+00,0.000000000000000000e+00,0.000000000000000000e+00,1.515151515151515194e-02,1.515151515151515194e-02,1.515151515151515194e-02,8.030303030303029832e-01,0.000000000000000000e+00,3.030303030303030387e-02,4.545454545454545581e-02,4.545454545454545581e-02,0.000000000000000000e+00,0.000000000000000000e+00
2.702702702702702853e-02,0.000000000000000000e+00,0.000000000000000000e+00,2.702702702702702853e-02,0.000000000000000000e+00,2.702702702702702853e-02,0.000000000000000000e+00,0.000000000000000000e+00,0.000000000000000000e+00,0.000000000000000000e+00,0.000000000000000000e+00,8.108108108108108558e-02,0.000000000000000000e+00,0.000000000000000000e+00,0.000000000000000000e+00,7.567567567567567988e-01,5.405405405405405705e-02,0.000000000000000000e+00,0.000000000000000000e+00,0.000000000000000000e+00,2.702702702702702853e-02
0.000000000000000000e+00,0.000000000000000000e+00,0.000000000000000000e+00,0.000000000000000000e+00,0.000000000000000000e+00,0.000000000000000000e+00,0.000000000000000000e+00,0.000000000000000000e+00,0.000000000000000000e+00,2.500000000000000139e-02,0.000000000000000000e+00,2.500000000000000139e-02,2.500000000000000139e-02,2.500000000000000139e-02,2.500000000000000139e-02,2.500000000000000139e-02,6.250000000000000000e-01,1.000000000000000056e-01,2.500000000000000139e-02,2.500000000000000139e-02,7.499999999999999722e-02
0.000000000000000000e+00,2.469135802469135665e-02,1.234567901234567833e-02,6.172839506172839164e-02,0.000000000000000000e+00,0.000000000000000000e+00,0.000000000000000000e+00,0.000000000000000000e+00,0.000000000000000000e+00,0.000000000000000000e+00,0.000000000000000000e+00,2.469135802469135665e-02,0.000000000000000000e+00,0.000000000000000000e+00,1.234567901234567833e-02,0.000000000000000000e+00,7.407407407407406996e-02,6.049382716049382935e-01,9.876543209876542662e-02,6.172839506172839164e-02,2.469135802469135665e-02
2.142857142857142877e-02,1.428571428571428527e-02,2.857142857142857054e-02,7.142857142857142634e-03,0.000000000000000000e+00,0.000000000000000000e+00,0.000000000000000000e+00,0.000000000000000000e+00,0.000000000000000000e+00,0.000000000000000000e+00,7.142857142857142634e-03,0.000000000000000000e+00,0.000000000000000000e+00,0.000000000000000000e+00,1.428571428571428527e-02,0.000000000000000000e+00,0.000000000000000000e+00,3.571428571428571230e-02,7.714285714285714635e-01,9.285714285714286031e-02,7.142857142857142634e-03
1.310043668122270674e-02,8.733624454148471161e-03,4.366812227074235581e-03,8.733624454148471161e-03,0.000000000000000000e+00,0.000000000000000000e+00,4.366812227074235581e-03,0.000000000000000000e+00,0.000000000000000000e+00,0.000000000000000000e+00,4.366812227074235581e-03,0.000000000000000000e+00,4.366812227074235581e-03,0.000000000000000000e+00,0.000000000000000000e+00,8.733624454148471161e-03,8.733624454148471161e-03,1.310043668122270674e-02,6.986899563318776929e-02,7.030567685589519389e-01,1.484716157205240306e-01
1.070175438596491224e-01,1.403508771929824588e-02,8.771929824561403022e-03,3.508771929824561469e-03,0.000000000000000000e+00,1.754385964912280734e-03,0.000000000000000000e+00,0.000000000000000000e+00,0.000000000000000000e+00,1.754385964912280734e-03,5.263157894736841987e-03,0.000000000000000000e+00,0.000000000000000000e+00,0.000000000000000000e+00,1.754385964912280734e-03,0.000000000000000000e+00,1.754385964912280734e-03,5.263157894736841987e-03,0.000000000000000000e+00,6.491228070175437959e-02,7.842105263157894690e-01
