8.775510204081632404e-01,0.000000000000000000e+00,1.020408163265306041e-02,2.040816326530612082e-02,3.061224489795918297e-02,1.020408163265306041e-02,0.000000000000000000e+00,0.000000000000000000e+00,0.000000000000000000e+00,1.020408163265306041e-02,0.000000000000000000e+00,1.020408163265306041e-02,1.020408163265306041e-02,2.040816326530612082e-02,0.000000000000000000e+00,0.000000000000000000e+00,0.000000000000000000e+00,0.000000000000000000e+00,0.000000000000000000e+00,0.000000000000000000e+00,0.000000000000000000e+00,0.000000000000000000e+00
4.545454545454545581e-02,5.454545454545454142e-01,9.090909090909091161e-02,4.545454545454545581e-02,9.090909090909091161e-02,0.000000000000000000e+00,0.000000000000000000e+00,4.545454545454545581e-02,0.000000000000000000e+00,4.545454545454545581e-02,0.000000000000000000e+00,4.545454545454545581e-02,0.000000000000000000e+00,0.000000000000000000e+00,0.000000000000000000e+00,0.000000000000000000e+00,0.000000000000000000e+00,0.000000000000000000e+00,0.000000000000000000e+00,0.000000000000000000e+00,0.000000000000000000e+00,4.545454545454545581e-02
9.523809523809523281e-02,1.428571428571428492e-01,6.190476190476190688e-01,4.761904761904761640e-02,0.000000000000000000e+00,0.000000000000000000e+00,4.761904761904761640e-02,0.000000000000000000e+00,0.000000000000000000e+00,0.000000000000000000e+00,4.761904761904761640e-02,0.000000000000000000e+00,0.000000000000000000e+00,0.000000000000000000e+00,0.000000000000000000e+00,0.000000000000000000e+00,0.000000000000000000e+00,0.000000000000000000e+00,0.000000000000000000e+00,0.000000000000000000e+00,0.000000000000000000e+00,0.000000000000000000e+00
6.451612903225806273e-02,0.000000000000000000e+00,6.451612903225806273e-02,5.483870967741935054e-01,9.677419354838709409e-02,3.225806451612903136e-02,6.451612903225806273e-02,6.451612903225806273e-02,3.225806451612903136e-02,3.225806451612903136e-02,0.000000000000000000e+00,0.000000000000000000e+00,0.000000000000000000e+00,0.000000000000000000e+00,0.000000000000000000e+00,0.000000000000000000e+00,0.000000000000000000e+00,0.000000000000000000e+00,0.000000000000000000e+00,0.000000000000000000e+00,0.000000000000000000e+00,0.000000000000000000e+00
5.263157894736841813e-02,1.754385964912280604e-02,0.000000000000000000e+00,3.508771929824561209e-02,8.245614035087719396e-01,0.000000000000000000e+00,3.508771929824561209e-02,0.000000000000000000e+00,0.000000000000000000e+00,1.754385964912280604e-02,0.000000000000000000e+00,0.000000000000000000e+00,0.000000000000000000e+00,0.000000000000000000e+00,1.754385964912280604e-02,0.000000000000000000e+00,0.000000000000000000e+00,0.000000000000000000e+00,0.000000000000000000e+00,0.000000000000000000e+00,0.000000000000000000e+00,0.000000000000000000e+00
0.000000000000000000e+00,0.000000000000000000e+00,3.703703703703703498e-02,3.703703703703703498e-02,0.000000000000000000e+00,6.296296296296296502e-01,1.851851851851851749e-01,7.407407407407406996e-02,0.000000000000000000e+00,0.000000000000000000e+00,0.000000000000000000e+00,0.000000000000000000e+00,0.000000000000000000e+00,3.703703703703703498e-02,0.000000000000000000e+00,0.000000000000000000e+00,0.000000000000000000e+00,0.000000000000000000e+00,0.000000000000000000e+00,0.000000000000000000e+00,0.000000000000000000e+00,0.000000000000000000e+00
0.000000000000000000e+00,0.000000000000000000e+00,0.000000000000000000e+00,8.064516129032257841e-03,0.000000000000000000e+00,1.612903225806451568e-02,7.016129032258064946e-01,1.774193548387096864e-01,8.064516129032257841e-03,8.064516129032257841e-03,1.612903225806451568e-02,1.612903225806451568e-02,8.064516129032257841e-03,1.612903225806451568e-02,1.612903225806451568e-02,0.000000000000000000e+00,0.000000000000000000e+00,0.000000000000000000e+00,0.000000000000000000e+00,0.000000000000000000e+00,0.000000000000000000e+00,8.064516129032257841e-03
0.000000000000000000e+00,0.000000000000000000e+00,0.000000000000000000e+00,1.379310344827586188e-02,0.000000000000000000e+00,1.379310344827586188e-02,1.034482758620689641e-01,6.413793103448275357e-01,1.310344827586207017e-01,2.758620689655172376e-02,4.827586206896551657e-02,6.896551724137930939e-03,0.000000000000000000e+00,0.000000000000000000e+00,6.896551724137930939e-03,6.896551724137930939e-03,0.000000000000000000e+00,0.000000000000000000e+00,0.000000000000000000e+00,0.000000000000000000e+00,0.000000000000000000e+00,0.000000000000000000e+00
3.424657534246575152e-03,0.000000000000000000e+00,0.000000000000000000e+00,3.424657534246575152e-03,3.424657534246575152e-03,0.000000000000000000e+00,1.369863013698630061e-02,5.136986301369862729e-02,7.123287671232876317e-01,1.541095890410958957e-01,2.054794520547945091e-02,1.369863013698630061e-02,1.027397260273972546e-02,0.000000000000000000e+00,0.000000000000000000e+00,3.424657534246575152e-03,0.000000000000000000e+00,0.000000000000000000e+00,0.000000000000000000e+00,0.000000000000000000e+00,0.000000000000000000e+00,1.027397260273972546e-02
2.145922746781115872e-03,2.145922746781115872e-03,0.000000000000000000e+00,0.000000000000000000e+00,0.000000000000000000e+00,2.145922746781115872e-03,4.291845493562231745e-03,8.583690987124463490e-03,7.081545064377682552e-02,7.446351931330471574e-01,1.330472103004291806e-01,1.502145922746781111e-02,2.145922746781115872e-03,4.291845493562231745e-03,4.291845493562231745e-03,0.000000000000000000e+00,4.291845493562231745e-03,0.000000000000000000e+00,0.000000000000000000e+00,0.000000000000000000e+00,0.000000000000000000e+00,2.145922746781115872e-03
1.494768310911808720e-03,0.000000000000000000e+00,1.494768310911808720e-03,0.000000000000000000e+00,0.000000000000000000e+00,0.000000000000000000e+00,0.000000000000000000e+00,1.494768310911808720e-03,1.644245142002989657e-02,7.473841554559043643e-02,7.488789237668161958e-01,1.255605381165919299e-01,8.968609865470851886e-03,5.979073243647234880e-03,4.484304932735425943e-03,1.494768310911808720e-03,0.000000000000000000e+00,1.494768310911808720e-03,0.000000000000000000e+00,0.000000000000000000e+00,0.000000000000000000e+00,7.473841554559042949e-03
1.287001287001286959e-03,1.287001287001286959e-03,0.000000000000000000e+00,0.000000000000000000e+00,0.000000000000000000e+00,0.000000000000000000e+00,2.574002574002573918e-03,1.287001287001286959e-03,1.287001287001286959e-03,1.287001287001286916e-02,9.266409266409265932e-02,7.837837837837837718e-01,8.751608751608751235e-02,6.435006435006434579e-03,1.287001287001286959e-03,1.287001287001286959e-03,1.287001287001286959e-03,0.000000000000000000e+00,0.000000000000000000e+00,0.000000000000000000e+00,0.000000000000000000e+00,5.148005148005147837e-03
2.127659574468085141e-03,0.000000000000000000e+00,0.000000000000000000e+00,0.000000000000000000e+00,0.000000000000000000e+00,2.127659574468085141e-03,2.127659574468085141e-03,0.000000000000000000e+00,2.127659574468085141e-03,2.127659574468085141e-03,2.340425531914893525e-02,1.148936170212765950e-01,7.404255319148935754e-01,8.085106382978723971e-02,1.276595744680850998e-02,6.382978723404254991e-03,2.127659574468085141e-03,0.000000000000000000e+00,0.000000000000000000e+00,0.000000000000000000e+00,0.000000000000000000e+00,8.510638297872340566e-03
3.378378378378378566e-03,0.000000000000000000e+00,0.000000000000000000e+00,3.378378378378378566e-03,3.378378378378378566e-03,3.378378378378378566e-03,1.013513513513513570e-02,0.000000000000000000e+00,0.000000000000000000e+00,3.378378378378378566e-03,1.351351351351351426e-02,3.378378378378378566e-02,9.121621621621621434e-02,6.925675675675675436e-01,1.114864864864864857e-01,1.689189189189189283e-02,1.013513513513513570e-02,3.378378378378378566e-03,0.000000000000000000e+00,0.000000000000000000e+00,0.000000000000000000e+00,0.000000000000000000e+00
0.000000000000000000e+00,0.000000000000000000e+00,0.000000000000000000e+00,0.000000000000000000e+00,0.000000000000000000e+00,0.000000000000000000e+00,5.464480874316939886e-03,5.464480874316939886e-03,0.000000000000000000e+00,5.464480874316939886e-03,5.464480874316939886e-03,2.732240437158469856e-02,3.825136612021858007e-02,9.836065573770491621e-02,6.120218579234972811e-01,1.584699453551912662e-01,1.092896174863387977e-02,1.092896174863387977e-02,1.092896174863387977e-02,0.000000000000000000e+00,0.000000000000000000e+00,1.092896174863387977e-02
0.000000000000000000e+00,0.000000000000000000e+00,0.000000000000000000e+00,0.000000000000000000e+00,0.000000000000000000e+00,0.000000000000000000e+00,7.518796992481202590e-03,0.000000000000000000e+00,7.518796992481202590e-03,2.255639097744360777e-02,0.000000000000000000e+00,2.255639097744360777e-02,1.503759398496240518e-02,4.511278195488721554e-02,1.353383458646616466e-01,6.240601503759398705e-01,4.511278195488721554e-02,3.007518796992481036e-02,7.518796992481202590e-03,0.000000000000000000e+00,0.000000000000000000e+00,3.759398496240601295e-02
0.000000000000000000e+00,0.000000000000000000e+00,0.000000000000000000e+00,0.000000000000000000e+00,0.000000000000000000e+00,0.000000000000000000e+00,0.000000000000000000e+00,0.000000000000000000e+00,0.000000000000000000e+00,0.000000000000000000e+00,0.000000000000000000e+00,3.225806451612903136e-02,3.225806451612903136e-02,9.677419354838709409e-02,6.451612903225806273e-02,1.290322580645161255e-01,2.903225806451613100e-01,9.677419354838709409e-02,6.451612903225806273e-02,3.225806451612903136e-02,0.000000000000000000e+00,1.612903225806451568e-01
0.000000000000000000e+00,0.000000000000000000e+00,0.000000000000000000e+00,0.000000000000000000e+00,0.000000000000000000e+00,0.000000000000000000e+00,0.000000000000000000e+00,0.000000000000000000e+00,5.263157894736841813e-02,0.000000000000000000e+00,5.263157894736841813e-02,0.000000000000000000e+00,5.263157894736841813e-02,1.052631578947368363e-01,1.052631578947368363e-01,5.263157894736841813e-02,5.263157894736841813e-02,2.631578947368420907e-01,2.105263157894736725e-01,5.263157894736841813e-02,0.000000000000000000e+00,0.000000000000000000e+00
0.000000000000000000e+00,0.000000000000000000e+00,0.000000000000000000e+00,0.000000000000000000e+00,0.000000000000000000e+00,0.000000000000000000e+00,0.000000000000000000e+00,0.000000000000000000e+00,0.000000000000000000e+00,0.000000000000000000e+00,0.000000000000000000e+00,0.000000000000000000e+00,5.882352941176470507e-02,0.000000000000000000e+00,0.000000000000000000e+00,2.352941176470588203e-01,0.000000000000000000e+00,1.764705882352941291e-01,2.941176470588235392e-01,5.882352941176470507e-02,0.000000000000000000e+00,1.764705882352941291e-01
0.000000000000000000e+00,0.000000000000000000e+00,0.000000000000000000e+00,0.000000000000000000e+00,0.000000000000000000e+00,0.000000000000000000e+00,0.000000000000000000e+00,0.000000000000000000e+00,0.000000000000000000e+00,0.000000000000000000e+00,0.000000000000000000e+00,0.000000000000000000e+00,0.000000000000000000e+00,0.000000000000000000e+00,3.333333333333333148e-01,1.666666666666666574e-01,0.000000000000000000e+00,1.666666666666666574e-01,1.666666666666666574e-01,0.000000000000000000e+00,0.000000000000000000e+00,1.666666666666666574e-01
0.000000000000000000e+00,0.000000000000000000e+00,0.000000000000000000e+00,0.000000000000000000e+00,0.000000000000000000e+00,0.000000000000000000e+00,0.000000000000000000e+00,0.000000000000000000e+00,0.000000000000000000e+00,0.000000000000000000e+00,0.000000000000000000e+00,0.000000000000000000e+00,0.000000000000000000e+00,0.000000000000000000e+00,0.000000000000000000e+00,0.000000000000000000e+00,0.000000000000000000e+00,0.000000000000000000e+00,2.500000000000000000e-01,0.000000000000000000e+00,5.000000000000000000e-01,2.500000000000000000e-01
7.874015748031495954e-03,0.000000000000000000e+00,0.000000000000000000e+00,7.874015748031495954e-03,0.000000000000000000e+00,0.000000000000000000e+00,0.000000000000000000e+00,0.000000000000000000e+00,0.000000000000000000e+00,2.362204724409448786e-02,2.362204724409448786e-02,7.874015748031495954e-03,1.574803149606299191e-02,1.574803149606299191e-02,1.574803149606299191e-02,3.149606299212598381e-02,2.362204724409448786e-02,0.000000000000000000e+00,3.149606299212598381e-02,2.362204724409448786e-02,1.574803149606299191e-02,7.559055118110236116e-01
