8.738738738738738299e-01,9.009009009009008931e-03,9.009009009009008931e-03,2.702702702702702853e-02,1.801801801801801786e-02,1.801801801801801786e-02,0.000000000000000000e+00,0.000000000000000000e+00,9.009009009009008931e-03,9.009009009009008931e-03,0.000000000000000000e+00,9.009009009009008931e-03,0.000000000000000000e+00,0.000000000000000000e+00,0.000000000000000000e+00,0.000000000000000000e+00,0.000000000000000000e+00,0.000000000000000000e+00,0.000000000000000000e+00,0.000000000000000000e+00,0.000000000000000000e+00,1.801801801801801786e-02
9.523809523809523281e-02,7.142857142857143016e-01,4.761904761904761640e-02,0.000000000000000000e+00,0.000000000000000000e+00,4.761904761904761640e-02,0.000000000000000000e+00,4.761904761904761640e-02,0.000000000000000000e+00,0.000000000000000000e+00,0.000000000000000000e+00,0.000000000000000000e+00,0.000000000000000000e+00,0.000000000000000000e+00,0.000000000000000000e+00,0.000000000000000000e+00,0.000000000000000000e+00,0.000000000000000000e+00,0.000000000000000000e+00,0.000000000000000000e+00,0.000000000000000000e+00,4.761904761904761640e-02
7.894736842105262720e-02,0.000000000000000000e+00,8.684210526315789824e-01,0.000000000000000000e+00,5.263157894736841813e-02,0.000000000000000000e+00,0.000000000000000000e+00,0.000000000000000000e+00,0.000000000000000000e+00,0.000000000000000000e+00,0.000000000000000000e+00,0.000000000000000000e+00,0.000000000000000000e+00,0.000000000000000000e+00,0.000000000000000000e+00,0.000000000000000000e+00,0.000000000000000000e+00,0.000000000000000000e+00,0.000000000000000000e+00,0.000000000000000000e+00,0.000000000000000000e+00,0.000000000000000000e+00
4.615384615384615641e-02,1.538461538461538547e-02,1.538461538461538547e-02,6.307692307692307487e-01,1.076923076923076983e-01,1.538461538461538547e-02,1.538461538461538547e-02,1.230769230769230838e-01,0.000000000000000000e+00,0.000000000000000000e+00,0.000000000000000000e+00,1.538461538461538547e-02,0.000000000000000000e+00,0.000000000000000000e+00,0.000000000000000000e+00,0.000000000000000000e+00,0.000000000000000000e+00,0.000000000000000000e+00,0.000000000000000000e+00,0.000000000000000000e+00,0.000000000000000000e+00,1.538461538461538547e-02
4.225352112676056260e-02,0.000000000000000000e+00,1.408450704225352144e-02,1.267605633802816878e-01,5.774647887323943740e-01,9.859154929577464144e-02,2.816901408450704289e-02,4.225352112676056260e-02,0.000000000000000000e+00,2.816901408450704289e-02,0.000000000000000000e+00,0.000000000000000000e+00,1.408450704225352144e-02,0.000000000000000000e+00,1.408450704225352144e-02,0.000000000000000000e+00,0.000000000000000000e+00,0.000000000000000000e+00,1.408450704225352144e-02,0.000000000000000000e+00,0.000000000000000000e+00,0.000000000000000000e+00
9.708737864077669061e-03,0.000000000000000000e+00,0.000000000000000000e+00,9.708737864077669061e-03,4.854368932038834877e-02,7.766990291262135804e-01,3.883495145631067624e-02,9.708737864077669061e-03,7.766990291262135249e-02,9.708737864077669061e-03,0.000000000000000000e+00,1.941747572815533812e-02,0.000000000000000000e+00,0.000000000000000000e+00,0.000000000000000000e+00,0.000000000000000000e+00,0.000000000000000000e+00,0.000000000000000000e+00,0.000000000000000000e+00,0.000000000000000000e+00,0.000000000000000000e+00,0.000000000000000000e+00
1.136363636363636395e-02,1.136363636363636395e-02,0.000000000000000000e+00,0.000000000000000000e+00,3.409090909090908839e-02,9.090909090909091161e-02,5.340909090909090606e-01,1.818181818181818232e-01,3.409090909090908839e-02,0.000000000000000000e+00,2.272727272727272790e-02,3.409090909090908839e-02,3.409090909090908839e-02,0.000000000000000000e+00,0.000000000000000000e+00,0.000000000000000000e+00,0.000000000000000000e+00,1.136363636363636395e-02,0.000000000000000000e+00,0.000000000000000000e+00,0.000000000000000000e+00,0.000000000000000000e+00
0.000000000000000000e+00,0.000000000000000000e+00,0.000000000000000000e+00,2.536231884057971175e-02,1.086956521739130405e-02,1.449275362318840597e-02,6.521739130434782428e-02,6.666666666666666297e-01,1.376811594202898559e-01,3.623188405797101580e-02,1.086956521739130405e-02,1.086956521739130405e-02,3.623188405797101493e-03,3.623188405797101493e-03,0.000000000000000000e+00,0.000000000000000000e+00,0.000000000000000000e+00,0.000000000000000000e+00,0.000000000000000000e+00,0.000000000000000000e+00,0.000000000000000000e+00,1.449275362318840597e-02
0.000000000000000000e+00,0.000000000000000000e+00,0.000000000000000000e+00,0.000000000000000000e+00,2.525252525252525467e-03,2.525252525252525467e-03,1.010101010101010187e-02,9.343434343434343925e-02,7.171717171717171269e-01,1.262626262626262708e-01,2.272727272727272790e-02,7.575757575757575968e-03,1.010101010101010187e-02,2.525252525252525467e-03,0.000000000000000000e+00,0.000000000000000000e+00,0.000000000000000000e+00,0.000000000000000000e+00,0.000000000000000000e+00,2.525252525252525467e-03,0.000000000000000000e+00,2.525252525252525467e-03
3.316749585406301905e-03,0.000000000000000000e+00,0.000000000000000000e+00,0.000000000000000000e+00,1.658374792703150953e-03,0.000000000000000000e+00,1.658374792703150953e-03,8.291873963515754981e-03,8.126036484245439950e-02,7.379767827529021273e-01,1.210613598673300206e-01,2.321724709784411117e-02,6.633499170812603811e-03,4.975124378109452641e-03,1.658374792703150953e-03,0.000000000000000000e+00,1.658374792703150953e-03,1.658374792703150953e-03,0.000000000000000000e+00,0.000000000000000000e+00,0.000000000000000000e+00,4.975124378109452641e-03
0.000000000000000000e+00,0.000000000000000000e+00,1.538461538461538460e-03,0.000000000000000000e+00,4.615384615384615814e-03,0.000000000000000000e+00,1.538461538461538460e-03,7.692307692307692735e-03,1.538461538461538547e-02,1.123076923076923028e-01,7.046153846153846434e-01,8.923076923076922462e-02,2.153846153846153758e-02,7.692307692307692735e-03,4.615384615384615814e-03,6.153846153846153841e-03,0.000000000000000000e+00,0.000000000000000000e+00,0.000000000000000000e+00,0.000000000000000000e+00,6.153846153846153841e-03,1.692307692307692263e-02
0.000000000000000000e+00,0.000000000000000000e+00,2.336448598130840947e-03,0.000000000000000000e+00,2.336448598130840947e-03,4.672897196261681894e-03,0.000000000000000000e+00,1.401869158878504655e-02,7.009345794392523275e-03,2.336448598130841034e-02,1.098130841121495310e-01,6.542056074766354756e-01,1.051401869158878483e-01,3.271028037383177239e-02,1.869158878504672758e-02,7.009345794392523275e-03,0.000000000000000000e+00,2.336448598130840947e-03,4.672897196261681894e-03,0.000000000000000000e+00,0.000000000000000000e+00,1.168224299065420517e-02
0.000000000000000000e+00,0.000000000000000000e+00,0.000000000000000000e+00,2.770083102493074798e-03,0.000000000000000000e+00,0.000000000000000000e+00,8.310249307479224828e-03,2.770083102493074798e-03,2.770083102493074798e-03,2.493074792243767449e-02,4.709141274238227287e-02,1.108033240997229885e-01,6.121883656509695681e-01,1.108033240997229885e-01,2.493074792243767449e-02,1.108033240997229919e-02,5.540166204986149597e-03,5.540166204986149597e-03,0.000000000000000000e+00,5.540166204986149597e-03,0.000000000000000000e+00,2.493074792243767449e-02
0.000000000000000000e+00,0.000000000000000000e+00,0.000000000000000000e+00,0.000000000000000000e+00,0.000000000000000000e+00,0.000000000000000000e+00,0.000000000000000000e+00,7.604562737642585508e-03,0.000000000000000000e+00,1.901140684410646334e-02,1.520912547528517102e-02,3.041825095057034203e-02,1.330798479087452468e-01,6.273764258555133422e-01,9.505703422053231322e-02,1.901140684410646334e-02,3.041825095057034203e-02,3.802281368821292754e-03,0.000000000000000000e+00,7.604562737642585508e-03,0.000000000000000000e+00,1.140684410646387870e-02
0.000000000000000000e+00,0.000000000000000000e+00,0.000000000000000000e+00,0.000000000000000000e+00,6.896551724137930939e-03,0.000000000000000000e+00,6.896551724137930939e-03,0.000000000000000000e+00,6.896551724137930939e-03,0.000000000000000000e+00,4.827586206896551657e-02,4.827586206896551657e-02,7.586206896551724033e-02,1.379310344827586188e-01,4.482758620689655249e-01,1.034482758620689641e-01,6.896551724137930939e-03,3.448275862068965469e-02,0.000000000000000000e+00,2.068965517241379282e-02,1.379310344827586188e-02,4.137931034482758563e-02
0.000000000000000000e+00,0.000000000000000000e+00,0.000000000000000000e+00,1.333333333333333419e-02,0.000000000000000000e+00,1.333333333333333419e-02,1.333333333333333419e-02,1.333333333333333419e-02,0.000000000000000000e+00,2.666666666666666838e-02,2.666666666666666838e-02,4.000000000000000083e-02,9.333333333333333759e-02,1.066666666666666735e-01,1.199999999999999956e-01,3.333333333333333148e-01,6.666666666666666574e-02,4.000000000000000083e-02,5.333333333333333676e-02,1.333333333333333419e-02,1.333333333333333419e-02,1.333333333333333419e-02
2.083333333333333218e-02,0.000000000000000000e+00,0.000000000000000000e+00,0.000000000000000000e+00,0.000000000000000000e+00,0.000000000000000000e+00,2.083333333333333218e-02,0.000000000000000000e+00,0.000000000000000000e+00,0.000000000000000000e+00,2.083333333333333218e-02,8.333333333333332871e-02,4.166666666666666435e-02,1.041666666666666713e-01,1.041666666666666713e-01,1.666666666666666574e-01,2.708333333333333148e-01,8.333333333333332871e-02,0.000000000000000000e+00,0.000000000000000000e+00,2.083333333333333218e-02,6.250000000000000000e-02
2.777777777777777624e-02,0.000000000000000000e+00,0.000000000000000000e+00,0.000000000000000000e+00,0.000000000000000000e+00,0.000000000000000000e+00,0.000000000000000000e+00,2.777777777777777624e-02,0.000000000000000000e+00,0.000000000000000000e+00,2.777777777777777624e-02,0.000000000000000000e+00,2.777777777777777624e-02,5.555555555555555247e-02,8.333333333333332871e-02,1.111111111111111049e-01,1.666666666666666574e-01,3.611111111111111049e-01,1.111111111111111049e-01,0.000000000000000000e+00,0.000000000000000000e+00,0.000000000000000000e+00
0.000000000000000000e+00,0.000000000000000000e+00,0.000000000000000000e+00,0.000000000000000000e+00,0.000000000000000000e+00,0.000000000000000000e+00,0.000000000000000000e+00,0.000000000000000000e+00,0.000000000000000000e+00,0.000000000000000000e+00,0.000000000000000000e+00,0.000000000000000000e+00,4.761904761904761640e-02,4.761904761904761640e-02,4.761904761904761640e-02,4.761904761904761640e-02,1.904761904761904656e-01,1.428571428571428492e-01,3.333333333333333148e-01,4.761904761904761640e-02,0.000000000000000000e+00,9.523809523809523281e-02
0.000000000000000000e+00,0.000000000000000000e+00,0.000000000000000000e+00,0.000000000000000000e+00,0.000000000000000000e+00,0.000000000000000000e+00,0.000000000000000000e+00,0.000000000000000000e+00,0.000000000000000000e+00,4.000000000000000083e-02,8.000000000000000167e-02,0.000000000000000000e+00,0.000000000000000000e+00,4.000000000000000083e-02,8.000000000000000167e-02,4.000000000000000083e-02,1.199999999999999956e-01,0.000000000000000000e+00,0.000000000000000000e+00,2.399999999999999911e-01,4.000000000000000083e-02,3.200000000000000067e-01
0.000000000000000000e+00,0.000000000000000000e+00,0.000000000000000000e+00,0.000000000000000000e+00,0.000000000000000000e+00,0.000000000000000000e+00,0.000000000000000000e+00,0.000000000000000000e+00,0.000000000000000000e+00,0.000000000000000000e+00,0.000000000000000000e+00,1.333333333333333315e-01,0.000000000000000000e+00,1.333333333333333315e-01,0.000000000000000000e+00,6.666666666666666574e-02,1.333333333333333315e-01,0.000000000000000000e+00,0.000000000000000000e+00,0.000000000000000000e+00,4.000000000000000222e-01,1.333333333333333315e-01
5.681818181818181976e-03,0.000000000000000000e+00,0.000000000000000000e+00,0.000000000000000000e+00,0.000000000000000000e+00,0.000000000000000000e+00,0.000000000000000000e+00,1.136363636363636395e-02,0.000000000000000000e+00,0.000000000000000000e+00,1.704545454545454419e-02,2.272727272727272790e-02,3.409090909090908839e-02,2.272727272727272790e-02,6.818181818181817677e-02,2.272727272727272790e-02,3.409090909090908839e-02,2.840909090909090814e-02,1.136363636363636395e-02,5.681818181818181629e-02,1.704545454545454419e-02,6.477272727272727071e-01
