8.181818181818182323e-01,3.409090909090908839e-02,4.545454545454545581e-02,3.409090909090908839e-02,2.272727272727272790e-02,0.000000000000000000e+00,0.000000000000000000e+00,0.000000000000000000e+00,0.000000000000000000e+00,0.000000000000000000e+00,0.000000000000000000e+00,1.136363636363636395e-02,2.272727272727272790e-02,0.000000000000000000e+00,0.000000000000000000e+00,0.000000000000000000e+00,0.000000000000000000e+00,0.000000000000000000e+00,0.000000000000000000e+00,0.000000000000000000e+00,0.000000000000000000e+00,1.136363636363636395e-02
2.631578947368420907e-02,8.684210526315789824e-01,0.000000000000000000e+00,2.631578947368420907e-02,0.000000000000000000e+00,2.631578947368420907e-02,2.631578947368420907e-02,0.000000000000000000e+00,0.000000000000000000e+00,0.000000000000000000e+00,0.000000000000000000e+00,0.000000000000000000e+00,0.000000000000000000e+00,0.000000000000000000e+00,0.000000000000000000e+00,0.000000000000000000e+00,2.631578947368420907e-02,0.000000000000000000e+00,0.000000000000000000e+00,0.000000000000000000e+00,0.000000000000000000e+00,0.000000000000000000e+00
1.739130434782608647e-01,4.347826086956521618e-02,3.913043478260869734e-01,8.695652173913043237e-02,2.173913043478260809e-01,0.000000000000000000e+00,0.000000000000000000e+00,4.347826086956521618e-02,0.000000000000000000e+00,0.000000000000000000e+00,0.000000000000000000e+00,0.000000000000000000e+00,0.000000000000000000e+00,0.000000000000000000e+00,0.000000000000000000e+00,0.000000000000000000e+00,0.000000000000000000e+00,4.347826086956521618e-02,0.000000000000000000e+00,0.000000000000000000e+00,0.000000000000000000e+00,0.000000000000000000e+00
2.597402597402597574e-02,1.298701298701298787e-02,3.896103896103896014e-02,6.623376623376623362e-01,1.428571428571428492e-01,1.298701298701298787e-02,1.298701298701298787e-02,2.597402597402597574e-02,1.298701298701298787e-02,1.298701298701298787e-02,0.000000000000000000e+00,0.000000000000000000e+00,1.298701298701298787e-02,0.000000000000000000e+00,0.000000000000000000e+00,0.000000000000000000e+00,1.298701298701298787e-02,0.000000000000000000e+00,0.000000000000000000e+00,0.000000000000000000e+00,0.000000000000000000e+00,1.298701298701298787e-02
8.474576271186440649e-03,0.000000000000000000e+00,8.474576271186440649e-03,8.474576271186440302e-02,6.355932203389830226e-01,1.694915254237288060e-01,4.237288135593220151e-02,0.000000000000000000e+00,1.694915254237288130e-02,0.000000000000000000e+00,0.000000000000000000e+00,8.474576271186440649e-03,0.000000000000000000e+00,0.000000000000000000e+00,0.000000000000000000e+00,0.000000000000000000e+00,8.474576271186440649e-03,0.000000000000000000e+00,0.000000000000000000e+00,0.000000000000000000e+00,0.000000000000000000e+00,1.694915254237288130e-02
0.000000000000000000e+00,9.009009009009008931e-03,9.009009009009008931e-03,9.009009009009008931e-03,1.081081081081081141e-01,6.396396396396396566e-01,1.171171171171171144e-01,9.009009009009008931e-03,2.702702702702702853e-02,1.801801801801801786e-02,0.000000000000000000e+00,1.801801801801801786e-02,0.000000000000000000e+00,1.801801801801801786e-02,9.009009009009008931e-03,0.000000000000000000e+00,0.000000000000000000e+00,0.000000000000000000e+00,0.000000000000000000e+00,0.000000000000000000e+00,0.000000000000000000e+00,9.009009009009008931e-03
0.000000000000000000e+00,0.000000000000000000e+00,7.042253521126760722e-03,1.408450704225352144e-02,7.042253521126760722e-03,5.633802816901408578e-02,6.338028169014084945e-01,1.549295774647887203e-01,4.225352112676056260e-02,2.816901408450704289e-02,1.408450704225352144e-02,0.000000000000000000e+00,7.042253521126760722e-03,7.042253521126760722e-03,0.000000000000000000e+00,7.042253521126760722e-03,0.000000000000000000e+00,0.000000000000000000e+00,0.000000000000000000e+00,0.000000000000000000e+00,0.000000000000000000e+00,2.112676056338028130e-02
3.134796238244513984e-03,0.000000000000000000e+00,0.000000000000000000e+00,0.000000000000000000e+00,3.134796238244513984e-03,1.567398119122256905e-02,5.329153605015674033e-02,7.021943573667711602e-01,1.316614420062695856e-01,2.821316614420062846e-02,1.253918495297805594e-02,1.880877742946708564e-02,3.134796238244513984e-03,3.134796238244513984e-03,3.134796238244513984e-03,3.134796238244513984e-03,3.134796238244513984e-03,0.000000000000000000e+00,0.000000000000000000e+00,6.269592476489027968e-03,0.000000000000000000e+00,9.404388714733542820e-03
0.000000000000000000e+00,0.000000000000000000e+00,0.000000000000000000e+00,0.000000000000000000e+00,2.409638554216867682e-03,9.638554216867470728e-03,1.927710843373494146e-02,8.192771084337349685e-02,7.060240963855421992e-01,1.445783132530120418e-01,1.686746987951807247e-02,7.228915662650602612e-03,2.409638554216867682e-03,2.409638554216867682e-03,0.000000000000000000e+00,0.000000000000000000e+00,0.000000000000000000e+00,0.000000000000000000e+00,0.000000000000000000e+00,0.000000000000000000e+00,0.000000000000000000e+00,7.228915662650602612e-03
0.000000000000000000e+00,0.000000000000000000e+00,1.901140684410646377e-03,1.901140684410646377e-03,1.901140684410646377e-03,0.000000000000000000e+00,1.901140684410646377e-03,7.604562737642585508e-03,8.365019011406843452e-02,7.490494296577946409e-01,9.885931558935361074e-02,1.901140684410646334e-02,9.505703422053231669e-03,9.505703422053231669e-03,0.000000000000000000e+00,0.000000000000000000e+00,1.901140684410646377e-03,1.901140684410646377e-03,0.000000000000000000e+00,0.000000000000000000e+00,3.802281368821292754e-03,7.604562737642585508e-03
0.000000000000000000e+00,0.000000000000000000e+00,0.000000000000000000e+00,4.056795131845841729e-03,0.000000000000000000e+00,2.028397565922920864e-03,4.056795131845841729e-03,6.085192697768762593e-03,4.056795131845841729e-03,6.693711967545638852e-02,7.221095334685598832e-01,1.217038539553752519e-01,1.825557809330628778e-02,1.014198782961460432e-02,6.085192697768762593e-03,6.085192697768762593e-03,2.028397565922920864e-03,2.028397565922920864e-03,0.000000000000000000e+00,0.000000000000000000e+00,0.000000000000000000e+00,2.434077079107505037e-02
2.232142857142857019e-03,0.000000000000000000e+00,0.000000000000000000e+00,2.232142857142857019e-03,0.000000000000000000e+00,8.928571428571428076e-03,0.000000000000000000e+00,6.696428571428571057e-03,6.696428571428571057e-03,6.696428571428571057e-03,1.071428571428571369e-01,6.763392857142856984e-01,1.183035714285714246e-01,2.901785714285714385e-02,1.339285714285714211e-02,8.928571428571428076e-03,2.232142857142857019e-03,0.000000000000000000e+00,2.232142857142857019e-03,2.232142857142857019e-03,0.000000000000000000e+00,6.696428571428571057e-03
0.000000000000000000e+00,0.000000000000000000e+00,0.000000000000000000e+00,0.000000000000000000e+00,0.000000000000000000e+00,2.985074626865671672e-03,5.970149253731343343e-03,2.985074626865671672e-03,5.970149253731343343e-03,1.194029850746268669e-02,4.477611940298507204e-02,1.164179104477611887e-01,6.208955223880596730e-01,1.253731343283581989e-01,2.686567164179104461e-02,1.194029850746268669e-02,5.970149253731343343e-03,2.985074626865671672e-03,2.985074626865671672e-03,0.000000000000000000e+00,0.000000000000000000e+00,1.194029850746268669e-02
0.000000000000000000e+00,0.000000000000000000e+00,0.000000000000000000e+00,0.000000000000000000e+00,3.984063745019920250e-03,0.000000000000000000e+00,0.000000000000000000e+00,0.000000000000000000e+00,7.968127490039840499e-03,1.593625498007968100e-02,1.593625498007968100e-02,3.984063745019920250e-02,1.075697211155378502e-01,5.976095617529880721e-01,1.274900398406374480e-01,3.984063745019920250e-02,1.195219123505976075e-02,3.984063745019920250e-03,0.000000000000000000e+00,7.968127490039840499e-03,3.984063745019920250e-03,1.593625498007968100e-02
0.000000000000000000e+00,0.000000000000000000e+00,0.000000000000000000e+00,0.000000000000000000e+00,5.494505494505494934e-03,0.000000000000000000e+00,5.494505494505494934e-03,0.000000000000000000e+00,0.000000000000000000e+00,1.098901098901098987e-02,1.648351648351648394e-02,4.945054945054944834e-02,4.395604395604395948e-02,1.208791208791208799e-01,5.439560439560439109e-01,1.098901098901098883e-01,2.197802197802197974e-02,5.494505494505494934e-03,5.494505494505494934e-03,5.494505494505494934e-03,1.098901098901098987e-02,4.395604395604395948e-02
0.000000000000000000e+00,0.000000000000000000e+00,0.000000000000000000e+00,0.000000000000000000e+00,0.000000000000000000e+00,0.000000000000000000e+00,0.000000000000000000e+00,1.111111111111111154e-02,0.000000000000000000e+00,0.000000000000000000e+00,2.222222222222222307e-02,5.555555555555555247e-02,6.666666666666666574e-02,4.444444444444444614e-02,2.111111111111111105e-01,4.111111111111110938e-01,5.555555555555555247e-02,2.222222222222222307e-02,2.222222222222222307e-02,0.000000000000000000e+00,0.000000000000000000e+00,7.777777777777777901e-02
0.000000000000000000e+00,0.000000000000000000e+00,1.785714285714285615e-02,0.000000000000000000e+00,0.000000000000000000e+00,0.000000000000000000e+00,0.000000000000000000e+00,0.000000000000000000e+00,0.000000000000000000e+00,0.000000000000000000e+00,1.785714285714285615e-02,7.142857142857142461e-02,3.571428571428571230e-02,7.142857142857142461e-02,1.607142857142857262e-01,1.071428571428571369e-01,3.571428571428571508e-01,7.142857142857142461e-02,1.785714285714285615e-02,0.000000000000000000e+00,0.000000000000000000e+00,7.142857142857142461e-02
2.702702702702702853e-02,0.000000000000000000e+00,0.000000000000000000e+00,0.000000000000000000e+00,0.000000000000000000e+00,0.000000000000000000e+00,0.000000000000000000e+00,0.000000000000000000e+00,0.000000000000000000e+00,0.000000000000000000e+00,0.000000000000000000e+00,5.405405405405405705e-02,8.108108108108108558e-02,5.405405405405405705e-02,2.702702702702702853e-02,5.405405405405405705e-02,8.108108108108108558e-02,3.513513513513513709e-01,1.081081081081081141e-01,5.405405405405405705e-02,0.000000000000000000e+00,1.081081081081081141e-01
0.000000000000000000e+00,0.000000000000000000e+00,0.000000000000000000e+00,0.000000000000000000e+00,0.000000000000000000e+00,0.000000000000000000e+00,0.000000000000000000e+00,0.000000000000000000e+00,4.166666666666666435e-02,0.000000000000000000e+00,4.166666666666666435e-02,4.166666666666666435e-02,4.166666666666666435e-02,0.000000000000000000e+00,4.166666666666666435e-02,0.000000000000000000e+00,8.333333333333332871e-02,2.500000000000000000e-01,3.333333333333333148e-01,4.166666666666666435e-02,4.166666666666666435e-02,4.166666666666666435e-02
0.000000000000000000e+00,0.000000000000000000e+00,0.000000000000000000e+00,6.666666666666666574e-02,0.000000000000000000e+00,0.000000000000000000e+00,0.000000000000000000e+00,6.666666666666666574e-02,0.000000000000000000e+00,0.000000000000000000e+00,0.000000000000000000e+00,0.000000000000000000e+00,6.666666666666666574e-02,1.333333333333333315e-01,6.666666666666666574e-02,6.666666666666666574e-02,0.000000000000000000e+00,6.666666666666666574e-02,1.333333333333333315e-01,2.666666666666666630e-01,0.000000000000000000e+00,6.666666666666666574e-02
0.000000000000000000e+00,0.000000000000000000e+00,0.000000000000000000e+00,0.000000000000000000e+00,0.000000000000000000e+00,0.000000000000000000e+00,0.000000000000000000e+00,0.000000000000000000e+00,0.000000000000000000e+00,0.000000000000000000e+00,1.428571428571428492e-01,0.000000000000000000e+00,0.000000000000000000e+00,7.142857142857142461e-02,7.142857142857142461e-02,7.142857142857142461e-02,1.428571428571428492e-01,0.000000000000000000e+00,0.000000000000000000e+00,0.000000000000000000e+00,2.142857142857142738e-01,2.857142857142856984e-01
4.694835680751173815e-03,0.000000000000000000e+00,0.000000000000000000e+00,4.694835680751173815e-03,0.000000000000000000e+00,0.000000000000000000e+00,4.694835680751173815e-03,9.389671361502347630e-03,9.389671361502347630e-03,9.389671361502347630e-03,2.347417840375586734e-02,2.347417840375586734e-02,9.389671361502347630e-03,1.408450704225352144e-02,2.347417840375586734e-02,2.347417840375586734e-02,2.347417840375586734e-02,2.347417840375586734e-02,1.877934272300469526e-02,1.408450704225352144e-02,2.347417840375586734e-02,7.370892018779342525e-01
