8.611111111111111605e-01,5.158730158730158444e-02,2.777777777777777624e-02,3.968253968253968034e-02,1.190476190476190410e-02,3.968253968253968034e-03,0.000000000000000000e+00,0.000000000000000000e+00,3.968253968253968034e-03,0.000000000000000000e+00,0.000000000000000000e+00,0.000000000000000000e+00,0.000000000000000000e+00,0.000000000000000000e+00,0.000000000000000000e+00,0.000000000000000000e+00,0.000000000000000000e+00,0.000000000000000000e+00,0.000000000000000000e+00,0.000000000000000000e+00,0.000000000000000000e+00,0.000000000000000000e+00
6.635071090047393871e-02,7.535545023696682554e-01,1.374407582938388661e-01,2.369668246445497464e-02,0.000000000000000000e+00,0.000000000000000000e+00,4.739336492890995622e-03,9.478672985781991245e-03,0.000000000000000000e+00,0.000000000000000000e+00,0.000000000000000000e+00,0.000000000000000000e+00,0.000000000000000000e+00,0.000000000000000000e+00,0.000000000000000000e+00,0.000000000000000000e+00,4.739336492890995622e-03,0.000000000000000000e+00,0.000000000000000000e+00,0.000000000000000000e+00,0.000000000000000000e+00,0.000000000000000000e+00
9.408602150537634726e-03,3.629032258064516375e-02,8.306451612903226200e-01,1.021505376344086086e-01,1.344086021505376365e-02,1.344086021505376451e-03,1.344086021505376451e-03,0.000000000000000000e+00,1.344086021505376451e-03,0.000000000000000000e+00,0.000000000000000000e+00,0.000000000000000000e+00,0.000000000000000000e+00,0.000000000000000000e+00,0.000000000000000000e+00,2.688172043010752903e-03,0.000000000000000000e+00,0.000000000000000000e+00,0.000000000000000000e+00,0.000000000000000000e+00,1.344086021505376451e-03,0.000000000000000000e+00
7.200720072007200413e-03,5.400540054005400527e-03,5.490549054905490695e-02,8.001800180018001640e-01,1.044104410441044073e-01,1.530153015301530077e-02,3.600360036003600207e-03,0.000000000000000000e+00,0.000000000000000000e+00,9.000900090009000517e-04,1.800180018001800103e-03,0.000000000000000000e+00,0.000000000000000000e+00,0.000000000000000000e+00,1.800180018001800103e-03,9.000900090009000517e-04,9.000900090009000517e-04,0.000000000000000000e+00,0.000000000000000000e+00,9.000900090009000517e-04,0.000000000000000000e+00,1.800180018001800103e-03
6.764374295377677260e-03,1.127395715896279543e-03,9.019165727170236346e-03,1.104847801578354022e-01,7.576099210822998531e-01,7.215332581736189077e-02,1.014656144306651589e-02,7.891770011273956803e-03,2.254791431792559087e-03,2.254791431792559087e-03,4.509582863585118173e-03,1.127395715896279543e-03,1.127395715896279543e-03,2.254791431792559087e-03,0.000000000000000000e+00,1.127395715896279543e-03,0.000000000000000000e+00,1.127395715896279543e-03,0.000000000000000000e+00,1.127395715896279543e-03,2.254791431792559087e-03,5.636978579481397716e-03
0.000000000000000000e+00,6.116207951070336442e-03,6.116207951070336442e-03,5.504587155963303058e-02,2.110091743119266172e-01,5.596330275229357554e-01,7.339449541284404077e-02,2.446483180428134577e-02,1.834862385321101019e-02,9.174311926605505096e-03,6.116207951070336442e-03,0.000000000000000000e+00,0.000000000000000000e+00,3.058103975535168221e-03,6.116207951070336442e-03,3.058103975535168221e-03,0.000000000000000000e+00,3.058103975535168221e-03,3.058103975535168221e-03,0.000000000000000000e+00,0.000000000000000000e+00,1.223241590214067288e-02
0.000000000000000000e+00,0.000000000000000000e+00,0.000000000000000000e+00,1.000000000000000021e-02,1.300000000000000044e-01,3.099999999999999978e-01,3.599999999999999867e-01,1.199999999999999956e-01,2.000000000000000042e-02,2.000000000000000042e-02,0.000000000000000000e+00,0.000000000000000000e+00,0.000000000000000000e+00,0.000000000000000000e+00,0.000000000000000000e+00,0.000000000000000000e+00,0.000000000000000000e+00,0.000000000000000000e+00,0.000000000000000000e+00,2.000000000000000042e-02,0.000000000000000000e+00,1.000000000000000021e-02
1.515151515151515194e-02,1.515151515151515194e-02,3.030303030303030387e-02,1.515151515151515194e-02,1.363636363636363535e-01,9.090909090909091161e-02,2.575757575757575690e-01,3.484848484848485084e-01,3.030303030303030387e-02,0.000000000000000000e+00,0.000000000000000000e+00,1.515151515151515194e-02,0.000000000000000000e+00,0.000000000000000000e+00,0.000000000000000000e+00,0.000000000000000000e+00,0.000000000000000000e+00,0.000000000000000000e+00,0.000000000000000000e+00,0.000000000000000000e+00,0.000000000000000000e+00,4.545454545454545581e-02
0.000000000000000000e+00,0.000000000000000000e+00,2.040816326530612082e-02,0.000000000000000000e+00,4.081632653061224164e-02,1.428571428571428492e-01,4.081632653061224164e-02,1.224489795918367319e-01,4.081632653061224580e-01,8.163265306122448328e-02,0.000000000000000000e+00,2.040816326530612082e-02,0.000000000000000000e+00,0.000000000000000000e+00,0.000000000000000000e+00,4.081632653061224164e-02,2.040816326530612082e-02,0.000000000000000000e+00,0.000000000000000000e+00,2.040816326530612082e-02,0.000000000000000000e+00,4.081632653061224164e-02
0.000000000000000000e+00,0.000000000000000000e+00,0.000000000000000000e+00,3.846153846153846367e-02,7.692307692307692735e-02,1.153846153846153910e-01,1.153846153846153910e-01,3.846153846153846367e-02,7.692307692307692735e-02,3.076923076923077094e-01,3.846153846153846367e-02,1.153846153846153910e-01,0.000000000000000000e+00,0.000000000000000000e+00,0.000000000000000000e+00,0.000000000000000000e+00,0.000000000000000000e+00,3.846153846153846367e-02,0.000000000000000000e+00,0.000000000000000000e+00,0.000000000000000000e+00,3.846153846153846367e-02
0.000000000000000000e+00,0.000000000000000000e+00,0.000000000000000000e+00,3.846153846153846367e-02,3.846153846153846367e-02,1.153846153846153910e-01,7.692307692307692735e-02,1.153846153846153910e-01,3.846153846153846367e-02,3.846153846153846367e-02,3.076923076923077094e-01,1.153846153846153910e-01,0.000000000000000000e+00,3.846153846153846367e-02,0.000000000000000000e+00,0.000000000000000000e+00,0.000000000000000000e+00,0.000000000000000000e+00,0.000000000000000000e+00,0.000000000000000000e+00,0.000000000000000000e+00,7.692307692307692735e-02
0.000000000000000000e+00,0.000000000000000000e+00,0.000000000000000000e+00,0.000000000000000000e+00,0.000000000000000000e+00,1.153846153846153910e-01,0.000000000000000000e+00,3.846153846153846367e-02,7.692307692307692735e-02,7.692307692307692735e-02,1.538461538461538547e-01,4.230769230769230727e-01,0.000000000000000000e+00,0.000000000000000000e+00,0.000000000000000000e+00,7.692307692307692735e-02,3.846153846153846367e-02,0.000000000000000000e+00,0.000000000000000000e+00,0.000000000000000000e+00,0.000000000000000000e+00,0.000000000000000000e+00
0.000000000000000000e+00,0.000000000000000000e+00,0.000000000000000000e+00,0.000000000000000000e+00,0.000000000000000000e+00,0.000000000000000000e+00,1.250000000000000000e-01,0.000000000000000000e+00,0.000000000000000000e+00,1.250000000000000000e-01,0.000000000000000000e+00,1.250000000000000000e-01,5.000000000000000000e-01,0.000000000000000000e+00,1.250000000000000000e-01,0.000000000000000000e+00,0.000000000000000000e+00,0.000000000000000000e+00,0.000000000000000000e+00,0.000000000000000000e+00,0.000000000000000000e+00,0.000000000000000000e+00
0.000000000000000000e+00,0.000000000000000000e+00,0.000000000000000000e+00,0.000000000000000000e+00,1.666666666666666574e-01,0.000000000000000000e+00,0.000000000000000000e+00,5.555555555555555247e-02,0.000000000000000000e+00,5.555555555555555247e-02,1.111111111111111049e-01,0.000000000000000000e+00,0.000000000000000000e+00,3.333333333333333148e-01,1.666666666666666574e-01,0.000000000000000000e+00,0.000000000000000000e+00,0.000000000000000000e+00,5.555555555555555247e-02,0.000000000000000000e+00,0.000000000000000000e+00,5.555555555555555247e-02
4.166666666666666435e-02,0.000000000000000000e+00,0.000000000000000000e+00,0.000000000000000000e+00,4.166666666666666435e-02,4.166666666666666435e-02,8.333333333333332871e-02,0.000000000000000000e+00,4.166666666666666435e-02,0.000000000000000000e+00,0.000000000000000000e+00,4.166666666666666435e-02,0.000000000000000000e+00,1.250000000000000000e-01,4.166666666666666852e-01,0.000000000000000000e+00,4.166666666666666435e-02,0.000000000000000000e+00,0.000000000000000000e+00,0.000000000000000000e+00,0.000000000000000000e+00,1.250000000000000000e-01
0.000000000000000000e+00,0.000000000000000000e+00,0.000000000000000000e+00,0.000000000000000000e+00,2.500000000000000000e-01,8.333333333333332871e-02,0.000000000000000000e+00,0.000000000000000000e+00,8.333333333333332871e-02,0.000000000000000000e+00,0.000000000000000000e+00,8.333333333333332871e-02,0.000000000000000000e+00,8.333333333333332871e-02,8.333333333333332871e-02,0.000000000000000000e+00,0.000000000000000000e+00,8.333333333333332871e-02,0.000000000000000000e+00,0.000000000000000000e+00,0.000000000000000000e+00,2.500000000000000000e-01
0.000000000000000000e+00,0.000000000000000000e+00,0.000000000000000000e+00,0.000000000000000000e+00,0.000000000000000000e+00,0.000000000000000000e+00,1.250000000000000000e-01,0.000000000000000000e+00,1.250000000000000000e-01,0.000000000000000000e+00,0.000000000000000000e+00,0.000000000000000000e+00,0.000000000000000000e+00,1.250000000000000000e-01,0.000000000000000000e+00,1.250000000000000000e-01,1.250000000000000000e-01,0.000000000000000000e+00,1.250000000000000000e-01,0.000000000000000000e+00,0.000000000000000000e+00,2.500000000000000000e-01
0.000000000000000000e+00,0.000000000000000000e+00,0.000000000000000000e+00,0.000000000000000000e+00,1.052631578947368363e-01,5.263157894736841813e-02,0.000000000000000000e+00,5.263157894736841813e-02,0.000000000000000000e+00,0.000000000000000000e+00,0.000000000000000000e+00,0.000000000000000000e+00,0.000000000000000000e+00,0.000000000000000000e+00,5.263157894736841813e-02,0.000000000000000000e+00,0.000000000000000000e+00,4.736842105263157632e-01,1.578947368421052544e-01,5.263157894736841813e-02,0.000000000000000000e+00,5.263157894736841813e-02
0.000000000000000000e+00,0.000000000000000000e+00,0.000000000000000000e+00,0.000000000000000000e+00,0.000000000000000000e+00,8.333333333333332871e-02,8.333333333333332871e-02,0.000000000000000000e+00,8.333333333333332871e-02,0.000000000000000000e+00,8.333333333333332871e-02,0.000000000000000000e+00,0.000000000000000000e+00,0.000000000000000000e+00,0.000000000000000000e+00,0.000000000000000000e+00,8.333333333333332871e-02,1.666666666666666574e-01,8.333333333333332871e-02,8.333333333333332871e-02,0.000000000000000000e+00,2.500000000000000000e-01
0.000000000000000000e+00,0.000000000000000000e+00,0.000000000000000000e+00,0.000000000000000000e+00,1.000000000000000056e-01,0.000000000000000000e+00,0.000000000000000000e+00,0.000000000000000000e+00,0.000000000000000000e+00,0.000000000000000000e+00,0.000000000000000000e+00,1.000000000000000056e-01,0.000000000000000000e+00,0.000000000000000000e+00,0.000000000000000000e+00,1.000000000000000056e-01,0.000000000000000000e+00,0.000000000000000000e+00,4.000000000000000222e-01,1.000000000000000056e-01,0.000000000000000000e+00,2.000000000000000111e-01
0.000000000000000000e+00,0.000000000000000000e+00,0.000000000000000000e+00,0.000000000000000000e+00,2.000000000000000111e-01,2.000000000000000111e-01,0.000000000000000000e+00,0.000000000000000000e+00,0.000000000000000000e+00,0.000000000000000000e+00,0.000000000000000000e+00,0.000000000000000000e+00,0.000000000000000000e+00,0.000000000000000000e+00,2.000000000000000111e-01,0.000000000000000000e+00,0.000000000000000000e+00,0.000000000000000000e+00,0.000000000000000000e+00,0.000000000000000000e+00,2.000000000000000111e-01,2.000000000000000111e-01
0.000000000000000000e+00,0.000000000000000000e+00,0.000000000000000000e+00,1.351351351351351426e-02,5.405405405405405705e-02,2.702702702702702853e-02,2.702702702702702853e-02,4.054054054054054279e-02,6.756756756756757132e-02,1.351351351351351426e-02,2.702702702702702853e-02,2.702702702702702853e-02,0.000000000000000000e+00,2.702702702702702853e-02,1.351351351351351426e-02,1.351351351351351426e-02,1.351351351351351426e-02,1.351351351351351426e-02,0.000000000000000000e+00,2.702702702702702853e-02,4.054054054054054279e-02,5.540540540540540571e-01
