8.555555555555555136e-01,1.111111111111111154e-02,3.333333333333333287e-02,1.111111111111111154e-02,0.000000000000000000e+00,1.111111111111111154e-02,1.111111111111111154e-02,0.000000000000000000e+00,0.000000000000000000e+00,0.000000000000000000e+00,2.222222222222222307e-02,0.000000000000000000e+00,2.222222222222222307e-02,0.000000000000000000e+00,0.000000000000000000e+00,0.000000000000000000e+00,0.000000000000000000e+00,0.000000000000000000e+00,0.000000000000000000e+00,2.222222222222222307e-02,0.000000000000000000e+00,0.000000000000000000e+00
1.562500000000000000e-01,6.875000000000000000e-01,3.125000000000000000e-02,3.125000000000000000e-02,6.250000000000000000e-02,0.000000000000000000e+00,0.000000000000000000e+00,0.000000000000000000e+00,0.000000000000000000e+00,0.000000000000000000e+00,0.000000000000000000e+00,0.000000000000000000e+00,3.125000000000000000e-02,0.000000000000000000e+00,0.000000000000000000e+00,0.000000000000000000e+00,0.000000000000000000e+00,0.000000000000000000e+00,0.000000000000000000e+00,0.000000000000000000e+00,0.000000000000000000e+00,0.000000000000000000e+00
7.894736842105262720e-02,7.894736842105262720e-02,6.578947368421053099e-01,2.631578947368420907e-02,5.263157894736841813e-02,2.631578947368420907e-02,2.631578947368420907e-02,0.000000000000000000e+00,2.631578947368420907e-02,0.000000000000000000e+00,0.000000000000000000e+00,0.000000000000000000e+00,0.000000000000000000e+00,0.000000000000000000e+00,0.000000000000000000e+00,0.000000000000000000e+00,2.631578947368420907e-02,0.000000000000000000e+00,0.000000000000000000e+00,0.000000000000000000e+00,0.000000000000000000e+00,0.000000000000000000e+00
4.347826086956521618e-02,0.000000000000000000e+00,0.000000000000000000e+00,8.260869565217391353e-01,0.000000000000000000e+00,0.000000000000000000e+00,8.695652173913043237e-02,4.347826086956521618e-02,0.000000000000000000e+00,0.000000000000000000e+00,0.000000000000000000e+00,0.000000000000000000e+00,0.000000000000000000e+00,0.000000000000000000e+00,0.000000000000000000e+00,0.000000000000000000e+00,0.000000000000000000e+00,0.000000000000000000e+00,0.000000000000000000e+00,0.000000000000000000e+00,0.000000000000000000e+00,0.000000000000000000e+00
0.000000000000000000e+00,0.000000000000000000e+00,2.564102564102564014e-02,0.000000000000000000e+00,6.923076923076922906e-01,1.025641025641025605e-01,7.692307692307692735e-02,2.564102564102564014e-02,0.000000000000000000e+00,0.000000000000000000e+00,0.000000000000000000e+00,0.000000000000000000e+00,2.564102564102564014e-02,0.000000000000000000e+00,2.564102564102564014e-02,0.000000000000000000e+00,0.000000000000000000e+00,0.000000000000000000e+00,0.000000000000000000e+00,0.000000000000000000e+00,0.000000000000000000e+00,2.564102564102564014e-02
1.408450704225352144e-02,2.816901408450704289e-02,1.408450704225352144e-02,0.000000000000000000e+00,1.408450704225352144e-02,6.760563380281690016e-01,7.042253521126760896e-02,7.042253521126760896e-02,7.042253521126760896e-02,1.408450704225352144e-02,0.000000000000000000e+00,0.000000000000000000e+00,1.408450704225352144e-02,0.000000000000000000e+00,0.000000000000000000e+00,0.000000000000000000e+00,1.408450704225352144e-02,0.000000000000000000e+00,0.000000000000000000e+00,0.000000000000000000e+00,0.000000000000000000e+00,0.000000000000000000e+00
0.000000000000000000e+00,6.578947368421052266e-03,1.315789473684210453e-02,0.000000000000000000e+00,1.315789473684210453e-02,4.605263157894736586e-02,7.236842105263158187e-01,1.118421052631578955e-01,2.631578947368420907e-02,2.631578947368420907e-02,6.578947368421052266e-03,0.000000000000000000e+00,6.578947368421052266e-03,1.315789473684210453e-02,0.000000000000000000e+00,6.578947368421052266e-03,0.000000000000000000e+00,0.000000000000000000e+00,0.000000000000000000e+00,0.000000000000000000e+00,0.000000000000000000e+00,0.000000000000000000e+00
6.134969325153374377e-03,6.134969325153374377e-03,0.000000000000000000e+00,1.226993865030674875e-02,6.134969325153374377e-03,1.226993865030674875e-02,7.361963190184049599e-02,6.012269938650306456e-01,2.024539877300613466e-01,1.840490797546012400e-02,1.840490797546012400e-02,1.226993865030674875e-02,1.226993865030674875e-02,6.134969325153374377e-03,6.134969325153374377e-03,6.134969325153374377e-03,0.000000000000000000e+00,0.000000000000000000e+00,0.000000000000000000e+00,0.000000000000000000e+00,0.000000000000000000e+00,0.000000000000000000e+00
0.000000000000000000e+00,0.000000000000000000e+00,2.604166666666666522e-03,0.000000000000000000e+00,0.000000000000000000e+00,1.562500000000000000e-02,1.041666666666666609e-02,4.687500000000000000e-02,7.291666666666666297e-01,1.432291666666666574e-01,2.343750000000000000e-02,2.604166666666666522e-03,7.812500000000000000e-03,2.604166666666666522e-03,5.208333333333333044e-03,2.604166666666666522e-03,0.000000000000000000e+00,2.604166666666666522e-03,0.000000000000000000e+00,0.000000000000000000e+00,0.000000000000000000e+00,5.208333333333333044e-03
0.000000000000000000e+00,0.000000000000000000e+00,0.000000000000000000e+00,0.000000000000000000e+00,3.809523809523809521e-03,0.000000000000000000e+00,5.714285714285714281e-03,1.142857142857142856e-02,7.428571428571428825e-02,7.142857142857143016e-01,1.371428571428571497e-01,3.047619047619047616e-02,7.619047619047619041e-03,5.714285714285714281e-03,1.904761904761904760e-03,0.000000000000000000e+00,1.904761904761904760e-03,0.000000000000000000e+00,0.000000000000000000e+00,0.000000000000000000e+00,0.000000000000000000e+00,5.714285714285714281e-03
1.538461538461538460e-03,0.000000000000000000e+00,1.538461538461538460e-03,0.000000000000000000e+00,0.000000000000000000e+00,0.000000000000000000e+00,3.076923076923076920e-03,7.692307692307692735e-03,1.846153846153846326e-02,7.384615384615385303e-02,7.230769230769230616e-01,1.292307692307692324e-01,1.538461538461538547e-02,1.076923076923076879e-02,4.615384615384615814e-03,0.000000000000000000e+00,1.538461538461538460e-03,0.000000000000000000e+00,0.000000000000000000e+00,0.000000000000000000e+00,0.000000000000000000e+00,9.230769230769231629e-03
0.000000000000000000e+00,1.694915254237288086e-03,0.000000000000000000e+00,0.000000000000000000e+00,1.694915254237288086e-03,0.000000000000000000e+00,1.694915254237288086e-03,0.000000000000000000e+00,1.186440677966101725e-02,2.033898305084745617e-02,8.983050847457627053e-02,7.033898305084745894e-01,1.135593220338983050e-01,3.898305084745763011e-02,1.016949152542372808e-02,1.694915254237288086e-03,0.000000000000000000e+00,1.694915254237288086e-03,1.694915254237288086e-03,0.000000000000000000e+00,0.000000000000000000e+00,1.694915254237288086e-03
3.164556962025316406e-03,0.000000000000000000e+00,0.000000000000000000e+00,0.000000000000000000e+00,0.000000000000000000e+00,0.000000000000000000e+00,3.164556962025316406e-03,6.329113924050632813e-03,3.164556962025316406e-03,2.848101265822784722e-02,4.746835443037975000e-02,1.360759493670886111e-01,5.537974683544303334e-01,1.455696202531645556e-01,3.797468354430379861e-02,3.164556962025316406e-03,9.493670886075949653e-03,0.000000000000000000e+00,3.164556962025316406e-03,3.164556962025316406e-03,0.000000000000000000e+00,1.582278481012658333e-02
0.000000000000000000e+00,0.000000000000000000e+00,0.000000000000000000e+00,0.000000000000000000e+00,0.000000000000000000e+00,0.000000000000000000e+00,0.000000000000000000e+00,3.225806451612903223e-03,1.290322580645161289e-02,0.000000000000000000e+00,3.870967741935484041e-02,6.451612903225806273e-02,1.000000000000000056e-01,6.258064516129032695e-01,9.677419354838709409e-02,2.903225806451613031e-02,6.451612903225806446e-03,3.225806451612903223e-03,0.000000000000000000e+00,3.225806451612903223e-03,0.000000000000000000e+00,1.612903225806451568e-02
0.000000000000000000e+00,0.000000000000000000e+00,0.000000000000000000e+00,0.000000000000000000e+00,0.000000000000000000e+00,0.000000000000000000e+00,5.319148936170212637e-03,5.319148936170212637e-03,0.000000000000000000e+00,0.000000000000000000e+00,3.723404255319148759e-02,3.723404255319148759e-02,3.191489361702127409e-02,9.574468085106382920e-02,6.063829787234042978e-01,1.063829787234042562e-01,3.723404255319148759e-02,5.319148936170212637e-03,5.319148936170212637e-03,5.319148936170212637e-03,0.000000000000000000e+00,2.127659574468085055e-02
0.000000000000000000e+00,0.000000000000000000e+00,0.000000000000000000e+00,0.000000000000000000e+00,0.000000000000000000e+00,1.219512195121951262e-02,0.000000000000000000e+00,0.000000000000000000e+00,1.219512195121951262e-02,1.219512195121951262e-02,1.219512195121951262e-02,3.658536585365853439e-02,6.097560975609755962e-02,1.097560975609756101e-01,1.707317073170731836e-01,3.292682926829268442e-01,1.463414634146341375e-01,1.219512195121951262e-02,3.658536585365853439e-02,1.219512195121951262e-02,1.219512195121951262e-02,2.439024390243902524e-02
0.000000000000000000e+00,0.000000000000000000e+00,0.000000000000000000e+00,0.000000000000000000e+00,0.000000000000000000e+00,0.000000000000000000e+00,0.000000000000000000e+00,0.000000000000000000e+00,1.639344262295082053e-02,0.000000000000000000e+00,0.000000000000000000e+00,4.918032786885245811e-02,1.639344262295082053e-02,3.278688524590164105e-02,9.836065573770491621e-02,1.967213114754098324e-01,2.786885245901639108e-01,1.147540983606557402e-01,3.278688524590164105e-02,1.639344262295082053e-02,4.918032786885245811e-02,9.836065573770491621e-02
0.000000000000000000e+00,0.000000000000000000e+00,0.000000000000000000e+00,0.000000000000000000e+00,0.000000000000000000e+00,0.000000000000000000e+00,0.000000000000000000e+00,0.000000000000000000e+00,0.000000000000000000e+00,2.439024390243902524e-02,2.439024390243902524e-02,0.000000000000000000e+00,0.000000000000000000e+00,4.878048780487805047e-02,2.439024390243902524e-02,2.439024390243902524e-02,1.707317073170731836e-01,4.390243902439024404e-01,1.463414634146341375e-01,2.439024390243902524e-02,0.000000000000000000e+00,7.317073170731706877e-02
0.000000000000000000e+00,0.000000000000000000e+00,0.000000000000000000e+00,0.000000000000000000e+00,0.000000000000000000e+00,0.000000000000000000e+00,0.000000000000000000e+00,0.000000000000000000e+00,0.000000000000000000e+00,0.000000000000000000e+00,0.000000000000000000e+00,0.000000000000000000e+00,0.000000000000000000e+00,0.000000000000000000e+00,0.000000000000000000e+00,1.176470588235294101e-01,8.823529411764706454e-02,1.470588235294117696e-01,3.529411764705882582e-01,8.823529411764706454e-02,5.882352941176470507e-02,1.470588235294117696e-01
0.000000000000000000e+00,0.000000000000000000e+00,0.000000000000000000e+00,0.000000000000000000e+00,0.000000000000000000e+00,0.000000000000000000e+00,0.000000000000000000e+00,0.000000000000000000e+00,0.000000000000000000e+00,0.000000000000000000e+00,8.333333333333332871e-02,0.000000000000000000e+00,4.166666666666666435e-02,0.000000000000000000e+00,0.000000000000000000e+00,0.000000000000000000e+00,4.166666666666666435e-02,8.333333333333332871e-02,1.250000000000000000e-01,3.750000000000000000e-01,4.166666666666666435e-02,2.083333333333333426e-01
0.000000000000000000e+00,0.000000000000000000e+00,0.000000000000000000e+00,0.000000000000000000e+00,0.000000000000000000e+00,0.000000000000000000e+00,0.000000000000000000e+00,0.000000000000000000e+00,0.000000000000000000e+00,0.000000000000000000e+00,6.666666666666666574e-02,0.000000000000000000e+00,0.000000000000000000e+00,0.000000000000000000e+00,0.000000000000000000e+00,0.000000000000000000e+00,1.333333333333333315e-01,0.000000000000000000e+00,6.666666666666666574e-02,6.666666666666666574e-02,3.333333333333333148e-01,3.333333333333333148e-01
0.000000000000000000e+00,5.347593582887700224e-03,5.347593582887700224e-03,0.000000000000000000e+00,0.000000000000000000e+00,0.000000000000000000e+00,0.000000000000000000e+00,0.000000000000000000e+00,0.000000000000000000e+00,1.604278074866310327e-02,3.208556149732620655e-02,2.673796791443850199e-02,3.208556149732620655e-02,1.604278074866310327e-02,5.347593582887700224e-03,2.673796791443850199e-02,1.604278074866310327e-02,2.673796791443850199e-02,3.208556149732620655e-02,1.604278074866310327e-02,3.743315508021390070e-02,7.058823529411765163e-01
