6.857142857142857206e-01,1.190476190476190410e-01,1.587301587301587213e-02,4.761904761904762334e-03,3.174603174603174600e-03,1.587301587301587300e-03,3.174603174603174600e-03,1.587301587301587300e-03,1.587301587301587300e-03,3.174603174603174600e-03,3.174603174603174600e-03,1.587301587301587300e-03,0.000000000000000000e+00,0.000000000000000000e+00,1.587301587301587300e-03,0.000000000000000000e+00,0.000000000000000000e+00,3.174603174603174600e-03,7.936507936507936067e-03,3.333333333333333287e-02,1.095238095238095233e-01
1.723163841807909546e-01,5.960451977401129975e-01,9.039548022598870025e-02,3.954802259887005983e-02,1.412429378531073441e-02,2.824858757062146883e-03,8.474576271186440649e-03,0.000000000000000000e+00,2.824858757062146883e-03,0.000000000000000000e+00,8.474576271186440649e-03,0.000000000000000000e+00,0.000000000000000000e+00,0.000000000000000000e+00,0.000000000000000000e+00,0.000000000000000000e+00,0.000000000000000000e+00,5.649717514124293766e-03,8.474576271186440649e-03,1.129943502824858753e-02,3.954802259887005983e-02
5.769230769230769551e-02,1.230769230769230838e-01,6.076923076923076428e-01,6.538461538461538824e-02,1.923076923076923184e-02,7.692307692307692735e-03,1.153846153846153910e-02,3.846153846153846367e-03,3.846153846153846367e-03,3.846153846153846367e-03,3.461538461538461731e-02,0.000000000000000000e+00,0.000000000000000000e+00,0.000000000000000000e+00,0.000000000000000000e+00,0.000000000000000000e+00,0.000000000000000000e+00,0.000000000000000000e+00,3.846153846153846367e-03,3.076923076923077094e-02,2.692307692307692457e-02
3.870967741935484041e-02,4.516129032258064252e-02,1.419354838709677435e-01,5.483870967741935054e-01,7.741935483870968082e-02,1.935483870967742021e-02,1.935483870967742021e-02,1.935483870967742021e-02,0.000000000000000000e+00,0.000000000000000000e+00,1.935483870967742021e-02,0.000000000000000000e+00,0.000000000000000000e+00,1.290322580645161289e-02,0.000000000000000000e+00,0.000000000000000000e+00,0.000000000000000000e+00,6.451612903225806446e-03,6.451612903225806446e-03,6.451612903225806446e-03,3.870967741935484041e-02
1.162790697674418589e-02,3.488372093023255766e-02,1.162790697674418589e-01,1.279069767441860517e-01,5.116279069767442067e-01,9.302325581395348708e-02,0.000000000000000000e+00,2.325581395348837177e-02,1.162790697674418589e-02,0.000000000000000000e+00,0.000000000000000000e+00,1.162790697674418589e-02,0.000000000000000000e+00,0.000000000000000000e+00,0.000000000000000000e+00,1.162790697674418589e-02,0.000000000000000000e+00,0.000000000000000000e+00,1.162790697674418589e-02,2.325581395348837177e-02,1.162790697674418589e-02
1.587301587301587213e-02,3.174603174603174427e-02,3.174603174603174427e-02,6.349206349206348854e-02,1.428571428571428492e-01,5.714285714285713969e-01,7.936507936507936067e-02,0.000000000000000000e+00,0.000000000000000000e+00,0.000000000000000000e+00,3.174603174603174427e-02,0.000000000000000000e+00,0.000000000000000000e+00,0.000000000000000000e+00,0.000000000000000000e+00,0.000000000000000000e+00,0.000000000000000000e+00,0.000000000000000000e+00,0.000000000000000000e+00,0.000000000000000000e+00,3.174603174603174427e-02
0.000000000000000000e+00,5.714285714285714107e-02,0.000000000000000000e+00,5.714285714285714107e-02,8.571428571428571508e-02,1.142857142857142821e-01,3.714285714285714413e-01,2.857142857142857054e-02,5.714285714285714107e-02,0.000000000000000000e+00,8.571428571428571508e-02,0.000000000000000000e+00,0.000000000000000000e+00,2.857142857142857054e-02,0.000000000000000000e+00,0.000000000000000000e+00,2.857142857142857054e-02,0.000000000000000000e+00,2.857142857142857054e-02,2.857142857142857054e-02,2.857142857142857054e-02
0.000000000000000000e+00,2.564102564102564014e-02,1.025641025641025605e-01,0.000000000000000000e+00,0.000000000000000000e+00,2.564102564102564014e-02,5.128205128205128027e-02,6.410256410256410797e-01,0.000000000000000000e+00,7.692307692307692735e-02,7.692307692307692735e-02,0.000000000000000000e+00,0.000000000000000000e+00,0.000000000000000000e+00,0.000000000000000000e+00,0.000000000000000000e+00,0.000000000000000000e+00,0.000000000000000000e+00,0.000000000000000000e+00,0.000000000000000000e+00,0.000000000000000000e+00
1.250000000000000000e-01,0.000000000000000000e+00,0.000000000000000000e+00,6.250000000000000000e-02,0.000000000000000000e+00,0.000000000000000000e+00,0.000000000000000000e+00,2.500000000000000000e-01,2.500000000000000000e-01,1.250000000000000000e-01,1.250000000000000000e-01,0.000000000000000000e+00,0.000000000000000000e+00,6.250000000000000000e-02,0.000000000000000000e+00,0.000000000000000000e+00,0.000000000000000000e+00,0.000000000000000000e+00,0.000000000000000000e+00,0.000000000000000000e+00,0.000000000000000000e+00
0.000000000000000000e+00,9.090909090909091161e-02,0.000000000000000000e+00,9.090909090909091161e-02,0.000000000000000000e+00,0.000000000000000000e+00,0.000000000000000000e+00,9.090909090909091161e-02,9.090909090909091161e-02,2.727272727272727071e-01,3.636363636363636465e-01,0.000000000000000000e+00,0.000000000000000000e+00,0.000000000000000000e+00,0.000000000000000000e+00,0.000000000000000000e+00,0.000000000000000000e+00,0.000000000000000000e+00,0.000000000000000000e+00,0.000000000000000000e+00,0.000000000000000000e+00
1.754385964912280604e-02,3.508771929824561209e-02,6.140350877192982115e-02,4.385964912280701511e-02,2.631578947368420907e-02,2.631578947368420907e-02,3.508771929824561209e-02,1.754385964912280604e-02,4.385964912280701511e-02,8.771929824561403022e-03,6.491228070175438791e-01,0.000000000000000000e+00,0.000000000000000000e+00,0.000000000000000000e+00,0.000000000000000000e+00,8.771929824561403022e-03,0.000000000000000000e+00,1.754385964912280604e-02,8.771929824561403022e-03,0.000000000000000000e+00,0.000000000000000000e+00
0.000000000000000000e+00,1.265822784810126563e-02,0.000000000000000000e+00,0.000000000000000000e+00,0.000000000000000000e+00,0.000000000000000000e+00,0.000000000000000000e+00,0.000000000000000000e+00,0.000000000000000000e+00,0.000000000000000000e+00,1.265822784810126563e-02,7.721518987341772222e-01,6.329113924050633333e-02,5.063291139240506250e-02,1.265822784810126563e-02,0.000000000000000000e+00,2.531645569620253125e-02,2.531645569620253125e-02,2.531645569620253125e-02,0.000000000000000000e+00,0.000000000000000000e+00
0.000000000000000000e+00,0.000000000000000000e+00,1.960784313725490169e-02,0.000000000000000000e+00,0.000000000000000000e+00,0.000000000000000000e+00,0.000000000000000000e+00,0.000000000000000000e+00,0.000000000000000000e+00,0.000000000000000000e+00,0.000000000000000000e+00,9.803921568627450844e-02,6.666666666666666297e-01,1.372549019607843257e-01,3.921568627450980338e-02,1.960784313725490169e-02,0.000000000000000000e+00,0.000000000000000000e+00,1.960784313725490169e-02,0.000000000000000000e+00,0.000000000000000000e+00
3.030303030303030387e-02,0.000000000000000000e+00,0.000000000000000000e+00,3.030303030303030387e-02,0.000000000000000000e+00,0.000000000000000000e+00,0.000000000000000000e+00,0.000000000000000000e+00,3.030303030303030387e-02,0.000000000000000000e+00,0.000000000000000000e+00,1.212121212121212155e-01,1.818181818181818232e-01,4.545454545454545303e-01,9.090909090909091161e-02,6.060606060606060774e-02,0.000000000000000000e+00,0.000000000000000000e+00,0.000000000000000000e+00,0.000000000000000000e+00,0.000000000000000000e+00
2.127659574468085055e-02,0.000000000000000000e+00,0.000000000000000000e+00,0.000000000000000000e+00,0.000000000000000000e+00,0.000000000000000000e+00,0.000000000000000000e+00,0.000000000000000000e+00,0.000000000000000000e+00,0.000000000000000000e+00,2.127659574468085055e-02,2.127659574468085055e-02,2.127659574468085055e-02,8.510638297872340219e-02,7.021276595744680993e-01,4.255319148936170109e-02,4.255319148936170109e-02,0.000000000000000000e+00,0.000000000000000000e+00,2.127659574468085055e-02,2.127659574468085055e-02
0.000000000000000000e+00,0.000000000000000000e+00,0.000000000000000000e+00,0.000000000000000000e+00,3.333333333333333287e-02,0.000000000000000000e+00,0.000000000000000000e+00,0.000000000000000000e+00,0.000000000000000000e+00,0.000000000000000000e+00,3.333333333333333287e-02,0.000000000000000000e+00,0.000000000000000000e+00,0.000000000000000000e+00,1.666666666666666574e-01,4.000000000000000222e-01,2.000000000000000111e-01,1.000000000000000056e-01,6.666666666666666574e-02,0.000000000000000000e+00,0.000000000000000000e+00
0.000000000000000000e+00,0.000000000000000000e+00,0.000000000000000000e+00,0.000000000000000000e+00,0.000000000000000000e+00,0.000000000000000000e+00,0.000000000000000000e+00,0.000000000000000000e+00,0.000000000000000000e+00,0.000000000000000000e+00,0.000000000000000000e+00,0.000000000000000000e+00,9.708737864077669061e-03,9.708737864077669061e-03,9.708737864077669061e-03,3.883495145631067624e-02,7.766990291262135804e-01,9.708737864077669755e-02,4.854368932038834877e-02,9.708737864077669061e-03,0.000000000000000000e+00
1.136363636363636395e-02,5.681818181818181976e-03,0.000000000000000000e+00,0.000000000000000000e+00,0.000000000000000000e+00,0.000000000000000000e+00,0.000000000000000000e+00,0.000000000000000000e+00,0.000000000000000000e+00,0.000000000000000000e+00,0.000000000000000000e+00,1.136363636363636395e-02,5.681818181818181976e-03,0.000000000000000000e+00,0.000000000000000000e+00,1.136363636363636395e-02,1.022727272727272790e-01,6.818181818181817677e-01,1.306818181818181768e-01,3.977272727272727210e-02,0.000000000000000000e+00
8.522727272727272096e-03,8.522727272727272096e-03,1.136363636363636395e-02,2.840909090909090988e-03,0.000000000000000000e+00,0.000000000000000000e+00,0.000000000000000000e+00,0.000000000000000000e+00,0.000000000000000000e+00,0.000000000000000000e+00,2.840909090909090988e-03,2.840909090909090988e-03,0.000000000000000000e+00,2.840909090909090988e-03,0.000000000000000000e+00,2.840909090909090988e-03,8.522727272727272096e-03,8.238636363636363258e-02,7.073863636363636465e-01,1.335227272727272652e-01,2.556818181818181976e-02
1.622418879056047175e-02,2.949852507374631227e-03,1.179941002949852491e-02,4.424778761061946841e-03,0.000000000000000000e+00,1.474926253687315614e-03,0.000000000000000000e+00,0.000000000000000000e+00,0.000000000000000000e+00,1.474926253687315614e-03,0.000000000000000000e+00,0.000000000000000000e+00,1.474926253687315614e-03,0.000000000000000000e+00,1.474926253687315614e-03,0.000000000000000000e+00,0.000000000000000000e+00,4.424778761061946841e-03,6.784660766961651823e-02,7.876106194690265516e-01,9.882005899705015306e-02
1.095305832147937392e-01,2.133712660028449365e-02,7.112375533428165128e-03,2.844950213371266138e-03,0.000000000000000000e+00,2.844950213371266138e-03,1.422475106685633069e-03,1.422475106685633069e-03,0.000000000000000000e+00,0.000000000000000000e+00,2.844950213371266138e-03,1.422475106685633069e-03,0.000000000000000000e+00,0.000000000000000000e+00,0.000000000000000000e+00,0.000000000000000000e+00,0.000000000000000000e+00,2.844950213371266138e-03,1.137980085348506455e-02,8.534850640113797460e-02,7.496443812233285486e-01
