7.457264957264957417e-01,1.089743589743589758e-01,8.547008547008547868e-03,1.068376068376068484e-03,3.205128205128205017e-03,1.068376068376068484e-03,0.000000000000000000e+00,0.000000000000000000e+00,0.000000000000000000e+00,0.000000000000000000e+00,1.068376068376068484e-03,1.068376068376068484e-03,0.000000000000000000e+00,0.000000000000000000e+00,1.068376068376068484e-03,0.000000000000000000e+00,3.205128205128205017e-03,5.341880341880341984e-03,1.282051282051282007e-02,1.709401709401709574e-02,8.974358974358974395e-02
1.162561576354679826e-01,7.842364532019704404e-01,4.039408866995074232e-02,4.926108374384236509e-03,9.852216748768472150e-04,0.000000000000000000e+00,0.000000000000000000e+00,0.000000000000000000e+00,9.852216748768472150e-04,9.852216748768472150e-04,0.000000000000000000e+00,0.000000000000000000e+00,9.852216748768472150e-04,0.000000000000000000e+00,9.852216748768472150e-04,9.852216748768472150e-04,0.000000000000000000e+00,2.955665024630542079e-03,3.940886699507388860e-03,1.576354679802955544e-02,2.561576354679803019e-02
1.926782273603082699e-02,1.175337186897880554e-01,7.533718689788053702e-01,5.202312138728323876e-02,7.707129094412331315e-03,3.853564547206165657e-03,1.926782273603082829e-03,0.000000000000000000e+00,0.000000000000000000e+00,1.926782273603082829e-03,0.000000000000000000e+00,0.000000000000000000e+00,0.000000000000000000e+00,0.000000000000000000e+00,0.000000000000000000e+00,1.926782273603082829e-03,0.000000000000000000e+00,0.000000000000000000e+00,1.156069364161849654e-02,3.853564547206165657e-03,2.504816955684007612e-02
1.694915254237288130e-02,2.259887005649717506e-02,1.525423728813559421e-01,6.949152542372881713e-01,5.649717514124293766e-02,1.129943502824858753e-02,5.649717514124293766e-03,5.649717514124293766e-03,0.000000000000000000e+00,1.129943502824858753e-02,5.649717514124293766e-03,0.000000000000000000e+00,0.000000000000000000e+00,0.000000000000000000e+00,0.000000000000000000e+00,0.000000000000000000e+00,0.000000000000000000e+00,5.649717514124293766e-03,0.000000000000000000e+00,0.000000000000000000e+00,1.129943502824858753e-02
9.174311926605505096e-03,9.174311926605505096e-03,1.100917431192660612e-01,1.100917431192660612e-01,6.055045871559633364e-01,8.256880733944954587e-02,0.000000000000000000e+00,0.000000000000000000e+00,9.174311926605505096e-03,0.000000000000000000e+00,9.174311926605505096e-03,0.000000000000000000e+00,9.174311926605505096e-03,0.000000000000000000e+00,0.000000000000000000e+00,9.174311926605505096e-03,0.000000000000000000e+00,0.000000000000000000e+00,0.000000000000000000e+00,0.000000000000000000e+00,3.669724770642202039e-02
2.040816326530612082e-02,2.040816326530612082e-02,1.224489795918367319e-01,2.040816326530612082e-02,1.632653061224489666e-01,5.510204081632652517e-01,4.081632653061224164e-02,0.000000000000000000e+00,0.000000000000000000e+00,2.040816326530612082e-02,2.040816326530612082e-02,0.000000000000000000e+00,2.040816326530612082e-02,0.000000000000000000e+00,0.000000000000000000e+00,0.000000000000000000e+00,0.000000000000000000e+00,0.000000000000000000e+00,0.000000000000000000e+00,0.000000000000000000e+00,0.000000000000000000e+00
0.000000000000000000e+00,5.000000000000000278e-02,5.000000000000000278e-02,0.000000000000000000e+00,5.000000000000000278e-02,2.500000000000000000e-01,5.000000000000000000e-01,0.000000000000000000e+00,5.000000000000000278e-02,0.000000000000000000e+00,0.000000000000000000e+00,0.000000000000000000e+00,0.000000000000000000e+00,0.000000000000000000e+00,0.000000000000000000e+00,0.000000000000000000e+00,0.000000000000000000e+00,0.000000000000000000e+00,5.000000000000000278e-02,0.000000000000000000e+00,0.000000000000000000e+00
0.000000000000000000e+00,0.000000000000000000e+00,0.000000000000000000e+00,0.000000000000000000e+00,8.695652173913043237e-02,4.347826086956521618e-02,0.000000000000000000e+00,7.391304347826086474e-01,8.695652173913043237e-02,4.347826086956521618e-02,0.000000000000000000e+00,0.000000000000000000e+00,0.000000000000000000e+00,0.000000000000000000e+00,0.000000000000000000e+00,0.000000000000000000e+00,0.000000000000000000e+00,0.000000000000000000e+00,0.000000000000000000e+00,0.000000000000000000e+00,0.000000000000000000e+00
0.000000000000000000e+00,0.000000000000000000e+00,0.000000000000000000e+00,5.882352941176470507e-02,0.000000000000000000e+00,5.882352941176470507e-02,1.176470588235294101e-01,5.882352941176470507e-02,5.294117647058823595e-01,1.176470588235294101e-01,5.882352941176470507e-02,0.000000000000000000e+00,0.000000000000000000e+00,0.000000000000000000e+00,0.000000000000000000e+00,0.000000000000000000e+00,0.000000000000000000e+00,0.000000000000000000e+00,0.000000000000000000e+00,0.000000000000000000e+00,0.000000000000000000e+00
0.000000000000000000e+00,0.000000000000000000e+00,0.000000000000000000e+00,6.666666666666666574e-02,6.666666666666666574e-02,0.000000000000000000e+00,6.666666666666666574e-02,2.000000000000000111e-01,6.666666666666666574e-02,4.000000000000000222e-01,6.666666666666666574e-02,0.000000000000000000e+00,0.000000000000000000e+00,0.000000000000000000e+00,0.000000000000000000e+00,0.000000000000000000e+00,6.666666666666666574e-02,0.000000000000000000e+00,0.000000000000000000e+00,0.000000000000000000e+00,0.000000000000000000e+00
8.333333333333332871e-02,4.166666666666666435e-02,8.333333333333332871e-02,8.333333333333332871e-02,0.000000000000000000e+00,0.000000000000000000e+00,0.000000000000000000e+00,4.166666666666666435e-02,4.166666666666666435e-02,4.166666666666666435e-02,5.416666666666666297e-01,0.000000000000000000e+00,0.000000000000000000e+00,0.000000000000000000e+00,0.000000000000000000e+00,0.000000000000000000e+00,0.000000000000000000e+00,0.000000000000000000e+00,4.166666666666666435e-02,0.000000000000000000e+00,0.000000000000000000e+00
1.111111111111111049e-01,0.000000000000000000e+00,0.000000000000000000e+00,0.000000000000000000e+00,0.000000000000000000e+00,0.000000000000000000e+00,0.000000000000000000e+00,0.000000000000000000e+00,0.000000000000000000e+00,0.000000000000000000e+00,0.000000000000000000e+00,7.777777777777777901e-01,0.000000000000000000e+00,0.000000000000000000e+00,0.000000000000000000e+00,0.000000000000000000e+00,0.000000000000000000e+00,0.000000000000000000e+00,1.111111111111111049e-01,0.000000000000000000e+00,0.000000000000000000e+00
0.000000000000000000e+00,0.000000000000000000e+00,0.000000000000000000e+00,0.000000000000000000e+00,1.000000000000000000e+00,0.000000000000000000e+00,0.000000000000000000e+00,0.000000000000000000e+00,0.000000000000000000e+00,0.000000000000000000e+00,0.000000000000000000e+00,0.000000000000000000e+00,0.000000000000000000e+00,0.000000000000000000e+00,0.000000000000000000e+00,0.000000000000000000e+00,0.000000000000000000e+00,0.000000000000000000e+00,0.000000000000000000e+00,0.000000000000000000e+00,0.000000000000000000e+00
0.000000000000000000e+00,2.500000000000000000e-01,0.000000000000000000e+00,0.000000000000000000e+00,0.000000000000000000e+00,0.000000000000000000e+00,0.000000000000000000e+00,0.000000000000000000e+00,0.000000000000000000e+00,0.000000000000000000e+00,0.000000000000000000e+00,0.000000000000000000e+00,0.000000000000000000e+00,5.000000000000000000e-01,0.000000000000000000e+00,0.000000000000000000e+00,0.000000000000000000e+00,0.000000000000000000e+00,0.000000000000000000e+00,0.000000000000000000e+00,2.500000000000000000e-01
0.000000000000000000e+00,0.000000000000000000e+00,0.000000000000000000e+00,0.000000000000000000e+00,0.000000000000000000e+00,0.000000000000000000e+00,0.000000000000000000e+00,0.000000000000000000e+00,0.000000000000000000e+00,0.000000000000000000e+00,0.000000000000000000e+00,0.000000000000000000e+00,0.000000000000000000e+00,0.000000000000000000e+00,0.000000000000000000e+00,5.000000000000000000e-01,0.000000000000000000e+00,0.000000000000000000e+00,5.000000000000000000e-01,0.000000000000000000e+00,0.000000000000000000e+00
0.000000000000000000e+00,0.000000000000000000e+00,0.000000000000000000e+00,0.000000000000000000e+00,0.000000000000000000e+00,0.000000000000000000e+00,0.000000000000000000e+00,0.000000000000000000e+00,0.000000000000000000e+00,0.000000000000000000e+00,0.000000000000000000e+00,0.000000000000000000e+00,0.000000000000000000e+00,0.000000000000000000e+00,0.000000000000000000e+00,8.529411764705882026e-01,8.823529411764706454e-02,2.941176470588235253e-02,0.000000000000000000e+00,2.941176470588235253e-02,0.000000000000000000e+00
1.587301587301587213e-02,0.000000000000000000e+00,0.000000000000000000e+00,0.000000000000000000e+00,0.000000000000000000e+00,0.000000000000000000e+00,0.000000000000000000e+00,0.000000000000000000e+00,0.000000000000000000e+00,0.000000000000000000e+00,0.000000000000000000e+00,0.000000000000000000e+00,0.000000000000000000e+00,0.000000000000000000e+00,0.000000000000000000e+00,1.587301587301587213e-02,7.619047619047618625e-01,1.111111111111111049e-01,1.587301587301587213e-02,3.174603174603174427e-02,4.761904761904761640e-02
7.692307692307692735e-02,2.197802197802197974e-02,1.098901098901098987e-02,0.000000000000000000e+00,0.000000000000000000e+00,0.000000000000000000e+00,0.000000000000000000e+00,0.000000000000000000e+00,0.000000000000000000e+00,0.000000000000000000e+00,1.098901098901098987e-02,0.000000000000000000e+00,0.000000000000000000e+00,0.000000000000000000e+00,0.000000000000000000e+00,1.098901098901098987e-02,7.692307692307692735e-02,6.813186813186813406e-01,2.197802197802197974e-02,4.395604395604395948e-02,4.395604395604395948e-02
4.697986577181208212e-02,4.697986577181208212e-02,2.013422818791946178e-02,0.000000000000000000e+00,0.000000000000000000e+00,0.000000000000000000e+00,0.000000000000000000e+00,0.000000000000000000e+00,0.000000000000000000e+00,0.000000000000000000e+00,0.000000000000000000e+00,1.342281879194630843e-02,0.000000000000000000e+00,0.000000000000000000e+00,0.000000000000000000e+00,0.000000000000000000e+00,0.000000000000000000e+00,3.355704697986577195e-02,6.510067114093959217e-01,1.073825503355704675e-01,8.053691275167784713e-02
9.223300970873786475e-02,5.339805825242718157e-02,4.854368932038834530e-03,0.000000000000000000e+00,0.000000000000000000e+00,0.000000000000000000e+00,0.000000000000000000e+00,0.000000000000000000e+00,0.000000000000000000e+00,0.000000000000000000e+00,4.854368932038834530e-03,0.000000000000000000e+00,0.000000000000000000e+00,0.000000000000000000e+00,4.854368932038834530e-03,0.000000000000000000e+00,4.854368932038834530e-03,4.854368932038834530e-03,7.766990291262135249e-02,6.116504854368931543e-01,1.407766990291262066e-01
1.376811594202898559e-01,3.442028985507246397e-02,1.268115942028985588e-02,1.811594202898550747e-03,0.000000000000000000e+00,0.000000000000000000e+00,0.000000000000000000e+00,0.000000000000000000e+00,0.000000000000000000e+00,0.000000000000000000e+00,1.811594202898550747e-03,0.000000000000000000e+00,0.000000000000000000e+00,1.811594202898550747e-03,0.000000000000000000e+00,0.000000000000000000e+00,7.246376811594202987e-03,1.811594202898550790e-02,3.079710144927536378e-02,6.159420289855072755e-02,6.920289855072463414e-01
