7.380224260958205829e-01,8.154943934760448820e-02,8.154943934760449167e-03,9.174311926605505096e-03,2.038735983690112292e-03,2.038735983690112292e-03,0.000000000000000000e+00,0.000000000000000000e+00,0.000000000000000000e+00,0.000000000000000000e+00,0.000000000000000000e+00,0.000000000000000000e+00,0.000000000000000000e+00,0.000000000000000000e+00,3.058103975535168221e-03,1.019367991845056146e-03,0.000000000000000000e+00,1.019367991845056103e-02,1.325178389398572881e-02,2.038735983690112205e-02,1.111111111111111049e-01
1.544209215442092220e-01,7.098381070983810215e-01,4.234122042341220693e-02,1.494396014943960224e-02,6.226650062266500356e-03,2.490660024906600229e-03,2.490660024906600229e-03,0.000000000000000000e+00,1.245330012453300115e-03,0.000000000000000000e+00,3.735990037359900560e-03,0.000000000000000000e+00,0.000000000000000000e+00,0.000000000000000000e+00,0.000000000000000000e+00,0.000000000000000000e+00,2.490660024906600229e-03,2.490660024906600229e-03,7.471980074719801121e-03,1.618929016189290040e-02,3.362391033623910591e-02
3.470031545741324858e-02,2.082018927444795053e-01,6.056782334384858135e-01,5.047318611987381548e-02,2.208201892744479644e-02,9.463722397476340836e-03,6.309148264984226935e-03,9.463722397476340836e-03,3.154574132492113468e-03,0.000000000000000000e+00,9.463722397476340836e-03,0.000000000000000000e+00,3.154574132492113468e-03,0.000000000000000000e+00,3.154574132492113468e-03,0.000000000000000000e+00,3.154574132492113468e-03,6.309148264984226935e-03,6.309148264984226935e-03,6.309148264984226935e-03,1.261829652996845387e-02
2.958579881656804578e-02,1.124260355029585851e-01,1.893491124260354985e-01,5.562130177514792440e-01,4.733727810650887463e-02,2.366863905325443732e-02,0.000000000000000000e+00,1.183431952662721866e-02,0.000000000000000000e+00,0.000000000000000000e+00,1.183431952662721866e-02,0.000000000000000000e+00,0.000000000000000000e+00,0.000000000000000000e+00,0.000000000000000000e+00,5.917159763313609329e-03,5.917159763313609329e-03,0.000000000000000000e+00,0.000000000000000000e+00,0.000000000000000000e+00,5.917159763313609329e-03
4.464285714285714385e-02,3.571428571428571230e-02,1.071428571428571369e-01,1.517857142857142738e-01,5.267857142857143016e-01,6.250000000000000000e-02,0.000000000000000000e+00,3.571428571428571230e-02,0.000000000000000000e+00,0.000000000000000000e+00,1.785714285714285615e-02,0.000000000000000000e+00,0.000000000000000000e+00,0.000000000000000000e+00,0.000000000000000000e+00,0.000000000000000000e+00,0.000000000000000000e+00,0.000000000000000000e+00,8.928571428571428076e-03,0.000000000000000000e+00,8.928571428571428076e-03
7.407407407407406996e-02,1.851851851851851749e-02,1.111111111111111049e-01,9.259259259259258745e-02,1.481481481481481399e-01,3.518518518518518601e-01,5.555555555555555247e-02,1.851851851851851749e-02,1.851851851851851749e-02,0.000000000000000000e+00,1.851851851851851749e-02,1.851851851851851749e-02,0.000000000000000000e+00,0.000000000000000000e+00,1.851851851851851749e-02,0.000000000000000000e+00,0.000000000000000000e+00,0.000000000000000000e+00,1.851851851851851749e-02,0.000000000000000000e+00,3.703703703703703498e-02
0.000000000000000000e+00,1.176470588235294101e-01,5.882352941176470507e-02,5.882352941176470507e-02,2.352941176470588203e-01,2.941176470588235392e-01,1.764705882352941291e-01,0.000000000000000000e+00,0.000000000000000000e+00,0.000000000000000000e+00,5.882352941176470507e-02,0.000000000000000000e+00,0.000000000000000000e+00,0.000000000000000000e+00,0.000000000000000000e+00,0.000000000000000000e+00,0.000000000000000000e+00,0.000000000000000000e+00,0.000000000000000000e+00,0.000000000000000000e+00,0.000000000000000000e+00
0.000000000000000000e+00,4.347826086956521618e-02,4.347826086956521618e-02,4.347826086956521618e-02,2.608695652173912971e-01,1.304347826086956486e-01,4.347826086956521618e-02,3.913043478260869734e-01,0.000000000000000000e+00,0.000000000000000000e+00,4.347826086956521618e-02,0.000000000000000000e+00,0.000000000000000000e+00,0.000000000000000000e+00,0.000000000000000000e+00,0.000000000000000000e+00,0.000000000000000000e+00,0.000000000000000000e+00,0.000000000000000000e+00,0.000000000000000000e+00,0.000000000000000000e+00
0.000000000000000000e+00,1.666666666666666574e-01,1.666666666666666574e-01,0.000000000000000000e+00,1.666666666666666574e-01,0.000000000000000000e+00,0.000000000000000000e+00,1.666666666666666574e-01,1.666666666666666574e-01,0.000000000000000000e+00,1.666666666666666574e-01,0.000000000000000000e+00,0.000000000000000000e+00,0.000000000000000000e+00,0.000000000000000000e+00,0.000000000000000000e+00,0.000000000000000000e+00,0.000000000000000000e+00,0.000000000000000000e+00,0.000000000000000000e+00,0.000000000000000000e+00
0.000000000000000000e+00,0.000000000000000000e+00,0.000000000000000000e+00,0.000000000000000000e+00,0.000000000000000000e+00,6.666666666666666574e-02,0.000000000000000000e+00,0.000000000000000000e+00,0.000000000000000000e+00,7.333333333333332815e-01,6.666666666666666574e-02,0.000000000000000000e+00,0.000000000000000000e+00,0.000000000000000000e+00,0.000000000000000000e+00,0.000000000000000000e+00,0.000000000000000000e+00,6.666666666666666574e-02,0.000000000000000000e+00,0.000000000000000000e+00,6.666666666666666574e-02
2.739726027397260122e-02,1.369863013698630061e-02,2.739726027397260122e-02,6.849315068493150305e-02,6.849315068493150305e-02,5.479452054794520244e-02,0.000000000000000000e+00,1.369863013698630061e-02,2.739726027397260122e-02,1.369863013698630061e-02,6.712328767123287854e-01,0.000000000000000000e+00,0.000000000000000000e+00,0.000000000000000000e+00,0.000000000000000000e+00,0.000000000000000000e+00,0.000000000000000000e+00,0.000000000000000000e+00,0.000000000000000000e+00,0.000000000000000000e+00,1.369863013698630061e-02
0.000000000000000000e+00,0.000000000000000000e+00,5.555555555555555247e-02,0.000000000000000000e+00,0.000000000000000000e+00,0.000000000000000000e+00,0.000000000000000000e+00,0.000000000000000000e+00,0.000000000000000000e+00,0.000000000000000000e+00,5.555555555555555247e-02,5.555555555555555802e-01,1.666666666666666574e-01,5.555555555555555247e-02,0.000000000000000000e+00,0.000000000000000000e+00,5.555555555555555247e-02,0.000000000000000000e+00,5.555555555555555247e-02,0.000000000000000000e+00,0.000000000000000000e+00
0.000000000000000000e+00,0.000000000000000000e+00,0.000000000000000000e+00,0.000000000000000000e+00,0.000000000000000000e+00,0.000000000000000000e+00,0.000000000000000000e+00,0.000000000000000000e+00,0.000000000000000000e+00,0.000000000000000000e+00,0.000000000000000000e+00,1.538461538461538547e-01,3.846153846153846367e-01,1.538461538461538547e-01,7.692307692307692735e-02,0.000000000000000000e+00,0.000000000000000000e+00,1.538461538461538547e-01,7.692307692307692735e-02,0.000000000000000000e+00,0.000000000000000000e+00
0.000000000000000000e+00,0.000000000000000000e+00,0.000000000000000000e+00,7.142857142857142461e-02,7.142857142857142461e-02,0.000000000000000000e+00,0.000000000000000000e+00,0.000000000000000000e+00,0.000000000000000000e+00,0.000000000000000000e+00,0.000000000000000000e+00,0.000000000000000000e+00,0.000000000000000000e+00,7.857142857142856984e-01,0.000000000000000000e+00,7.142857142857142461e-02,0.000000000000000000e+00,0.000000000000000000e+00,0.000000000000000000e+00,0.000000000000000000e+00,0.000000000000000000e+00
3.225806451612903136e-02,3.225806451612903136e-02,0.000000000000000000e+00,0.000000000000000000e+00,3.225806451612903136e-02,0.000000000000000000e+00,0.000000000000000000e+00,0.000000000000000000e+00,0.000000000000000000e+00,0.000000000000000000e+00,0.000000000000000000e+00,3.225806451612903136e-02,0.000000000000000000e+00,0.000000000000000000e+00,7.741935483870967527e-01,6.451612903225806273e-02,0.000000000000000000e+00,0.000000000000000000e+00,0.000000000000000000e+00,0.000000000000000000e+00,3.225806451612903136e-02
0.000000000000000000e+00,5.263157894736841813e-02,2.631578947368420907e-02,2.631578947368420907e-02,0.000000000000000000e+00,0.000000000000000000e+00,0.000000000000000000e+00,0.000000000000000000e+00,0.000000000000000000e+00,0.000000000000000000e+00,0.000000000000000000e+00,2.631578947368420907e-02,2.631578947368420907e-02,0.000000000000000000e+00,0.000000000000000000e+00,6.842105263157894912e-01,1.052631578947368363e-01,0.000000000000000000e+00,5.263157894736841813e-02,0.000000000000000000e+00,0.000000000000000000e+00
4.477611940298507204e-02,1.492537313432835792e-02,4.477611940298507204e-02,0.000000000000000000e+00,0.000000000000000000e+00,0.000000000000000000e+00,0.000000000000000000e+00,0.000000000000000000e+00,0.000000000000000000e+00,0.000000000000000000e+00,0.000000000000000000e+00,0.000000000000000000e+00,1.492537313432835792e-02,0.000000000000000000e+00,0.000000000000000000e+00,5.970149253731343170e-02,6.119402985074626766e-01,7.462686567164178442e-02,1.492537313432835792e-02,4.477611940298507204e-02,7.462686567164178442e-02
8.928571428571428770e-02,2.678571428571428423e-02,8.928571428571428076e-03,0.000000000000000000e+00,0.000000000000000000e+00,0.000000000000000000e+00,0.000000000000000000e+00,0.000000000000000000e+00,0.000000000000000000e+00,0.000000000000000000e+00,8.928571428571428076e-03,8.928571428571428076e-03,8.928571428571428076e-03,0.000000000000000000e+00,8.928571428571428076e-03,1.785714285714285615e-02,6.250000000000000000e-02,5.089285714285713969e-01,1.071428571428571369e-01,4.464285714285714385e-02,9.821428571428571230e-02
5.600000000000000117e-02,4.000000000000000083e-02,1.600000000000000033e-02,0.000000000000000000e+00,0.000000000000000000e+00,4.000000000000000083e-03,0.000000000000000000e+00,0.000000000000000000e+00,0.000000000000000000e+00,0.000000000000000000e+00,0.000000000000000000e+00,0.000000000000000000e+00,0.000000000000000000e+00,4.000000000000000083e-03,0.000000000000000000e+00,4.000000000000000083e-03,2.000000000000000042e-02,4.000000000000000083e-02,6.879999999999999449e-01,5.600000000000000117e-02,7.199999999999999456e-02
6.481481481481481122e-02,2.777777777777777624e-02,9.259259259259258745e-03,0.000000000000000000e+00,3.086419753086419582e-03,0.000000000000000000e+00,3.086419753086419582e-03,0.000000000000000000e+00,3.086419753086419582e-03,0.000000000000000000e+00,3.086419753086419582e-03,3.086419753086419582e-03,0.000000000000000000e+00,0.000000000000000000e+00,0.000000000000000000e+00,3.086419753086419582e-03,6.172839506172839164e-03,1.543209876543209791e-02,8.641975308641974829e-02,6.419753086419752730e-01,1.296296296296296224e-01
1.141868512110726652e-01,5.363321799307958770e-02,1.557093425605536249e-02,3.460207612456747510e-03,1.730103806228373755e-03,0.000000000000000000e+00,1.730103806228373755e-03,1.730103806228373755e-03,0.000000000000000000e+00,3.460207612456747510e-03,3.460207612456747510e-03,0.000000000000000000e+00,0.000000000000000000e+00,0.000000000000000000e+00,0.000000000000000000e+00,0.000000000000000000e+00,1.038062283737024166e-02,3.114186851211072499e-02,3.633217993079584929e-02,1.003460207612456717e-01,6.228373702422145275e-01
