7.500000000000000000e-01,2.500000000000000000e-01,0.000000000000000000e+00,0.000000000000000000e+00,0.000000000000000000e+00,0.000000000000000000e+00,0.000000000000000000e+00,0.000000000000000000e+00,0.000000000000000000e+00,0.000000000000000000e+00,0.000000000000000000e+00,0.000000000000000000e+00,0.000000000000000000e+00,0.000000000000000000e+00,0.000000000000000000e+00,0.000000000000000000e+00,0.000000000000000000e+00,0.000000000000000000e+00,0.000000000000000000e+00,0.000000000000000000e+00,0.000000000000000000e+00,0.000000000000000000e+00
1.204819277108433798e-02,8.795180722891565717e-01,7.228915662650602092e-02,1.204819277108433798e-02,0.000000000000000000e+00,1.204819277108433798e-02,1.204819277108433798e-02,0.000000000000000000e+00,0.000000000000000000e+00,0.000000000000000000e+00,0.000000000000000000e+00,0.000000000000000000e+00,0.000000000000000000e+00,0.000000000000000000e+00,0.000000000000000000e+00,0.000000000000000000e+00,0.000000000000000000e+00,0.000000000000000000e+00,0.000000000000000000e+00,0.000000000000000000e+00,0.000000000000000000e+00,0.000000000000000000e+00
0.000000000000000000e+00,2.164502164502164414e-02,7.359307359307358798e-01,2.164502164502164483e-01,1.731601731601731600e-02,0.000000000000000000e+00,0.000000000000000000e+00,0.000000000000000000e+00,4.329004329004329001e-03,0.000000000000000000e+00,0.000000000000000000e+00,0.000000000000000000e+00,0.000000000000000000e+00,0.000000000000000000e+00,0.000000000000000000e+00,0.000000000000000000e+00,0.000000000000000000e+00,0.000000000000000000e+00,0.000000000000000000e+00,0.000000000000000000e+00,0.000000000000000000e+00,4.329004329004329001e-03
9.775171065493646130e-04,9.775171065493646130e-04,3.812316715542522078e-02,8.250244379276637785e-01,8.406647116324535152e-02,2.443792766373411446e-02,1.173020527859237536e-02,2.932551319648093839e-03,9.775171065493646130e-04,2.932551319648093839e-03,0.000000000000000000e+00,0.000000000000000000e+00,9.775171065493646130e-04,9.775171065493646130e-04,0.000000000000000000e+00,9.775171065493646130e-04,0.000000000000000000e+00,9.775171065493646130e-04,0.000000000000000000e+00,0.000000000000000000e+00,9.775171065493646130e-04,2.932551319648093839e-03
0.000000000000000000e+00,1.090512540894220334e-03,0.000000000000000000e+00,9.160305343511450371e-02,7.589967284623773125e-01,9.923664122137404453e-02,2.617230098146128628e-02,4.362050163576881336e-03,2.181025081788440668e-03,2.181025081788440668e-03,1.090512540894220334e-03,2.181025081788440668e-03,1.090512540894220334e-03,1.090512540894220334e-03,0.000000000000000000e+00,0.000000000000000000e+00,0.000000000000000000e+00,1.090512540894220334e-03,0.000000000000000000e+00,1.090512540894220334e-03,0.000000000000000000e+00,6.543075245365321570e-03
0.000000000000000000e+00,0.000000000000000000e+00,1.567398119122256992e-03,3.918495297805642957e-02,1.677115987460814917e-01,6.645768025078370167e-01,6.739811912225705803e-02,2.037617554858934046e-02,1.097178683385579938e-02,1.253918495297805594e-02,1.567398119122256992e-03,0.000000000000000000e+00,0.000000000000000000e+00,0.000000000000000000e+00,0.000000000000000000e+00,0.000000000000000000e+00,4.702194357366771410e-03,1.567398119122256992e-03,0.000000000000000000e+00,0.000000000000000000e+00,0.000000000000000000e+00,7.836990595611284527e-03
0.000000000000000000e+00,0.000000000000000000e+00,0.000000000000000000e+00,9.374999999999999653e-03,6.250000000000000000e-02,1.968749999999999944e-01,5.843749999999999778e-01,4.374999999999999722e-02,1.562500000000000000e-02,2.812500000000000069e-02,1.562500000000000000e-02,6.250000000000000347e-03,0.000000000000000000e+00,6.250000000000000347e-03,0.000000000000000000e+00,0.000000000000000000e+00,3.125000000000000173e-03,0.000000000000000000e+00,0.000000000000000000e+00,6.250000000000000347e-03,0.000000000000000000e+00,2.187499999999999861e-02
0.000000000000000000e+00,0.000000000000000000e+00,0.000000000000000000e+00,2.702702702702702853e-02,2.702702702702702853e-02,6.306306306306305731e-02,2.342342342342342287e-01,4.684684684684684575e-01,5.405405405405405705e-02,4.504504504504504292e-02,1.801801801801801786e-02,0.000000000000000000e+00,9.009009009009008931e-03,0.000000000000000000e+00,0.000000000000000000e+00,0.000000000000000000e+00,0.000000000000000000e+00,9.009009009009008931e-03,9.009009009009008931e-03,9.009009009009008931e-03,9.009009009009008931e-03,1.801801801801801786e-02
0.000000000000000000e+00,0.000000000000000000e+00,0.000000000000000000e+00,0.000000000000000000e+00,2.999999999999999889e-02,7.000000000000000666e-02,1.199999999999999956e-01,1.300000000000000044e-01,5.000000000000000000e-01,4.000000000000000083e-02,1.000000000000000021e-02,2.000000000000000042e-02,0.000000000000000000e+00,1.000000000000000021e-02,0.000000000000000000e+00,1.000000000000000021e-02,1.000000000000000021e-02,0.000000000000000000e+00,0.000000000000000000e+00,0.000000000000000000e+00,0.000000000000000000e+00,5.000000000000000278e-02
0.000000000000000000e+00,0.000000000000000000e+00,0.000000000000000000e+00,1.123595505617977497e-02,2.247191011235954994e-02,4.494382022471909988e-02,8.988764044943819975e-02,8.988764044943819975e-02,1.123595505617977497e-01,4.831460674157303514e-01,2.247191011235954994e-02,1.123595505617977497e-02,1.123595505617977497e-02,2.247191011235954994e-02,0.000000000000000000e+00,0.000000000000000000e+00,0.000000000000000000e+00,0.000000000000000000e+00,0.000000000000000000e+00,0.000000000000000000e+00,0.000000000000000000e+00,7.865168539325842478e-02
0.000000000000000000e+00,0.000000000000000000e+00,0.000000000000000000e+00,2.222222222222222307e-02,2.222222222222222307e-02,4.444444444444444614e-02,4.444444444444444614e-02,2.222222222222222307e-02,4.444444444444444614e-02,2.222222222222222307e-02,4.888888888888888729e-01,1.555555555555555580e-01,2.222222222222222307e-02,0.000000000000000000e+00,0.000000000000000000e+00,2.222222222222222307e-02,0.000000000000000000e+00,0.000000000000000000e+00,0.000000000000000000e+00,2.222222222222222307e-02,0.000000000000000000e+00,6.666666666666666574e-02
0.000000000000000000e+00,0.000000000000000000e+00,0.000000000000000000e+00,0.000000000000000000e+00,0.000000000000000000e+00,2.941176470588235253e-02,8.823529411764706454e-02,2.941176470588235253e-02,5.882352941176470507e-02,5.882352941176470507e-02,1.176470588235294101e-01,4.117647058823529216e-01,2.941176470588235253e-02,5.882352941176470507e-02,0.000000000000000000e+00,2.941176470588235253e-02,2.941176470588235253e-02,0.000000000000000000e+00,0.000000000000000000e+00,2.941176470588235253e-02,0.000000000000000000e+00,2.941176470588235253e-02
0.000000000000000000e+00,0.000000000000000000e+00,0.000000000000000000e+00,0.000000000000000000e+00,2.500000000000000139e-02,5.000000000000000278e-02,0.000000000000000000e+00,2.500000000000000139e-02,2.500000000000000139e-02,5.000000000000000278e-02,7.499999999999999722e-02,7.499999999999999722e-02,5.500000000000000444e-01,5.000000000000000278e-02,0.000000000000000000e+00,0.000000000000000000e+00,0.000000000000000000e+00,0.000000000000000000e+00,0.000000000000000000e+00,0.000000000000000000e+00,0.000000000000000000e+00,7.499999999999999722e-02
0.000000000000000000e+00,0.000000000000000000e+00,0.000000000000000000e+00,0.000000000000000000e+00,3.703703703703703498e-02,7.407407407407406996e-02,1.111111111111111049e-01,0.000000000000000000e+00,0.000000000000000000e+00,1.111111111111111049e-01,3.703703703703703498e-02,3.703703703703703498e-02,2.222222222222222099e-01,2.592592592592592449e-01,0.000000000000000000e+00,0.000000000000000000e+00,0.000000000000000000e+00,0.000000000000000000e+00,0.000000000000000000e+00,3.703703703703703498e-02,0.000000000000000000e+00,7.407407407407406996e-02
0.000000000000000000e+00,0.000000000000000000e+00,0.000000000000000000e+00,0.000000000000000000e+00,0.000000000000000000e+00,0.000000000000000000e+00,1.000000000000000056e-01,0.000000000000000000e+00,1.000000000000000056e-01,2.000000000000000111e-01,0.000000000000000000e+00,0.000000000000000000e+00,0.000000000000000000e+00,1.000000000000000056e-01,2.000000000000000111e-01,1.000000000000000056e-01,1.000000000000000056e-01,1.000000000000000056e-01,0.000000000000000000e+00,0.000000000000000000e+00,0.000000000000000000e+00,0.000000000000000000e+00
0.000000000000000000e+00,0.000000000000000000e+00,0.000000000000000000e+00,0.000000000000000000e+00,0.000000000000000000e+00,0.000000000000000000e+00,0.000000000000000000e+00,0.000000000000000000e+00,5.555555555555555247e-02,0.000000000000000000e+00,5.555555555555555247e-02,0.000000000000000000e+00,5.555555555555555247e-02,0.000000000000000000e+00,0.000000000000000000e+00,5.000000000000000000e-01,5.555555555555555247e-02,0.000000000000000000e+00,5.555555555555555247e-02,5.555555555555555247e-02,0.000000000000000000e+00,1.666666666666666574e-01
0.000000000000000000e+00,0.000000000000000000e+00,0.000000000000000000e+00,0.000000000000000000e+00,0.000000000000000000e+00,8.695652173913043237e-02,4.347826086956521618e-02,0.000000000000000000e+00,4.347826086956521618e-02,0.000000000000000000e+00,0.000000000000000000e+00,0.000000000000000000e+00,4.347826086956521618e-02,4.347826086956521618e-02,4.347826086956521618e-02,1.304347826086956486e-01,8.695652173913043237e-02,1.304347826086956486e-01,8.695652173913043237e-02,4.347826086956521618e-02,4.347826086956521618e-02,1.739130434782608647e-01
0.000000000000000000e+00,0.000000000000000000e+00,0.000000000000000000e+00,0.000000000000000000e+00,4.761904761904761640e-02,9.523809523809523281e-02,0.000000000000000000e+00,0.000000000000000000e+00,0.000000000000000000e+00,0.000000000000000000e+00,0.000000000000000000e+00,0.000000000000000000e+00,0.000000000000000000e+00,0.000000000000000000e+00,4.761904761904761640e-02,0.000000000000000000e+00,1.904761904761904656e-01,4.761904761904761640e-01,0.000000000000000000e+00,4.761904761904761640e-02,0.000000000000000000e+00,9.523809523809523281e-02
0.000000000000000000e+00,0.000000000000000000e+00,0.000000000000000000e+00,0.000000000000000000e+00,0.000000000000000000e+00,0.000000000000000000e+00,0.000000000000000000e+00,0.000000000000000000e+00,0.000000000000000000e+00,7.142857142857142461e-02,0.000000000000000000e+00,0.000000000000000000e+00,0.000000000000000000e+00,0.000000000000000000e+00,0.000000000000000000e+00,0.000000000000000000e+00,7.142857142857142461e-02,1.428571428571428492e-01,4.285714285714285476e-01,7.142857142857142461e-02,0.000000000000000000e+00,2.142857142857142738e-01
0.000000000000000000e+00,0.000000000000000000e+00,0.000000000000000000e+00,0.000000000000000000e+00,3.703703703703703498e-02,3.703703703703703498e-02,7.407407407407406996e-02,3.703703703703703498e-02,3.703703703703703498e-02,3.703703703703703498e-02,0.000000000000000000e+00,3.703703703703703498e-02,0.000000000000000000e+00,0.000000000000000000e+00,3.703703703703703498e-02,0.000000000000000000e+00,0.000000000000000000e+00,0.000000000000000000e+00,7.407407407407406996e-02,3.333333333333333148e-01,0.000000000000000000e+00,2.592592592592592449e-01
0.000000000000000000e+00,0.000000000000000000e+00,0.000000000000000000e+00,0.000000000000000000e+00,0.000000000000000000e+00,4.347826086956521618e-02,0.000000000000000000e+00,0.000000000000000000e+00,0.000000000000000000e+00,0.000000000000000000e+00,0.000000000000000000e+00,0.000000000000000000e+00,0.000000000000000000e+00,0.000000000000000000e+00,4.347826086956521618e-02,0.000000000000000000e+00,0.000000000000000000e+00,0.000000000000000000e+00,0.000000000000000000e+00,8.695652173913043237e-02,5.652173913043477826e-01,2.608695652173912971e-01
0.000000000000000000e+00,0.000000000000000000e+00,0.000000000000000000e+00,0.000000000000000000e+00,2.764976958525345793e-02,3.225806451612903136e-02,2.304147465437788103e-02,1.843317972350230413e-02,4.147465437788018516e-02,1.843317972350230413e-02,4.608294930875576033e-03,9.216589861751152066e-03,4.608294930875576033e-03,1.382488479262672897e-02,1.382488479262672897e-02,9.216589861751152066e-03,2.764976958525345793e-02,9.216589861751152066e-03,1.382488479262672897e-02,2.764976958525345793e-02,3.686635944700460826e-02,6.682027649769585187e-01
