5.999999999999999778e-01,0.000000000000000000e+00,1.333333333333333315e-01,6.666666666666666574e-02,0.000000000000000000e+00,0.000000000000000000e+00,0.000000000000000000e+00,6.666666666666666574e-02,6.666666666666666574e-02,0.000000000000000000e+00,0.000000000000000000e+00,0.000000000000000000e+00,0.000000000000000000e+00,6.666666666666666574e-02,0.000000000000000000e+00,0.000000000000000000e+00,0.000000000000000000e+00,0.000000000000000000e+00,0.000000000000000000e+00,0.000000000000000000e+00,0.000000000000000000e+00,0.000000000000000000e+00
0.000000000000000000e+00,5.000000000000000000e-01,0.000000000000000000e+00,0.000000000000000000e+00,0.000000000000000000e+00,0.000000000000000000e+00,0.000000000000000000e+00,0.000000000000000000e+00,0.000000000000000000e+00,0.000000000000000000e+00,1.666666666666666574e-01,1.666666666666666574e-01,0.000000000000000000e+00,0.000000000000000000e+00,0.000000000000000000e+00,1.666666666666666574e-01,0.000000000000000000e+00,0.000000000000000000e+00,0.000000000000000000e+00,0.000000000000000000e+00,0.000000000000000000e+00,0.000000000000000000e+00
1.111111111111111049e-01,5.555555555555555247e-02,7.222222222222222099e-01,0.000000000000000000e+00,0.000000000000000000e+00,5.555555555555555247e-02,0.000000000000000000e+00,0.000000000000000000e+00,0.000000000000000000e+00,0.000000000000000000e+00,0.000000000000000000e+00,0.000000000000000000e+00,0.000000000000000000e+00,5.555555555555555247e-02,0.000000000000000000e+00,0.000000000000000000e+00,0.000000000000000000e+00,0.000000000000000000e+00,0.000000000000000000e+00,0.000000000000000000e+00,0.000000000000000000e+00,0.000000000000000000e+00
7.692307692307692735e-02,0.000000000000000000e+00,7.692307692307692735e-02,8.461538461538461453e-01,0.000000000000000000e+00,0.000000000000000000e+00,0.000000000000000000e+00,0.000000000000000000e+00,0.000000000000000000e+00,0.000000000000000000e+00,0.000000000000000000e+00,0.000000000000000000e+00,0.000000000000000000e+00,0.000000000000000000e+00,0.000000000000000000e+00,0.000000000000000000e+00,0.000000000000000000e+00,0.000000000000000000e+00,0.000000000000000000e+00,0.000000000000000000e+00,0.000000000000000000e+00,0.000000000000000000e+00
0.000000000000000000e+00,2.439024390243902524e-02,2.439024390243902524e-02,0.000000000000000000e+00,7.073170731707316694e-01,2.439024390243902524e-02,2.439024390243902524e-02,4.878048780487805047e-02,0.000000000000000000e+00,2.439024390243902524e-02,2.439024390243902524e-02,4.878048780487805047e-02,2.439024390243902524e-02,0.000000000000000000e+00,0.000000000000000000e+00,0.000000000000000000e+00,0.000000000000000000e+00,0.000000000000000000e+00,2.439024390243902524e-02,0.000000000000000000e+00,0.000000000000000000e+00,0.000000000000000000e+00
0.000000000000000000e+00,0.000000000000000000e+00,0.000000000000000000e+00,1.515151515151515194e-02,6.060606060606060774e-02,8.030303030303029832e-01,0.000000000000000000e+00,4.545454545454545581e-02,0.000000000000000000e+00,3.030303030303030387e-02,1.515151515151515194e-02,1.515151515151515194e-02,0.000000000000000000e+00,0.000000000000000000e+00,0.000000000000000000e+00,0.000000000000000000e+00,1.515151515151515194e-02,0.000000000000000000e+00,0.000000000000000000e+00,0.000000000000000000e+00,0.000000000000000000e+00,0.000000000000000000e+00
0.000000000000000000e+00,0.000000000000000000e+00,0.000000000000000000e+00,1.020408163265306041e-02,1.020408163265306041e-02,3.061224489795918297e-02,6.326530612244898322e-01,5.102040816326530726e-02,5.102040816326530726e-02,4.081632653061224164e-02,1.020408163265306145e-01,5.102040816326530726e-02,0.000000000000000000e+00,0.000000000000000000e+00,1.020408163265306041e-02,0.000000000000000000e+00,0.000000000000000000e+00,1.020408163265306041e-02,0.000000000000000000e+00,0.000000000000000000e+00,0.000000000000000000e+00,0.000000000000000000e+00
0.000000000000000000e+00,0.000000000000000000e+00,0.000000000000000000e+00,0.000000000000000000e+00,1.581027667984189616e-02,1.185770750988142212e-02,3.557312252964427157e-02,6.719367588932806390e-01,7.114624505928854314e-02,3.162055335968379233e-02,8.695652173913043237e-02,5.138339920948616774e-02,1.581027667984189616e-02,3.952569169960474041e-03,0.000000000000000000e+00,0.000000000000000000e+00,3.952569169960474041e-03,0.000000000000000000e+00,0.000000000000000000e+00,0.000000000000000000e+00,0.000000000000000000e+00,0.000000000000000000e+00
3.389830508474576173e-03,0.000000000000000000e+00,0.000000000000000000e+00,0.000000000000000000e+00,0.000000000000000000e+00,6.779661016949152345e-03,0.000000000000000000e+00,8.474576271186440302e-02,6.610169491525423879e-01,1.084745762711864375e-01,6.101694915254237545e-02,5.423728813559321876e-02,1.694915254237288130e-02,3.389830508474576173e-03,0.000000000000000000e+00,0.000000000000000000e+00,0.000000000000000000e+00,0.000000000000000000e+00,0.000000000000000000e+00,0.000000000000000000e+00,0.000000000000000000e+00,0.000000000000000000e+00
2.049180327868852566e-03,2.049180327868852566e-03,0.000000000000000000e+00,2.049180327868852566e-03,0.000000000000000000e+00,2.049180327868852566e-03,1.229508196721311453e-02,2.868852459016393505e-02,7.377049180327868716e-02,6.844262295081967595e-01,1.413934426229508101e-01,3.688524590163934358e-02,1.024590163934426153e-02,0.000000000000000000e+00,4.098360655737705131e-03,0.000000000000000000e+00,0.000000000000000000e+00,0.000000000000000000e+00,0.000000000000000000e+00,0.000000000000000000e+00,0.000000000000000000e+00,0.000000000000000000e+00
1.116071428571428509e-03,0.000000000000000000e+00,0.000000000000000000e+00,0.000000000000000000e+00,1.116071428571428509e-03,2.232142857142857019e-03,1.227678571428571404e-02,3.459821428571428770e-02,2.232142857142857192e-02,9.151785714285713691e-02,7.187500000000000000e-01,9.486607142857142461e-02,1.227678571428571404e-02,4.464285714285714038e-03,0.000000000000000000e+00,1.116071428571428509e-03,0.000000000000000000e+00,3.348214285714285528e-03,0.000000000000000000e+00,0.000000000000000000e+00,0.000000000000000000e+00,0.000000000000000000e+00
0.000000000000000000e+00,0.000000000000000000e+00,0.000000000000000000e+00,0.000000000000000000e+00,9.910802775024776801e-04,1.982160555004955360e-03,3.964321110009910720e-03,9.910802775024776801e-03,1.387512388503468752e-02,2.279484638255698664e-02,1.179385530227948509e-01,7.690782953419227352e-01,4.955401387512388400e-02,5.946481665014866080e-03,1.982160555004955360e-03,0.000000000000000000e+00,9.910802775024776801e-04,0.000000000000000000e+00,0.000000000000000000e+00,9.910802775024776801e-04,0.000000000000000000e+00,0.000000000000000000e+00
0.000000000000000000e+00,0.000000000000000000e+00,0.000000000000000000e+00,0.000000000000000000e+00,0.000000000000000000e+00,0.000000000000000000e+00,0.000000000000000000e+00,4.842615012106537761e-03,4.842615012106537761e-03,1.937046004842615105e-02,3.874092009685230209e-02,1.961259079903147629e-01,6.949152542372881713e-01,2.663438256658595682e-02,7.263922518159806642e-03,4.842615012106537761e-03,0.000000000000000000e+00,0.000000000000000000e+00,0.000000000000000000e+00,2.421307506053268881e-03,0.000000000000000000e+00,0.000000000000000000e+00
0.000000000000000000e+00,0.000000000000000000e+00,0.000000000000000000e+00,0.000000000000000000e+00,0.000000000000000000e+00,0.000000000000000000e+00,1.724137931034482735e-02,8.620689655172413673e-03,0.000000000000000000e+00,0.000000000000000000e+00,0.000000000000000000e+00,6.896551724137930939e-02,2.413793103448275967e-01,6.034482758620689502e-01,2.586206896551724102e-02,2.586206896551724102e-02,8.620689655172413673e-03,0.000000000000000000e+00,0.000000000000000000e+00,0.000000000000000000e+00,0.000000000000000000e+00,0.000000000000000000e+00
0.000000000000000000e+00,1.030927835051546372e-02,0.000000000000000000e+00,0.000000000000000000e+00,1.030927835051546372e-02,0.000000000000000000e+00,0.000000000000000000e+00,0.000000000000000000e+00,0.000000000000000000e+00,2.061855670103092744e-02,4.123711340206185488e-02,4.123711340206185488e-02,1.030927835051546337e-01,1.237113402061855716e-01,5.876288659793814650e-01,2.061855670103092744e-02,1.030927835051546372e-02,0.000000000000000000e+00,0.000000000000000000e+00,0.000000000000000000e+00,0.000000000000000000e+00,3.092783505154639290e-02
0.000000000000000000e+00,0.000000000000000000e+00,2.222222222222222307e-02,0.000000000000000000e+00,0.000000000000000000e+00,0.000000000000000000e+00,2.222222222222222307e-02,0.000000000000000000e+00,0.000000000000000000e+00,0.000000000000000000e+00,2.222222222222222307e-02,0.000000000000000000e+00,8.888888888888889228e-02,1.111111111111111049e-01,1.777777777777777846e-01,4.222222222222222210e-01,1.111111111111111049e-01,2.222222222222222307e-02,0.000000000000000000e+00,0.000000000000000000e+00,0.000000000000000000e+00,0.000000000000000000e+00
0.000000000000000000e+00,0.000000000000000000e+00,0.000000000000000000e+00,0.000000000000000000e+00,0.000000000000000000e+00,0.000000000000000000e+00,0.000000000000000000e+00,0.000000000000000000e+00,0.000000000000000000e+00,1.886792452830188607e-02,0.000000000000000000e+00,0.000000000000000000e+00,1.886792452830188607e-02,1.886792452830188607e-02,7.547169811320754429e-02,9.433962264150944077e-02,5.660377358490565891e-01,7.547169811320754429e-02,1.886792452830188607e-02,0.000000000000000000e+00,3.773584905660377214e-02,7.547169811320754429e-02
0.000000000000000000e+00,0.000000000000000000e+00,0.000000000000000000e+00,0.000000000000000000e+00,0.000000000000000000e+00,0.000000000000000000e+00,0.000000000000000000e+00,0.000000000000000000e+00,0.000000000000000000e+00,0.000000000000000000e+00,0.000000000000000000e+00,5.263157894736841813e-02,0.000000000000000000e+00,0.000000000000000000e+00,0.000000000000000000e+00,1.578947368421052544e-01,2.105263157894736725e-01,5.263157894736841813e-01,0.000000000000000000e+00,0.000000000000000000e+00,5.263157894736841813e-02,0.000000000000000000e+00
0.000000000000000000e+00,0.000000000000000000e+00,0.000000000000000000e+00,0.000000000000000000e+00,0.000000000000000000e+00,0.000000000000000000e+00,0.000000000000000000e+00,0.000000000000000000e+00,0.000000000000000000e+00,0.000000000000000000e+00,0.000000000000000000e+00,1.666666666666666574e-01,0.000000000000000000e+00,3.333333333333333148e-01,0.000000000000000000e+00,0.000000000000000000e+00,0.000000000000000000e+00,1.666666666666666574e-01,1.666666666666666574e-01,1.666666666666666574e-01,0.000000000000000000e+00,0.000000000000000000e+00
1.250000000000000000e-01,0.000000000000000000e+00,0.000000000000000000e+00,0.000000000000000000e+00,0.000000000000000000e+00,0.000000000000000000e+00,0.000000000000000000e+00,0.000000000000000000e+00,0.000000000000000000e+00,0.000000000000000000e+00,0.000000000000000000e+00,0.000000000000000000e+00,0.000000000000000000e+00,0.000000000000000000e+00,2.500000000000000000e-01,0.000000000000000000e+00,2.500000000000000000e-01,0.000000000000000000e+00,1.250000000000000000e-01,1.250000000000000000e-01,0.000000000000000000e+00,1.250000000000000000e-01
0.000000000000000000e+00,0.000000000000000000e+00,0.000000000000000000e+00,0.000000000000000000e+00,0.000000000000000000e+00,0.000000000000000000e+00,0.000000000000000000e+00,0.000000000000000000e+00,0.000000000000000000e+00,1.428571428571428492e-01,1.428571428571428492e-01,0.000000000000000000e+00,0.000000000000000000e+00,1.428571428571428492e-01,0.000000000000000000e+00,0.000000000000000000e+00,2.857142857142856984e-01,1.428571428571428492e-01,0.000000000000000000e+00,0.000000000000000000e+00,1.428571428571428492e-01,0.000000000000000000e+00
0.000000000000000000e+00,0.000000000000000000e+00,0.000000000000000000e+00,0.000000000000000000e+00,0.000000000000000000e+00,0.000000000000000000e+00,0.000000000000000000e+00,0.000000000000000000e+00,0.000000000000000000e+00,0.000000000000000000e+00,0.000000000000000000e+00,1.886792452830188607e-02,0.000000000000000000e+00,0.000000000000000000e+00,5.660377358490566169e-02,5.660377358490566169e-02,5.660377358490566169e-02,1.886792452830188607e-02,0.000000000000000000e+00,9.433962264150944077e-02,1.886792452830188607e-02,6.792452830188678847e-01
