6.155038759689922534e-01,1.596899224806201667e-01,2.170542635658914699e-02,9.302325581395348708e-03,3.100775193798449569e-03,3.100775193798449569e-03,0.000000000000000000e+00,0.000000000000000000e+00,1.550387596899224785e-03,0.000000000000000000e+00,1.550387596899224785e-03,0.000000000000000000e+00,0.000000000000000000e+00,0.000000000000000000e+00,0.000000000000000000e+00,1.550387596899224785e-03,1.550387596899224785e-03,7.751937984496123923e-03,1.860465116279069742e-02,3.565891472868217005e-02,1.193798449612403084e-01
1.178509532062391729e-01,6.412478336221837383e-01,1.109185441941074463e-01,2.079722703639514877e-02,6.932409012131715391e-03,3.466204506065857695e-03,0.000000000000000000e+00,0.000000000000000000e+00,0.000000000000000000e+00,1.733102253032928848e-03,8.665511265164644455e-03,1.733102253032928848e-03,0.000000000000000000e+00,0.000000000000000000e+00,0.000000000000000000e+00,0.000000000000000000e+00,1.733102253032928848e-03,5.199306759098787194e-03,1.213171577123050258e-02,1.733102253032928891e-02,5.025996533795493854e-02
4.432132963988919677e-02,1.357340720221606734e-01,6.177285318559556648e-01,6.648199445983379863e-02,2.493074792243767449e-02,5.540166204986149597e-03,0.000000000000000000e+00,5.540166204986149597e-03,0.000000000000000000e+00,2.770083102493074798e-03,3.324099722991689931e-02,0.000000000000000000e+00,0.000000000000000000e+00,2.770083102493074798e-03,2.770083102493074798e-03,0.000000000000000000e+00,0.000000000000000000e+00,2.770083102493074798e-03,5.540166204986149597e-03,2.770083102493074712e-02,2.216066481994459839e-02
5.555555555555555247e-02,5.050505050505050414e-02,7.575757575757575968e-02,6.060606060606060774e-01,8.080808080808081495e-02,2.020202020202020374e-02,1.515151515151515194e-02,5.050505050505050934e-03,0.000000000000000000e+00,0.000000000000000000e+00,2.020202020202020374e-02,0.000000000000000000e+00,0.000000000000000000e+00,0.000000000000000000e+00,0.000000000000000000e+00,0.000000000000000000e+00,5.050505050505050934e-03,1.515151515151515194e-02,1.010101010101010187e-02,2.020202020202020374e-02,2.020202020202020374e-02
2.777777777777777624e-02,3.703703703703703498e-02,9.259259259259258745e-02,1.481481481481481399e-01,4.722222222222222099e-01,5.555555555555555247e-02,1.851851851851851749e-02,0.000000000000000000e+00,9.259259259259258745e-03,9.259259259259258745e-03,5.555555555555555247e-02,1.851851851851851749e-02,0.000000000000000000e+00,0.000000000000000000e+00,0.000000000000000000e+00,0.000000000000000000e+00,0.000000000000000000e+00,9.259259259259258745e-03,1.851851851851851749e-02,9.259259259259258745e-03,1.851851851851851749e-02
4.166666666666666435e-02,2.083333333333333218e-02,4.166666666666666435e-02,2.083333333333333218e-02,1.666666666666666574e-01,3.541666666666666852e-01,8.333333333333332871e-02,8.333333333333332871e-02,4.166666666666666435e-02,0.000000000000000000e+00,6.250000000000000000e-02,2.083333333333333218e-02,0.000000000000000000e+00,0.000000000000000000e+00,0.000000000000000000e+00,0.000000000000000000e+00,0.000000000000000000e+00,0.000000000000000000e+00,0.000000000000000000e+00,4.166666666666666435e-02,2.083333333333333218e-02
3.448275862068965469e-02,0.000000000000000000e+00,3.448275862068965469e-02,1.379310344827586188e-01,0.000000000000000000e+00,1.379310344827586188e-01,2.413793103448275967e-01,6.896551724137930939e-02,6.896551724137930939e-02,3.448275862068965469e-02,1.724137931034482873e-01,0.000000000000000000e+00,0.000000000000000000e+00,0.000000000000000000e+00,0.000000000000000000e+00,0.000000000000000000e+00,0.000000000000000000e+00,3.448275862068965469e-02,0.000000000000000000e+00,3.448275862068965469e-02,0.000000000000000000e+00
1.666666666666666574e-01,0.000000000000000000e+00,1.111111111111111049e-01,1.111111111111111049e-01,5.555555555555555247e-02,1.111111111111111049e-01,0.000000000000000000e+00,1.666666666666666574e-01,1.111111111111111049e-01,0.000000000000000000e+00,1.666666666666666574e-01,0.000000000000000000e+00,0.000000000000000000e+00,0.000000000000000000e+00,0.000000000000000000e+00,0.000000000000000000e+00,0.000000000000000000e+00,0.000000000000000000e+00,0.000000000000000000e+00,0.000000000000000000e+00,0.000000000000000000e+00
1.428571428571428492e-01,3.571428571428571230e-02,3.571428571428571230e-02,0.000000000000000000e+00,7.142857142857142461e-02,3.571428571428571230e-02,3.571428571428571230e-02,0.000000000000000000e+00,4.642857142857143016e-01,0.000000000000000000e+00,1.785714285714285754e-01,0.000000000000000000e+00,0.000000000000000000e+00,0.000000000000000000e+00,0.000000000000000000e+00,0.000000000000000000e+00,0.000000000000000000e+00,0.000000000000000000e+00,0.000000000000000000e+00,0.000000000000000000e+00,0.000000000000000000e+00
5.263157894736841813e-02,1.052631578947368363e-01,0.000000000000000000e+00,0.000000000000000000e+00,0.000000000000000000e+00,1.052631578947368363e-01,1.052631578947368363e-01,0.000000000000000000e+00,5.263157894736841813e-02,3.157894736842105088e-01,1.578947368421052544e-01,5.263157894736841813e-02,0.000000000000000000e+00,0.000000000000000000e+00,0.000000000000000000e+00,0.000000000000000000e+00,0.000000000000000000e+00,0.000000000000000000e+00,5.263157894736841813e-02,0.000000000000000000e+00,0.000000000000000000e+00
2.013422818791946178e-02,3.355704697986577195e-02,6.040268456375839229e-02,3.355704697986577195e-02,4.026845637583892357e-02,2.013422818791946178e-02,4.697986577181208212e-02,3.355704697986577195e-02,4.697986577181208212e-02,4.697986577181208212e-02,5.369127516778523512e-01,6.711409395973154217e-03,0.000000000000000000e+00,6.711409395973154217e-03,0.000000000000000000e+00,0.000000000000000000e+00,0.000000000000000000e+00,1.342281879194630843e-02,6.711409395973154217e-03,2.684563758389261687e-02,2.013422818791946178e-02
0.000000000000000000e+00,0.000000000000000000e+00,0.000000000000000000e+00,0.000000000000000000e+00,3.846153846153846367e-02,0.000000000000000000e+00,0.000000000000000000e+00,0.000000000000000000e+00,0.000000000000000000e+00,0.000000000000000000e+00,0.000000000000000000e+00,5.769230769230768718e-01,2.307692307692307820e-01,7.692307692307692735e-02,3.846153846153846367e-02,3.846153846153846367e-02,0.000000000000000000e+00,0.000000000000000000e+00,0.000000000000000000e+00,0.000000000000000000e+00,0.000000000000000000e+00
0.000000000000000000e+00,0.000000000000000000e+00,0.000000000000000000e+00,0.000000000000000000e+00,0.000000000000000000e+00,0.000000000000000000e+00,0.000000000000000000e+00,0.000000000000000000e+00,0.000000000000000000e+00,0.000000000000000000e+00,0.000000000000000000e+00,0.000000000000000000e+00,3.529411764705882582e-01,1.764705882352941291e-01,1.764705882352941291e-01,5.882352941176470507e-02,5.882352941176470507e-02,0.000000000000000000e+00,5.882352941176470507e-02,5.882352941176470507e-02,5.882352941176470507e-02
0.000000000000000000e+00,2.777777777777777624e-02,0.000000000000000000e+00,0.000000000000000000e+00,0.000000000000000000e+00,0.000000000000000000e+00,0.000000000000000000e+00,0.000000000000000000e+00,0.000000000000000000e+00,0.000000000000000000e+00,2.777777777777777624e-02,2.777777777777777624e-02,0.000000000000000000e+00,5.000000000000000000e-01,2.500000000000000000e-01,5.555555555555555247e-02,2.777777777777777624e-02,5.555555555555555247e-02,0.000000000000000000e+00,2.777777777777777624e-02,0.000000000000000000e+00
0.000000000000000000e+00,0.000000000000000000e+00,0.000000000000000000e+00,0.000000000000000000e+00,0.000000000000000000e+00,0.000000000000000000e+00,0.000000000000000000e+00,0.000000000000000000e+00,0.000000000000000000e+00,0.000000000000000000e+00,9.174311926605505096e-03,0.000000000000000000e+00,0.000000000000000000e+00,9.174311926605505096e-03,8.256880733944954587e-01,5.504587155963303058e-02,4.587155963302752548e-02,2.752293577981651529e-02,1.834862385321101019e-02,9.174311926605505096e-03,0.000000000000000000e+00
1.562500000000000000e-02,4.687500000000000000e-02,0.000000000000000000e+00,0.000000000000000000e+00,0.000000000000000000e+00,0.000000000000000000e+00,0.000000000000000000e+00,0.000000000000000000e+00,0.000000000000000000e+00,0.000000000000000000e+00,1.562500000000000000e-02,3.125000000000000000e-02,1.562500000000000000e-02,4.687500000000000000e-02,3.125000000000000000e-02,5.000000000000000000e-01,2.031250000000000000e-01,3.125000000000000000e-02,1.562500000000000000e-02,4.687500000000000000e-02,0.000000000000000000e+00
1.694915254237288130e-02,0.000000000000000000e+00,0.000000000000000000e+00,0.000000000000000000e+00,0.000000000000000000e+00,0.000000000000000000e+00,0.000000000000000000e+00,0.000000000000000000e+00,0.000000000000000000e+00,0.000000000000000000e+00,8.474576271186440649e-03,0.000000000000000000e+00,8.474576271186440649e-03,8.474576271186440649e-03,1.694915254237288130e-02,6.779661016949152519e-02,6.016949152542372392e-01,1.779661016949152519e-01,5.084745762711864736e-02,1.694915254237288130e-02,2.542372881355932368e-02
1.257861635220125854e-02,0.000000000000000000e+00,0.000000000000000000e+00,0.000000000000000000e+00,0.000000000000000000e+00,0.000000000000000000e+00,6.289308176100629269e-03,0.000000000000000000e+00,0.000000000000000000e+00,0.000000000000000000e+00,0.000000000000000000e+00,0.000000000000000000e+00,1.257861635220125854e-02,0.000000000000000000e+00,6.289308176100629269e-03,2.515723270440251708e-02,6.918238993710691676e-02,5.471698113207547065e-01,2.264150943396226467e-01,6.289308176100628922e-02,3.144654088050314461e-02
4.273504273504273587e-02,2.136752136752136794e-02,1.282051282051282007e-02,0.000000000000000000e+00,0.000000000000000000e+00,0.000000000000000000e+00,4.273504273504273934e-03,0.000000000000000000e+00,0.000000000000000000e+00,0.000000000000000000e+00,1.282051282051282007e-02,0.000000000000000000e+00,0.000000000000000000e+00,0.000000000000000000e+00,4.273504273504273934e-03,8.547008547008547868e-03,3.418803418803419147e-02,6.410256410256409687e-02,4.871794871794871695e-01,2.478632478632478708e-01,5.982905982905983161e-02
6.818181818181817677e-02,1.239669421487603340e-02,1.652892561983471120e-02,6.198347107438016701e-03,2.066115702479338900e-03,4.132231404958677801e-03,0.000000000000000000e+00,0.000000000000000000e+00,2.066115702479338900e-03,0.000000000000000000e+00,8.264462809917355601e-03,0.000000000000000000e+00,0.000000000000000000e+00,0.000000000000000000e+00,0.000000000000000000e+00,4.132231404958677801e-03,6.198347107438016701e-03,1.446280991735537230e-02,6.611570247933884481e-02,6.136363636363636465e-01,1.756198347107437996e-01
1.666666666666666574e-01,2.210884353741496625e-02,1.700680272108843691e-02,8.503401360544218454e-03,5.102040816326530205e-03,1.700680272108843474e-03,1.700680272108843474e-03,1.700680272108843474e-03,1.700680272108843474e-03,3.401360544217686948e-03,3.401360544217686948e-03,1.700680272108843474e-03,0.000000000000000000e+00,0.000000000000000000e+00,0.000000000000000000e+00,1.700680272108843474e-03,3.401360544217686948e-03,3.401360544217686948e-03,2.551020408163265363e-02,9.693877551020407823e-02,6.343537414965986221e-01
