7.106796116504854322e-01,6.407766990291262343e-02,4.271844660194174664e-02,1.359223300970873773e-02,1.941747572815533899e-03,3.883495145631067798e-03,1.941747572815533899e-03,0.000000000000000000e+00,1.941747572815533899e-03,0.000000000000000000e+00,3.883495145631067798e-03,1.941747572815533899e-03,0.000000000000000000e+00,3.883495145631067798e-03,3.883495145631067798e-03,0.000000000000000000e+00,1.941747572815533899e-03,3.883495145631067798e-03,9.708737864077669061e-03,1.941747572815533812e-02,1.106796116504854405e-01
1.000000000000000056e-01,6.800000000000000488e-01,8.000000000000000167e-02,2.571428571428571383e-02,1.714285714285714371e-02,0.000000000000000000e+00,8.571428571428571855e-03,0.000000000000000000e+00,0.000000000000000000e+00,2.857142857142857140e-03,8.571428571428571855e-03,2.857142857142857140e-03,0.000000000000000000e+00,0.000000000000000000e+00,0.000000000000000000e+00,0.000000000000000000e+00,0.000000000000000000e+00,8.571428571428571855e-03,0.000000000000000000e+00,8.571428571428571855e-03,5.714285714285714107e-02
6.071428571428571369e-02,9.285714285714286031e-02,6.571428571428571397e-01,3.928571428571428492e-02,2.857142857142857054e-02,3.571428571428571317e-03,1.785714285714285615e-02,0.000000000000000000e+00,3.571428571428571317e-03,0.000000000000000000e+00,2.142857142857142877e-02,0.000000000000000000e+00,0.000000000000000000e+00,3.571428571428571317e-03,0.000000000000000000e+00,3.571428571428571317e-03,3.571428571428571317e-03,3.571428571428571317e-03,1.071428571428571438e-02,1.428571428571428527e-02,3.571428571428571230e-02
3.378378378378378566e-02,7.432432432432432845e-02,1.621621621621621712e-01,5.608108108108108558e-01,7.432432432432432845e-02,6.756756756756757132e-03,1.351351351351351426e-02,6.756756756756757132e-03,0.000000000000000000e+00,0.000000000000000000e+00,3.378378378378378566e-02,0.000000000000000000e+00,0.000000000000000000e+00,0.000000000000000000e+00,0.000000000000000000e+00,0.000000000000000000e+00,1.351351351351351426e-02,0.000000000000000000e+00,1.351351351351351426e-02,0.000000000000000000e+00,6.756756756756757132e-03
4.081632653061224164e-02,1.020408163265306041e-02,6.122448979591836593e-02,1.020408163265306145e-01,5.510204081632652517e-01,7.142857142857142461e-02,3.061224489795918297e-02,2.040816326530612082e-02,0.000000000000000000e+00,0.000000000000000000e+00,6.122448979591836593e-02,1.020408163265306041e-02,0.000000000000000000e+00,0.000000000000000000e+00,0.000000000000000000e+00,0.000000000000000000e+00,0.000000000000000000e+00,0.000000000000000000e+00,1.020408163265306041e-02,1.020408163265306041e-02,2.040816326530612082e-02
1.587301587301587213e-02,6.349206349206348854e-02,4.761904761904761640e-02,1.587301587301587213e-02,6.349206349206348854e-02,6.190476190476190688e-01,1.587301587301587213e-02,1.587301587301587213e-02,4.761904761904761640e-02,0.000000000000000000e+00,6.349206349206348854e-02,1.587301587301587213e-02,0.000000000000000000e+00,1.587301587301587213e-02,0.000000000000000000e+00,0.000000000000000000e+00,0.000000000000000000e+00,0.000000000000000000e+00,0.000000000000000000e+00,0.000000000000000000e+00,0.000000000000000000e+00
4.000000000000000083e-02,2.000000000000000042e-02,2.000000000000000042e-02,8.000000000000000167e-02,4.000000000000000083e-02,8.000000000000000167e-02,5.400000000000000355e-01,5.999999999999999778e-02,5.999999999999999778e-02,0.000000000000000000e+00,5.999999999999999778e-02,0.000000000000000000e+00,0.000000000000000000e+00,0.000000000000000000e+00,0.000000000000000000e+00,0.000000000000000000e+00,0.000000000000000000e+00,0.000000000000000000e+00,0.000000000000000000e+00,0.000000000000000000e+00,0.000000000000000000e+00
3.125000000000000000e-02,3.125000000000000000e-02,3.125000000000000000e-02,1.250000000000000000e-01,6.250000000000000000e-02,0.000000000000000000e+00,0.000000000000000000e+00,4.687500000000000000e-01,9.375000000000000000e-02,0.000000000000000000e+00,1.250000000000000000e-01,0.000000000000000000e+00,0.000000000000000000e+00,0.000000000000000000e+00,0.000000000000000000e+00,0.000000000000000000e+00,0.000000000000000000e+00,0.000000000000000000e+00,0.000000000000000000e+00,0.000000000000000000e+00,3.125000000000000000e-02
6.250000000000000000e-02,0.000000000000000000e+00,6.250000000000000000e-02,0.000000000000000000e+00,1.250000000000000000e-01,1.250000000000000000e-01,1.250000000000000000e-01,0.000000000000000000e+00,1.875000000000000000e-01,1.250000000000000000e-01,1.875000000000000000e-01,0.000000000000000000e+00,0.000000000000000000e+00,0.000000000000000000e+00,0.000000000000000000e+00,0.000000000000000000e+00,0.000000000000000000e+00,0.000000000000000000e+00,0.000000000000000000e+00,0.000000000000000000e+00,0.000000000000000000e+00
0.000000000000000000e+00,0.000000000000000000e+00,0.000000000000000000e+00,3.750000000000000000e-01,1.250000000000000000e-01,0.000000000000000000e+00,0.000000000000000000e+00,0.000000000000000000e+00,0.000000000000000000e+00,2.500000000000000000e-01,1.250000000000000000e-01,0.000000000000000000e+00,0.000000000000000000e+00,0.000000000000000000e+00,0.000000000000000000e+00,0.000000000000000000e+00,0.000000000000000000e+00,0.000000000000000000e+00,0.000000000000000000e+00,0.000000000000000000e+00,1.250000000000000000e-01
6.622516556291390723e-03,1.324503311258278145e-02,1.986754966887417304e-02,5.298013245033112578e-02,4.635761589403973593e-02,2.649006622516556289e-02,5.298013245033112578e-02,4.635761589403973593e-02,0.000000000000000000e+00,1.324503311258278145e-02,6.490066225165562752e-01,6.622516556291390723e-03,6.622516556291390723e-03,0.000000000000000000e+00,0.000000000000000000e+00,0.000000000000000000e+00,0.000000000000000000e+00,1.986754966887417304e-02,6.622516556291390723e-03,1.324503311258278145e-02,1.986754966887417304e-02
0.000000000000000000e+00,1.886792452830188607e-02,0.000000000000000000e+00,9.433962264150943036e-03,0.000000000000000000e+00,9.433962264150943036e-03,0.000000000000000000e+00,0.000000000000000000e+00,0.000000000000000000e+00,0.000000000000000000e+00,9.433962264150943036e-03,8.773584905660377631e-01,1.886792452830188607e-02,9.433962264150943036e-03,0.000000000000000000e+00,9.433962264150943036e-03,9.433962264150943036e-03,0.000000000000000000e+00,1.886792452830188607e-02,0.000000000000000000e+00,9.433962264150943036e-03
0.000000000000000000e+00,0.000000000000000000e+00,0.000000000000000000e+00,0.000000000000000000e+00,0.000000000000000000e+00,0.000000000000000000e+00,0.000000000000000000e+00,0.000000000000000000e+00,0.000000000000000000e+00,0.000000000000000000e+00,3.225806451612903136e-02,3.225806451612903136e-02,7.419354838709677491e-01,9.677419354838709409e-02,6.451612903225806273e-02,0.000000000000000000e+00,0.000000000000000000e+00,0.000000000000000000e+00,0.000000000000000000e+00,0.000000000000000000e+00,3.225806451612903136e-02
1.639344262295082053e-02,0.000000000000000000e+00,1.639344262295082053e-02,0.000000000000000000e+00,0.000000000000000000e+00,0.000000000000000000e+00,0.000000000000000000e+00,0.000000000000000000e+00,0.000000000000000000e+00,0.000000000000000000e+00,1.639344262295082053e-02,3.278688524590164105e-02,1.639344262295082053e-02,7.377049180327869271e-01,6.557377049180328210e-02,0.000000000000000000e+00,3.278688524590164105e-02,3.278688524590164105e-02,1.639344262295082053e-02,0.000000000000000000e+00,1.639344262295082053e-02
2.564102564102564014e-02,0.000000000000000000e+00,0.000000000000000000e+00,0.000000000000000000e+00,0.000000000000000000e+00,0.000000000000000000e+00,0.000000000000000000e+00,0.000000000000000000e+00,0.000000000000000000e+00,0.000000000000000000e+00,0.000000000000000000e+00,0.000000000000000000e+00,2.564102564102564014e-02,6.410256410256409687e-02,6.923076923076922906e-01,1.282051282051281937e-01,3.846153846153846367e-02,0.000000000000000000e+00,1.282051282051282007e-02,0.000000000000000000e+00,1.282051282051282007e-02
0.000000000000000000e+00,8.771929824561403022e-03,0.000000000000000000e+00,8.771929824561403022e-03,0.000000000000000000e+00,0.000000000000000000e+00,0.000000000000000000e+00,0.000000000000000000e+00,0.000000000000000000e+00,0.000000000000000000e+00,1.754385964912280604e-02,0.000000000000000000e+00,0.000000000000000000e+00,1.754385964912280604e-02,1.052631578947368363e-01,7.105263157894736725e-01,5.263157894736841813e-02,7.017543859649122417e-02,0.000000000000000000e+00,0.000000000000000000e+00,8.771929824561403022e-03
0.000000000000000000e+00,0.000000000000000000e+00,0.000000000000000000e+00,0.000000000000000000e+00,0.000000000000000000e+00,6.849315068493150305e-03,0.000000000000000000e+00,0.000000000000000000e+00,0.000000000000000000e+00,6.849315068493150305e-03,0.000000000000000000e+00,0.000000000000000000e+00,6.849315068493150305e-03,2.739726027397260122e-02,0.000000000000000000e+00,1.095890410958904049e-01,7.260273972602739878e-01,8.904109589041095396e-02,6.849315068493150305e-03,6.849315068493150305e-03,1.369863013698630061e-02
0.000000000000000000e+00,3.802281368821292754e-03,7.604562737642585508e-03,0.000000000000000000e+00,0.000000000000000000e+00,0.000000000000000000e+00,0.000000000000000000e+00,3.802281368821292754e-03,0.000000000000000000e+00,0.000000000000000000e+00,7.604562737642585508e-03,0.000000000000000000e+00,0.000000000000000000e+00,3.802281368821292754e-03,7.604562737642585508e-03,1.901140684410646334e-02,7.984790874524715087e-02,7.452471482889734267e-01,9.505703422053231322e-02,1.901140684410646334e-02,7.604562737642585508e-03
1.630434782608695607e-02,5.434782608695652023e-03,0.000000000000000000e+00,0.000000000000000000e+00,0.000000000000000000e+00,0.000000000000000000e+00,0.000000000000000000e+00,0.000000000000000000e+00,0.000000000000000000e+00,0.000000000000000000e+00,2.717391304347826012e-03,5.434782608695652023e-03,0.000000000000000000e+00,0.000000000000000000e+00,5.434782608695652023e-03,2.717391304347826012e-03,5.434782608695652023e-03,6.521739130434782428e-02,7.418478260869565410e-01,1.168478260869565272e-01,3.260869565217391214e-02
2.416356877323420221e-02,5.576208178438661449e-03,5.576208178438661449e-03,0.000000000000000000e+00,3.717472118959107633e-03,0.000000000000000000e+00,0.000000000000000000e+00,0.000000000000000000e+00,0.000000000000000000e+00,0.000000000000000000e+00,1.858736059479553816e-03,0.000000000000000000e+00,0.000000000000000000e+00,0.000000000000000000e+00,0.000000000000000000e+00,0.000000000000000000e+00,7.434944237918215265e-03,1.301115241635687758e-02,7.620817843866170560e-02,7.565055762081784874e-01,1.059479553903345667e-01
1.035058430717863132e-01,3.005008347245409148e-02,1.335559265442404046e-02,3.338898163606010116e-03,0.000000000000000000e+00,0.000000000000000000e+00,0.000000000000000000e+00,1.669449081803005058e-03,1.669449081803005058e-03,1.669449081803005058e-03,5.008347245409014957e-03,0.000000000000000000e+00,3.338898163606010116e-03,0.000000000000000000e+00,1.669449081803005058e-03,0.000000000000000000e+00,1.669449081803005058e-03,5.008347245409014957e-03,2.170283806343906510e-02,1.085141903171953220e-01,6.978297161936560800e-01
