7.166123778501628516e-01,1.205211726384364801e-01,2.388707926167209575e-02,6.514657980456026350e-03,2.171552660152008783e-03,0.000000000000000000e+00,0.000000000000000000e+00,0.000000000000000000e+00,0.000000000000000000e+00,0.000000000000000000e+00,2.171552660152008783e-03,1.085776330076004392e-03,1.085776330076004392e-03,0.000000000000000000e+00,0.000000000000000000e+00,0.000000000000000000e+00,1.085776330076004392e-03,2.171552660152008783e-03,1.194353963083604787e-02,1.845819761129207509e-02,9.229098805646036852e-02
1.282746160794941415e-01,7.560975609756097615e-01,6.684733514001806043e-02,3.613369467028003466e-03,3.613369467028003466e-03,1.806684733514001733e-03,9.033423667570008664e-04,0.000000000000000000e+00,9.033423667570008664e-04,0.000000000000000000e+00,1.806684733514001733e-03,9.033423667570008664e-04,0.000000000000000000e+00,0.000000000000000000e+00,0.000000000000000000e+00,9.033423667570008664e-04,1.806684733514001733e-03,9.033423667570008664e-04,3.613369467028003466e-03,1.264679313459801321e-02,1.535682023486901505e-02
3.726708074534161586e-02,2.111801242236024945e-01,6.501035196687370288e-01,4.140786749482401607e-02,1.449275362318840597e-02,2.070393374741200977e-03,2.070393374741200977e-03,2.070393374741200977e-03,0.000000000000000000e+00,2.070393374741200977e-03,2.070393374741200977e-03,0.000000000000000000e+00,0.000000000000000000e+00,0.000000000000000000e+00,0.000000000000000000e+00,0.000000000000000000e+00,0.000000000000000000e+00,6.211180124223602064e-03,4.140786749482401954e-03,1.242236024844720413e-02,1.242236024844720413e-02
1.255230125523012531e-02,2.928870292887029297e-02,1.673640167364016662e-01,6.903765690376568731e-01,5.020920502092050125e-02,1.255230125523012531e-02,8.368200836820082963e-03,0.000000000000000000e+00,0.000000000000000000e+00,0.000000000000000000e+00,1.255230125523012531e-02,0.000000000000000000e+00,0.000000000000000000e+00,0.000000000000000000e+00,0.000000000000000000e+00,0.000000000000000000e+00,0.000000000000000000e+00,0.000000000000000000e+00,0.000000000000000000e+00,4.184100418410041482e-03,1.255230125523012531e-02
1.941747572815533812e-02,2.912621359223301065e-02,4.854368932038834877e-02,1.844660194174757295e-01,6.213592233009708199e-01,6.796116504854368690e-02,9.708737864077669061e-03,0.000000000000000000e+00,0.000000000000000000e+00,9.708737864077669061e-03,0.000000000000000000e+00,0.000000000000000000e+00,0.000000000000000000e+00,0.000000000000000000e+00,0.000000000000000000e+00,0.000000000000000000e+00,0.000000000000000000e+00,0.000000000000000000e+00,0.000000000000000000e+00,9.708737864077669061e-03,0.000000000000000000e+00
0.000000000000000000e+00,0.000000000000000000e+00,1.785714285714285754e-01,3.571428571428571230e-02,3.214285714285714524e-01,3.571428571428571508e-01,3.571428571428571230e-02,3.571428571428571230e-02,0.000000000000000000e+00,0.000000000000000000e+00,0.000000000000000000e+00,0.000000000000000000e+00,0.000000000000000000e+00,0.000000000000000000e+00,0.000000000000000000e+00,0.000000000000000000e+00,0.000000000000000000e+00,0.000000000000000000e+00,0.000000000000000000e+00,3.571428571428571230e-02,0.000000000000000000e+00
0.000000000000000000e+00,0.000000000000000000e+00,1.363636363636363535e-01,1.363636363636363535e-01,4.545454545454545581e-02,9.090909090909091161e-02,4.090909090909091161e-01,9.090909090909091161e-02,4.545454545454545581e-02,0.000000000000000000e+00,4.545454545454545581e-02,0.000000000000000000e+00,0.000000000000000000e+00,0.000000000000000000e+00,0.000000000000000000e+00,0.000000000000000000e+00,0.000000000000000000e+00,0.000000000000000000e+00,0.000000000000000000e+00,0.000000000000000000e+00,0.000000000000000000e+00
0.000000000000000000e+00,0.000000000000000000e+00,0.000000000000000000e+00,4.166666666666666435e-02,0.000000000000000000e+00,0.000000000000000000e+00,1.250000000000000000e-01,4.166666666666666852e-01,8.333333333333332871e-02,1.666666666666666574e-01,8.333333333333332871e-02,0.000000000000000000e+00,0.000000000000000000e+00,0.000000000000000000e+00,0.000000000000000000e+00,0.000000000000000000e+00,0.000000000000000000e+00,4.166666666666666435e-02,4.166666666666666435e-02,0.000000000000000000e+00,0.000000000000000000e+00
0.000000000000000000e+00,0.000000000000000000e+00,0.000000000000000000e+00,0.000000000000000000e+00,0.000000000000000000e+00,8.333333333333332871e-02,0.000000000000000000e+00,2.500000000000000000e-01,5.000000000000000000e-01,8.333333333333332871e-02,8.333333333333332871e-02,0.000000000000000000e+00,0.000000000000000000e+00,0.000000000000000000e+00,0.000000000000000000e+00,0.000000000000000000e+00,0.000000000000000000e+00,0.000000000000000000e+00,0.000000000000000000e+00,0.000000000000000000e+00,0.000000000000000000e+00
0.000000000000000000e+00,0.000000000000000000e+00,0.000000000000000000e+00,0.000000000000000000e+00,5.263157894736841813e-02,0.000000000000000000e+00,0.000000000000000000e+00,3.157894736842105088e-01,5.263157894736841813e-02,4.736842105263157632e-01,1.052631578947368363e-01,0.000000000000000000e+00,0.000000000000000000e+00,0.000000000000000000e+00,0.000000000000000000e+00,0.000000000000000000e+00,0.000000000000000000e+00,0.000000000000000000e+00,0.000000000000000000e+00,0.000000000000000000e+00,0.000000000000000000e+00
1.492537313432835792e-02,2.985074626865671585e-02,0.000000000000000000e+00,4.477611940298507204e-02,1.492537313432835792e-02,0.000000000000000000e+00,1.492537313432835792e-02,1.492537313432835792e-02,1.492537313432835792e-02,5.970149253731343170e-02,7.761194029850746468e-01,0.000000000000000000e+00,0.000000000000000000e+00,0.000000000000000000e+00,0.000000000000000000e+00,0.000000000000000000e+00,0.000000000000000000e+00,0.000000000000000000e+00,0.000000000000000000e+00,0.000000000000000000e+00,1.492537313432835792e-02
0.000000000000000000e+00,7.692307692307692735e-02,7.692307692307692735e-02,0.000000000000000000e+00,0.000000000000000000e+00,0.000000000000000000e+00,0.000000000000000000e+00,0.000000000000000000e+00,0.000000000000000000e+00,0.000000000000000000e+00,7.692307692307692735e-02,6.153846153846154188e-01,0.000000000000000000e+00,0.000000000000000000e+00,0.000000000000000000e+00,0.000000000000000000e+00,7.692307692307692735e-02,0.000000000000000000e+00,0.000000000000000000e+00,7.692307692307692735e-02,0.000000000000000000e+00
0.000000000000000000e+00,0.000000000000000000e+00,0.000000000000000000e+00,0.000000000000000000e+00,0.000000000000000000e+00,0.000000000000000000e+00,0.000000000000000000e+00,0.000000000000000000e+00,0.000000000000000000e+00,0.000000000000000000e+00,0.000000000000000000e+00,0.000000000000000000e+00,4.000000000000000222e-01,0.000000000000000000e+00,0.000000000000000000e+00,0.000000000000000000e+00,0.000000000000000000e+00,2.000000000000000111e-01,0.000000000000000000e+00,0.000000000000000000e+00,4.000000000000000222e-01
0.000000000000000000e+00,0.000000000000000000e+00,0.000000000000000000e+00,5.000000000000000000e-01,0.000000000000000000e+00,0.000000000000000000e+00,0.000000000000000000e+00,0.000000000000000000e+00,0.000000000000000000e+00,0.000000000000000000e+00,0.000000000000000000e+00,0.000000000000000000e+00,0.000000000000000000e+00,0.000000000000000000e+00,0.000000000000000000e+00,0.000000000000000000e+00,0.000000000000000000e+00,0.000000000000000000e+00,0.000000000000000000e+00,0.000000000000000000e+00,5.000000000000000000e-01
0.000000000000000000e+00,0.000000000000000000e+00,0.000000000000000000e+00,0.000000000000000000e+00,0.000000000000000000e+00,0.000000000000000000e+00,0.000000000000000000e+00,0.000000000000000000e+00,0.000000000000000000e+00,0.000000000000000000e+00,0.000000000000000000e+00,0.000000000000000000e+00,0.000000000000000000e+00,0.000000000000000000e+00,0.000000000000000000e+00,3.333333333333333148e-01,0.000000000000000000e+00,0.000000000000000000e+00,0.000000000000000000e+00,3.333333333333333148e-01,3.333333333333333148e-01
2.000000000000000111e-01,0.000000000000000000e+00,0.000000000000000000e+00,0.000000000000000000e+00,0.000000000000000000e+00,0.000000000000000000e+00,0.000000000000000000e+00,0.000000000000000000e+00,0.000000000000000000e+00,0.000000000000000000e+00,0.000000000000000000e+00,0.000000000000000000e+00,0.000000000000000000e+00,0.000000000000000000e+00,0.000000000000000000e+00,0.000000000000000000e+00,0.000000000000000000e+00,2.000000000000000111e-01,0.000000000000000000e+00,4.000000000000000222e-01,2.000000000000000111e-01
4.477611940298507204e-02,0.000000000000000000e+00,1.492537313432835792e-02,0.000000000000000000e+00,0.000000000000000000e+00,0.000000000000000000e+00,0.000000000000000000e+00,0.000000000000000000e+00,0.000000000000000000e+00,0.000000000000000000e+00,0.000000000000000000e+00,1.492537313432835792e-02,0.000000000000000000e+00,0.000000000000000000e+00,0.000000000000000000e+00,1.492537313432835792e-02,8.059701492537313383e-01,4.477611940298507204e-02,1.492537313432835792e-02,4.477611940298507204e-02,0.000000000000000000e+00
2.777777777777777624e-02,4.166666666666666435e-02,2.777777777777777624e-02,2.777777777777777624e-02,0.000000000000000000e+00,0.000000000000000000e+00,0.000000000000000000e+00,0.000000000000000000e+00,0.000000000000000000e+00,0.000000000000000000e+00,1.388888888888888812e-02,0.000000000000000000e+00,1.388888888888888812e-02,0.000000000000000000e+00,1.388888888888888812e-02,0.000000000000000000e+00,2.777777777777777624e-02,6.388888888888888395e-01,2.777777777777777624e-02,5.555555555555555247e-02,8.333333333333332871e-02
5.882352941176470507e-02,3.921568627450980338e-02,1.960784313725490169e-02,2.941176470588235253e-02,9.803921568627450844e-03,0.000000000000000000e+00,0.000000000000000000e+00,9.803921568627450844e-03,0.000000000000000000e+00,0.000000000000000000e+00,0.000000000000000000e+00,9.803921568627450844e-03,0.000000000000000000e+00,0.000000000000000000e+00,0.000000000000000000e+00,0.000000000000000000e+00,9.803921568627450844e-03,2.941176470588235253e-02,5.196078431372549433e-01,1.666666666666666574e-01,9.803921568627450844e-02
5.855855855855855718e-02,5.405405405405405705e-02,1.801801801801801786e-02,9.009009009009008931e-03,0.000000000000000000e+00,4.504504504504504465e-03,4.504504504504504465e-03,0.000000000000000000e+00,0.000000000000000000e+00,0.000000000000000000e+00,4.504504504504504465e-03,0.000000000000000000e+00,0.000000000000000000e+00,0.000000000000000000e+00,0.000000000000000000e+00,0.000000000000000000e+00,0.000000000000000000e+00,9.009009009009008931e-03,9.459459459459459985e-02,6.216216216216216006e-01,1.216216216216216284e-01
1.563126252505009917e-01,4.609218436873747243e-02,8.016032064128255849e-03,8.016032064128255849e-03,0.000000000000000000e+00,0.000000000000000000e+00,0.000000000000000000e+00,0.000000000000000000e+00,0.000000000000000000e+00,0.000000000000000000e+00,2.004008016032063962e-03,2.004008016032063962e-03,0.000000000000000000e+00,0.000000000000000000e+00,0.000000000000000000e+00,0.000000000000000000e+00,4.008016032064127925e-03,1.002004008016032024e-02,2.004008016032064049e-02,5.210420841683366389e-02,6.913827655310621489e-01
