9.692307692307692291e-01,1.538461538461538547e-02,0.000000000000000000e+00,0.000000000000000000e+00,1.538461538461538547e-02,0.000000000000000000e+00,0.000000000000000000e+00,0.000000000000000000e+00,0.000000000000000000e+00,0.000000000000000000e+00,0.000000000000000000e+00,0.000000000000000000e+00,0.000000000000000000e+00,0.000000000000000000e+00,0.000000000000000000e+00,0.000000000000000000e+00,0.000000000000000000e+00,0.000000000000000000e+00,0.000000000000000000e+00,0.000000000000000000e+00,0.000000000000000000e+00,0.000000000000000000e+00
5.263157894736841813e-02,7.894736842105263275e-01,1.578947368421052544e-01,0.000000000000000000e+00,0.000000000000000000e+00,0.000000000000000000e+00,0.000000000000000000e+00,0.000000000000000000e+00,0.000000000000000000e+00,0.000000000000000000e+00,0.000000000000000000e+00,0.000000000000000000e+00,0.000000000000000000e+00,0.000000000000000000e+00,0.000000000000000000e+00,0.000000000000000000e+00,0.000000000000000000e+00,0.000000000000000000e+00,0.000000000000000000e+00,0.000000000000000000e+00,0.000000000000000000e+00,0.000000000000000000e+00
0.000000000000000000e+00,9.090909090909091161e-02,5.909090909090909394e-01,2.727272727272727071e-01,0.000000000000000000e+00,0.000000000000000000e+00,4.545454545454545581e-02,0.000000000000000000e+00,0.000000000000000000e+00,0.000000000000000000e+00,0.000000000000000000e+00,0.000000000000000000e+00,0.000000000000000000e+00,0.000000000000000000e+00,0.000000000000000000e+00,0.000000000000000000e+00,0.000000000000000000e+00,0.000000000000000000e+00,0.000000000000000000e+00,0.000000000000000000e+00,0.000000000000000000e+00,0.000000000000000000e+00
0.000000000000000000e+00,2.222222222222222307e-02,6.666666666666666574e-02,7.555555555555555358e-01,1.111111111111111049e-01,2.222222222222222307e-02,0.000000000000000000e+00,0.000000000000000000e+00,0.000000000000000000e+00,0.000000000000000000e+00,0.000000000000000000e+00,0.000000000000000000e+00,0.000000000000000000e+00,0.000000000000000000e+00,0.000000000000000000e+00,0.000000000000000000e+00,0.000000000000000000e+00,0.000000000000000000e+00,0.000000000000000000e+00,0.000000000000000000e+00,0.000000000000000000e+00,2.222222222222222307e-02
0.000000000000000000e+00,0.000000000000000000e+00,0.000000000000000000e+00,8.000000000000000167e-02,8.133333333333333526e-01,2.666666666666666838e-02,2.666666666666666838e-02,2.666666666666666838e-02,0.000000000000000000e+00,0.000000000000000000e+00,0.000000000000000000e+00,0.000000000000000000e+00,1.333333333333333419e-02,0.000000000000000000e+00,0.000000000000000000e+00,0.000000000000000000e+00,0.000000000000000000e+00,0.000000000000000000e+00,0.000000000000000000e+00,1.333333333333333419e-02,0.000000000000000000e+00,0.000000000000000000e+00
0.000000000000000000e+00,3.448275862068965469e-02,3.448275862068965469e-02,0.000000000000000000e+00,6.896551724137930939e-02,4.482758620689655249e-01,6.896551724137930939e-02,1.724137931034482873e-01,6.896551724137930939e-02,0.000000000000000000e+00,3.448275862068965469e-02,0.000000000000000000e+00,0.000000000000000000e+00,0.000000000000000000e+00,0.000000000000000000e+00,0.000000000000000000e+00,0.000000000000000000e+00,3.448275862068965469e-02,0.000000000000000000e+00,0.000000000000000000e+00,0.000000000000000000e+00,3.448275862068965469e-02
0.000000000000000000e+00,0.000000000000000000e+00,0.000000000000000000e+00,8.333333333333333218e-03,0.000000000000000000e+00,5.000000000000000278e-02,7.083333333333333703e-01,1.583333333333333259e-01,4.166666666666666435e-02,1.666666666666666644e-02,8.333333333333333218e-03,0.000000000000000000e+00,0.000000000000000000e+00,0.000000000000000000e+00,0.000000000000000000e+00,0.000000000000000000e+00,0.000000000000000000e+00,0.000000000000000000e+00,0.000000000000000000e+00,0.000000000000000000e+00,0.000000000000000000e+00,8.333333333333333218e-03
0.000000000000000000e+00,0.000000000000000000e+00,0.000000000000000000e+00,0.000000000000000000e+00,6.557377049180327863e-03,3.278688524590163932e-03,4.262295081967212851e-02,7.213114754098360892e-01,1.442622950819672234e-01,4.262295081967212851e-02,9.836065573770492662e-03,6.557377049180327863e-03,6.557377049180327863e-03,6.557377049180327863e-03,0.000000000000000000e+00,0.000000000000000000e+00,0.000000000000000000e+00,0.000000000000000000e+00,0.000000000000000000e+00,3.278688524590163932e-03,0.000000000000000000e+00,6.557377049180327863e-03
0.000000000000000000e+00,0.000000000000000000e+00,0.000000000000000000e+00,0.000000000000000000e+00,0.000000000000000000e+00,4.158004158004158235e-03,1.663201663201663294e-02,5.613305613305613617e-02,7.671517671517671388e-01,1.226611226611226679e-01,1.663201663201663294e-02,4.158004158004158235e-03,4.158004158004158235e-03,4.158004158004158235e-03,0.000000000000000000e+00,0.000000000000000000e+00,0.000000000000000000e+00,0.000000000000000000e+00,0.000000000000000000e+00,0.000000000000000000e+00,0.000000000000000000e+00,4.158004158004158235e-03
0.000000000000000000e+00,0.000000000000000000e+00,0.000000000000000000e+00,0.000000000000000000e+00,0.000000000000000000e+00,0.000000000000000000e+00,1.133786848072562388e-03,7.936507936507936067e-03,6.122448979591836593e-02,7.811791383219954810e-01,1.156462585034013640e-01,1.587301587301587213e-02,5.668934240362811725e-03,2.267573696145124777e-03,1.133786848072562388e-03,0.000000000000000000e+00,1.133786848072562388e-03,1.133786848072562388e-03,0.000000000000000000e+00,0.000000000000000000e+00,0.000000000000000000e+00,5.668934240362811725e-03
0.000000000000000000e+00,0.000000000000000000e+00,0.000000000000000000e+00,0.000000000000000000e+00,0.000000000000000000e+00,0.000000000000000000e+00,1.113585746102449840e-03,6.681514476614699473e-03,1.002227171492204964e-02,8.685968819599108881e-02,7.750556792873051215e-01,9.465478841870823834e-02,1.336302895322939895e-02,5.567928730512249416e-03,0.000000000000000000e+00,2.227171492204899680e-03,1.113585746102449840e-03,1.113585746102449840e-03,0.000000000000000000e+00,0.000000000000000000e+00,0.000000000000000000e+00,2.227171492204899680e-03
1.879699248120300648e-03,0.000000000000000000e+00,0.000000000000000000e+00,0.000000000000000000e+00,0.000000000000000000e+00,0.000000000000000000e+00,1.879699248120300648e-03,1.879699248120300648e-03,5.639097744360901943e-03,2.255639097744360777e-02,1.278195488721804440e-01,7.255639097744360777e-01,6.766917293233082331e-02,1.315789473684210453e-02,5.639097744360901943e-03,3.759398496240601295e-03,3.759398496240601295e-03,0.000000000000000000e+00,1.879699248120300648e-03,0.000000000000000000e+00,0.000000000000000000e+00,1.691729323308270583e-02
0.000000000000000000e+00,0.000000000000000000e+00,0.000000000000000000e+00,0.000000000000000000e+00,4.854368932038834530e-03,0.000000000000000000e+00,0.000000000000000000e+00,4.854368932038834530e-03,1.941747572815533812e-02,4.368932038834951598e-02,5.825242718446602130e-02,1.456310679611650394e-01,5.679611650485436591e-01,5.825242718446602130e-02,3.398058252427184345e-02,2.427184466019417439e-02,9.708737864077669061e-03,1.456310679611650533e-02,0.000000000000000000e+00,4.854368932038834530e-03,0.000000000000000000e+00,9.708737864077669061e-03
0.000000000000000000e+00,0.000000000000000000e+00,0.000000000000000000e+00,0.000000000000000000e+00,0.000000000000000000e+00,0.000000000000000000e+00,0.000000000000000000e+00,0.000000000000000000e+00,1.492537313432835792e-02,2.985074626865671585e-02,4.477611940298507204e-02,1.194029850746268634e-01,1.791044776119402882e-01,3.134328358208955390e-01,8.955223880597014408e-02,1.492537313432835792e-02,1.492537313432835792e-02,2.985074626865671585e-02,2.985074626865671585e-02,2.985074626865671585e-02,1.492537313432835792e-02,7.462686567164178442e-02
0.000000000000000000e+00,0.000000000000000000e+00,0.000000000000000000e+00,0.000000000000000000e+00,0.000000000000000000e+00,0.000000000000000000e+00,0.000000000000000000e+00,0.000000000000000000e+00,2.702702702702702853e-02,2.702702702702702853e-02,2.702702702702702853e-02,5.405405405405405705e-02,2.162162162162162282e-01,2.162162162162162282e-01,2.702702702702702853e-01,8.108108108108108558e-02,2.702702702702702853e-02,0.000000000000000000e+00,0.000000000000000000e+00,0.000000000000000000e+00,2.702702702702702853e-02,2.702702702702702853e-02
0.000000000000000000e+00,0.000000000000000000e+00,0.000000000000000000e+00,0.000000000000000000e+00,0.000000000000000000e+00,0.000000000000000000e+00,0.000000000000000000e+00,0.000000000000000000e+00,0.000000000000000000e+00,0.000000000000000000e+00,1.176470588235294101e-01,1.470588235294117696e-01,8.823529411764706454e-02,0.000000000000000000e+00,2.352941176470588203e-01,2.352941176470588203e-01,5.882352941176470507e-02,0.000000000000000000e+00,0.000000000000000000e+00,5.882352941176470507e-02,0.000000000000000000e+00,5.882352941176470507e-02
0.000000000000000000e+00,0.000000000000000000e+00,0.000000000000000000e+00,0.000000000000000000e+00,0.000000000000000000e+00,0.000000000000000000e+00,0.000000000000000000e+00,0.000000000000000000e+00,4.761904761904761640e-02,4.761904761904761640e-02,4.761904761904761640e-02,0.000000000000000000e+00,9.523809523809523281e-02,1.428571428571428492e-01,4.761904761904761640e-02,1.428571428571428492e-01,2.857142857142856984e-01,0.000000000000000000e+00,1.428571428571428492e-01,0.000000000000000000e+00,0.000000000000000000e+00,0.000000000000000000e+00
0.000000000000000000e+00,0.000000000000000000e+00,0.000000000000000000e+00,0.000000000000000000e+00,0.000000000000000000e+00,8.333333333333332871e-02,0.000000000000000000e+00,8.333333333333332871e-02,0.000000000000000000e+00,8.333333333333332871e-02,0.000000000000000000e+00,8.333333333333332871e-02,8.333333333333332871e-02,8.333333333333332871e-02,0.000000000000000000e+00,0.000000000000000000e+00,1.666666666666666574e-01,1.666666666666666574e-01,0.000000000000000000e+00,0.000000000000000000e+00,8.333333333333332871e-02,8.333333333333332871e-02
0.000000000000000000e+00,0.000000000000000000e+00,0.000000000000000000e+00,0.000000000000000000e+00,0.000000000000000000e+00,0.000000000000000000e+00,0.000000000000000000e+00,0.000000000000000000e+00,0.000000000000000000e+00,8.695652173913043237e-02,0.000000000000000000e+00,0.000000000000000000e+00,0.000000000000000000e+00,0.000000000000000000e+00,4.347826086956521618e-02,8.695652173913043237e-02,8.695652173913043237e-02,4.347826086956521618e-02,3.913043478260869734e-01,0.000000000000000000e+00,4.347826086956521618e-02,2.173913043478260809e-01
0.000000000000000000e+00,0.000000000000000000e+00,0.000000000000000000e+00,0.000000000000000000e+00,8.333333333333332871e-02,0.000000000000000000e+00,0.000000000000000000e+00,0.000000000000000000e+00,0.000000000000000000e+00,0.000000000000000000e+00,0.000000000000000000e+00,1.666666666666666574e-01,8.333333333333332871e-02,1.666666666666666574e-01,0.000000000000000000e+00,1.666666666666666574e-01,0.000000000000000000e+00,0.000000000000000000e+00,0.000000000000000000e+00,1.666666666666666574e-01,8.333333333333332871e-02,8.333333333333332871e-02
0.000000000000000000e+00,0.000000000000000000e+00,0.000000000000000000e+00,0.000000000000000000e+00,0.000000000000000000e+00,0.000000000000000000e+00,0.000000000000000000e+00,0.000000000000000000e+00,0.000000000000000000e+00,0.000000000000000000e+00,0.000000000000000000e+00,1.333333333333333315e-01,0.000000000000000000e+00,0.000000000000000000e+00,0.000000000000000000e+00,2.000000000000000111e-01,0.000000000000000000e+00,6.666666666666666574e-02,6.666666666666666574e-02,6.666666666666666574e-02,2.666666666666666630e-01,2.000000000000000111e-01
0.000000000000000000e+00,0.000000000000000000e+00,0.000000000000000000e+00,0.000000000000000000e+00,0.000000000000000000e+00,0.000000000000000000e+00,0.000000000000000000e+00,8.695652173913043584e-03,1.739130434782608717e-02,1.739130434782608717e-02,1.739130434782608717e-02,3.478260869565217434e-02,4.347826086956521618e-02,4.347826086956521618e-02,1.739130434782608717e-02,8.695652173913043584e-03,1.739130434782608717e-02,0.000000000000000000e+00,5.217391304347825803e-02,8.695652173913043584e-03,5.217391304347825803e-02,6.608695652173912638e-01
