7.325467059980333984e-01,1.140609636184857362e-01,1.474926253687315614e-02,9.832841691248771481e-04,9.832841691248771481e-04,0.000000000000000000e+00,0.000000000000000000e+00,0.000000000000000000e+00,9.832841691248771481e-04,0.000000000000000000e+00,9.832841691248771481e-04,0.000000000000000000e+00,0.000000000000000000e+00,9.832841691248771481e-04,0.000000000000000000e+00,0.000000000000000000e+00,0.000000000000000000e+00,2.949852507374631227e-03,4.916420845624385090e-03,4.916420845624385090e-03,1.209439528023598803e-01
1.604803493449781793e-01,7.205240174672489228e-01,7.860262008733624739e-02,6.550218340611353371e-03,6.550218340611353371e-03,1.091703056768558895e-03,0.000000000000000000e+00,3.275109170305676685e-03,1.091703056768558895e-03,0.000000000000000000e+00,6.550218340611353371e-03,0.000000000000000000e+00,0.000000000000000000e+00,0.000000000000000000e+00,0.000000000000000000e+00,0.000000000000000000e+00,0.000000000000000000e+00,1.091703056768558895e-03,2.183406113537117790e-03,3.275109170305676685e-03,8.733624454148471161e-03
3.957783641160950161e-02,2.242744063324538240e-01,6.147757255936675547e-01,5.013192612137203075e-02,1.583113456464380064e-02,7.915567282321900322e-03,7.915567282321900322e-03,0.000000000000000000e+00,0.000000000000000000e+00,2.638522427440633152e-03,1.319261213720316663e-02,0.000000000000000000e+00,0.000000000000000000e+00,0.000000000000000000e+00,0.000000000000000000e+00,0.000000000000000000e+00,0.000000000000000000e+00,0.000000000000000000e+00,7.915567282321900322e-03,2.638522427440633152e-03,1.319261213720316663e-02
0.000000000000000000e+00,8.235294117647058709e-02,3.764705882352941124e-01,3.647058823529411575e-01,5.882352941176470507e-02,0.000000000000000000e+00,0.000000000000000000e+00,2.352941176470588203e-02,1.176470588235294101e-02,0.000000000000000000e+00,3.529411764705882304e-02,0.000000000000000000e+00,0.000000000000000000e+00,0.000000000000000000e+00,0.000000000000000000e+00,0.000000000000000000e+00,0.000000000000000000e+00,0.000000000000000000e+00,1.176470588235294101e-02,1.176470588235294101e-02,2.352941176470588203e-02
1.923076923076923184e-02,7.692307692307692735e-02,7.692307692307692735e-02,2.115384615384615363e-01,4.230769230769230727e-01,1.153846153846153910e-01,5.769230769230769551e-02,0.000000000000000000e+00,0.000000000000000000e+00,0.000000000000000000e+00,0.000000000000000000e+00,0.000000000000000000e+00,0.000000000000000000e+00,0.000000000000000000e+00,0.000000000000000000e+00,0.000000000000000000e+00,0.000000000000000000e+00,0.000000000000000000e+00,0.000000000000000000e+00,0.000000000000000000e+00,1.923076923076923184e-02
0.000000000000000000e+00,0.000000000000000000e+00,1.333333333333333315e-01,1.000000000000000056e-01,1.666666666666666574e-01,2.999999999999999889e-01,6.666666666666666574e-02,0.000000000000000000e+00,0.000000000000000000e+00,0.000000000000000000e+00,2.000000000000000111e-01,0.000000000000000000e+00,0.000000000000000000e+00,0.000000000000000000e+00,0.000000000000000000e+00,0.000000000000000000e+00,3.333333333333333287e-02,0.000000000000000000e+00,0.000000000000000000e+00,0.000000000000000000e+00,0.000000000000000000e+00
0.000000000000000000e+00,7.692307692307692735e-02,3.076923076923077094e-01,7.692307692307692735e-02,7.692307692307692735e-02,2.307692307692307820e-01,1.538461538461538547e-01,0.000000000000000000e+00,0.000000000000000000e+00,0.000000000000000000e+00,0.000000000000000000e+00,0.000000000000000000e+00,0.000000000000000000e+00,0.000000000000000000e+00,0.000000000000000000e+00,0.000000000000000000e+00,0.000000000000000000e+00,0.000000000000000000e+00,0.000000000000000000e+00,0.000000000000000000e+00,7.692307692307692735e-02
0.000000000000000000e+00,0.000000000000000000e+00,0.000000000000000000e+00,3.750000000000000000e-01,0.000000000000000000e+00,1.250000000000000000e-01,0.000000000000000000e+00,0.000000000000000000e+00,0.000000000000000000e+00,0.000000000000000000e+00,5.000000000000000000e-01,0.000000000000000000e+00,0.000000000000000000e+00,0.000000000000000000e+00,0.000000000000000000e+00,0.000000000000000000e+00,0.000000000000000000e+00,0.000000000000000000e+00,0.000000000000000000e+00,0.000000000000000000e+00,0.000000000000000000e+00
0.000000000000000000e+00,2.000000000000000111e-01,0.000000000000000000e+00,0.000000000000000000e+00,2.000000000000000111e-01,0.000000000000000000e+00,0.000000000000000000e+00,2.000000000000000111e-01,2.000000000000000111e-01,0.000000000000000000e+00,0.000000000000000000e+00,0.000000000000000000e+00,0.000000000000000000e+00,0.000000000000000000e+00,0.000000000000000000e+00,0.000000000000000000e+00,0.000000000000000000e+00,0.000000000000000000e+00,2.000000000000000111e-01,0.000000000000000000e+00,0.000000000000000000e+00
0.000000000000000000e+00,0.000000000000000000e+00,2.000000000000000111e-01,0.000000000000000000e+00,0.000000000000000000e+00,2.000000000000000111e-01,2.000000000000000111e-01,2.000000000000000111e-01,0.000000000000000000e+00,2.000000000000000111e-01,0.000000000000000000e+00,0.000000000000000000e+00,0.000000000000000000e+00,0.000000000000000000e+00,0.000000000000000000e+00,0.000000000000000000e+00,0.000000000000000000e+00,0.000000000000000000e+00,0.000000000000000000e+00,0.000000000000000000e+00,0.000000000000000000e+00
1.587301587301587213e-02,3.174603174603174427e-02,3.174603174603174427e-02,1.587301587301587213e-02,4.761904761904761640e-02,4.761904761904761640e-02,6.349206349206348854e-02,1.587301587301587213e-02,3.174603174603174427e-02,3.174603174603174427e-02,6.507936507936508130e-01,0.000000000000000000e+00,0.000000000000000000e+00,0.000000000000000000e+00,0.000000000000000000e+00,0.000000000000000000e+00,0.000000000000000000e+00,0.000000000000000000e+00,0.000000000000000000e+00,0.000000000000000000e+00,1.587301587301587213e-02
0.000000000000000000e+00,0.000000000000000000e+00,0.000000000000000000e+00,0.000000000000000000e+00,0.000000000000000000e+00,0.000000000000000000e+00,0.000000000000000000e+00,0.000000000000000000e+00,0.000000000000000000e+00,0.000000000000000000e+00,0.000000000000000000e+00,0.000000000000000000e+00,0.000000000000000000e+00,0.000000000000000000e+00,0.000000000000000000e+00,0.000000000000000000e+00,1.000000000000000000e+00,0.000000000000000000e+00,0.000000000000000000e+00,0.000000000000000000e+00,0.000000000000000000e+00
0.000000000000000000e+00,0.000000000000000000e+00,0.000000000000000000e+00,0.000000000000000000e+00,0.000000000000000000e+00,0.000000000000000000e+00,0.000000000000000000e+00,0.000000000000000000e+00,0.000000000000000000e+00,0.000000000000000000e+00,0.000000000000000000e+00,0.000000000000000000e+00,0.000000000000000000e+00,0.000000000000000000e+00,0.000000000000000000e+00,1.000000000000000000e+00,0.000000000000000000e+00,0.000000000000000000e+00,0.000000000000000000e+00,0.000000000000000000e+00,0.000000000000000000e+00
1.000000000000000056e-01,0.000000000000000000e+00,0.000000000000000000e+00,0.000000000000000000e+00,0.000000000000000000e+00,0.000000000000000000e+00,1.000000000000000056e-01,0.000000000000000000e+00,0.000000000000000000e+00,0.000000000000000000e+00,0.000000000000000000e+00,0.000000000000000000e+00,0.000000000000000000e+00,5.999999999999999778e-01,0.000000000000000000e+00,0.000000000000000000e+00,0.000000000000000000e+00,0.000000000000000000e+00,1.000000000000000056e-01,0.000000000000000000e+00,1.000000000000000056e-01
0.000000000000000000e+00,0.000000000000000000e+00,0.000000000000000000e+00,0.000000000000000000e+00,0.000000000000000000e+00,0.000000000000000000e+00,0.000000000000000000e+00,0.000000000000000000e+00,0.000000000000000000e+00,0.000000000000000000e+00,0.000000000000000000e+00,0.000000000000000000e+00,0.000000000000000000e+00,4.166666666666666435e-02,8.750000000000000000e-01,4.166666666666666435e-02,4.166666666666666435e-02,0.000000000000000000e+00,0.000000000000000000e+00,0.000000000000000000e+00,0.000000000000000000e+00
0.000000000000000000e+00,0.000000000000000000e+00,0.000000000000000000e+00,0.000000000000000000e+00,0.000000000000000000e+00,0.000000000000000000e+00,0.000000000000000000e+00,0.000000000000000000e+00,0.000000000000000000e+00,0.000000000000000000e+00,0.000000000000000000e+00,0.000000000000000000e+00,1.666666666666666644e-02,0.000000000000000000e+00,3.333333333333333287e-02,7.833333333333333259e-01,3.333333333333333287e-02,5.000000000000000278e-02,3.333333333333333287e-02,3.333333333333333287e-02,1.666666666666666644e-02
0.000000000000000000e+00,2.564102564102564014e-02,0.000000000000000000e+00,2.564102564102564014e-02,0.000000000000000000e+00,2.564102564102564014e-02,0.000000000000000000e+00,0.000000000000000000e+00,0.000000000000000000e+00,0.000000000000000000e+00,0.000000000000000000e+00,0.000000000000000000e+00,0.000000000000000000e+00,2.564102564102564014e-02,0.000000000000000000e+00,7.692307692307692735e-02,6.923076923076922906e-01,2.564102564102564014e-02,2.564102564102564014e-02,2.564102564102564014e-02,5.128205128205128027e-02
3.529411764705882304e-02,0.000000000000000000e+00,0.000000000000000000e+00,1.176470588235294101e-02,0.000000000000000000e+00,0.000000000000000000e+00,0.000000000000000000e+00,0.000000000000000000e+00,0.000000000000000000e+00,0.000000000000000000e+00,0.000000000000000000e+00,1.176470588235294101e-02,0.000000000000000000e+00,0.000000000000000000e+00,0.000000000000000000e+00,1.176470588235294101e-02,3.529411764705882304e-02,7.058823529411765163e-01,1.411764705882352922e-01,3.529411764705882304e-02,1.176470588235294101e-02
4.651162790697674354e-02,1.162790697674418589e-02,5.813953488372092943e-03,0.000000000000000000e+00,0.000000000000000000e+00,5.813953488372092943e-03,0.000000000000000000e+00,0.000000000000000000e+00,0.000000000000000000e+00,0.000000000000000000e+00,0.000000000000000000e+00,0.000000000000000000e+00,0.000000000000000000e+00,0.000000000000000000e+00,0.000000000000000000e+00,1.162790697674418589e-02,2.325581395348837177e-02,9.883720930232557655e-02,6.162790697674418450e-01,1.279069767441860517e-01,5.232558139534883995e-02
4.040404040404040747e-02,2.356902356902356929e-02,6.734006734006733712e-03,0.000000000000000000e+00,0.000000000000000000e+00,0.000000000000000000e+00,0.000000000000000000e+00,0.000000000000000000e+00,0.000000000000000000e+00,0.000000000000000000e+00,0.000000000000000000e+00,0.000000000000000000e+00,0.000000000000000000e+00,0.000000000000000000e+00,0.000000000000000000e+00,6.734006734006733712e-03,0.000000000000000000e+00,6.734006734006733712e-03,9.090909090909091161e-02,6.498316498316498713e-01,1.750841750841750921e-01
1.117021276595744628e-01,1.994680851063829891e-02,6.648936170212766013e-03,2.659574468085106318e-03,1.329787234042553159e-03,1.329787234042553159e-03,0.000000000000000000e+00,0.000000000000000000e+00,0.000000000000000000e+00,0.000000000000000000e+00,1.329787234042553159e-03,0.000000000000000000e+00,0.000000000000000000e+00,1.329787234042553159e-03,0.000000000000000000e+00,1.329787234042553159e-03,0.000000000000000000e+00,1.329787234042553159e-03,1.728723404255319215e-02,9.973404255319148759e-02,7.340425531914893664e-01
