8.095238095238095344e-01,1.428571428571428492e-01,0.000000000000000000e+00,0.000000000000000000e+00,0.000000000000000000e+00,0.000000000000000000e+00,0.000000000000000000e+00,0.000000000000000000e+00,0.000000000000000000e+00,0.000000000000000000e+00,0.000000000000000000e+00,0.000000000000000000e+00,4.761904761904761640e-02,0.000000000000000000e+00,0.000000000000000000e+00,0.000000000000000000e+00,0.000000000000000000e+00,0.000000000000000000e+00,0.000000000000000000e+00,0.000000000000000000e+00,0.000000000000000000e+00,0.000000000000000000e+00
0.000000000000000000e+00,2.727272727272727071e-01,1.818181818181818232e-01,0.000000000000000000e+00,1.818181818181818232e-01,9.090909090909091161e-02,0.000000000000000000e+00,0.000000000000000000e+00,9.090909090909091161e-02,0.000000000000000000e+00,0.000000000000000000e+00,0.000000000000000000e+00,0.000000000000000000e+00,0.000000000000000000e+00,0.000000000000000000e+00,0.000000000000000000e+00,0.000000000000000000e+00,9.090909090909091161e-02,0.000000000000000000e+00,0.000000000000000000e+00,9.090909090909091161e-02,0.000000000000000000e+00
0.000000000000000000e+00,2.500000000000000000e-01,3.750000000000000000e-01,1.250000000000000000e-01,1.250000000000000000e-01,1.250000000000000000e-01,0.000000000000000000e+00,0.000000000000000000e+00,0.000000000000000000e+00,0.000000000000000000e+00,0.000000000000000000e+00,0.000000000000000000e+00,0.000000000000000000e+00,0.000000000000000000e+00,0.000000000000000000e+00,0.000000000000000000e+00,0.000000000000000000e+00,0.000000000000000000e+00,0.000000000000000000e+00,0.000000000000000000e+00,0.000000000000000000e+00,0.000000000000000000e+00
0.000000000000000000e+00,0.000000000000000000e+00,0.000000000000000000e+00,0.000000000000000000e+00,5.714285714285713969e-01,0.000000000000000000e+00,1.428571428571428492e-01,0.000000000000000000e+00,0.000000000000000000e+00,0.000000000000000000e+00,1.428571428571428492e-01,0.000000000000000000e+00,0.000000000000000000e+00,0.000000000000000000e+00,0.000000000000000000e+00,0.000000000000000000e+00,0.000000000000000000e+00,1.428571428571428492e-01,0.000000000000000000e+00,0.000000000000000000e+00,0.000000000000000000e+00,0.000000000000000000e+00
0.000000000000000000e+00,0.000000000000000000e+00,1.886792452830188607e-02,5.660377358490566169e-02,6.792452830188678847e-01,1.132075471698113234e-01,5.660377358490566169e-02,5.660377358490566169e-02,1.886792452830188607e-02,0.000000000000000000e+00,0.000000000000000000e+00,0.000000000000000000e+00,0.000000000000000000e+00,0.000000000000000000e+00,0.000000000000000000e+00,0.000000000000000000e+00,0.000000000000000000e+00,0.000000000000000000e+00,0.000000000000000000e+00,0.000000000000000000e+00,0.000000000000000000e+00,0.000000000000000000e+00
0.000000000000000000e+00,0.000000000000000000e+00,0.000000000000000000e+00,1.369863013698630061e-02,2.739726027397260122e-02,6.164383561643835829e-01,1.369863013698630061e-01,8.219178082191780366e-02,8.219178082191780366e-02,2.739726027397260122e-02,1.369863013698630061e-02,0.000000000000000000e+00,0.000000000000000000e+00,0.000000000000000000e+00,0.000000000000000000e+00,0.000000000000000000e+00,0.000000000000000000e+00,0.000000000000000000e+00,0.000000000000000000e+00,0.000000000000000000e+00,0.000000000000000000e+00,0.000000000000000000e+00
0.000000000000000000e+00,0.000000000000000000e+00,0.000000000000000000e+00,7.407407407407407690e-03,1.481481481481481538e-02,4.444444444444444614e-02,6.370370370370370683e-01,1.555555555555555580e-01,7.407407407407406996e-02,1.481481481481481538e-02,4.444444444444444614e-02,0.000000000000000000e+00,0.000000000000000000e+00,0.000000000000000000e+00,0.000000000000000000e+00,0.000000000000000000e+00,0.000000000000000000e+00,0.000000000000000000e+00,0.000000000000000000e+00,0.000000000000000000e+00,0.000000000000000000e+00,7.407407407407407690e-03
0.000000000000000000e+00,0.000000000000000000e+00,0.000000000000000000e+00,0.000000000000000000e+00,0.000000000000000000e+00,1.980198019801980222e-02,3.465346534653465649e-02,5.445544554455445940e-01,2.425742574257425677e-01,8.415841584158416377e-02,3.465346534653465649e-02,4.950495049504950555e-03,1.980198019801980222e-02,9.900990099009901110e-03,0.000000000000000000e+00,0.000000000000000000e+00,0.000000000000000000e+00,0.000000000000000000e+00,0.000000000000000000e+00,0.000000000000000000e+00,0.000000000000000000e+00,4.950495049504950555e-03
0.000000000000000000e+00,0.000000000000000000e+00,0.000000000000000000e+00,0.000000000000000000e+00,2.512562814070351796e-03,1.005025125628140718e-02,2.261306532663316660e-02,6.030150753768843963e-02,6.281407035175879949e-01,1.959798994974874253e-01,4.522613065326633319e-02,1.507537688442210991e-02,7.537688442211054954e-03,2.512562814070351796e-03,0.000000000000000000e+00,2.512562814070351796e-03,0.000000000000000000e+00,0.000000000000000000e+00,0.000000000000000000e+00,2.512562814070351796e-03,0.000000000000000000e+00,5.025125628140703592e-03
1.562500000000000087e-03,0.000000000000000000e+00,0.000000000000000000e+00,0.000000000000000000e+00,0.000000000000000000e+00,0.000000000000000000e+00,6.250000000000000347e-03,1.406250000000000035e-02,7.187499999999999445e-02,6.437500000000000444e-01,2.187500000000000000e-01,1.718750000000000139e-02,1.250000000000000069e-02,6.250000000000000347e-03,0.000000000000000000e+00,0.000000000000000000e+00,1.562500000000000087e-03,0.000000000000000000e+00,0.000000000000000000e+00,0.000000000000000000e+00,0.000000000000000000e+00,6.250000000000000347e-03
1.098901098901098900e-03,0.000000000000000000e+00,0.000000000000000000e+00,0.000000000000000000e+00,2.197802197802197800e-03,0.000000000000000000e+00,3.296703296703296700e-03,1.428571428571428527e-02,2.747252747252747207e-02,9.340659340659340781e-02,6.736263736263736757e-01,1.505494505494505419e-01,1.758241758241758240e-02,4.395604395604395601e-03,2.197802197802197800e-03,0.000000000000000000e+00,0.000000000000000000e+00,0.000000000000000000e+00,2.197802197802197800e-03,0.000000000000000000e+00,1.098901098901098900e-03,6.593406593406593401e-03
3.773584905660377388e-03,0.000000000000000000e+00,0.000000000000000000e+00,1.257861635220125724e-03,0.000000000000000000e+00,0.000000000000000000e+00,2.515723270440251447e-03,2.515723270440251447e-03,1.509433962264150955e-02,3.396226415094339562e-02,1.207547169811320764e-01,6.955974842767295163e-01,9.433962264150944077e-02,1.006289308176100579e-02,7.547169811320754776e-03,5.031446540880502895e-03,1.257861635220125724e-03,0.000000000000000000e+00,0.000000000000000000e+00,0.000000000000000000e+00,0.000000000000000000e+00,6.289308176100629269e-03
0.000000000000000000e+00,0.000000000000000000e+00,0.000000000000000000e+00,0.000000000000000000e+00,0.000000000000000000e+00,2.557544757033248291e-03,0.000000000000000000e+00,1.023017902813299317e-02,5.115089514066496583e-03,2.813299232736572730e-02,5.882352941176470507e-02,1.381074168797953861e-01,6.547314578005115626e-01,6.649616368286445645e-02,1.534526854219948888e-02,1.023017902813299317e-02,0.000000000000000000e+00,2.557544757033248291e-03,0.000000000000000000e+00,0.000000000000000000e+00,0.000000000000000000e+00,7.672634271099744441e-03
0.000000000000000000e+00,0.000000000000000000e+00,0.000000000000000000e+00,0.000000000000000000e+00,0.000000000000000000e+00,0.000000000000000000e+00,0.000000000000000000e+00,2.083333333333333218e-02,5.208333333333333565e-02,4.166666666666666435e-02,1.041666666666666713e-01,8.333333333333332871e-02,1.770833333333333426e-01,3.958333333333333148e-01,6.250000000000000000e-02,0.000000000000000000e+00,3.125000000000000000e-02,0.000000000000000000e+00,0.000000000000000000e+00,0.000000000000000000e+00,0.000000000000000000e+00,3.125000000000000000e-02
0.000000000000000000e+00,0.000000000000000000e+00,0.000000000000000000e+00,0.000000000000000000e+00,0.000000000000000000e+00,0.000000000000000000e+00,0.000000000000000000e+00,0.000000000000000000e+00,0.000000000000000000e+00,5.454545454545454281e-02,1.090909090909090856e-01,5.454545454545454281e-02,1.272727272727272596e-01,1.090909090909090856e-01,3.636363636363636465e-01,3.636363636363636187e-02,9.090909090909091161e-02,0.000000000000000000e+00,0.000000000000000000e+00,1.818181818181818094e-02,0.000000000000000000e+00,3.636363636363636187e-02
0.000000000000000000e+00,0.000000000000000000e+00,3.448275862068965469e-02,0.000000000000000000e+00,0.000000000000000000e+00,0.000000000000000000e+00,0.000000000000000000e+00,3.448275862068965469e-02,0.000000000000000000e+00,0.000000000000000000e+00,3.448275862068965469e-02,6.896551724137930939e-02,6.896551724137930939e-02,1.379310344827586188e-01,6.896551724137930939e-02,1.724137931034482873e-01,1.379310344827586188e-01,6.896551724137930939e-02,3.448275862068965469e-02,3.448275862068965469e-02,0.000000000000000000e+00,1.034482758620689641e-01
3.846153846153846367e-02,0.000000000000000000e+00,3.846153846153846367e-02,0.000000000000000000e+00,0.000000000000000000e+00,3.846153846153846367e-02,0.000000000000000000e+00,0.000000000000000000e+00,0.000000000000000000e+00,0.000000000000000000e+00,1.538461538461538547e-01,3.846153846153846367e-02,3.846153846153846367e-02,0.000000000000000000e+00,7.692307692307692735e-02,7.692307692307692735e-02,3.076923076923077094e-01,3.846153846153846367e-02,3.846153846153846367e-02,3.846153846153846367e-02,0.000000000000000000e+00,7.692307692307692735e-02
0.000000000000000000e+00,0.000000000000000000e+00,0.000000000000000000e+00,7.142857142857142461e-02,0.000000000000000000e+00,7.142857142857142461e-02,0.000000000000000000e+00,0.000000000000000000e+00,0.000000000000000000e+00,1.428571428571428492e-01,7.142857142857142461e-02,7.142857142857142461e-02,0.000000000000000000e+00,7.142857142857142461e-02,7.142857142857142461e-02,1.428571428571428492e-01,7.142857142857142461e-02,7.142857142857142461e-02,1.428571428571428492e-01,0.000000000000000000e+00,0.000000000000000000e+00,0.000000000000000000e+00
0.000000000000000000e+00,0.000000000000000000e+00,0.000000000000000000e+00,0.000000000000000000e+00,0.000000000000000000e+00,0.000000000000000000e+00,0.000000000000000000e+00,0.000000000000000000e+00,0.000000000000000000e+00,0.000000000000000000e+00,6.451612903225806273e-02,6.451612903225806273e-02,3.225806451612903136e-02,0.000000000000000000e+00,0.000000000000000000e+00,6.451612903225806273e-02,0.000000000000000000e+00,3.225806451612903136e-02,4.838709677419354982e-01,1.935483870967741882e-01,0.000000000000000000e+00,6.451612903225806273e-02
0.000000000000000000e+00,0.000000000000000000e+00,0.000000000000000000e+00,0.000000000000000000e+00,0.000000000000000000e+00,0.000000000000000000e+00,0.000000000000000000e+00,0.000000000000000000e+00,0.000000000000000000e+00,0.000000000000000000e+00,1.333333333333333315e-01,0.000000000000000000e+00,0.000000000000000000e+00,0.000000000000000000e+00,0.000000000000000000e+00,2.000000000000000111e-01,0.000000000000000000e+00,0.000000000000000000e+00,4.666666666666666741e-01,1.333333333333333315e-01,0.000000000000000000e+00,6.666666666666666574e-02
0.000000000000000000e+00,0.000000000000000000e+00,0.000000000000000000e+00,0.000000000000000000e+00,0.000000000000000000e+00,0.000000000000000000e+00,0.000000000000000000e+00,0.000000000000000000e+00,0.000000000000000000e+00,0.000000000000000000e+00,2.000000000000000111e-01,0.000000000000000000e+00,0.000000000000000000e+00,0.000000000000000000e+00,0.000000000000000000e+00,0.000000000000000000e+00,0.000000000000000000e+00,2.000000000000000111e-01,0.000000000000000000e+00,0.000000000000000000e+00,2.000000000000000111e-01,4.000000000000000222e-01
0.000000000000000000e+00,0.000000000000000000e+00,0.000000000000000000e+00,0.000000000000000000e+00,0.000000000000000000e+00,0.000000000000000000e+00,0.000000000000000000e+00,0.000000000000000000e+00,1.000000000000000021e-02,0.000000000000000000e+00,4.000000000000000083e-02,4.000000000000000083e-02,2.000000000000000042e-02,2.999999999999999889e-02,5.000000000000000278e-02,5.000000000000000278e-02,2.999999999999999889e-02,2.999999999999999889e-02,2.000000000000000042e-02,2.999999999999999889e-02,2.999999999999999889e-02,6.199999999999999956e-01
