7.944890929965556792e-01,7.577497129735935588e-02,1.492537313432835792e-02,8.036739380022962093e-03,1.148105625717566044e-03,1.148105625717566044e-03,2.296211251435132088e-03,0.000000000000000000e+00,1.148105625717566044e-03,3.444316877152697916e-03,5.740528128587830438e-03,0.000000000000000000e+00,0.000000000000000000e+00,0.000000000000000000e+00,0.000000000000000000e+00,0.000000000000000000e+00,1.148105625717566044e-03,1.148105625717566044e-03,0.000000000000000000e+00,9.184845005740528354e-03,8.036739380022962786e-02
1.250000000000000000e-01,7.388059701492537545e-01,6.343283582089552508e-02,9.328358208955223052e-03,5.597014925373134005e-03,7.462686567164178962e-03,3.731343283582089481e-03,0.000000000000000000e+00,3.731343283582089481e-03,3.731343283582089481e-03,9.328358208955223052e-03,0.000000000000000000e+00,0.000000000000000000e+00,0.000000000000000000e+00,1.865671641791044741e-03,0.000000000000000000e+00,0.000000000000000000e+00,1.865671641791044741e-03,5.597014925373134005e-03,3.731343283582089481e-03,1.679104477611940288e-02
8.108108108108108558e-02,1.621621621621621712e-01,5.837837837837838162e-01,7.567567567567567988e-02,2.162162162162162282e-02,5.405405405405405705e-03,1.081081081081081141e-02,0.000000000000000000e+00,0.000000000000000000e+00,0.000000000000000000e+00,4.864864864864865135e-02,0.000000000000000000e+00,0.000000000000000000e+00,0.000000000000000000e+00,0.000000000000000000e+00,0.000000000000000000e+00,0.000000000000000000e+00,0.000000000000000000e+00,5.405405405405405705e-03,0.000000000000000000e+00,5.405405405405405705e-03
7.207207207207207145e-02,9.909909909909909997e-02,1.531531531531531432e-01,5.225225225225225145e-01,7.207207207207207145e-02,9.009009009009008931e-03,9.009009009009008931e-03,9.009009009009008931e-03,0.000000000000000000e+00,9.009009009009008931e-03,1.801801801801801786e-02,0.000000000000000000e+00,0.000000000000000000e+00,0.000000000000000000e+00,0.000000000000000000e+00,0.000000000000000000e+00,0.000000000000000000e+00,0.000000000000000000e+00,9.009009009009008931e-03,0.000000000000000000e+00,1.801801801801801786e-02
2.702702702702702853e-02,8.108108108108108558e-02,2.702702702702702853e-02,2.027027027027027140e-01,4.594594594594594850e-01,5.405405405405405705e-02,2.702702702702702853e-02,0.000000000000000000e+00,0.000000000000000000e+00,0.000000000000000000e+00,5.405405405405405705e-02,0.000000000000000000e+00,0.000000000000000000e+00,0.000000000000000000e+00,0.000000000000000000e+00,0.000000000000000000e+00,0.000000000000000000e+00,0.000000000000000000e+00,2.702702702702702853e-02,1.351351351351351426e-02,2.702702702702702853e-02
1.304347826086956486e-01,0.000000000000000000e+00,4.347826086956521618e-02,8.695652173913043237e-02,1.304347826086956486e-01,4.347826086956521618e-02,2.173913043478260809e-01,4.347826086956521618e-02,0.000000000000000000e+00,0.000000000000000000e+00,1.739130434782608647e-01,0.000000000000000000e+00,0.000000000000000000e+00,0.000000000000000000e+00,0.000000000000000000e+00,0.000000000000000000e+00,0.000000000000000000e+00,0.000000000000000000e+00,8.695652173913043237e-02,0.000000000000000000e+00,4.347826086956521618e-02
2.439024390243902524e-02,9.756097560975610095e-02,7.317073170731706877e-02,1.219512195121951192e-01,9.756097560975610095e-02,2.439024390243902524e-02,3.170731707317073211e-01,9.756097560975610095e-02,0.000000000000000000e+00,2.439024390243902524e-02,7.317073170731706877e-02,2.439024390243902524e-02,0.000000000000000000e+00,0.000000000000000000e+00,0.000000000000000000e+00,0.000000000000000000e+00,2.439024390243902524e-02,0.000000000000000000e+00,0.000000000000000000e+00,0.000000000000000000e+00,0.000000000000000000e+00
4.347826086956521618e-02,8.695652173913043237e-02,0.000000000000000000e+00,4.347826086956521618e-02,4.347826086956521618e-02,4.347826086956521618e-02,8.695652173913043237e-02,3.043478260869565410e-01,0.000000000000000000e+00,4.347826086956521618e-02,8.695652173913043237e-02,0.000000000000000000e+00,0.000000000000000000e+00,4.347826086956521618e-02,0.000000000000000000e+00,0.000000000000000000e+00,4.347826086956521618e-02,0.000000000000000000e+00,0.000000000000000000e+00,4.347826086956521618e-02,8.695652173913043237e-02
0.000000000000000000e+00,1.052631578947368363e-01,5.263157894736841813e-02,5.263157894736841813e-02,0.000000000000000000e+00,0.000000000000000000e+00,1.052631578947368363e-01,0.000000000000000000e+00,3.684210526315789269e-01,0.000000000000000000e+00,2.631578947368420907e-01,0.000000000000000000e+00,0.000000000000000000e+00,0.000000000000000000e+00,0.000000000000000000e+00,0.000000000000000000e+00,0.000000000000000000e+00,5.263157894736841813e-02,0.000000000000000000e+00,0.000000000000000000e+00,0.000000000000000000e+00
4.347826086956521618e-02,4.347826086956521618e-02,0.000000000000000000e+00,0.000000000000000000e+00,0.000000000000000000e+00,0.000000000000000000e+00,8.695652173913043237e-02,4.347826086956521618e-02,8.695652173913043237e-02,3.043478260869565410e-01,3.043478260869565410e-01,4.347826086956521618e-02,0.000000000000000000e+00,0.000000000000000000e+00,0.000000000000000000e+00,0.000000000000000000e+00,0.000000000000000000e+00,0.000000000000000000e+00,0.000000000000000000e+00,0.000000000000000000e+00,4.347826086956521618e-02
4.054054054054054279e-02,2.027027027027027140e-02,2.702702702702702853e-02,6.756756756756757132e-03,2.702702702702702853e-02,4.054054054054054279e-02,4.054054054054054279e-02,2.702702702702702853e-02,2.027027027027027140e-02,4.729729729729729992e-02,5.337837837837837718e-01,2.702702702702702853e-02,1.351351351351351426e-02,1.351351351351351426e-02,6.756756756756757132e-03,1.351351351351351426e-02,0.000000000000000000e+00,2.702702702702702853e-02,2.027027027027027140e-02,2.027027027027027140e-02,2.702702702702702853e-02
0.000000000000000000e+00,0.000000000000000000e+00,0.000000000000000000e+00,0.000000000000000000e+00,0.000000000000000000e+00,0.000000000000000000e+00,0.000000000000000000e+00,0.000000000000000000e+00,0.000000000000000000e+00,0.000000000000000000e+00,1.851851851851851749e-02,8.981481481481481399e-01,0.000000000000000000e+00,9.259259259259258745e-03,9.259259259259258745e-03,2.777777777777777624e-02,0.000000000000000000e+00,0.000000000000000000e+00,9.259259259259258745e-03,1.851851851851851749e-02,9.259259259259258745e-03
0.000000000000000000e+00,0.000000000000000000e+00,0.000000000000000000e+00,0.000000000000000000e+00,0.000000000000000000e+00,0.000000000000000000e+00,0.000000000000000000e+00,0.000000000000000000e+00,0.000000000000000000e+00,0.000000000000000000e+00,4.347826086956521618e-02,8.695652173913043237e-02,6.956521739130434590e-01,8.695652173913043237e-02,8.695652173913043237e-02,0.000000000000000000e+00,0.000000000000000000e+00,0.000000000000000000e+00,0.000000000000000000e+00,0.000000000000000000e+00,0.000000000000000000e+00
0.000000000000000000e+00,0.000000000000000000e+00,0.000000000000000000e+00,0.000000000000000000e+00,2.040816326530612082e-02,0.000000000000000000e+00,0.000000000000000000e+00,2.040816326530612082e-02,0.000000000000000000e+00,0.000000000000000000e+00,2.040816326530612082e-02,6.122448979591836593e-02,6.122448979591836593e-02,6.326530612244898322e-01,1.428571428571428492e-01,0.000000000000000000e+00,2.040816326530612082e-02,0.000000000000000000e+00,2.040816326530612082e-02,0.000000000000000000e+00,0.000000000000000000e+00
0.000000000000000000e+00,0.000000000000000000e+00,0.000000000000000000e+00,0.000000000000000000e+00,0.000000000000000000e+00,0.000000000000000000e+00,0.000000000000000000e+00,0.000000000000000000e+00,0.000000000000000000e+00,0.000000000000000000e+00,3.508771929824561209e-02,1.754385964912280604e-02,1.754385964912280604e-02,1.052631578947368363e-01,6.140350877192982670e-01,1.754385964912280604e-01,0.000000000000000000e+00,0.000000000000000000e+00,0.000000000000000000e+00,1.754385964912280604e-02,1.754385964912280604e-02
1.369863013698630061e-02,1.369863013698630061e-02,0.000000000000000000e+00,0.000000000000000000e+00,0.000000000000000000e+00,0.000000000000000000e+00,0.000000000000000000e+00,0.000000000000000000e+00,0.000000000000000000e+00,0.000000000000000000e+00,4.109589041095890183e-02,1.369863013698630061e-02,1.369863013698630061e-02,2.739726027397260122e-02,6.849315068493150305e-02,6.849315068493150305e-01,1.095890410958904049e-01,1.369863013698630061e-02,0.000000000000000000e+00,0.000000000000000000e+00,0.000000000000000000e+00
0.000000000000000000e+00,1.052631578947368397e-02,0.000000000000000000e+00,0.000000000000000000e+00,0.000000000000000000e+00,0.000000000000000000e+00,0.000000000000000000e+00,0.000000000000000000e+00,0.000000000000000000e+00,1.052631578947368397e-02,0.000000000000000000e+00,0.000000000000000000e+00,0.000000000000000000e+00,0.000000000000000000e+00,0.000000000000000000e+00,7.368421052631578261e-02,7.578947368421052877e-01,8.421052631578947179e-02,4.210526315789473589e-02,1.052631578947368397e-02,1.052631578947368397e-02
0.000000000000000000e+00,9.852216748768473017e-03,0.000000000000000000e+00,4.926108374384236509e-03,0.000000000000000000e+00,0.000000000000000000e+00,0.000000000000000000e+00,4.926108374384236509e-03,0.000000000000000000e+00,0.000000000000000000e+00,9.852216748768473017e-03,0.000000000000000000e+00,0.000000000000000000e+00,0.000000000000000000e+00,0.000000000000000000e+00,9.852216748768473017e-03,3.448275862068965469e-02,7.931034482758620996e-01,9.359605911330048933e-02,1.970443349753694603e-02,1.970443349753694603e-02
7.299270072992700489e-03,7.299270072992700489e-03,0.000000000000000000e+00,0.000000000000000000e+00,0.000000000000000000e+00,0.000000000000000000e+00,0.000000000000000000e+00,0.000000000000000000e+00,0.000000000000000000e+00,7.299270072992700489e-03,1.459854014598540098e-02,0.000000000000000000e+00,0.000000000000000000e+00,3.649635036496350245e-03,0.000000000000000000e+00,3.649635036496350245e-03,3.649635036496350245e-03,6.569343065693430961e-02,7.664233576642335288e-01,1.021897810218978103e-01,1.824817518248175036e-02
4.773269689737470386e-03,4.773269689737470386e-03,2.386634844868735193e-03,0.000000000000000000e+00,0.000000000000000000e+00,7.159904534606205580e-03,0.000000000000000000e+00,0.000000000000000000e+00,0.000000000000000000e+00,0.000000000000000000e+00,1.193317422434367510e-02,2.386634844868735193e-03,2.386634844868735193e-03,0.000000000000000000e+00,2.386634844868735193e-03,0.000000000000000000e+00,7.159904534606205580e-03,1.193317422434367510e-02,7.875894988066825531e-02,7.398568019093079151e-01,1.241050119331742196e-01
9.090909090909091161e-02,1.060606060606060670e-02,6.060606060606060601e-03,0.000000000000000000e+00,1.515151515151515150e-03,3.030303030303030300e-03,0.000000000000000000e+00,1.515151515151515150e-03,1.515151515151515150e-03,0.000000000000000000e+00,7.575757575757575968e-03,0.000000000000000000e+00,0.000000000000000000e+00,0.000000000000000000e+00,0.000000000000000000e+00,1.515151515151515150e-03,1.515151515151515150e-03,3.030303030303030300e-03,6.060606060606060601e-03,7.727272727272727071e-02,7.878787878787878451e-01
