6.666666666666666297e-01,1.904761904761904656e-01,4.761904761904761640e-02,4.761904761904761640e-02,0.000000000000000000e+00,0.000000000000000000e+00,4.761904761904761640e-02,0.000000000000000000e+00,0.000000000000000000e+00,0.000000000000000000e+00,0.000000000000000000e+00,0.000000000000000000e+00,0.000000000000000000e+00,0.000000000000000000e+00,0.000000000000000000e+00,0.000000000000000000e+00,0.000000000000000000e+00,0.000000000000000000e+00,0.000000000000000000e+00,0.000000000000000000e+00,0.000000000000000000e+00,0.000000000000000000e+00
0.000000000000000000e+00,8.986175115207373221e-01,9.216589861751152413e-02,4.608294930875576033e-03,0.000000000000000000e+00,4.608294930875576033e-03,0.000000000000000000e+00,0.000000000000000000e+00,0.000000000000000000e+00,0.000000000000000000e+00,0.000000000000000000e+00,0.000000000000000000e+00,0.000000000000000000e+00,0.000000000000000000e+00,0.000000000000000000e+00,0.000000000000000000e+00,0.000000000000000000e+00,0.000000000000000000e+00,0.000000000000000000e+00,0.000000000000000000e+00,0.000000000000000000e+00,0.000000000000000000e+00
1.251564455569461861e-03,1.877346683354192899e-02,8.523153942428035590e-01,1.051314142678347885e-01,7.509386733416770730e-03,2.503128911138923721e-03,2.503128911138923721e-03,0.000000000000000000e+00,1.251564455569461861e-03,0.000000000000000000e+00,1.251564455569461861e-03,0.000000000000000000e+00,1.251564455569461861e-03,0.000000000000000000e+00,1.251564455569461861e-03,0.000000000000000000e+00,0.000000000000000000e+00,1.251564455569461861e-03,0.000000000000000000e+00,1.251564455569461861e-03,0.000000000000000000e+00,2.503128911138923721e-03
0.000000000000000000e+00,0.000000000000000000e+00,6.326723323890462436e-02,8.045325779036827107e-01,1.029272898961284266e-01,1.322001888574126510e-02,2.832861189801699851e-03,2.832861189801699851e-03,9.442870632672332835e-04,1.888574126534466567e-03,0.000000000000000000e+00,1.888574126534466567e-03,0.000000000000000000e+00,0.000000000000000000e+00,0.000000000000000000e+00,3.777148253068933134e-03,0.000000000000000000e+00,0.000000000000000000e+00,0.000000000000000000e+00,0.000000000000000000e+00,0.000000000000000000e+00,1.888574126534466567e-03
0.000000000000000000e+00,0.000000000000000000e+00,7.954545454545453725e-03,1.022727272727272790e-01,7.590909090909090384e-01,8.636363636363636465e-02,1.022727272727272721e-02,7.954545454545453725e-03,3.409090909090908925e-03,2.272727272727272617e-03,3.409090909090908925e-03,2.272727272727272617e-03,1.136363636363636308e-03,2.272727272727272617e-03,0.000000000000000000e+00,0.000000000000000000e+00,0.000000000000000000e+00,0.000000000000000000e+00,0.000000000000000000e+00,1.136363636363636308e-03,1.136363636363636308e-03,9.090909090909090468e-03
0.000000000000000000e+00,0.000000000000000000e+00,1.152737752161383210e-02,5.475504322766570897e-02,1.902017291066282478e-01,5.648414985590778370e-01,6.916426512968300300e-02,2.881844380403458111e-02,2.593659942363112439e-02,5.763688760806916049e-03,2.881844380403458025e-03,5.763688760806916049e-03,0.000000000000000000e+00,0.000000000000000000e+00,0.000000000000000000e+00,5.763688760806916049e-03,5.763688760806916049e-03,0.000000000000000000e+00,0.000000000000000000e+00,0.000000000000000000e+00,0.000000000000000000e+00,2.881844380403458111e-02
1.574803149606299191e-02,0.000000000000000000e+00,7.874015748031495954e-03,6.299212598425196763e-02,4.724409448818897572e-02,1.811023622047244208e-01,4.251968503937008093e-01,1.023622047244094474e-01,7.086614173228346358e-02,7.874015748031495954e-03,2.362204724409448786e-02,0.000000000000000000e+00,1.574803149606299191e-02,0.000000000000000000e+00,0.000000000000000000e+00,0.000000000000000000e+00,0.000000000000000000e+00,0.000000000000000000e+00,0.000000000000000000e+00,7.874015748031495954e-03,0.000000000000000000e+00,3.149606299212598381e-02
0.000000000000000000e+00,0.000000000000000000e+00,9.433962264150943036e-03,2.830188679245283084e-02,3.773584905660377214e-02,9.433962264150944077e-02,1.792452830188679125e-01,4.433962264150943522e-01,8.490566037735848559e-02,1.886792452830188607e-02,1.886792452830188607e-02,9.433962264150943036e-03,2.830188679245283084e-02,0.000000000000000000e+00,0.000000000000000000e+00,0.000000000000000000e+00,9.433962264150943036e-03,0.000000000000000000e+00,0.000000000000000000e+00,0.000000000000000000e+00,0.000000000000000000e+00,3.773584905660377214e-02
0.000000000000000000e+00,0.000000000000000000e+00,1.063829787234042527e-02,2.127659574468085055e-02,4.255319148936170109e-02,1.063829787234042562e-01,8.510638297872340219e-02,7.446808510638297518e-02,5.212765957446808818e-01,3.191489361702127409e-02,2.127659574468085055e-02,0.000000000000000000e+00,1.063829787234042527e-02,1.063829787234042527e-02,0.000000000000000000e+00,1.063829787234042527e-02,1.063829787234042527e-02,0.000000000000000000e+00,0.000000000000000000e+00,0.000000000000000000e+00,0.000000000000000000e+00,4.255319148936170109e-02
0.000000000000000000e+00,0.000000000000000000e+00,0.000000000000000000e+00,6.060606060606060774e-02,3.030303030303030387e-02,6.060606060606060774e-02,6.060606060606060774e-02,9.090909090909091161e-02,1.515151515151515194e-01,1.515151515151515194e-01,1.212121212121212155e-01,6.060606060606060774e-02,0.000000000000000000e+00,0.000000000000000000e+00,0.000000000000000000e+00,0.000000000000000000e+00,3.030303030303030387e-02,0.000000000000000000e+00,0.000000000000000000e+00,3.030303030303030387e-02,3.030303030303030387e-02,1.212121212121212155e-01
0.000000000000000000e+00,0.000000000000000000e+00,0.000000000000000000e+00,0.000000000000000000e+00,2.439024390243902524e-02,7.317073170731706877e-02,2.439024390243902524e-02,2.439024390243902524e-02,4.878048780487805047e-02,7.317073170731706877e-02,4.634146341463414864e-01,7.317073170731706877e-02,4.878048780487805047e-02,2.439024390243902524e-02,2.439024390243902524e-02,2.439024390243902524e-02,0.000000000000000000e+00,0.000000000000000000e+00,0.000000000000000000e+00,0.000000000000000000e+00,0.000000000000000000e+00,7.317073170731706877e-02
0.000000000000000000e+00,0.000000000000000000e+00,0.000000000000000000e+00,0.000000000000000000e+00,1.333333333333333315e-01,3.333333333333333287e-02,3.333333333333333287e-02,6.666666666666666574e-02,0.000000000000000000e+00,6.666666666666666574e-02,6.666666666666666574e-02,2.999999999999999889e-01,1.333333333333333315e-01,0.000000000000000000e+00,3.333333333333333287e-02,0.000000000000000000e+00,0.000000000000000000e+00,0.000000000000000000e+00,0.000000000000000000e+00,3.333333333333333287e-02,0.000000000000000000e+00,1.000000000000000056e-01
0.000000000000000000e+00,0.000000000000000000e+00,0.000000000000000000e+00,0.000000000000000000e+00,0.000000000000000000e+00,4.166666666666666435e-02,4.166666666666666435e-02,1.666666666666666574e-01,4.166666666666666435e-02,0.000000000000000000e+00,4.166666666666666435e-02,2.083333333333333426e-01,1.250000000000000000e-01,8.333333333333332871e-02,4.166666666666666435e-02,8.333333333333332871e-02,0.000000000000000000e+00,0.000000000000000000e+00,4.166666666666666435e-02,0.000000000000000000e+00,0.000000000000000000e+00,8.333333333333332871e-02
0.000000000000000000e+00,0.000000000000000000e+00,0.000000000000000000e+00,0.000000000000000000e+00,5.882352941176470507e-02,5.882352941176470507e-02,0.000000000000000000e+00,0.000000000000000000e+00,0.000000000000000000e+00,1.176470588235294101e-01,0.000000000000000000e+00,1.764705882352941291e-01,2.352941176470588203e-01,2.352941176470588203e-01,0.000000000000000000e+00,0.000000000000000000e+00,0.000000000000000000e+00,0.000000000000000000e+00,5.882352941176470507e-02,0.000000000000000000e+00,0.000000000000000000e+00,5.882352941176470507e-02
0.000000000000000000e+00,0.000000000000000000e+00,0.000000000000000000e+00,0.000000000000000000e+00,0.000000000000000000e+00,1.666666666666666574e-01,0.000000000000000000e+00,1.666666666666666574e-01,8.333333333333332871e-02,0.000000000000000000e+00,8.333333333333332871e-02,1.666666666666666574e-01,0.000000000000000000e+00,8.333333333333332871e-02,0.000000000000000000e+00,8.333333333333332871e-02,0.000000000000000000e+00,0.000000000000000000e+00,0.000000000000000000e+00,0.000000000000000000e+00,0.000000000000000000e+00,1.666666666666666574e-01
0.000000000000000000e+00,5.555555555555555247e-02,5.555555555555555247e-02,0.000000000000000000e+00,5.555555555555555247e-02,5.555555555555555247e-02,0.000000000000000000e+00,0.000000000000000000e+00,0.000000000000000000e+00,0.000000000000000000e+00,0.000000000000000000e+00,0.000000000000000000e+00,5.555555555555555247e-02,1.111111111111111049e-01,1.111111111111111049e-01,2.222222222222222099e-01,1.111111111111111049e-01,0.000000000000000000e+00,0.000000000000000000e+00,5.555555555555555247e-02,0.000000000000000000e+00,1.111111111111111049e-01
0.000000000000000000e+00,0.000000000000000000e+00,0.000000000000000000e+00,1.428571428571428492e-01,0.000000000000000000e+00,1.428571428571428492e-01,0.000000000000000000e+00,0.000000000000000000e+00,0.000000000000000000e+00,1.428571428571428492e-01,0.000000000000000000e+00,0.000000000000000000e+00,0.000000000000000000e+00,0.000000000000000000e+00,0.000000000000000000e+00,1.428571428571428492e-01,1.428571428571428492e-01,0.000000000000000000e+00,0.000000000000000000e+00,0.000000000000000000e+00,0.000000000000000000e+00,2.857142857142856984e-01
0.000000000000000000e+00,0.000000000000000000e+00,0.000000000000000000e+00,1.000000000000000056e-01,0.000000000000000000e+00,0.000000000000000000e+00,0.000000000000000000e+00,1.000000000000000056e-01,0.000000000000000000e+00,0.000000000000000000e+00,0.000000000000000000e+00,0.000000000000000000e+00,0.000000000000000000e+00,1.000000000000000056e-01,1.000000000000000056e-01,0.000000000000000000e+00,0.000000000000000000e+00,2.999999999999999889e-01,0.000000000000000000e+00,1.000000000000000056e-01,0.000000000000000000e+00,2.000000000000000111e-01
0.000000000000000000e+00,0.000000000000000000e+00,1.250000000000000000e-01,0.000000000000000000e+00,1.250000000000000000e-01,0.000000000000000000e+00,0.000000000000000000e+00,0.000000000000000000e+00,0.000000000000000000e+00,0.000000000000000000e+00,1.250000000000000000e-01,0.000000000000000000e+00,1.250000000000000000e-01,0.000000000000000000e+00,0.000000000000000000e+00,0.000000000000000000e+00,0.000000000000000000e+00,0.000000000000000000e+00,1.250000000000000000e-01,0.000000000000000000e+00,1.250000000000000000e-01,2.500000000000000000e-01
0.000000000000000000e+00,0.000000000000000000e+00,0.000000000000000000e+00,0.000000000000000000e+00,0.000000000000000000e+00,7.142857142857142461e-02,0.000000000000000000e+00,0.000000000000000000e+00,7.142857142857142461e-02,1.428571428571428492e-01,0.000000000000000000e+00,0.000000000000000000e+00,0.000000000000000000e+00,0.000000000000000000e+00,7.142857142857142461e-02,7.142857142857142461e-02,0.000000000000000000e+00,7.142857142857142461e-02,7.142857142857142461e-02,1.428571428571428492e-01,7.142857142857142461e-02,2.142857142857142738e-01
0.000000000000000000e+00,0.000000000000000000e+00,0.000000000000000000e+00,0.000000000000000000e+00,0.000000000000000000e+00,7.692307692307692735e-02,0.000000000000000000e+00,0.000000000000000000e+00,0.000000000000000000e+00,0.000000000000000000e+00,0.000000000000000000e+00,0.000000000000000000e+00,0.000000000000000000e+00,0.000000000000000000e+00,0.000000000000000000e+00,0.000000000000000000e+00,0.000000000000000000e+00,0.000000000000000000e+00,0.000000000000000000e+00,7.692307692307692735e-02,3.076923076923077094e-01,5.384615384615384359e-01
0.000000000000000000e+00,0.000000000000000000e+00,1.449275362318840597e-02,2.898550724637681195e-02,1.449275362318840597e-02,1.449275362318840597e-02,2.173913043478260809e-02,3.623188405797101580e-02,2.173913043478260809e-02,3.623188405797101580e-02,7.246376811594202987e-03,1.449275362318840597e-02,7.246376811594202987e-03,2.898550724637681195e-02,2.898550724637681195e-02,2.173913043478260809e-02,7.246376811594202987e-03,2.173913043478260809e-02,2.173913043478260809e-02,1.449275362318840597e-02,2.898550724637681195e-02,6.086956521739130821e-01
