7.714285714285714635e-01,8.571428571428571508e-02,0.000000000000000000e+00,0.000000000000000000e+00,0.000000000000000000e+00,5.714285714285714107e-02,0.000000000000000000e+00,0.000000000000000000e+00,0.000000000000000000e+00,0.000000000000000000e+00,0.000000000000000000e+00,2.857142857142857054e-02,2.857142857142857054e-02,0.000000000000000000e+00,0.000000000000000000e+00,0.000000000000000000e+00,0.000000000000000000e+00,0.000000000000000000e+00,0.000000000000000000e+00,0.000000000000000000e+00,0.000000000000000000e+00,2.857142857142857054e-02
7.407407407407406996e-02,7.407407407407406996e-01,1.111111111111111049e-01,0.000000000000000000e+00,0.000000000000000000e+00,0.000000000000000000e+00,7.407407407407406996e-02,0.000000000000000000e+00,0.000000000000000000e+00,0.000000000000000000e+00,0.000000000000000000e+00,0.000000000000000000e+00,0.000000000000000000e+00,0.000000000000000000e+00,0.000000000000000000e+00,0.000000000000000000e+00,0.000000000000000000e+00,0.000000000000000000e+00,0.000000000000000000e+00,0.000000000000000000e+00,0.000000000000000000e+00,0.000000000000000000e+00
0.000000000000000000e+00,9.523809523809523281e-02,6.190476190476190688e-01,1.428571428571428492e-01,0.000000000000000000e+00,0.000000000000000000e+00,4.761904761904761640e-02,4.761904761904761640e-02,0.000000000000000000e+00,0.000000000000000000e+00,0.000000000000000000e+00,4.761904761904761640e-02,0.000000000000000000e+00,0.000000000000000000e+00,0.000000000000000000e+00,0.000000000000000000e+00,0.000000000000000000e+00,0.000000000000000000e+00,0.000000000000000000e+00,0.000000000000000000e+00,0.000000000000000000e+00,0.000000000000000000e+00
1.639344262295082053e-02,1.639344262295082053e-02,3.278688524590164105e-02,8.360655737704918433e-01,8.196721311475409222e-02,1.639344262295082053e-02,0.000000000000000000e+00,0.000000000000000000e+00,0.000000000000000000e+00,0.000000000000000000e+00,0.000000000000000000e+00,0.000000000000000000e+00,0.000000000000000000e+00,0.000000000000000000e+00,0.000000000000000000e+00,0.000000000000000000e+00,0.000000000000000000e+00,0.000000000000000000e+00,0.000000000000000000e+00,0.000000000000000000e+00,0.000000000000000000e+00,0.000000000000000000e+00
0.000000000000000000e+00,0.000000000000000000e+00,5.405405405405405705e-02,8.108108108108108558e-02,6.486486486486486847e-01,1.351351351351351426e-01,0.000000000000000000e+00,0.000000000000000000e+00,0.000000000000000000e+00,2.702702702702702853e-02,2.702702702702702853e-02,0.000000000000000000e+00,0.000000000000000000e+00,0.000000000000000000e+00,0.000000000000000000e+00,0.000000000000000000e+00,0.000000000000000000e+00,2.702702702702702853e-02,0.000000000000000000e+00,0.000000000000000000e+00,0.000000000000000000e+00,0.000000000000000000e+00
1.724137931034482735e-02,0.000000000000000000e+00,0.000000000000000000e+00,3.448275862068965469e-02,1.034482758620689641e-01,6.896551724137931494e-01,3.448275862068965469e-02,3.448275862068965469e-02,5.172413793103448204e-02,1.724137931034482735e-02,1.724137931034482735e-02,0.000000000000000000e+00,0.000000000000000000e+00,0.000000000000000000e+00,0.000000000000000000e+00,0.000000000000000000e+00,0.000000000000000000e+00,0.000000000000000000e+00,0.000000000000000000e+00,0.000000000000000000e+00,0.000000000000000000e+00,0.000000000000000000e+00
0.000000000000000000e+00,0.000000000000000000e+00,0.000000000000000000e+00,0.000000000000000000e+00,0.000000000000000000e+00,8.474576271186440302e-02,6.610169491525423879e-01,1.355932203389830504e-01,3.389830508474576259e-02,3.389830508474576259e-02,3.389830508474576259e-02,0.000000000000000000e+00,0.000000000000000000e+00,1.694915254237288130e-02,0.000000000000000000e+00,0.000000000000000000e+00,0.000000000000000000e+00,0.000000000000000000e+00,0.000000000000000000e+00,0.000000000000000000e+00,0.000000000000000000e+00,0.000000000000000000e+00
0.000000000000000000e+00,5.235602094240838014e-03,0.000000000000000000e+00,0.000000000000000000e+00,1.047120418848167603e-02,1.047120418848167603e-02,6.282722513089004923e-02,7.329842931937172734e-01,1.151832460732984259e-01,3.141361256544502462e-02,2.094240837696335206e-02,5.235602094240838014e-03,0.000000000000000000e+00,5.235602094240838014e-03,0.000000000000000000e+00,0.000000000000000000e+00,0.000000000000000000e+00,0.000000000000000000e+00,0.000000000000000000e+00,0.000000000000000000e+00,0.000000000000000000e+00,0.000000000000000000e+00
0.000000000000000000e+00,0.000000000000000000e+00,0.000000000000000000e+00,2.433090024330900308e-03,0.000000000000000000e+00,7.299270072992700489e-03,4.866180048661800615e-03,8.515815085158150166e-02,6.982968369829684052e-01,1.557177615571776197e-01,2.676399026763990122e-02,1.216545012165450197e-02,2.433090024330900308e-03,0.000000000000000000e+00,0.000000000000000000e+00,0.000000000000000000e+00,0.000000000000000000e+00,0.000000000000000000e+00,0.000000000000000000e+00,2.433090024330900308e-03,0.000000000000000000e+00,2.433090024330900308e-03
0.000000000000000000e+00,0.000000000000000000e+00,0.000000000000000000e+00,0.000000000000000000e+00,0.000000000000000000e+00,0.000000000000000000e+00,1.154734411085450328e-03,3.464203233256351201e-03,1.004618937644341792e-01,7.563510392609700261e-01,9.584295612009237353e-02,2.309468822170900743e-02,4.618937644341801312e-03,4.618937644341801312e-03,3.464203233256351201e-03,0.000000000000000000e+00,1.154734411085450328e-03,0.000000000000000000e+00,0.000000000000000000e+00,0.000000000000000000e+00,0.000000000000000000e+00,5.773672055427251856e-03
0.000000000000000000e+00,0.000000000000000000e+00,9.541984732824427108e-04,0.000000000000000000e+00,0.000000000000000000e+00,9.541984732824427108e-04,0.000000000000000000e+00,9.541984732824427108e-04,6.679389312977099084e-03,1.135496183206106818e-01,7.519083969465648609e-01,8.969465648854961504e-02,1.049618320610687036e-02,5.725190839694656482e-03,3.816793893129770843e-03,3.816793893129770843e-03,1.908396946564885422e-03,0.000000000000000000e+00,1.908396946564885422e-03,0.000000000000000000e+00,0.000000000000000000e+00,7.633587786259541687e-03
1.447178002894355898e-03,0.000000000000000000e+00,0.000000000000000000e+00,0.000000000000000000e+00,0.000000000000000000e+00,0.000000000000000000e+00,1.447178002894355898e-03,0.000000000000000000e+00,1.013024602026049194e-02,2.604920405209840834e-02,1.707670043415339955e-01,6.960926193921852523e-01,5.354558610709117539e-02,1.736613603473227338e-02,7.235890014471779708e-03,7.235890014471779708e-03,2.894356005788711796e-03,0.000000000000000000e+00,0.000000000000000000e+00,0.000000000000000000e+00,0.000000000000000000e+00,5.788712011577423593e-03
0.000000000000000000e+00,0.000000000000000000e+00,0.000000000000000000e+00,0.000000000000000000e+00,4.694835680751173815e-03,0.000000000000000000e+00,0.000000000000000000e+00,0.000000000000000000e+00,4.694835680751173815e-03,1.877934272300469526e-02,5.164319248826291370e-02,2.535211267605633756e-01,5.305164319248826255e-01,6.572769953051643688e-02,2.347417840375586734e-02,9.389671361502347630e-03,9.389671361502347630e-03,4.694835680751173815e-03,0.000000000000000000e+00,0.000000000000000000e+00,4.694835680751173815e-03,1.877934272300469526e-02
0.000000000000000000e+00,0.000000000000000000e+00,0.000000000000000000e+00,0.000000000000000000e+00,0.000000000000000000e+00,0.000000000000000000e+00,0.000000000000000000e+00,0.000000000000000000e+00,0.000000000000000000e+00,3.658536585365853439e-02,6.097560975609755962e-02,1.951219512195122019e-01,2.195121951219512202e-01,3.048780487804877981e-01,7.317073170731706877e-02,1.219512195121951262e-02,1.219512195121951262e-02,0.000000000000000000e+00,1.219512195121951262e-02,1.219512195121951262e-02,0.000000000000000000e+00,6.097560975609755962e-02
0.000000000000000000e+00,0.000000000000000000e+00,0.000000000000000000e+00,0.000000000000000000e+00,0.000000000000000000e+00,0.000000000000000000e+00,0.000000000000000000e+00,0.000000000000000000e+00,0.000000000000000000e+00,3.921568627450980338e-02,1.176470588235294101e-01,3.921568627450980338e-02,2.352941176470588203e-01,1.568627450980392135e-01,2.745098039215686514e-01,1.960784313725490169e-02,0.000000000000000000e+00,1.960784313725490169e-02,0.000000000000000000e+00,0.000000000000000000e+00,1.960784313725490169e-02,7.843137254901960675e-02
0.000000000000000000e+00,0.000000000000000000e+00,0.000000000000000000e+00,0.000000000000000000e+00,0.000000000000000000e+00,0.000000000000000000e+00,0.000000000000000000e+00,0.000000000000000000e+00,3.448275862068965469e-02,0.000000000000000000e+00,6.896551724137930939e-02,2.068965517241379282e-01,6.896551724137930939e-02,1.034482758620689641e-01,1.724137931034482873e-01,1.724137931034482873e-01,6.896551724137930939e-02,0.000000000000000000e+00,0.000000000000000000e+00,0.000000000000000000e+00,0.000000000000000000e+00,1.034482758620689641e-01
0.000000000000000000e+00,0.000000000000000000e+00,0.000000000000000000e+00,0.000000000000000000e+00,0.000000000000000000e+00,0.000000000000000000e+00,0.000000000000000000e+00,0.000000000000000000e+00,0.000000000000000000e+00,0.000000000000000000e+00,1.176470588235294101e-01,5.882352941176470507e-02,0.000000000000000000e+00,5.882352941176470507e-02,1.176470588235294101e-01,2.941176470588235392e-01,1.176470588235294101e-01,0.000000000000000000e+00,5.882352941176470507e-02,0.000000000000000000e+00,0.000000000000000000e+00,1.764705882352941291e-01
0.000000000000000000e+00,0.000000000000000000e+00,0.000000000000000000e+00,0.000000000000000000e+00,0.000000000000000000e+00,0.000000000000000000e+00,0.000000000000000000e+00,0.000000000000000000e+00,0.000000000000000000e+00,0.000000000000000000e+00,0.000000000000000000e+00,0.000000000000000000e+00,0.000000000000000000e+00,0.000000000000000000e+00,1.000000000000000056e-01,1.000000000000000056e-01,1.000000000000000056e-01,2.000000000000000111e-01,2.000000000000000111e-01,1.000000000000000056e-01,0.000000000000000000e+00,2.000000000000000111e-01
0.000000000000000000e+00,0.000000000000000000e+00,0.000000000000000000e+00,0.000000000000000000e+00,0.000000000000000000e+00,0.000000000000000000e+00,0.000000000000000000e+00,0.000000000000000000e+00,0.000000000000000000e+00,1.111111111111111049e-01,0.000000000000000000e+00,0.000000000000000000e+00,0.000000000000000000e+00,1.111111111111111049e-01,0.000000000000000000e+00,5.555555555555555247e-02,1.666666666666666574e-01,1.666666666666666574e-01,2.777777777777777901e-01,5.555555555555555247e-02,0.000000000000000000e+00,5.555555555555555247e-02
0.000000000000000000e+00,0.000000000000000000e+00,0.000000000000000000e+00,0.000000000000000000e+00,0.000000000000000000e+00,0.000000000000000000e+00,0.000000000000000000e+00,0.000000000000000000e+00,1.428571428571428492e-01,0.000000000000000000e+00,0.000000000000000000e+00,0.000000000000000000e+00,0.000000000000000000e+00,0.000000000000000000e+00,0.000000000000000000e+00,1.428571428571428492e-01,1.428571428571428492e-01,0.000000000000000000e+00,4.285714285714285476e-01,0.000000000000000000e+00,0.000000000000000000e+00,1.428571428571428492e-01
0.000000000000000000e+00,0.000000000000000000e+00,0.000000000000000000e+00,0.000000000000000000e+00,0.000000000000000000e+00,0.000000000000000000e+00,0.000000000000000000e+00,0.000000000000000000e+00,0.000000000000000000e+00,0.000000000000000000e+00,0.000000000000000000e+00,0.000000000000000000e+00,0.000000000000000000e+00,1.428571428571428492e-01,1.428571428571428492e-01,0.000000000000000000e+00,0.000000000000000000e+00,0.000000000000000000e+00,0.000000000000000000e+00,0.000000000000000000e+00,1.428571428571428492e-01,5.714285714285713969e-01
1.315789473684210453e-02,0.000000000000000000e+00,0.000000000000000000e+00,0.000000000000000000e+00,0.000000000000000000e+00,0.000000000000000000e+00,0.000000000000000000e+00,2.631578947368420907e-02,0.000000000000000000e+00,0.000000000000000000e+00,9.210526315789473173e-02,6.578947368421052266e-02,9.210526315789473173e-02,7.894736842105262720e-02,3.947368421052631360e-02,3.947368421052631360e-02,1.315789473684210453e-02,1.315789473684210453e-02,5.263157894736841813e-02,2.631578947368420907e-02,5.263157894736841813e-02,3.947368421052631637e-01
