8.970588235294117974e-01,2.941176470588235253e-02,1.470588235294117627e-02,2.941176470588235253e-02,0.000000000000000000e+00,0.000000000000000000e+00,0.000000000000000000e+00,0.000000000000000000e+00,1.470588235294117627e-02,1.470588235294117627e-02,0.000000000000000000e+00,0.000000000000000000e+00,0.000000000000000000e+00,0.000000000000000000e+00,0.000000000000000000e+00,0.000000000000000000e+00,0.000000000000000000e+00,0.000000000000000000e+00,0.000000000000000000e+00,0.000000000000000000e+00,0.000000000000000000e+00,0.000000000000000000e+00
4.285714285714285476e-01,2.857142857142856984e-01,1.428571428571428492e-01,0.000000000000000000e+00,0.000000000000000000e+00,0.000000000000000000e+00,0.000000000000000000e+00,0.000000000000000000e+00,0.000000000000000000e+00,0.000000000000000000e+00,0.000000000000000000e+00,0.000000000000000000e+00,1.428571428571428492e-01,0.000000000000000000e+00,0.000000000000000000e+00,0.000000000000000000e+00,0.000000000000000000e+00,0.000000000000000000e+00,0.000000000000000000e+00,0.000000000000000000e+00,0.000000000000000000e+00,0.000000000000000000e+00
1.250000000000000000e-01,1.250000000000000000e-01,2.500000000000000000e-01,0.000000000000000000e+00,0.000000000000000000e+00,0.000000000000000000e+00,1.250000000000000000e-01,1.250000000000000000e-01,1.250000000000000000e-01,1.250000000000000000e-01,0.000000000000000000e+00,0.000000000000000000e+00,0.000000000000000000e+00,0.000000000000000000e+00,0.000000000000000000e+00,0.000000000000000000e+00,0.000000000000000000e+00,0.000000000000000000e+00,0.000000000000000000e+00,0.000000000000000000e+00,0.000000000000000000e+00,0.000000000000000000e+00
3.125000000000000000e-02,3.125000000000000000e-02,3.125000000000000000e-02,6.562500000000000000e-01,0.000000000000000000e+00,0.000000000000000000e+00,0.000000000000000000e+00,3.125000000000000000e-02,0.000000000000000000e+00,0.000000000000000000e+00,6.250000000000000000e-02,9.375000000000000000e-02,6.250000000000000000e-02,0.000000000000000000e+00,0.000000000000000000e+00,0.000000000000000000e+00,0.000000000000000000e+00,0.000000000000000000e+00,0.000000000000000000e+00,0.000000000000000000e+00,0.000000000000000000e+00,0.000000000000000000e+00
0.000000000000000000e+00,0.000000000000000000e+00,0.000000000000000000e+00,1.111111111111111049e-01,7.777777777777777901e-01,0.000000000000000000e+00,0.000000000000000000e+00,0.000000000000000000e+00,0.000000000000000000e+00,0.000000000000000000e+00,0.000000000000000000e+00,0.000000000000000000e+00,0.000000000000000000e+00,0.000000000000000000e+00,0.000000000000000000e+00,0.000000000000000000e+00,0.000000000000000000e+00,0.000000000000000000e+00,0.000000000000000000e+00,0.000000000000000000e+00,0.000000000000000000e+00,1.111111111111111049e-01
0.000000000000000000e+00,0.000000000000000000e+00,0.000000000000000000e+00,0.000000000000000000e+00,0.000000000000000000e+00,9.090909090909090606e-01,0.000000000000000000e+00,0.000000000000000000e+00,0.000000000000000000e+00,0.000000000000000000e+00,9.090909090909091161e-02,0.000000000000000000e+00,0.000000000000000000e+00,0.000000000000000000e+00,0.000000000000000000e+00,0.000000000000000000e+00,0.000000000000000000e+00,0.000000000000000000e+00,0.000000000000000000e+00,0.000000000000000000e+00,0.000000000000000000e+00,0.000000000000000000e+00
0.000000000000000000e+00,0.000000000000000000e+00,3.333333333333333287e-02,0.000000000000000000e+00,1.666666666666666644e-02,0.000000000000000000e+00,7.500000000000000000e-01,1.000000000000000056e-01,3.333333333333333287e-02,0.000000000000000000e+00,3.333333333333333287e-02,3.333333333333333287e-02,0.000000000000000000e+00,0.000000000000000000e+00,0.000000000000000000e+00,0.000000000000000000e+00,0.000000000000000000e+00,0.000000000000000000e+00,0.000000000000000000e+00,0.000000000000000000e+00,0.000000000000000000e+00,0.000000000000000000e+00
0.000000000000000000e+00,0.000000000000000000e+00,0.000000000000000000e+00,2.197802197802197974e-02,0.000000000000000000e+00,0.000000000000000000e+00,6.593406593406593574e-02,6.813186813186813406e-01,1.208791208791208799e-01,4.395604395604395948e-02,4.395604395604395948e-02,2.197802197802197974e-02,0.000000000000000000e+00,0.000000000000000000e+00,0.000000000000000000e+00,0.000000000000000000e+00,0.000000000000000000e+00,0.000000000000000000e+00,0.000000000000000000e+00,0.000000000000000000e+00,0.000000000000000000e+00,0.000000000000000000e+00
4.830917874396135035e-03,0.000000000000000000e+00,0.000000000000000000e+00,4.830917874396135035e-03,4.830917874396135035e-03,4.830917874396135035e-03,1.449275362318840597e-02,5.797101449275362389e-02,6.859903381642512565e-01,1.787439613526569937e-01,1.932367149758454014e-02,9.661835748792270070e-03,4.830917874396135035e-03,0.000000000000000000e+00,4.830917874396135035e-03,4.830917874396135035e-03,0.000000000000000000e+00,0.000000000000000000e+00,0.000000000000000000e+00,0.000000000000000000e+00,0.000000000000000000e+00,0.000000000000000000e+00
1.848428835489833617e-03,0.000000000000000000e+00,1.848428835489833617e-03,1.848428835489833617e-03,0.000000000000000000e+00,0.000000000000000000e+00,0.000000000000000000e+00,5.545286506469500852e-03,7.024029574861367919e-02,7.966728280961182795e-01,9.981515711645101707e-02,3.696857670979667235e-03,9.242144177449168954e-03,1.848428835489833617e-03,1.848428835489833617e-03,3.696857670979667235e-03,0.000000000000000000e+00,0.000000000000000000e+00,0.000000000000000000e+00,0.000000000000000000e+00,0.000000000000000000e+00,1.848428835489833617e-03
0.000000000000000000e+00,0.000000000000000000e+00,0.000000000000000000e+00,1.216545012165450154e-03,0.000000000000000000e+00,1.216545012165450154e-03,1.216545012165450154e-03,1.216545012165450154e-03,6.082725060827250986e-03,6.082725060827250813e-02,7.871046228710462112e-01,1.021897810218978103e-01,2.189781021897810320e-02,8.515815085158150860e-03,4.866180048661800615e-03,1.216545012165450154e-03,0.000000000000000000e+00,0.000000000000000000e+00,0.000000000000000000e+00,1.216545012165450154e-03,0.000000000000000000e+00,1.216545012165450154e-03
1.483679525222551983e-03,0.000000000000000000e+00,0.000000000000000000e+00,1.483679525222551983e-03,1.483679525222551983e-03,1.483679525222551983e-03,1.483679525222551983e-03,2.967359050445103966e-03,2.967359050445103966e-03,1.038575667655786301e-02,1.231454005934718154e-01,7.344213649851631942e-01,8.753709198813056092e-02,1.483679525222551983e-02,4.451038575667655948e-03,1.483679525222551983e-03,0.000000000000000000e+00,1.483679525222551983e-03,0.000000000000000000e+00,0.000000000000000000e+00,0.000000000000000000e+00,8.902077151335311897e-03
0.000000000000000000e+00,0.000000000000000000e+00,0.000000000000000000e+00,4.705882352941176058e-03,0.000000000000000000e+00,0.000000000000000000e+00,0.000000000000000000e+00,0.000000000000000000e+00,2.352941176470588029e-03,2.352941176470588029e-03,4.235294117647058626e-02,1.623529411764705888e-01,6.870588235294117219e-01,6.117647058823529743e-02,2.117647058823529313e-02,2.352941176470588029e-03,2.352941176470588029e-03,0.000000000000000000e+00,2.352941176470588029e-03,2.352941176470588029e-03,0.000000000000000000e+00,7.058823529411764955e-03
0.000000000000000000e+00,0.000000000000000000e+00,0.000000000000000000e+00,0.000000000000000000e+00,0.000000000000000000e+00,0.000000000000000000e+00,0.000000000000000000e+00,0.000000000000000000e+00,0.000000000000000000e+00,7.407407407407407690e-03,4.444444444444444614e-02,6.666666666666666574e-02,2.148148148148148195e-01,5.037037037037036535e-01,1.037037037037037007e-01,7.407407407407407690e-03,1.481481481481481538e-02,1.481481481481481538e-02,7.407407407407407690e-03,0.000000000000000000e+00,0.000000000000000000e+00,1.481481481481481538e-02
0.000000000000000000e+00,0.000000000000000000e+00,0.000000000000000000e+00,0.000000000000000000e+00,0.000000000000000000e+00,0.000000000000000000e+00,0.000000000000000000e+00,0.000000000000000000e+00,1.098901098901098987e-02,0.000000000000000000e+00,1.098901098901098987e-02,8.791208791208791895e-02,4.395604395604395948e-02,1.758241758241758379e-01,5.274725274725274859e-01,6.593406593406593574e-02,2.197802197802197974e-02,2.197802197802197974e-02,0.000000000000000000e+00,1.098901098901098987e-02,1.098901098901098987e-02,1.098901098901098987e-02
0.000000000000000000e+00,0.000000000000000000e+00,0.000000000000000000e+00,0.000000000000000000e+00,1.333333333333333419e-02,0.000000000000000000e+00,0.000000000000000000e+00,0.000000000000000000e+00,0.000000000000000000e+00,1.333333333333333419e-02,1.333333333333333419e-02,2.666666666666666838e-02,5.333333333333333676e-02,6.666666666666666574e-02,1.733333333333333393e-01,4.933333333333333459e-01,6.666666666666666574e-02,1.333333333333333419e-02,1.333333333333333419e-02,0.000000000000000000e+00,0.000000000000000000e+00,5.333333333333333676e-02
0.000000000000000000e+00,0.000000000000000000e+00,0.000000000000000000e+00,0.000000000000000000e+00,0.000000000000000000e+00,0.000000000000000000e+00,0.000000000000000000e+00,0.000000000000000000e+00,0.000000000000000000e+00,0.000000000000000000e+00,0.000000000000000000e+00,0.000000000000000000e+00,0.000000000000000000e+00,2.564102564102564014e-02,7.692307692307692735e-02,1.538461538461538547e-01,6.153846153846154188e-01,7.692307692307692735e-02,0.000000000000000000e+00,0.000000000000000000e+00,0.000000000000000000e+00,5.128205128205128027e-02
0.000000000000000000e+00,0.000000000000000000e+00,0.000000000000000000e+00,0.000000000000000000e+00,0.000000000000000000e+00,0.000000000000000000e+00,0.000000000000000000e+00,0.000000000000000000e+00,0.000000000000000000e+00,0.000000000000000000e+00,0.000000000000000000e+00,0.000000000000000000e+00,1.052631578947368363e-01,0.000000000000000000e+00,0.000000000000000000e+00,1.578947368421052544e-01,1.052631578947368363e-01,3.684210526315789269e-01,5.263157894736841813e-02,0.000000000000000000e+00,5.263157894736841813e-02,1.578947368421052544e-01
0.000000000000000000e+00,0.000000000000000000e+00,0.000000000000000000e+00,0.000000000000000000e+00,0.000000000000000000e+00,0.000000000000000000e+00,0.000000000000000000e+00,0.000000000000000000e+00,0.000000000000000000e+00,7.692307692307692735e-02,0.000000000000000000e+00,0.000000000000000000e+00,0.000000000000000000e+00,7.692307692307692735e-02,1.538461538461538547e-01,7.692307692307692735e-02,7.692307692307692735e-02,0.000000000000000000e+00,3.076923076923077094e-01,0.000000000000000000e+00,7.692307692307692735e-02,1.538461538461538547e-01
0.000000000000000000e+00,0.000000000000000000e+00,0.000000000000000000e+00,0.000000000000000000e+00,0.000000000000000000e+00,0.000000000000000000e+00,0.000000000000000000e+00,0.000000000000000000e+00,0.000000000000000000e+00,0.000000000000000000e+00,0.000000000000000000e+00,0.000000000000000000e+00,0.000000000000000000e+00,0.000000000000000000e+00,0.000000000000000000e+00,0.000000000000000000e+00,0.000000000000000000e+00,0.000000000000000000e+00,0.000000000000000000e+00,0.000000000000000000e+00,0.000000000000000000e+00,1.000000000000000000e+00
0.000000000000000000e+00,0.000000000000000000e+00,0.000000000000000000e+00,0.000000000000000000e+00,0.000000000000000000e+00,0.000000000000000000e+00,0.000000000000000000e+00,0.000000000000000000e+00,0.000000000000000000e+00,0.000000000000000000e+00,0.000000000000000000e+00,1.111111111111111049e-01,0.000000000000000000e+00,0.000000000000000000e+00,1.111111111111111049e-01,0.000000000000000000e+00,0.000000000000000000e+00,1.111111111111111049e-01,0.000000000000000000e+00,1.111111111111111049e-01,1.111111111111111049e-01,4.444444444444444198e-01
0.000000000000000000e+00,0.000000000000000000e+00,0.000000000000000000e+00,0.000000000000000000e+00,0.000000000000000000e+00,0.000000000000000000e+00,0.000000000000000000e+00,0.000000000000000000e+00,0.000000000000000000e+00,0.000000000000000000e+00,1.886792452830188607e-02,2.830188679245283084e-02,2.830188679245283084e-02,2.830188679245283084e-02,2.830188679245283084e-02,4.716981132075472039e-02,9.433962264150943036e-03,9.433962264150943036e-03,2.830188679245283084e-02,0.000000000000000000e+00,4.716981132075472039e-02,7.264150943396225912e-01
