8.093158660844250729e-01,1.106259097525473106e-01,1.455604075691412005e-03,4.366812227074235581e-03,0.000000000000000000e+00,0.000000000000000000e+00,0.000000000000000000e+00,0.000000000000000000e+00,0.000000000000000000e+00,0.000000000000000000e+00,4.366812227074235581e-03,0.000000000000000000e+00,0.000000000000000000e+00,0.000000000000000000e+00,1.455604075691412005e-03,1.455604075691412005e-03,0.000000000000000000e+00,0.000000000000000000e+00,5.822416302765648019e-03,8.733624454148471161e-03,5.240174672489082697e-02
9.559748427672956628e-02,7.924528301886792914e-01,6.289308176100628922e-02,8.805031446540880283e-03,7.547169811320754776e-03,1.257861635220125724e-03,2.515723270440251447e-03,0.000000000000000000e+00,1.257861635220125724e-03,0.000000000000000000e+00,2.515723270440251447e-03,0.000000000000000000e+00,1.257861635220125724e-03,0.000000000000000000e+00,2.515723270440251447e-03,0.000000000000000000e+00,1.257861635220125724e-03,0.000000000000000000e+00,0.000000000000000000e+00,5.031446540880502895e-03,1.509433962264150955e-02
1.086956521739130405e-02,1.065217391304347783e-01,7.565217391304347450e-01,7.608695652173913526e-02,1.521739130434782671e-02,1.086956521739130405e-02,4.347826086956521792e-03,0.000000000000000000e+00,2.173913043478260896e-03,0.000000000000000000e+00,6.521739130434782254e-03,0.000000000000000000e+00,0.000000000000000000e+00,0.000000000000000000e+00,0.000000000000000000e+00,0.000000000000000000e+00,0.000000000000000000e+00,0.000000000000000000e+00,2.173913043478260896e-03,4.347826086956521792e-03,4.347826086956521792e-03
1.666666666666666644e-02,2.777777777777777624e-02,1.611111111111111216e-01,6.333333333333333037e-01,7.777777777777777901e-02,1.666666666666666644e-02,2.222222222222222307e-02,0.000000000000000000e+00,0.000000000000000000e+00,5.555555555555555768e-03,5.555555555555555768e-03,1.111111111111111154e-02,0.000000000000000000e+00,0.000000000000000000e+00,5.555555555555555768e-03,0.000000000000000000e+00,5.555555555555555768e-03,0.000000000000000000e+00,0.000000000000000000e+00,0.000000000000000000e+00,1.111111111111111154e-02
0.000000000000000000e+00,4.861111111111111188e-02,5.555555555555555247e-02,9.027777777777777624e-02,6.736111111111111605e-01,9.722222222222222376e-02,1.388888888888888812e-02,0.000000000000000000e+00,0.000000000000000000e+00,0.000000000000000000e+00,1.388888888888888812e-02,0.000000000000000000e+00,0.000000000000000000e+00,0.000000000000000000e+00,0.000000000000000000e+00,0.000000000000000000e+00,0.000000000000000000e+00,0.000000000000000000e+00,0.000000000000000000e+00,0.000000000000000000e+00,6.944444444444444059e-03
2.222222222222222307e-02,2.222222222222222307e-02,6.666666666666666574e-02,4.444444444444444614e-02,2.666666666666666630e-01,3.555555555555555691e-01,1.111111111111111049e-01,0.000000000000000000e+00,0.000000000000000000e+00,0.000000000000000000e+00,8.888888888888889228e-02,0.000000000000000000e+00,0.000000000000000000e+00,0.000000000000000000e+00,0.000000000000000000e+00,0.000000000000000000e+00,0.000000000000000000e+00,0.000000000000000000e+00,0.000000000000000000e+00,2.222222222222222307e-02,0.000000000000000000e+00
0.000000000000000000e+00,4.761904761904761640e-02,9.523809523809523281e-02,4.761904761904761640e-02,4.761904761904761640e-02,9.523809523809523281e-02,5.000000000000000000e-01,7.142857142857142461e-02,2.380952380952380820e-02,2.380952380952380820e-02,4.761904761904761640e-02,0.000000000000000000e+00,0.000000000000000000e+00,0.000000000000000000e+00,0.000000000000000000e+00,0.000000000000000000e+00,0.000000000000000000e+00,0.000000000000000000e+00,0.000000000000000000e+00,0.000000000000000000e+00,0.000000000000000000e+00
0.000000000000000000e+00,0.000000000000000000e+00,0.000000000000000000e+00,6.666666666666666574e-02,0.000000000000000000e+00,0.000000000000000000e+00,6.666666666666666574e-02,5.999999999999999778e-01,2.000000000000000111e-01,0.000000000000000000e+00,6.666666666666666574e-02,0.000000000000000000e+00,0.000000000000000000e+00,0.000000000000000000e+00,0.000000000000000000e+00,0.000000000000000000e+00,0.000000000000000000e+00,0.000000000000000000e+00,0.000000000000000000e+00,0.000000000000000000e+00,0.000000000000000000e+00
0.000000000000000000e+00,0.000000000000000000e+00,0.000000000000000000e+00,0.000000000000000000e+00,2.000000000000000111e-01,0.000000000000000000e+00,2.000000000000000111e-01,1.000000000000000056e-01,5.000000000000000000e-01,0.000000000000000000e+00,0.000000000000000000e+00,0.000000000000000000e+00,0.000000000000000000e+00,0.000000000000000000e+00,0.000000000000000000e+00,0.000000000000000000e+00,0.000000000000000000e+00,0.000000000000000000e+00,0.000000000000000000e+00,0.000000000000000000e+00,0.000000000000000000e+00
0.000000000000000000e+00,0.000000000000000000e+00,1.111111111111111049e-01,2.222222222222222099e-01,0.000000000000000000e+00,1.111111111111111049e-01,0.000000000000000000e+00,0.000000000000000000e+00,0.000000000000000000e+00,2.222222222222222099e-01,3.333333333333333148e-01,0.000000000000000000e+00,0.000000000000000000e+00,0.000000000000000000e+00,0.000000000000000000e+00,0.000000000000000000e+00,0.000000000000000000e+00,0.000000000000000000e+00,0.000000000000000000e+00,0.000000000000000000e+00,0.000000000000000000e+00
0.000000000000000000e+00,4.255319148936170109e-02,4.255319148936170109e-02,2.127659574468085055e-02,6.382978723404254817e-02,8.510638297872340219e-02,4.255319148936170109e-02,2.127659574468085055e-02,4.255319148936170109e-02,6.382978723404254817e-02,5.319148936170212671e-01,0.000000000000000000e+00,0.000000000000000000e+00,0.000000000000000000e+00,0.000000000000000000e+00,0.000000000000000000e+00,0.000000000000000000e+00,0.000000000000000000e+00,0.000000000000000000e+00,4.255319148936170109e-02,0.000000000000000000e+00
0.000000000000000000e+00,0.000000000000000000e+00,0.000000000000000000e+00,1.000000000000000056e-01,0.000000000000000000e+00,0.000000000000000000e+00,0.000000000000000000e+00,0.000000000000000000e+00,0.000000000000000000e+00,0.000000000000000000e+00,1.000000000000000056e-01,6.999999999999999556e-01,1.000000000000000056e-01,0.000000000000000000e+00,0.000000000000000000e+00,0.000000000000000000e+00,0.000000000000000000e+00,0.000000000000000000e+00,0.000000000000000000e+00,0.000000000000000000e+00,0.000000000000000000e+00
0.000000000000000000e+00,0.000000000000000000e+00,0.000000000000000000e+00,0.000000000000000000e+00,0.000000000000000000e+00,0.000000000000000000e+00,0.000000000000000000e+00,0.000000000000000000e+00,0.000000000000000000e+00,0.000000000000000000e+00,0.000000000000000000e+00,2.000000000000000111e-01,2.000000000000000111e-01,4.000000000000000222e-01,0.000000000000000000e+00,2.000000000000000111e-01,0.000000000000000000e+00,0.000000000000000000e+00,0.000000000000000000e+00,0.000000000000000000e+00,0.000000000000000000e+00
0.000000000000000000e+00,0.000000000000000000e+00,0.000000000000000000e+00,0.000000000000000000e+00,0.000000000000000000e+00,0.000000000000000000e+00,0.000000000000000000e+00,0.000000000000000000e+00,0.000000000000000000e+00,0.000000000000000000e+00,0.000000000000000000e+00,0.000000000000000000e+00,1.428571428571428492e-01,1.428571428571428492e-01,5.714285714285713969e-01,0.000000000000000000e+00,0.000000000000000000e+00,0.000000000000000000e+00,0.000000000000000000e+00,1.428571428571428492e-01,0.000000000000000000e+00
0.000000000000000000e+00,2.941176470588235253e-02,0.000000000000000000e+00,0.000000000000000000e+00,0.000000000000000000e+00,0.000000000000000000e+00,0.000000000000000000e+00,0.000000000000000000e+00,0.000000000000000000e+00,0.000000000000000000e+00,0.000000000000000000e+00,0.000000000000000000e+00,5.882352941176470507e-02,8.823529411764706454e-02,7.647058823529411242e-01,0.000000000000000000e+00,2.941176470588235253e-02,0.000000000000000000e+00,0.000000000000000000e+00,0.000000000000000000e+00,2.941176470588235253e-02
0.000000000000000000e+00,5.555555555555555247e-02,0.000000000000000000e+00,5.555555555555555247e-02,0.000000000000000000e+00,0.000000000000000000e+00,0.000000000000000000e+00,0.000000000000000000e+00,0.000000000000000000e+00,0.000000000000000000e+00,0.000000000000000000e+00,0.000000000000000000e+00,0.000000000000000000e+00,0.000000000000000000e+00,1.111111111111111049e-01,4.444444444444444198e-01,2.222222222222222099e-01,0.000000000000000000e+00,0.000000000000000000e+00,0.000000000000000000e+00,1.111111111111111049e-01
2.222222222222222307e-02,4.444444444444444614e-02,0.000000000000000000e+00,0.000000000000000000e+00,0.000000000000000000e+00,0.000000000000000000e+00,0.000000000000000000e+00,0.000000000000000000e+00,0.000000000000000000e+00,0.000000000000000000e+00,0.000000000000000000e+00,0.000000000000000000e+00,0.000000000000000000e+00,0.000000000000000000e+00,2.222222222222222307e-02,8.888888888888889228e-02,6.444444444444444864e-01,6.666666666666666574e-02,6.666666666666666574e-02,2.222222222222222307e-02,2.222222222222222307e-02
0.000000000000000000e+00,0.000000000000000000e+00,2.500000000000000139e-02,0.000000000000000000e+00,0.000000000000000000e+00,0.000000000000000000e+00,0.000000000000000000e+00,0.000000000000000000e+00,0.000000000000000000e+00,0.000000000000000000e+00,0.000000000000000000e+00,2.500000000000000139e-02,0.000000000000000000e+00,0.000000000000000000e+00,0.000000000000000000e+00,0.000000000000000000e+00,5.000000000000000278e-02,6.750000000000000444e-01,1.749999999999999889e-01,0.000000000000000000e+00,5.000000000000000278e-02
3.361344537815125905e-02,8.403361344537814762e-03,2.521008403361344602e-02,0.000000000000000000e+00,0.000000000000000000e+00,0.000000000000000000e+00,0.000000000000000000e+00,0.000000000000000000e+00,0.000000000000000000e+00,0.000000000000000000e+00,0.000000000000000000e+00,0.000000000000000000e+00,0.000000000000000000e+00,0.000000000000000000e+00,0.000000000000000000e+00,0.000000000000000000e+00,2.521008403361344602e-02,3.361344537815125905e-02,7.058823529411765163e-01,1.260504201680672232e-01,4.201680672268907901e-02
1.646090534979424008e-02,8.230452674897120041e-03,8.230452674897120041e-03,0.000000000000000000e+00,8.230452674897120041e-03,0.000000000000000000e+00,0.000000000000000000e+00,0.000000000000000000e+00,0.000000000000000000e+00,0.000000000000000000e+00,0.000000000000000000e+00,0.000000000000000000e+00,0.000000000000000000e+00,4.115226337448560021e-03,0.000000000000000000e+00,8.230452674897120041e-03,1.234567901234567833e-02,0.000000000000000000e+00,6.584362139917696033e-02,7.283950617283950768e-01,1.399176954732510303e-01
9.218436873747494487e-02,1.202404809619238464e-02,2.004008016032063962e-03,2.004008016032063962e-03,2.004008016032063962e-03,0.000000000000000000e+00,0.000000000000000000e+00,0.000000000000000000e+00,0.000000000000000000e+00,0.000000000000000000e+00,0.000000000000000000e+00,0.000000000000000000e+00,0.000000000000000000e+00,2.004008016032063962e-03,0.000000000000000000e+00,2.004008016032063962e-03,0.000000000000000000e+00,1.002004008016032024e-02,6.012024048096192320e-03,5.410821643286573002e-02,8.156312625250501380e-01
