8.399999999999999689e-01,0.000000000000000000e+00,5.999999999999999778e-02,4.000000000000000083e-02,2.000000000000000042e-02,0.000000000000000000e+00,0.000000000000000000e+00,2.000000000000000042e-02,0.000000000000000000e+00,0.000000000000000000e+00,0.000000000000000000e+00,0.000000000000000000e+00,2.000000000000000042e-02,0.000000000000000000e+00,0.000000000000000000e+00,0.000000000000000000e+00,0.000000000000000000e+00,0.000000000000000000e+00,0.000000000000000000e+00,0.000000000000000000e+00,0.000000000000000000e+00,0.000000000000000000e+00
0.000000000000000000e+00,1.000000000000000000e+00,0.000000000000000000e+00,0.000000000000000000e+00,0.000000000000000000e+00,0.000000000000000000e+00,0.000000000000000000e+00,0.000000000000000000e+00,0.000000000000000000e+00,0.000000000000000000e+00,0.000000000000000000e+00,0.000000000000000000e+00,0.000000000000000000e+00,0.000000000000000000e+00,0.000000000000000000e+00,0.000000000000000000e+00,0.000000000000000000e+00,0.000000000000000000e+00,0.000000000000000000e+00,0.000000000000000000e+00,0.000000000000000000e+00,0.000000000000000000e+00
1.428571428571428492e-01,1.428571428571428492e-01,2.857142857142856984e-01,0.000000000000000000e+00,1.428571428571428492e-01,0.000000000000000000e+00,0.000000000000000000e+00,0.000000000000000000e+00,0.000000000000000000e+00,1.428571428571428492e-01,1.428571428571428492e-01,0.000000000000000000e+00,0.000000000000000000e+00,0.000000000000000000e+00,0.000000000000000000e+00,0.000000000000000000e+00,0.000000000000000000e+00,0.000000000000000000e+00,0.000000000000000000e+00,0.000000000000000000e+00,0.000000000000000000e+00,0.000000000000000000e+00
2.307692307692307820e-01,0.000000000000000000e+00,0.000000000000000000e+00,2.307692307692307820e-01,0.000000000000000000e+00,0.000000000000000000e+00,7.692307692307692735e-02,0.000000000000000000e+00,1.538461538461538547e-01,7.692307692307692735e-02,0.000000000000000000e+00,7.692307692307692735e-02,7.692307692307692735e-02,0.000000000000000000e+00,7.692307692307692735e-02,0.000000000000000000e+00,0.000000000000000000e+00,0.000000000000000000e+00,0.000000000000000000e+00,0.000000000000000000e+00,0.000000000000000000e+00,0.000000000000000000e+00
0.000000000000000000e+00,0.000000000000000000e+00,0.000000000000000000e+00,6.666666666666666574e-02,6.666666666666666297e-01,1.333333333333333315e-01,0.000000000000000000e+00,0.000000000000000000e+00,0.000000000000000000e+00,6.666666666666666574e-02,0.000000000000000000e+00,6.666666666666666574e-02,0.000000000000000000e+00,0.000000000000000000e+00,0.000000000000000000e+00,0.000000000000000000e+00,0.000000000000000000e+00,0.000000000000000000e+00,0.000000000000000000e+00,0.000000000000000000e+00,0.000000000000000000e+00,0.000000000000000000e+00
0.000000000000000000e+00,0.000000000000000000e+00,0.000000000000000000e+00,0.000000000000000000e+00,0.000000000000000000e+00,5.384615384615384359e-01,3.846153846153846367e-02,1.153846153846153910e-01,1.538461538461538547e-01,7.692307692307692735e-02,0.000000000000000000e+00,0.000000000000000000e+00,0.000000000000000000e+00,0.000000000000000000e+00,0.000000000000000000e+00,0.000000000000000000e+00,0.000000000000000000e+00,0.000000000000000000e+00,0.000000000000000000e+00,0.000000000000000000e+00,0.000000000000000000e+00,7.692307692307692735e-02
0.000000000000000000e+00,0.000000000000000000e+00,3.278688524590164105e-02,1.639344262295082053e-02,0.000000000000000000e+00,8.196721311475409222e-02,6.229508196721311730e-01,8.196721311475409222e-02,8.196721311475409222e-02,3.278688524590164105e-02,0.000000000000000000e+00,1.639344262295082053e-02,1.639344262295082053e-02,1.639344262295082053e-02,0.000000000000000000e+00,0.000000000000000000e+00,0.000000000000000000e+00,0.000000000000000000e+00,0.000000000000000000e+00,0.000000000000000000e+00,0.000000000000000000e+00,0.000000000000000000e+00
0.000000000000000000e+00,0.000000000000000000e+00,8.620689655172413673e-03,0.000000000000000000e+00,0.000000000000000000e+00,0.000000000000000000e+00,6.896551724137930939e-02,7.241379310344827624e-01,1.379310344827586188e-01,1.724137931034482735e-02,3.448275862068965469e-02,0.000000000000000000e+00,0.000000000000000000e+00,0.000000000000000000e+00,0.000000000000000000e+00,0.000000000000000000e+00,0.000000000000000000e+00,0.000000000000000000e+00,0.000000000000000000e+00,8.620689655172413673e-03,0.000000000000000000e+00,0.000000000000000000e+00
3.508771929824561469e-03,0.000000000000000000e+00,0.000000000000000000e+00,0.000000000000000000e+00,0.000000000000000000e+00,3.508771929824561469e-03,7.017543859649122938e-03,4.561403508771930126e-02,6.947368421052632081e-01,1.719298245614035159e-01,3.859649122807017746e-02,7.017543859649122938e-03,1.052631578947368397e-02,1.052631578947368397e-02,0.000000000000000000e+00,0.000000000000000000e+00,0.000000000000000000e+00,0.000000000000000000e+00,0.000000000000000000e+00,0.000000000000000000e+00,0.000000000000000000e+00,7.017543859649122938e-03
1.402524544179523103e-03,0.000000000000000000e+00,0.000000000000000000e+00,0.000000000000000000e+00,0.000000000000000000e+00,1.402524544179523103e-03,0.000000000000000000e+00,7.012622720897615514e-03,5.329593267882187790e-02,7.952314165497895715e-01,9.957924263674614029e-02,1.683029453015427723e-02,1.402524544179523103e-02,7.012622720897615514e-03,2.805049088359046205e-03,0.000000000000000000e+00,0.000000000000000000e+00,0.000000000000000000e+00,0.000000000000000000e+00,0.000000000000000000e+00,0.000000000000000000e+00,1.402524544179523103e-03
1.428571428571428570e-03,0.000000000000000000e+00,0.000000000000000000e+00,1.428571428571428570e-03,0.000000000000000000e+00,0.000000000000000000e+00,2.857142857142857140e-03,2.857142857142857140e-03,1.285714285714285691e-02,8.142857142857143349e-02,7.528571428571428914e-01,7.857142857142856984e-02,2.428571428571428548e-02,1.142857142857142856e-02,8.571428571428571855e-03,1.428571428571428570e-03,0.000000000000000000e+00,1.428571428571428570e-03,1.428571428571428570e-03,1.428571428571428570e-03,1.428571428571428570e-03,1.428571428571428527e-02
0.000000000000000000e+00,0.000000000000000000e+00,0.000000000000000000e+00,0.000000000000000000e+00,0.000000000000000000e+00,0.000000000000000000e+00,1.766784452296819765e-03,0.000000000000000000e+00,7.067137809187279060e-03,2.120141342756183891e-02,1.166077738515901019e-01,7.155477031802119914e-01,9.363957597173144798e-02,2.120141342756183891e-02,1.060070671378091946e-02,1.766784452296819765e-03,0.000000000000000000e+00,0.000000000000000000e+00,3.533568904593639530e-03,0.000000000000000000e+00,0.000000000000000000e+00,7.067137809187279060e-03
0.000000000000000000e+00,0.000000000000000000e+00,0.000000000000000000e+00,6.514657980456026350e-03,0.000000000000000000e+00,0.000000000000000000e+00,3.257328990228013175e-03,3.257328990228013175e-03,3.257328990228013175e-03,2.605863192182410540e-02,4.560260586319218185e-02,1.758957654723126984e-01,6.091205211726384849e-01,6.514657980456026176e-02,2.605863192182410540e-02,1.302931596091205270e-02,0.000000000000000000e+00,0.000000000000000000e+00,0.000000000000000000e+00,3.257328990228013175e-03,0.000000000000000000e+00,1.954397394136807645e-02
0.000000000000000000e+00,0.000000000000000000e+00,0.000000000000000000e+00,0.000000000000000000e+00,0.000000000000000000e+00,0.000000000000000000e+00,5.747126436781609116e-03,0.000000000000000000e+00,0.000000000000000000e+00,1.724137931034482735e-02,5.172413793103448204e-02,9.770114942528736190e-02,1.321839080459770166e-01,5.287356321839080664e-01,1.034482758620689641e-01,2.873563218390804558e-02,1.724137931034482735e-02,5.747126436781609116e-03,0.000000000000000000e+00,0.000000000000000000e+00,0.000000000000000000e+00,1.149425287356321823e-02
0.000000000000000000e+00,0.000000000000000000e+00,0.000000000000000000e+00,0.000000000000000000e+00,0.000000000000000000e+00,0.000000000000000000e+00,0.000000000000000000e+00,0.000000000000000000e+00,0.000000000000000000e+00,1.904761904761904934e-02,2.857142857142857054e-02,7.619047619047619735e-02,9.523809523809523281e-02,1.142857142857142821e-01,5.333333333333333259e-01,5.714285714285714107e-02,1.904761904761904934e-02,1.904761904761904934e-02,0.000000000000000000e+00,0.000000000000000000e+00,9.523809523809524669e-03,2.857142857142857054e-02
0.000000000000000000e+00,0.000000000000000000e+00,0.000000000000000000e+00,0.000000000000000000e+00,0.000000000000000000e+00,0.000000000000000000e+00,0.000000000000000000e+00,0.000000000000000000e+00,0.000000000000000000e+00,1.351351351351351426e-02,0.000000000000000000e+00,4.054054054054054279e-02,0.000000000000000000e+00,6.756756756756757132e-02,1.486486486486486569e-01,5.270270270270269730e-01,1.351351351351351426e-01,0.000000000000000000e+00,0.000000000000000000e+00,0.000000000000000000e+00,1.351351351351351426e-02,5.405405405405405705e-02
0.000000000000000000e+00,0.000000000000000000e+00,0.000000000000000000e+00,0.000000000000000000e+00,0.000000000000000000e+00,0.000000000000000000e+00,0.000000000000000000e+00,0.000000000000000000e+00,0.000000000000000000e+00,0.000000000000000000e+00,2.222222222222222307e-02,0.000000000000000000e+00,4.444444444444444614e-02,8.888888888888889228e-02,2.222222222222222307e-02,2.222222222222222099e-01,4.666666666666666741e-01,6.666666666666666574e-02,2.222222222222222307e-02,0.000000000000000000e+00,0.000000000000000000e+00,4.444444444444444614e-02
0.000000000000000000e+00,0.000000000000000000e+00,0.000000000000000000e+00,0.000000000000000000e+00,0.000000000000000000e+00,0.000000000000000000e+00,0.000000000000000000e+00,0.000000000000000000e+00,0.000000000000000000e+00,0.000000000000000000e+00,0.000000000000000000e+00,0.000000000000000000e+00,4.761904761904761640e-02,0.000000000000000000e+00,1.428571428571428492e-01,0.000000000000000000e+00,4.761904761904761640e-02,5.238095238095238360e-01,9.523809523809523281e-02,4.761904761904761640e-02,0.000000000000000000e+00,9.523809523809523281e-02
0.000000000000000000e+00,0.000000000000000000e+00,0.000000000000000000e+00,0.000000000000000000e+00,0.000000000000000000e+00,0.000000000000000000e+00,0.000000000000000000e+00,0.000000000000000000e+00,0.000000000000000000e+00,0.000000000000000000e+00,0.000000000000000000e+00,0.000000000000000000e+00,6.666666666666666574e-02,0.000000000000000000e+00,1.333333333333333315e-01,6.666666666666666574e-02,6.666666666666666574e-02,6.666666666666666574e-02,3.333333333333333148e-01,6.666666666666666574e-02,6.666666666666666574e-02,1.333333333333333315e-01
0.000000000000000000e+00,0.000000000000000000e+00,0.000000000000000000e+00,0.000000000000000000e+00,0.000000000000000000e+00,0.000000000000000000e+00,0.000000000000000000e+00,0.000000000000000000e+00,0.000000000000000000e+00,0.000000000000000000e+00,1.000000000000000056e-01,0.000000000000000000e+00,0.000000000000000000e+00,0.000000000000000000e+00,0.000000000000000000e+00,1.000000000000000056e-01,1.000000000000000056e-01,0.000000000000000000e+00,0.000000000000000000e+00,4.000000000000000222e-01,0.000000000000000000e+00,2.999999999999999889e-01
0.000000000000000000e+00,0.000000000000000000e+00,0.000000000000000000e+00,0.000000000000000000e+00,0.000000000000000000e+00,0.000000000000000000e+00,0.000000000000000000e+00,0.000000000000000000e+00,0.000000000000000000e+00,0.000000000000000000e+00,1.428571428571428492e-01,2.857142857142856984e-01,0.000000000000000000e+00,0.000000000000000000e+00,1.428571428571428492e-01,0.000000000000000000e+00,0.000000000000000000e+00,0.000000000000000000e+00,1.428571428571428492e-01,0.000000000000000000e+00,1.428571428571428492e-01,1.428571428571428492e-01
0.000000000000000000e+00,0.000000000000000000e+00,0.000000000000000000e+00,0.000000000000000000e+00,0.000000000000000000e+00,0.000000000000000000e+00,0.000000000000000000e+00,0.000000000000000000e+00,1.481481481481481538e-02,7.407407407407407690e-03,5.185185185185185036e-02,2.222222222222222307e-02,3.703703703703703498e-02,4.444444444444444614e-02,2.222222222222222307e-02,3.703703703703703498e-02,2.962962962962963076e-02,2.962962962962963076e-02,1.481481481481481538e-02,2.222222222222222307e-02,1.481481481481481538e-02,6.518518518518519045e-01
