7.727272727272727071e-01,4.545454545454545581e-02,0.000000000000000000e+00,0.000000000000000000e+00,0.000000000000000000e+00,9.090909090909091161e-02,0.000000000000000000e+00,9.090909090909091161e-02,0.000000000000000000e+00,0.000000000000000000e+00,0.000000000000000000e+00,0.000000000000000000e+00
1.666666666666666574e-01,3.333333333333333148e-01,0.000000000000000000e+00,0.000000000000000000e+00,1.666666666666666574e-01,0.000000000000000000e+00,1.666666666666666574e-01,0.000000000000000000e+00,0.000000000000000000e+00,0.000000000000000000e+00,0.000000000000000000e+00,1.666666666666666574e-01
0.000000000000000000e+00,0.000000000000000000e+00,4.117647058823529216e-01,1.764705882352941291e-01,1.176470588235294101e-01,1.764705882352941291e-01,1.176470588235294101e-01,0.000000000000000000e+00,0.000000000000000000e+00,0.000000000000000000e+00,0.000000000000000000e+00,0.000000000000000000e+00
0.000000000000000000e+00,0.000000000000000000e+00,0.000000000000000000e+00,6.346153846153845812e-01,2.500000000000000000e-01,3.846153846153846367e-02,3.846153846153846367e-02,1.923076923076923184e-02,1.923076923076923184e-02,0.000000000000000000e+00,0.000000000000000000e+00,0.000000000000000000e+00
0.000000000000000000e+00,0.000000000000000000e+00,5.063291139240506424e-03,2.784810126582278403e-02,7.544303797468354666e-01,1.721518987341772167e-01,3.797468354430379861e-02,0.000000000000000000e+00,2.531645569620253212e-03,0.000000000000000000e+00,0.000000000000000000e+00,0.000000000000000000e+00
0.000000000000000000e+00,7.558578987150415922e-04,7.558578987150415922e-04,2.267573696145124777e-03,3.854875283446711903e-02,8.435374149659864429e-01,1.088435374149659823e-01,3.779289493575207961e-03,7.558578987150415922e-04,0.000000000000000000e+00,0.000000000000000000e+00,7.558578987150415922e-04
0.000000000000000000e+00,8.203445447087777355e-04,4.101722723543888352e-03,2.461033634126333098e-03,4.101722723543888352e-03,9.515996718621820560e-02,8.474159146841673262e-01,4.183757178014765876e-02,8.203445447087777355e-04,0.000000000000000000e+00,8.203445447087777355e-04,2.461033634126333098e-03
0.000000000000000000e+00,0.000000000000000000e+00,0.000000000000000000e+00,0.000000000000000000e+00,1.094890510948905160e-02,2.554744525547445258e-02,1.715328467153284797e-01,7.226277372262773779e-01,5.109489051094890516e-02,7.299270072992700489e-03,0.000000000000000000e+00,1.094890510948905160e-02
0.000000000000000000e+00,0.000000000000000000e+00,0.000000000000000000e+00,1.754385964912280604e-02,1.754385964912280604e-02,1.754385964912280604e-02,3.508771929824561209e-02,1.754385964912280604e-01,5.964912280701754055e-01,1.052631578947368363e-01,1.754385964912280604e-02,1.754385964912280604e-02
0.000000000000000000e+00,0.000000000000000000e+00,0.000000000000000000e+00,0.000000000000000000e+00,0.000000000000000000e+00,0.000000000000000000e+00,6.250000000000000000e-02,1.875000000000000000e-01,1.875000000000000000e-01,5.000000000000000000e-01,6.250000000000000000e-02,0.000000000000000000e+00
0.000000000000000000e+00,0.000000000000000000e+00,0.000000000000000000e+00,0.000000000000000000e+00,0.000000000000000000e+00,0.000000000000000000e+00,0.000000000000000000e+00,5.555555555555555247e-02,5.555555555555555247e-02,5.555555555555555247e-02,7.777777777777777901e-01,5.555555555555555247e-02
0.000000000000000000e+00,0.000000000000000000e+00,0.000000000000000000e+00,0.000000000000000000e+00,0.000000000000000000e+00,3.636363636363636187e-02,1.818181818181818094e-02,5.454545454545454281e-02,0.000000000000000000e+00,3.636363636363636187e-02,1.818181818181818094e-02,8.363636363636363091e-01
