7.589134125636671779e-01,1.103565365025466899e-01,1.697792869269949129e-02,1.528013582342954181e-02,1.697792869269949042e-03,3.395585738539898084e-03,1.697792869269949042e-03,0.000000000000000000e+00,1.697792869269949042e-03,0.000000000000000000e+00,8.488964346349745643e-03,0.000000000000000000e+00,0.000000000000000000e+00,0.000000000000000000e+00,0.000000000000000000e+00,0.000000000000000000e+00,3.395585738539898084e-03,0.000000000000000000e+00,0.000000000000000000e+00,1.188455008488964286e-02,6.621392190152801394e-02
1.096153846153846145e-01,7.115384615384615641e-01,1.057692307692307682e-01,2.692307692307692457e-02,7.692307692307692735e-03,5.769230769230769551e-03,0.000000000000000000e+00,1.923076923076923184e-03,0.000000000000000000e+00,1.923076923076923184e-03,5.769230769230769551e-03,0.000000000000000000e+00,0.000000000000000000e+00,0.000000000000000000e+00,1.923076923076923184e-03,0.000000000000000000e+00,0.000000000000000000e+00,3.846153846153846367e-03,1.923076923076923184e-03,5.769230769230769551e-03,9.615384615384615918e-03
3.809523809523809867e-02,1.301587301587301682e-01,6.476190476190476497e-01,1.015873015873015872e-01,2.857142857142857054e-02,6.349206349206349201e-03,0.000000000000000000e+00,3.174603174603174600e-03,0.000000000000000000e+00,0.000000000000000000e+00,9.523809523809524669e-03,0.000000000000000000e+00,0.000000000000000000e+00,0.000000000000000000e+00,3.174603174603174600e-03,3.174603174603174600e-03,6.349206349206349201e-03,3.174603174603174600e-03,0.000000000000000000e+00,9.523809523809524669e-03,9.523809523809524669e-03
2.843601895734597026e-02,7.109004739336492740e-02,1.137440758293838811e-01,5.829383886255924407e-01,1.137440758293838811e-01,3.791469194312796498e-02,9.478672985781991245e-03,0.000000000000000000e+00,0.000000000000000000e+00,4.739336492890995622e-03,1.421800947867298513e-02,0.000000000000000000e+00,0.000000000000000000e+00,0.000000000000000000e+00,0.000000000000000000e+00,0.000000000000000000e+00,0.000000000000000000e+00,0.000000000000000000e+00,0.000000000000000000e+00,9.478672985781991245e-03,1.421800947867298513e-02
2.654867256637168105e-02,1.769911504424778736e-02,3.539823008849557473e-02,1.946902654867256610e-01,5.044247787610619538e-01,1.238938053097345116e-01,4.424778761061946841e-02,8.849557522123893682e-03,8.849557522123893682e-03,0.000000000000000000e+00,1.769911504424778736e-02,0.000000000000000000e+00,0.000000000000000000e+00,0.000000000000000000e+00,0.000000000000000000e+00,0.000000000000000000e+00,0.000000000000000000e+00,0.000000000000000000e+00,0.000000000000000000e+00,0.000000000000000000e+00,1.769911504424778736e-02
3.225806451612903136e-02,4.838709677419354704e-02,6.451612903225806273e-02,3.225806451612903136e-02,2.258064516129032195e-01,4.354838709677419373e-01,4.838709677419354704e-02,1.612903225806451568e-02,0.000000000000000000e+00,0.000000000000000000e+00,8.064516129032257841e-02,0.000000000000000000e+00,0.000000000000000000e+00,0.000000000000000000e+00,0.000000000000000000e+00,0.000000000000000000e+00,0.000000000000000000e+00,0.000000000000000000e+00,1.612903225806451568e-02,0.000000000000000000e+00,0.000000000000000000e+00
0.000000000000000000e+00,3.030303030303030387e-02,3.030303030303030387e-02,3.030303030303030387e-02,6.060606060606060774e-02,2.121212121212121271e-01,5.454545454545454142e-01,0.000000000000000000e+00,3.030303030303030387e-02,3.030303030303030387e-02,3.030303030303030387e-02,0.000000000000000000e+00,0.000000000000000000e+00,0.000000000000000000e+00,0.000000000000000000e+00,0.000000000000000000e+00,0.000000000000000000e+00,0.000000000000000000e+00,0.000000000000000000e+00,0.000000000000000000e+00,0.000000000000000000e+00
0.000000000000000000e+00,0.000000000000000000e+00,4.347826086956521618e-02,0.000000000000000000e+00,0.000000000000000000e+00,4.347826086956521618e-02,8.695652173913043237e-02,6.086956521739130821e-01,4.347826086956521618e-02,0.000000000000000000e+00,1.739130434782608647e-01,0.000000000000000000e+00,0.000000000000000000e+00,0.000000000000000000e+00,0.000000000000000000e+00,0.000000000000000000e+00,0.000000000000000000e+00,0.000000000000000000e+00,0.000000000000000000e+00,0.000000000000000000e+00,0.000000000000000000e+00
4.166666666666666435e-02,0.000000000000000000e+00,0.000000000000000000e+00,0.000000000000000000e+00,0.000000000000000000e+00,0.000000000000000000e+00,0.000000000000000000e+00,1.250000000000000000e-01,5.833333333333333703e-01,8.333333333333332871e-02,1.666666666666666574e-01,0.000000000000000000e+00,0.000000000000000000e+00,0.000000000000000000e+00,0.000000000000000000e+00,0.000000000000000000e+00,0.000000000000000000e+00,0.000000000000000000e+00,0.000000000000000000e+00,0.000000000000000000e+00,0.000000000000000000e+00
0.000000000000000000e+00,0.000000000000000000e+00,5.555555555555555247e-02,5.555555555555555247e-02,5.555555555555555247e-02,5.555555555555555247e-02,0.000000000000000000e+00,0.000000000000000000e+00,2.222222222222222099e-01,1.666666666666666574e-01,3.888888888888888951e-01,0.000000000000000000e+00,0.000000000000000000e+00,0.000000000000000000e+00,0.000000000000000000e+00,0.000000000000000000e+00,0.000000000000000000e+00,0.000000000000000000e+00,0.000000000000000000e+00,0.000000000000000000e+00,0.000000000000000000e+00
2.684563758389261687e-02,2.684563758389261687e-02,1.342281879194630843e-02,1.342281879194630843e-02,2.013422818791946178e-02,1.342281879194630843e-02,6.711409395973154217e-03,4.026845637583892357e-02,2.013422818791946178e-02,5.369127516778523374e-02,7.046979865771811902e-01,6.711409395973154217e-03,6.711409395973154217e-03,0.000000000000000000e+00,0.000000000000000000e+00,0.000000000000000000e+00,0.000000000000000000e+00,0.000000000000000000e+00,6.711409395973154217e-03,2.684563758389261687e-02,1.342281879194630843e-02
0.000000000000000000e+00,0.000000000000000000e+00,2.857142857142857054e-02,0.000000000000000000e+00,0.000000000000000000e+00,0.000000000000000000e+00,0.000000000000000000e+00,0.000000000000000000e+00,0.000000000000000000e+00,0.000000000000000000e+00,2.857142857142857054e-02,7.142857142857143016e-01,8.571428571428571508e-02,2.857142857142857054e-02,8.571428571428571508e-02,0.000000000000000000e+00,0.000000000000000000e+00,0.000000000000000000e+00,2.857142857142857054e-02,0.000000000000000000e+00,0.000000000000000000e+00
0.000000000000000000e+00,0.000000000000000000e+00,0.000000000000000000e+00,0.000000000000000000e+00,0.000000000000000000e+00,0.000000000000000000e+00,0.000000000000000000e+00,0.000000000000000000e+00,0.000000000000000000e+00,0.000000000000000000e+00,8.333333333333332871e-02,1.666666666666666574e-01,5.833333333333333703e-01,8.333333333333332871e-02,0.000000000000000000e+00,0.000000000000000000e+00,0.000000000000000000e+00,0.000000000000000000e+00,0.000000000000000000e+00,0.000000000000000000e+00,8.333333333333332871e-02
0.000000000000000000e+00,0.000000000000000000e+00,0.000000000000000000e+00,0.000000000000000000e+00,0.000000000000000000e+00,0.000000000000000000e+00,0.000000000000000000e+00,0.000000000000000000e+00,0.000000000000000000e+00,0.000000000000000000e+00,0.000000000000000000e+00,0.000000000000000000e+00,0.000000000000000000e+00,2.500000000000000000e-01,0.000000000000000000e+00,2.500000000000000000e-01,0.000000000000000000e+00,2.500000000000000000e-01,2.500000000000000000e-01,0.000000000000000000e+00,0.000000000000000000e+00
0.000000000000000000e+00,0.000000000000000000e+00,5.882352941176470507e-02,0.000000000000000000e+00,0.000000000000000000e+00,0.000000000000000000e+00,0.000000000000000000e+00,0.000000000000000000e+00,0.000000000000000000e+00,0.000000000000000000e+00,0.000000000000000000e+00,5.882352941176470507e-02,0.000000000000000000e+00,0.000000000000000000e+00,6.764705882352941568e-01,1.176470588235294101e-01,0.000000000000000000e+00,2.941176470588235253e-02,2.941176470588235253e-02,0.000000000000000000e+00,2.941176470588235253e-02
2.040816326530612082e-02,4.081632653061224164e-02,2.040816326530612082e-02,0.000000000000000000e+00,0.000000000000000000e+00,0.000000000000000000e+00,0.000000000000000000e+00,0.000000000000000000e+00,0.000000000000000000e+00,0.000000000000000000e+00,0.000000000000000000e+00,2.040816326530612082e-02,0.000000000000000000e+00,0.000000000000000000e+00,4.081632653061224164e-02,5.714285714285713969e-01,2.244897959183673464e-01,0.000000000000000000e+00,0.000000000000000000e+00,6.122448979591836593e-02,0.000000000000000000e+00
0.000000000000000000e+00,3.125000000000000000e-02,0.000000000000000000e+00,3.125000000000000000e-02,0.000000000000000000e+00,0.000000000000000000e+00,0.000000000000000000e+00,0.000000000000000000e+00,0.000000000000000000e+00,0.000000000000000000e+00,0.000000000000000000e+00,0.000000000000000000e+00,0.000000000000000000e+00,0.000000000000000000e+00,0.000000000000000000e+00,1.875000000000000000e-01,4.062500000000000000e-01,1.250000000000000000e-01,3.125000000000000000e-02,9.375000000000000000e-02,9.375000000000000000e-02
1.449275362318840597e-02,0.000000000000000000e+00,4.347826086956521618e-02,0.000000000000000000e+00,0.000000000000000000e+00,1.449275362318840597e-02,0.000000000000000000e+00,0.000000000000000000e+00,0.000000000000000000e+00,0.000000000000000000e+00,1.449275362318840597e-02,0.000000000000000000e+00,0.000000000000000000e+00,0.000000000000000000e+00,1.449275362318840597e-02,2.898550724637681195e-02,4.347826086956521618e-02,5.942028985507246119e-01,1.449275362318840632e-01,1.449275362318840597e-02,7.246376811594203160e-02
1.734104046242774394e-02,1.156069364161849654e-02,1.156069364161849654e-02,0.000000000000000000e+00,0.000000000000000000e+00,0.000000000000000000e+00,0.000000000000000000e+00,0.000000000000000000e+00,0.000000000000000000e+00,0.000000000000000000e+00,0.000000000000000000e+00,5.780346820809248269e-03,5.780346820809248269e-03,0.000000000000000000e+00,0.000000000000000000e+00,5.780346820809248269e-03,0.000000000000000000e+00,5.780346820809248443e-02,6.589595375722543391e-01,1.791907514450866989e-01,4.624277456647398615e-02
5.115089514066496583e-03,1.278772378516624016e-02,5.115089514066496583e-03,5.115089514066496583e-03,0.000000000000000000e+00,0.000000000000000000e+00,0.000000000000000000e+00,0.000000000000000000e+00,0.000000000000000000e+00,0.000000000000000000e+00,7.672634271099744441e-03,0.000000000000000000e+00,0.000000000000000000e+00,0.000000000000000000e+00,2.557544757033248291e-03,0.000000000000000000e+00,2.557544757033248291e-03,7.672634271099744441e-03,6.905370843989769303e-02,7.212276214833759358e-01,1.611253196930946263e-01
9.030100334448160071e-02,2.006688963210702392e-02,6.688963210702341018e-03,3.344481605351170509e-03,0.000000000000000000e+00,1.672240802675585255e-03,0.000000000000000000e+00,0.000000000000000000e+00,0.000000000000000000e+00,0.000000000000000000e+00,8.361204013377926056e-03,0.000000000000000000e+00,1.672240802675585255e-03,0.000000000000000000e+00,1.672240802675585255e-03,1.672240802675585255e-03,1.672240802675585255e-03,3.344481605351170509e-03,1.003344481605351196e-02,6.354515050167224011e-02,7.859531772575251152e-01
