7.728937728937729235e-01,9.890109890109889668e-02,1.282051282051282007e-02,1.098901098901098987e-02,0.000000000000000000e+00,0.000000000000000000e+00,0.000000000000000000e+00,0.000000000000000000e+00,1.831501831501831500e-03,0.000000000000000000e+00,3.663003663003663000e-03,0.000000000000000000e+00,0.000000000000000000e+00,0.000000000000000000e+00,0.000000000000000000e+00,5.494505494505494934e-03,0.000000000000000000e+00,0.000000000000000000e+00,5.494505494505494934e-03,5.494505494505494934e-03,8.241758241758241621e-02
1.197478991596638703e-01,7.100840336134454089e-01,9.873949579831932388e-02,1.680672268907562952e-02,1.260504201680672301e-02,2.100840336134453690e-03,4.201680672268907381e-03,0.000000000000000000e+00,0.000000000000000000e+00,0.000000000000000000e+00,8.403361344537814762e-03,0.000000000000000000e+00,0.000000000000000000e+00,2.100840336134453690e-03,0.000000000000000000e+00,2.100840336134453690e-03,2.100840336134453690e-03,4.201680672268907381e-03,2.100840336134453690e-03,0.000000000000000000e+00,1.470588235294117627e-02
2.970297029702970160e-02,1.419141914191419107e-01,6.633663366336634004e-01,8.250825082508250752e-02,2.640264026402640296e-02,9.900990099009901110e-03,6.600660066006600740e-03,3.300330033003300370e-03,0.000000000000000000e+00,0.000000000000000000e+00,1.320132013201320148e-02,0.000000000000000000e+00,0.000000000000000000e+00,0.000000000000000000e+00,3.300330033003300370e-03,0.000000000000000000e+00,6.600660066006600740e-03,0.000000000000000000e+00,0.000000000000000000e+00,0.000000000000000000e+00,1.320132013201320148e-02
2.173913043478260809e-02,3.913043478260869873e-02,8.260869565217390798e-02,6.782608695652173614e-01,1.130434782608695649e-01,1.304347826086956451e-02,0.000000000000000000e+00,4.347826086956521792e-03,0.000000000000000000e+00,4.347826086956521792e-03,1.304347826086956451e-02,0.000000000000000000e+00,0.000000000000000000e+00,0.000000000000000000e+00,0.000000000000000000e+00,8.695652173913043584e-03,0.000000000000000000e+00,8.695652173913043584e-03,4.347826086956521792e-03,4.347826086956521792e-03,4.347826086956521792e-03
1.142857142857142856e-02,2.285714285714285712e-02,2.285714285714285712e-02,1.257142857142857229e-01,6.571428571428571397e-01,7.428571428571428825e-02,1.142857142857142856e-02,5.714285714285714281e-03,0.000000000000000000e+00,0.000000000000000000e+00,2.857142857142857054e-02,0.000000000000000000e+00,0.000000000000000000e+00,0.000000000000000000e+00,0.000000000000000000e+00,1.142857142857142856e-02,0.000000000000000000e+00,5.714285714285714281e-03,5.714285714285714281e-03,5.714285714285714281e-03,1.142857142857142856e-02
0.000000000000000000e+00,5.660377358490566169e-02,3.773584905660377214e-02,1.320754716981132060e-01,1.132075471698113234e-01,4.528301886792452935e-01,5.660377358490566169e-02,1.132075471698113234e-01,0.000000000000000000e+00,1.886792452830188607e-02,1.886792452830188607e-02,0.000000000000000000e+00,0.000000000000000000e+00,0.000000000000000000e+00,0.000000000000000000e+00,0.000000000000000000e+00,0.000000000000000000e+00,0.000000000000000000e+00,0.000000000000000000e+00,0.000000000000000000e+00,0.000000000000000000e+00
0.000000000000000000e+00,0.000000000000000000e+00,2.777777777777777624e-02,5.555555555555555247e-02,0.000000000000000000e+00,1.111111111111111049e-01,5.277777777777777901e-01,1.111111111111111049e-01,0.000000000000000000e+00,0.000000000000000000e+00,1.388888888888888951e-01,0.000000000000000000e+00,0.000000000000000000e+00,0.000000000000000000e+00,0.000000000000000000e+00,0.000000000000000000e+00,0.000000000000000000e+00,0.000000000000000000e+00,0.000000000000000000e+00,0.000000000000000000e+00,2.777777777777777624e-02
0.000000000000000000e+00,2.564102564102564014e-02,2.564102564102564014e-02,7.692307692307692735e-02,1.025641025641025605e-01,2.564102564102564014e-02,1.282051282051281937e-01,4.358974358974359031e-01,1.794871794871794879e-01,0.000000000000000000e+00,0.000000000000000000e+00,0.000000000000000000e+00,0.000000000000000000e+00,0.000000000000000000e+00,0.000000000000000000e+00,0.000000000000000000e+00,0.000000000000000000e+00,0.000000000000000000e+00,0.000000000000000000e+00,0.000000000000000000e+00,0.000000000000000000e+00
0.000000000000000000e+00,0.000000000000000000e+00,4.000000000000000083e-02,0.000000000000000000e+00,4.000000000000000083e-02,1.199999999999999956e-01,0.000000000000000000e+00,2.000000000000000111e-01,4.000000000000000222e-01,4.000000000000000083e-02,1.600000000000000033e-01,0.000000000000000000e+00,0.000000000000000000e+00,0.000000000000000000e+00,0.000000000000000000e+00,0.000000000000000000e+00,0.000000000000000000e+00,0.000000000000000000e+00,0.000000000000000000e+00,0.000000000000000000e+00,0.000000000000000000e+00
1.428571428571428492e-01,0.000000000000000000e+00,0.000000000000000000e+00,0.000000000000000000e+00,0.000000000000000000e+00,0.000000000000000000e+00,0.000000000000000000e+00,1.428571428571428492e-01,1.428571428571428492e-01,4.285714285714285476e-01,0.000000000000000000e+00,0.000000000000000000e+00,0.000000000000000000e+00,0.000000000000000000e+00,0.000000000000000000e+00,0.000000000000000000e+00,0.000000000000000000e+00,0.000000000000000000e+00,0.000000000000000000e+00,0.000000000000000000e+00,1.428571428571428492e-01
1.492537313432835792e-02,5.970149253731343170e-02,2.985074626865671585e-02,1.492537313432835792e-02,4.477611940298507204e-02,5.970149253731343170e-02,5.970149253731343170e-02,5.970149253731343170e-02,1.044776119402985037e-01,1.492537313432835792e-02,4.925373134328357994e-01,1.492537313432835792e-02,0.000000000000000000e+00,0.000000000000000000e+00,0.000000000000000000e+00,1.492537313432835792e-02,0.000000000000000000e+00,0.000000000000000000e+00,0.000000000000000000e+00,0.000000000000000000e+00,1.492537313432835792e-02
0.000000000000000000e+00,2.325581395348837177e-02,2.325581395348837177e-02,4.651162790697674354e-02,0.000000000000000000e+00,0.000000000000000000e+00,0.000000000000000000e+00,0.000000000000000000e+00,0.000000000000000000e+00,0.000000000000000000e+00,0.000000000000000000e+00,6.744186046511627675e-01,2.325581395348837177e-02,4.651162790697674354e-02,4.651162790697674354e-02,2.325581395348837177e-02,2.325581395348837177e-02,4.651162790697674354e-02,0.000000000000000000e+00,0.000000000000000000e+00,2.325581395348837177e-02
0.000000000000000000e+00,0.000000000000000000e+00,0.000000000000000000e+00,0.000000000000000000e+00,0.000000000000000000e+00,0.000000000000000000e+00,0.000000000000000000e+00,0.000000000000000000e+00,0.000000000000000000e+00,0.000000000000000000e+00,0.000000000000000000e+00,5.555555555555555247e-02,7.777777777777777901e-01,0.000000000000000000e+00,0.000000000000000000e+00,0.000000000000000000e+00,1.111111111111111049e-01,5.555555555555555247e-02,0.000000000000000000e+00,0.000000000000000000e+00,0.000000000000000000e+00
6.250000000000000000e-02,0.000000000000000000e+00,0.000000000000000000e+00,0.000000000000000000e+00,0.000000000000000000e+00,0.000000000000000000e+00,0.000000000000000000e+00,0.000000000000000000e+00,0.000000000000000000e+00,0.000000000000000000e+00,0.000000000000000000e+00,9.375000000000000000e-02,0.000000000000000000e+00,7.500000000000000000e-01,0.000000000000000000e+00,0.000000000000000000e+00,3.125000000000000000e-02,3.125000000000000000e-02,0.000000000000000000e+00,0.000000000000000000e+00,3.125000000000000000e-02
0.000000000000000000e+00,0.000000000000000000e+00,0.000000000000000000e+00,0.000000000000000000e+00,0.000000000000000000e+00,0.000000000000000000e+00,0.000000000000000000e+00,0.000000000000000000e+00,0.000000000000000000e+00,0.000000000000000000e+00,0.000000000000000000e+00,8.695652173913043237e-02,0.000000000000000000e+00,2.173913043478260809e-02,8.043478260869565410e-01,4.347826086956521618e-02,2.173913043478260809e-02,0.000000000000000000e+00,0.000000000000000000e+00,0.000000000000000000e+00,2.173913043478260809e-02
7.692307692307692735e-02,2.564102564102564014e-02,0.000000000000000000e+00,0.000000000000000000e+00,0.000000000000000000e+00,2.564102564102564014e-02,0.000000000000000000e+00,0.000000000000000000e+00,0.000000000000000000e+00,0.000000000000000000e+00,2.564102564102564014e-02,2.564102564102564014e-02,2.564102564102564014e-02,0.000000000000000000e+00,5.128205128205128027e-02,5.897435897435897578e-01,0.000000000000000000e+00,2.564102564102564014e-02,2.564102564102564014e-02,5.128205128205128027e-02,5.128205128205128027e-02
0.000000000000000000e+00,6.896551724137930939e-02,0.000000000000000000e+00,0.000000000000000000e+00,0.000000000000000000e+00,0.000000000000000000e+00,0.000000000000000000e+00,0.000000000000000000e+00,0.000000000000000000e+00,0.000000000000000000e+00,0.000000000000000000e+00,0.000000000000000000e+00,6.896551724137930939e-02,3.448275862068965469e-02,0.000000000000000000e+00,3.448275862068965469e-02,4.827586206896551935e-01,6.896551724137930939e-02,3.448275862068965469e-02,1.724137931034482873e-01,3.448275862068965469e-02
0.000000000000000000e+00,3.571428571428571230e-02,1.785714285714285615e-02,5.357142857142856845e-02,1.785714285714285615e-02,0.000000000000000000e+00,0.000000000000000000e+00,0.000000000000000000e+00,0.000000000000000000e+00,0.000000000000000000e+00,0.000000000000000000e+00,0.000000000000000000e+00,0.000000000000000000e+00,1.785714285714285615e-02,1.785714285714285615e-02,5.357142857142856845e-02,7.142857142857142461e-02,6.428571428571429047e-01,5.357142857142856845e-02,0.000000000000000000e+00,1.785714285714285615e-02
3.846153846153846367e-02,9.615384615384615918e-03,0.000000000000000000e+00,9.615384615384615918e-03,9.615384615384615918e-03,0.000000000000000000e+00,0.000000000000000000e+00,0.000000000000000000e+00,0.000000000000000000e+00,0.000000000000000000e+00,9.615384615384615918e-03,0.000000000000000000e+00,9.615384615384615918e-03,0.000000000000000000e+00,1.923076923076923184e-02,0.000000000000000000e+00,9.615384615384615918e-03,2.884615384615384776e-02,7.403846153846154188e-01,8.653846153846153633e-02,2.884615384615384776e-02
7.352941176470588133e-03,0.000000000000000000e+00,7.352941176470588133e-03,7.352941176470588133e-03,0.000000000000000000e+00,0.000000000000000000e+00,0.000000000000000000e+00,0.000000000000000000e+00,0.000000000000000000e+00,0.000000000000000000e+00,0.000000000000000000e+00,2.205882352941176613e-02,0.000000000000000000e+00,0.000000000000000000e+00,0.000000000000000000e+00,0.000000000000000000e+00,2.205882352941176613e-02,7.352941176470588133e-03,7.352941176470588480e-02,7.279411764705882026e-01,1.250000000000000000e-01
1.143552311435523106e-01,1.216545012165450197e-02,7.299270072992700489e-03,4.866180048661800615e-03,2.433090024330900308e-03,2.433090024330900308e-03,0.000000000000000000e+00,0.000000000000000000e+00,2.433090024330900308e-03,0.000000000000000000e+00,4.866180048661800615e-03,0.000000000000000000e+00,0.000000000000000000e+00,0.000000000000000000e+00,7.299270072992700489e-03,2.433090024330900308e-03,2.433090024330900308e-03,7.299270072992700489e-03,9.732360097323601231e-03,4.866180048661800789e-02,7.712895377128953234e-01
