9.137254901960784048e-01,2.352941176470588203e-02,7.843137254901960675e-03,1.960784313725490169e-02,1.176470588235294101e-02,0.000000000000000000e+00,7.843137254901960675e-03,1.568627450980392135e-02,0.000000000000000000e+00,0.000000000000000000e+00,0.000000000000000000e+00,0.000000000000000000e+00,0.000000000000000000e+00,0.000000000000000000e+00,0.000000000000000000e+00,0.000000000000000000e+00,0.000000000000000000e+00,0.000000000000000000e+00,0.000000000000000000e+00,0.000000000000000000e+00,0.000000000000000000e+00,0.000000000000000000e+00
2.747252747252747207e-02,8.736263736263736313e-01,7.692307692307692735e-02,0.000000000000000000e+00,5.494505494505494934e-03,5.494505494505494934e-03,0.000000000000000000e+00,5.494505494505494934e-03,0.000000000000000000e+00,0.000000000000000000e+00,0.000000000000000000e+00,0.000000000000000000e+00,0.000000000000000000e+00,0.000000000000000000e+00,0.000000000000000000e+00,0.000000000000000000e+00,0.000000000000000000e+00,0.000000000000000000e+00,0.000000000000000000e+00,0.000000000000000000e+00,5.494505494505494934e-03,0.000000000000000000e+00
4.291845493562231745e-03,1.931330472103004459e-02,8.240343347639484950e-01,1.309012875536480769e-01,6.437768240343347617e-03,2.145922746781115872e-03,4.291845493562231745e-03,0.000000000000000000e+00,0.000000000000000000e+00,0.000000000000000000e+00,2.145922746781115872e-03,0.000000000000000000e+00,0.000000000000000000e+00,0.000000000000000000e+00,2.145922746781115872e-03,0.000000000000000000e+00,0.000000000000000000e+00,0.000000000000000000e+00,0.000000000000000000e+00,2.145922746781115872e-03,2.145922746781115872e-03,0.000000000000000000e+00
4.166666666666666609e-03,2.777777777777777884e-03,7.499999999999999722e-02,7.902777777777777457e-01,1.083333333333333370e-01,1.388888888888888812e-02,1.388888888888888942e-03,1.388888888888888942e-03,0.000000000000000000e+00,0.000000000000000000e+00,1.388888888888888942e-03,0.000000000000000000e+00,0.000000000000000000e+00,0.000000000000000000e+00,1.388888888888888942e-03,0.000000000000000000e+00,0.000000000000000000e+00,0.000000000000000000e+00,0.000000000000000000e+00,0.000000000000000000e+00,0.000000000000000000e+00,0.000000000000000000e+00
1.642036124794745431e-03,1.642036124794745431e-03,4.926108374384236509e-03,1.083743842364532084e-01,7.619047619047618625e-01,7.224958949096879635e-02,1.806239737274219909e-02,6.568144499178981723e-03,1.642036124794745431e-03,4.926108374384236509e-03,3.284072249589490861e-03,1.642036124794745431e-03,0.000000000000000000e+00,1.642036124794745431e-03,0.000000000000000000e+00,0.000000000000000000e+00,0.000000000000000000e+00,0.000000000000000000e+00,0.000000000000000000e+00,1.642036124794745431e-03,1.642036124794745431e-03,8.210180623973727804e-03
4.739336492890995622e-03,9.478672985781991245e-03,1.895734597156398249e-02,5.213270142180094491e-02,1.800947867298578198e-01,5.639810426540284860e-01,7.582938388625592996e-02,2.369668246445497464e-02,2.369668246445497464e-02,0.000000000000000000e+00,9.478672985781991245e-03,0.000000000000000000e+00,0.000000000000000000e+00,0.000000000000000000e+00,4.739336492890995622e-03,0.000000000000000000e+00,4.739336492890995622e-03,0.000000000000000000e+00,0.000000000000000000e+00,0.000000000000000000e+00,0.000000000000000000e+00,2.843601895734597026e-02
2.083333333333333218e-02,1.041666666666666609e-02,1.041666666666666609e-02,4.166666666666666435e-02,6.250000000000000000e-02,1.250000000000000000e-01,4.583333333333333148e-01,1.354166666666666574e-01,2.083333333333333218e-02,2.083333333333333218e-02,1.041666666666666609e-02,2.083333333333333218e-02,1.041666666666666609e-02,0.000000000000000000e+00,0.000000000000000000e+00,0.000000000000000000e+00,0.000000000000000000e+00,0.000000000000000000e+00,0.000000000000000000e+00,1.041666666666666609e-02,0.000000000000000000e+00,4.166666666666666435e-02
2.500000000000000139e-02,0.000000000000000000e+00,0.000000000000000000e+00,1.250000000000000069e-02,2.500000000000000139e-02,1.499999999999999944e-01,1.250000000000000000e-01,4.375000000000000000e-01,6.250000000000000000e-02,2.500000000000000139e-02,0.000000000000000000e+00,1.250000000000000069e-02,5.000000000000000278e-02,1.250000000000000069e-02,0.000000000000000000e+00,0.000000000000000000e+00,0.000000000000000000e+00,0.000000000000000000e+00,0.000000000000000000e+00,0.000000000000000000e+00,0.000000000000000000e+00,6.250000000000000000e-02
0.000000000000000000e+00,0.000000000000000000e+00,0.000000000000000000e+00,1.923076923076923184e-02,0.000000000000000000e+00,1.346153846153846090e-01,3.846153846153846367e-02,1.730769230769230727e-01,5.192307692307692735e-01,5.769230769230769551e-02,1.923076923076923184e-02,0.000000000000000000e+00,1.923076923076923184e-02,0.000000000000000000e+00,0.000000000000000000e+00,0.000000000000000000e+00,0.000000000000000000e+00,0.000000000000000000e+00,0.000000000000000000e+00,0.000000000000000000e+00,0.000000000000000000e+00,1.923076923076923184e-02
0.000000000000000000e+00,0.000000000000000000e+00,0.000000000000000000e+00,0.000000000000000000e+00,0.000000000000000000e+00,5.555555555555555247e-02,5.555555555555555247e-02,1.111111111111111049e-01,3.333333333333333148e-01,2.222222222222222099e-01,5.555555555555555247e-02,0.000000000000000000e+00,0.000000000000000000e+00,0.000000000000000000e+00,0.000000000000000000e+00,0.000000000000000000e+00,0.000000000000000000e+00,0.000000000000000000e+00,0.000000000000000000e+00,5.555555555555555247e-02,0.000000000000000000e+00,1.111111111111111049e-01
0.000000000000000000e+00,0.000000000000000000e+00,0.000000000000000000e+00,0.000000000000000000e+00,4.000000000000000083e-02,4.000000000000000083e-02,4.000000000000000083e-02,8.000000000000000167e-02,0.000000000000000000e+00,8.000000000000000167e-02,2.399999999999999911e-01,2.399999999999999911e-01,4.000000000000000083e-02,4.000000000000000083e-02,0.000000000000000000e+00,4.000000000000000083e-02,0.000000000000000000e+00,0.000000000000000000e+00,0.000000000000000000e+00,0.000000000000000000e+00,4.000000000000000083e-02,8.000000000000000167e-02
0.000000000000000000e+00,0.000000000000000000e+00,0.000000000000000000e+00,0.000000000000000000e+00,4.545454545454545581e-02,0.000000000000000000e+00,1.363636363636363535e-01,4.545454545454545581e-02,0.000000000000000000e+00,0.000000000000000000e+00,2.272727272727272652e-01,4.545454545454545303e-01,4.545454545454545581e-02,0.000000000000000000e+00,0.000000000000000000e+00,0.000000000000000000e+00,0.000000000000000000e+00,0.000000000000000000e+00,0.000000000000000000e+00,0.000000000000000000e+00,0.000000000000000000e+00,4.545454545454545581e-02
0.000000000000000000e+00,0.000000000000000000e+00,0.000000000000000000e+00,0.000000000000000000e+00,0.000000000000000000e+00,1.428571428571428492e-01,0.000000000000000000e+00,0.000000000000000000e+00,1.428571428571428492e-01,0.000000000000000000e+00,1.428571428571428492e-01,0.000000000000000000e+00,0.000000000000000000e+00,0.000000000000000000e+00,2.857142857142856984e-01,1.428571428571428492e-01,0.000000000000000000e+00,1.428571428571428492e-01,0.000000000000000000e+00,0.000000000000000000e+00,0.000000000000000000e+00,0.000000000000000000e+00
0.000000000000000000e+00,0.000000000000000000e+00,0.000000000000000000e+00,0.000000000000000000e+00,1.250000000000000000e-01,2.500000000000000000e-01,1.250000000000000000e-01,1.250000000000000000e-01,0.000000000000000000e+00,1.250000000000000000e-01,0.000000000000000000e+00,0.000000000000000000e+00,0.000000000000000000e+00,1.250000000000000000e-01,1.250000000000000000e-01,0.000000000000000000e+00,0.000000000000000000e+00,0.000000000000000000e+00,0.000000000000000000e+00,0.000000000000000000e+00,0.000000000000000000e+00,0.000000000000000000e+00
0.000000000000000000e+00,0.000000000000000000e+00,0.000000000000000000e+00,0.000000000000000000e+00,0.000000000000000000e+00,1.250000000000000000e-01,0.000000000000000000e+00,6.250000000000000000e-02,0.000000000000000000e+00,6.250000000000000000e-02,6.250000000000000000e-02,0.000000000000000000e+00,6.250000000000000000e-02,6.250000000000000000e-02,3.750000000000000000e-01,6.250000000000000000e-02,0.000000000000000000e+00,0.000000000000000000e+00,0.000000000000000000e+00,0.000000000000000000e+00,6.250000000000000000e-02,6.250000000000000000e-02
0.000000000000000000e+00,0.000000000000000000e+00,0.000000000000000000e+00,0.000000000000000000e+00,2.500000000000000000e-01,0.000000000000000000e+00,0.000000000000000000e+00,0.000000000000000000e+00,0.000000000000000000e+00,0.000000000000000000e+00,0.000000000000000000e+00,2.500000000000000000e-01,0.000000000000000000e+00,0.000000000000000000e+00,2.500000000000000000e-01,2.500000000000000000e-01,0.000000000000000000e+00,0.000000000000000000e+00,0.000000000000000000e+00,0.000000000000000000e+00,0.000000000000000000e+00,0.000000000000000000e+00
0.000000000000000000e+00,0.000000000000000000e+00,0.000000000000000000e+00,0.000000000000000000e+00,0.000000000000000000e+00,2.500000000000000000e-01,0.000000000000000000e+00,0.000000000000000000e+00,0.000000000000000000e+00,0.000000000000000000e+00,0.000000000000000000e+00,0.000000000000000000e+00,0.000000000000000000e+00,0.000000000000000000e+00,2.500000000000000000e-01,0.000000000000000000e+00,0.000000000000000000e+00,0.000000000000000000e+00,0.000000000000000000e+00,0.000000000000000000e+00,0.000000000000000000e+00,5.000000000000000000e-01
0.000000000000000000e+00,0.000000000000000000e+00,0.000000000000000000e+00,0.000000000000000000e+00,0.000000000000000000e+00,0.000000000000000000e+00,0.000000000000000000e+00,0.000000000000000000e+00,0.000000000000000000e+00,0.000000000000000000e+00,1.428571428571428492e-01,0.000000000000000000e+00,0.000000000000000000e+00,0.000000000000000000e+00,0.000000000000000000e+00,0.000000000000000000e+00,0.000000000000000000e+00,7.142857142857143016e-01,1.428571428571428492e-01,0.000000000000000000e+00,0.000000000000000000e+00,0.000000000000000000e+00
0.000000000000000000e+00,0.000000000000000000e+00,2.500000000000000000e-01,0.000000000000000000e+00,0.000000000000000000e+00,0.000000000000000000e+00,0.000000000000000000e+00,0.000000000000000000e+00,0.000000000000000000e+00,0.000000000000000000e+00,0.000000000000000000e+00,0.000000000000000000e+00,0.000000000000000000e+00,0.000000000000000000e+00,0.000000000000000000e+00,0.000000000000000000e+00,0.000000000000000000e+00,0.000000000000000000e+00,2.500000000000000000e-01,0.000000000000000000e+00,5.000000000000000000e-01,0.000000000000000000e+00
0.000000000000000000e+00,0.000000000000000000e+00,0.000000000000000000e+00,0.000000000000000000e+00,0.000000000000000000e+00,1.111111111111111049e-01,0.000000000000000000e+00,0.000000000000000000e+00,1.111111111111111049e-01,0.000000000000000000e+00,0.000000000000000000e+00,0.000000000000000000e+00,0.000000000000000000e+00,0.000000000000000000e+00,0.000000000000000000e+00,0.000000000000000000e+00,0.000000000000000000e+00,0.000000000000000000e+00,0.000000000000000000e+00,3.333333333333333148e-01,0.000000000000000000e+00,4.444444444444444198e-01
0.000000000000000000e+00,0.000000000000000000e+00,0.000000000000000000e+00,0.000000000000000000e+00,7.692307692307692735e-02,0.000000000000000000e+00,0.000000000000000000e+00,7.692307692307692735e-02,0.000000000000000000e+00,0.000000000000000000e+00,0.000000000000000000e+00,0.000000000000000000e+00,0.000000000000000000e+00,0.000000000000000000e+00,7.692307692307692735e-02,0.000000000000000000e+00,7.692307692307692735e-02,0.000000000000000000e+00,0.000000000000000000e+00,0.000000000000000000e+00,3.076923076923077094e-01,3.846153846153846367e-01
0.000000000000000000e+00,0.000000000000000000e+00,0.000000000000000000e+00,1.587301587301587213e-02,1.587301587301587213e-02,0.000000000000000000e+00,1.587301587301587213e-02,6.349206349206348854e-02,6.349206349206348854e-02,1.587301587301587213e-02,4.761904761904761640e-02,0.000000000000000000e+00,3.174603174603174427e-02,1.587301587301587213e-02,4.761904761904761640e-02,0.000000000000000000e+00,1.587301587301587213e-02,1.587301587301587213e-02,1.587301587301587213e-02,3.174603174603174427e-02,3.174603174603174427e-02,5.555555555555555802e-01
