6.603053435114504266e-01,1.679389312977099258e-01,1.717557251908397031e-02,9.541984732824427759e-03,5.725190839694656482e-03,0.000000000000000000e+00,1.908396946564885422e-03,0.000000000000000000e+00,0.000000000000000000e+00,0.000000000000000000e+00,3.816793893129770843e-03,1.908396946564885422e-03,0.000000000000000000e+00,0.000000000000000000e+00,0.000000000000000000e+00,0.000000000000000000e+00,0.000000000000000000e+00,5.725190839694656482e-03,5.725190839694656482e-03,2.290076335877862593e-02,9.732824427480915586e-02
1.001697792869269965e-01,6.757215619694397768e-01,1.341256366723259652e-01,1.528013582342954181e-02,1.188455008488964286e-02,1.697792869269949042e-03,1.697792869269949042e-03,0.000000000000000000e+00,0.000000000000000000e+00,0.000000000000000000e+00,3.395585738539898084e-03,3.395585738539898084e-03,0.000000000000000000e+00,0.000000000000000000e+00,1.697792869269949042e-03,0.000000000000000000e+00,0.000000000000000000e+00,3.395585738539898084e-03,8.488964346349745643e-03,1.018675721561969512e-02,2.886247877758913241e-02
1.617250673854447526e-02,1.239892183288409666e-01,6.738544474393530770e-01,9.164420485175202302e-02,2.425876010781671116e-02,8.086253369272237632e-03,0.000000000000000000e+00,5.390835579514825088e-03,2.695417789757412544e-03,0.000000000000000000e+00,1.347708894878706272e-02,2.695417789757412544e-03,0.000000000000000000e+00,0.000000000000000000e+00,0.000000000000000000e+00,0.000000000000000000e+00,2.695417789757412544e-03,2.695417789757412544e-03,1.078167115902965018e-02,0.000000000000000000e+00,2.156334231805930035e-02
2.797202797202797200e-02,2.797202797202797200e-02,1.748251748251748172e-01,5.174825174825175012e-01,1.328671328671328644e-01,1.398601398601398600e-02,1.398601398601398600e-02,0.000000000000000000e+00,0.000000000000000000e+00,0.000000000000000000e+00,4.195804195804195974e-02,0.000000000000000000e+00,0.000000000000000000e+00,0.000000000000000000e+00,0.000000000000000000e+00,6.993006993006993001e-03,0.000000000000000000e+00,6.993006993006993001e-03,1.398601398601398600e-02,0.000000000000000000e+00,2.097902097902097987e-02
4.651162790697674354e-02,3.488372093023255766e-02,4.651162790697674354e-02,1.395348837209302306e-01,4.418604651162790775e-01,1.744186046511627952e-01,1.162790697674418589e-02,1.162790697674418589e-02,0.000000000000000000e+00,0.000000000000000000e+00,2.325581395348837177e-02,1.162790697674418589e-02,0.000000000000000000e+00,0.000000000000000000e+00,0.000000000000000000e+00,0.000000000000000000e+00,0.000000000000000000e+00,2.325581395348837177e-02,1.162790697674418589e-02,0.000000000000000000e+00,2.325581395348837177e-02
1.538461538461538547e-02,3.076923076923077094e-02,3.076923076923077094e-02,1.076923076923076983e-01,9.230769230769231282e-02,5.230769230769231060e-01,1.076923076923076983e-01,3.076923076923077094e-02,0.000000000000000000e+00,1.538461538461538547e-02,3.076923076923077094e-02,0.000000000000000000e+00,0.000000000000000000e+00,0.000000000000000000e+00,0.000000000000000000e+00,0.000000000000000000e+00,0.000000000000000000e+00,0.000000000000000000e+00,0.000000000000000000e+00,1.538461538461538547e-02,0.000000000000000000e+00
7.692307692307692735e-02,3.846153846153846367e-02,1.153846153846153910e-01,1.153846153846153910e-01,7.692307692307692735e-02,1.538461538461538547e-01,1.923076923076923184e-01,0.000000000000000000e+00,7.692307692307692735e-02,0.000000000000000000e+00,1.153846153846153910e-01,0.000000000000000000e+00,0.000000000000000000e+00,0.000000000000000000e+00,0.000000000000000000e+00,0.000000000000000000e+00,0.000000000000000000e+00,0.000000000000000000e+00,3.846153846153846367e-02,0.000000000000000000e+00,0.000000000000000000e+00
2.000000000000000111e-01,0.000000000000000000e+00,0.000000000000000000e+00,0.000000000000000000e+00,2.000000000000000111e-01,0.000000000000000000e+00,1.000000000000000056e-01,0.000000000000000000e+00,1.000000000000000056e-01,0.000000000000000000e+00,2.999999999999999889e-01,0.000000000000000000e+00,0.000000000000000000e+00,0.000000000000000000e+00,0.000000000000000000e+00,0.000000000000000000e+00,1.000000000000000056e-01,0.000000000000000000e+00,0.000000000000000000e+00,0.000000000000000000e+00,0.000000000000000000e+00
0.000000000000000000e+00,2.857142857142856984e-01,0.000000000000000000e+00,0.000000000000000000e+00,1.428571428571428492e-01,0.000000000000000000e+00,1.428571428571428492e-01,0.000000000000000000e+00,1.428571428571428492e-01,2.857142857142856984e-01,0.000000000000000000e+00,0.000000000000000000e+00,0.000000000000000000e+00,0.000000000000000000e+00,0.000000000000000000e+00,0.000000000000000000e+00,0.000000000000000000e+00,0.000000000000000000e+00,0.000000000000000000e+00,0.000000000000000000e+00,0.000000000000000000e+00
5.263157894736841813e-02,5.263157894736841813e-02,0.000000000000000000e+00,5.263157894736841813e-02,0.000000000000000000e+00,5.263157894736841813e-02,1.052631578947368363e-01,0.000000000000000000e+00,0.000000000000000000e+00,5.789473684210526550e-01,1.052631578947368363e-01,0.000000000000000000e+00,0.000000000000000000e+00,0.000000000000000000e+00,0.000000000000000000e+00,0.000000000000000000e+00,0.000000000000000000e+00,0.000000000000000000e+00,0.000000000000000000e+00,0.000000000000000000e+00,0.000000000000000000e+00
2.020202020202020374e-02,2.020202020202020374e-02,3.030303030303030387e-02,1.010101010101010187e-02,2.020202020202020374e-02,7.070707070707070441e-02,4.040404040404040747e-02,3.030303030303030387e-02,2.020202020202020374e-02,3.030303030303030387e-02,6.767676767676767957e-01,0.000000000000000000e+00,0.000000000000000000e+00,1.010101010101010187e-02,0.000000000000000000e+00,1.010101010101010187e-02,0.000000000000000000e+00,0.000000000000000000e+00,0.000000000000000000e+00,1.010101010101010187e-02,0.000000000000000000e+00
5.128205128205128027e-02,0.000000000000000000e+00,0.000000000000000000e+00,0.000000000000000000e+00,0.000000000000000000e+00,0.000000000000000000e+00,0.000000000000000000e+00,0.000000000000000000e+00,0.000000000000000000e+00,0.000000000000000000e+00,2.564102564102564014e-02,7.179487179487179516e-01,0.000000000000000000e+00,0.000000000000000000e+00,5.128205128205128027e-02,7.692307692307692735e-02,5.128205128205128027e-02,0.000000000000000000e+00,2.564102564102564014e-02,0.000000000000000000e+00,0.000000000000000000e+00
0.000000000000000000e+00,1.428571428571428492e-01,0.000000000000000000e+00,0.000000000000000000e+00,0.000000000000000000e+00,0.000000000000000000e+00,0.000000000000000000e+00,0.000000000000000000e+00,0.000000000000000000e+00,0.000000000000000000e+00,0.000000000000000000e+00,0.000000000000000000e+00,2.857142857142856984e-01,1.428571428571428492e-01,2.857142857142856984e-01,1.428571428571428492e-01,0.000000000000000000e+00,0.000000000000000000e+00,0.000000000000000000e+00,0.000000000000000000e+00,0.000000000000000000e+00
1.000000000000000056e-01,0.000000000000000000e+00,0.000000000000000000e+00,0.000000000000000000e+00,0.000000000000000000e+00,0.000000000000000000e+00,0.000000000000000000e+00,0.000000000000000000e+00,0.000000000000000000e+00,0.000000000000000000e+00,1.000000000000000056e-01,0.000000000000000000e+00,2.000000000000000111e-01,2.000000000000000111e-01,1.000000000000000056e-01,0.000000000000000000e+00,2.000000000000000111e-01,1.000000000000000056e-01,0.000000000000000000e+00,0.000000000000000000e+00,0.000000000000000000e+00
0.000000000000000000e+00,0.000000000000000000e+00,0.000000000000000000e+00,0.000000000000000000e+00,0.000000000000000000e+00,0.000000000000000000e+00,0.000000000000000000e+00,0.000000000000000000e+00,0.000000000000000000e+00,0.000000000000000000e+00,4.000000000000000083e-02,8.000000000000000167e-02,0.000000000000000000e+00,0.000000000000000000e+00,5.600000000000000533e-01,1.199999999999999956e-01,8.000000000000000167e-02,8.000000000000000167e-02,0.000000000000000000e+00,4.000000000000000083e-02,0.000000000000000000e+00
0.000000000000000000e+00,0.000000000000000000e+00,2.564102564102564014e-02,2.564102564102564014e-02,0.000000000000000000e+00,0.000000000000000000e+00,0.000000000000000000e+00,0.000000000000000000e+00,0.000000000000000000e+00,0.000000000000000000e+00,0.000000000000000000e+00,1.282051282051281937e-01,0.000000000000000000e+00,5.128205128205128027e-02,7.692307692307692735e-02,5.384615384615384359e-01,5.128205128205128027e-02,5.128205128205128027e-02,2.564102564102564014e-02,2.564102564102564014e-02,0.000000000000000000e+00
1.562500000000000000e-02,0.000000000000000000e+00,0.000000000000000000e+00,0.000000000000000000e+00,0.000000000000000000e+00,0.000000000000000000e+00,0.000000000000000000e+00,0.000000000000000000e+00,0.000000000000000000e+00,0.000000000000000000e+00,0.000000000000000000e+00,0.000000000000000000e+00,0.000000000000000000e+00,0.000000000000000000e+00,0.000000000000000000e+00,3.125000000000000000e-02,7.500000000000000000e-01,3.125000000000000000e-02,4.687500000000000000e-02,4.687500000000000000e-02,7.812500000000000000e-02
2.298850574712643646e-02,3.448275862068965469e-02,1.149425287356321823e-02,0.000000000000000000e+00,0.000000000000000000e+00,0.000000000000000000e+00,0.000000000000000000e+00,1.149425287356321823e-02,0.000000000000000000e+00,0.000000000000000000e+00,1.149425287356321823e-02,0.000000000000000000e+00,1.149425287356321823e-02,2.298850574712643646e-02,1.149425287356321823e-02,2.298850574712643646e-02,1.149425287356321823e-02,6.666666666666666297e-01,8.045977011494252762e-02,5.747126436781609116e-02,2.298850574712643646e-02
5.128205128205128027e-02,3.418803418803419147e-02,2.564102564102564014e-02,8.547008547008547868e-03,0.000000000000000000e+00,8.547008547008547868e-03,0.000000000000000000e+00,0.000000000000000000e+00,0.000000000000000000e+00,0.000000000000000000e+00,8.547008547008547868e-03,0.000000000000000000e+00,0.000000000000000000e+00,0.000000000000000000e+00,0.000000000000000000e+00,8.547008547008547868e-03,1.709401709401709574e-02,3.418803418803419147e-02,5.299145299145299193e-01,1.794871794871794879e-01,9.401709401709401615e-02
6.818181818181817677e-02,2.840909090909090814e-02,1.136363636363636395e-02,5.681818181818181976e-03,0.000000000000000000e+00,0.000000000000000000e+00,0.000000000000000000e+00,0.000000000000000000e+00,0.000000000000000000e+00,0.000000000000000000e+00,0.000000000000000000e+00,0.000000000000000000e+00,0.000000000000000000e+00,0.000000000000000000e+00,0.000000000000000000e+00,0.000000000000000000e+00,1.136363636363636395e-02,1.704545454545454419e-02,6.818181818181817677e-02,5.852272727272727071e-01,2.045454545454545581e-01
1.847826086956521618e-01,3.532608695652173642e-02,1.902173913043478382e-02,5.434782608695652023e-03,2.717391304347826012e-03,2.717391304347826012e-03,0.000000000000000000e+00,0.000000000000000000e+00,0.000000000000000000e+00,2.717391304347826012e-03,2.717391304347826012e-03,0.000000000000000000e+00,0.000000000000000000e+00,0.000000000000000000e+00,0.000000000000000000e+00,0.000000000000000000e+00,8.152173913043478035e-03,5.434782608695652023e-03,1.630434782608695607e-02,5.706521739130434451e-02,6.576086956521739468e-01
