8.735632183908046411e-01,1.149425287356321823e-02,3.448275862068965469e-02,1.149425287356321823e-02,0.000000000000000000e+00,0.000000000000000000e+00,0.000000000000000000e+00,0.000000000000000000e+00,0.000000000000000000e+00,0.000000000000000000e+00,2.298850574712643646e-02,0.000000000000000000e+00,2.298850574712643646e-02,0.000000000000000000e+00,0.000000000000000000e+00,0.000000000000000000e+00,0.000000000000000000e+00,0.000000000000000000e+00,0.000000000000000000e+00,2.298850574712643646e-02,0.000000000000000000e+00,0.000000000000000000e+00
1.562500000000000000e-01,6.875000000000000000e-01,3.125000000000000000e-02,3.125000000000000000e-02,6.250000000000000000e-02,0.000000000000000000e+00,0.000000000000000000e+00,0.000000000000000000e+00,0.000000000000000000e+00,0.000000000000000000e+00,0.000000000000000000e+00,0.000000000000000000e+00,3.125000000000000000e-02,0.000000000000000000e+00,0.000000000000000000e+00,0.000000000000000000e+00,0.000000000000000000e+00,0.000000000000000000e+00,0.000000000000000000e+00,0.000000000000000000e+00,0.000000000000000000e+00,0.000000000000000000e+00
8.108108108108108558e-02,8.108108108108108558e-02,6.756756756756756577e-01,2.702702702702702853e-02,2.702702702702702853e-02,2.702702702702702853e-02,2.702702702702702853e-02,0.000000000000000000e+00,2.702702702702702853e-02,0.000000000000000000e+00,0.000000000000000000e+00,0.000000000000000000e+00,0.000000000000000000e+00,0.000000000000000000e+00,0.000000000000000000e+00,0.000000000000000000e+00,2.702702702702702853e-02,0.000000000000000000e+00,0.000000000000000000e+00,0.000000000000000000e+00,0.000000000000000000e+00,0.000000000000000000e+00
4.347826086956521618e-02,0.000000000000000000e+00,0.000000000000000000e+00,8.260869565217391353e-01,0.000000000000000000e+00,0.000000000000000000e+00,8.695652173913043237e-02,4.347826086956521618e-02,0.000000000000000000e+00,0.000000000000000000e+00,0.000000000000000000e+00,0.000000000000000000e+00,0.000000000000000000e+00,0.000000000000000000e+00,0.000000000000000000e+00,0.000000000000000000e+00,0.000000000000000000e+00,0.000000000000000000e+00,0.000000000000000000e+00,0.000000000000000000e+00,0.000000000000000000e+00,0.000000000000000000e+00
0.000000000000000000e+00,0.000000000000000000e+00,0.000000000000000000e+00,0.000000000000000000e+00,6.153846153846154188e-01,1.153846153846153910e-01,1.153846153846153910e-01,3.846153846153846367e-02,0.000000000000000000e+00,0.000000000000000000e+00,0.000000000000000000e+00,0.000000000000000000e+00,3.846153846153846367e-02,0.000000000000000000e+00,3.846153846153846367e-02,0.000000000000000000e+00,0.000000000000000000e+00,0.000000000000000000e+00,0.000000000000000000e+00,0.000000000000000000e+00,0.000000000000000000e+00,3.846153846153846367e-02
0.000000000000000000e+00,3.636363636363636187e-02,1.818181818181818094e-02,0.000000000000000000e+00,1.818181818181818094e-02,6.727272727272727293e-01,7.272727272727272374e-02,7.272727272727272374e-02,7.272727272727272374e-02,1.818181818181818094e-02,0.000000000000000000e+00,0.000000000000000000e+00,1.818181818181818094e-02,0.000000000000000000e+00,0.000000000000000000e+00,0.000000000000000000e+00,0.000000000000000000e+00,0.000000000000000000e+00,0.000000000000000000e+00,0.000000000000000000e+00,0.000000000000000000e+00,0.000000000000000000e+00
0.000000000000000000e+00,7.299270072992700489e-03,1.459854014598540098e-02,0.000000000000000000e+00,1.459854014598540098e-02,3.649635036496350071e-02,7.737226277372263317e-01,1.167883211678832078e-01,7.299270072992700489e-03,1.459854014598540098e-02,7.299270072992700489e-03,0.000000000000000000e+00,0.000000000000000000e+00,0.000000000000000000e+00,0.000000000000000000e+00,7.299270072992700489e-03,0.000000000000000000e+00,0.000000000000000000e+00,0.000000000000000000e+00,0.000000000000000000e+00,0.000000000000000000e+00,0.000000000000000000e+00
7.575757575757575968e-03,7.575757575757575968e-03,0.000000000000000000e+00,1.515151515151515194e-02,7.575757575757575968e-03,1.515151515151515194e-02,7.575757575757575968e-02,6.212121212121212155e-01,1.742424242424242542e-01,7.575757575757575968e-03,2.272727272727272790e-02,1.515151515151515194e-02,1.515151515151515194e-02,0.000000000000000000e+00,7.575757575757575968e-03,7.575757575757575968e-03,0.000000000000000000e+00,0.000000000000000000e+00,0.000000000000000000e+00,0.000000000000000000e+00,0.000000000000000000e+00,0.000000000000000000e+00
0.000000000000000000e+00,0.000000000000000000e+00,3.731343283582089481e-03,0.000000000000000000e+00,0.000000000000000000e+00,2.238805970149253602e-02,7.462686567164178962e-03,4.477611940298507204e-02,7.462686567164179552e-01,1.268656716417910502e-01,1.865671641791044610e-02,0.000000000000000000e+00,3.731343283582089481e-03,3.731343283582089481e-03,7.462686567164178962e-03,3.731343283582089481e-03,0.000000000000000000e+00,3.731343283582089481e-03,0.000000000000000000e+00,0.000000000000000000e+00,0.000000000000000000e+00,7.462686567164178962e-03
0.000000000000000000e+00,0.000000000000000000e+00,0.000000000000000000e+00,0.000000000000000000e+00,6.191950464396285200e-03,0.000000000000000000e+00,6.191950464396285200e-03,9.287925696594426933e-03,8.049535603715170240e-02,7.089783281733745834e-01,1.207430340557275605e-01,3.715170278637770773e-02,6.191950464396285200e-03,9.287925696594426933e-03,3.095975232198142600e-03,0.000000000000000000e+00,3.095975232198142600e-03,0.000000000000000000e+00,0.000000000000000000e+00,0.000000000000000000e+00,0.000000000000000000e+00,9.287925696594426933e-03
2.304147465437788016e-03,0.000000000000000000e+00,2.304147465437788016e-03,0.000000000000000000e+00,0.000000000000000000e+00,0.000000000000000000e+00,2.304147465437788016e-03,1.152073732718894052e-02,2.073732718894009258e-02,6.451612903225806273e-02,7.258064516129032473e-01,1.198156682027649717e-01,1.612903225806451568e-02,1.382488479262672897e-02,6.912442396313364483e-03,0.000000000000000000e+00,2.304147465437788016e-03,0.000000000000000000e+00,0.000000000000000000e+00,0.000000000000000000e+00,0.000000000000000000e+00,1.152073732718894052e-02
0.000000000000000000e+00,2.564102564102564100e-03,0.000000000000000000e+00,0.000000000000000000e+00,2.564102564102564100e-03,0.000000000000000000e+00,0.000000000000000000e+00,0.000000000000000000e+00,1.538461538461538547e-02,2.051282051282051280e-02,8.717948717948717507e-02,6.820512820512820706e-01,1.205128205128205149e-01,4.615384615384615641e-02,1.282051282051282007e-02,2.564102564102564100e-03,0.000000000000000000e+00,2.564102564102564100e-03,2.564102564102564100e-03,0.000000000000000000e+00,0.000000000000000000e+00,2.564102564102564100e-03
4.424778761061946841e-03,0.000000000000000000e+00,0.000000000000000000e+00,0.000000000000000000e+00,0.000000000000000000e+00,0.000000000000000000e+00,4.424778761061946841e-03,8.849557522123893682e-03,0.000000000000000000e+00,3.097345132743362789e-02,4.867256637168141525e-02,1.327433628318584191e-01,5.619469026548672419e-01,1.415929203539822989e-01,3.982300884955752157e-02,0.000000000000000000e+00,1.327433628318584052e-02,0.000000000000000000e+00,4.424778761061946841e-03,0.000000000000000000e+00,0.000000000000000000e+00,8.849557522123893682e-03
0.000000000000000000e+00,0.000000000000000000e+00,0.000000000000000000e+00,0.000000000000000000e+00,0.000000000000000000e+00,0.000000000000000000e+00,0.000000000000000000e+00,4.405286343612335211e-03,1.762114537444934084e-02,0.000000000000000000e+00,3.524229074889868168e-02,6.607929515418502209e-02,8.810572687224670074e-02,6.211453744493392604e-01,9.691629955947136943e-02,3.083700440528634387e-02,8.810572687224670421e-03,4.405286343612335211e-03,0.000000000000000000e+00,4.405286343612335211e-03,0.000000000000000000e+00,2.202643171806167519e-02
0.000000000000000000e+00,0.000000000000000000e+00,0.000000000000000000e+00,0.000000000000000000e+00,0.000000000000000000e+00,0.000000000000000000e+00,7.092198581560283516e-03,7.092198581560283516e-03,0.000000000000000000e+00,0.000000000000000000e+00,4.255319148936170109e-02,2.836879432624113406e-02,2.127659574468085055e-02,9.929078014184397616e-02,6.170212765957446832e-01,9.219858156028368223e-02,4.255319148936170109e-02,7.092198581560283516e-03,7.092198581560283516e-03,7.092198581560283516e-03,0.000000000000000000e+00,2.127659574468085055e-02
0.000000000000000000e+00,0.000000000000000000e+00,0.000000000000000000e+00,0.000000000000000000e+00,0.000000000000000000e+00,1.515151515151515194e-02,0.000000000000000000e+00,0.000000000000000000e+00,1.515151515151515194e-02,1.515151515151515194e-02,1.515151515151515194e-02,4.545454545454545581e-02,4.545454545454545581e-02,1.212121212121212155e-01,1.515151515151515194e-01,3.636363636363636465e-01,1.060606060606060635e-01,1.515151515151515194e-02,4.545454545454545581e-02,1.515151515151515194e-02,1.515151515151515194e-02,1.515151515151515194e-02
0.000000000000000000e+00,0.000000000000000000e+00,0.000000000000000000e+00,0.000000000000000000e+00,0.000000000000000000e+00,0.000000000000000000e+00,0.000000000000000000e+00,0.000000000000000000e+00,2.325581395348837177e-02,0.000000000000000000e+00,0.000000000000000000e+00,6.976744186046511531e-02,2.325581395348837177e-02,4.651162790697674354e-02,1.162790697674418589e-01,2.093023255813953598e-01,2.093023255813953598e-01,1.162790697674418589e-01,4.651162790697674354e-02,2.325581395348837177e-02,2.325581395348837177e-02,9.302325581395348708e-02
0.000000000000000000e+00,0.000000000000000000e+00,0.000000000000000000e+00,0.000000000000000000e+00,0.000000000000000000e+00,0.000000000000000000e+00,0.000000000000000000e+00,0.000000000000000000e+00,0.000000000000000000e+00,2.941176470588235253e-02,2.941176470588235253e-02,0.000000000000000000e+00,0.000000000000000000e+00,2.941176470588235253e-02,2.941176470588235253e-02,2.941176470588235253e-02,1.764705882352941291e-01,4.411764705882352811e-01,1.176470588235294101e-01,2.941176470588235253e-02,0.000000000000000000e+00,8.823529411764706454e-02
0.000000000000000000e+00,0.000000000000000000e+00,0.000000000000000000e+00,0.000000000000000000e+00,0.000000000000000000e+00,0.000000000000000000e+00,0.000000000000000000e+00,0.000000000000000000e+00,0.000000000000000000e+00,0.000000000000000000e+00,0.000000000000000000e+00,0.000000000000000000e+00,0.000000000000000000e+00,0.000000000000000000e+00,0.000000000000000000e+00,1.379310344827586188e-01,1.034482758620689641e-01,1.724137931034482873e-01,3.103448275862069061e-01,1.034482758620689641e-01,6.896551724137930939e-02,1.034482758620689641e-01
0.000000000000000000e+00,0.000000000000000000e+00,0.000000000000000000e+00,0.000000000000000000e+00,0.000000000000000000e+00,0.000000000000000000e+00,0.000000000000000000e+00,0.000000000000000000e+00,0.000000000000000000e+00,0.000000000000000000e+00,1.052631578947368363e-01,0.000000000000000000e+00,0.000000000000000000e+00,0.000000000000000000e+00,0.000000000000000000e+00,0.000000000000000000e+00,5.263157894736841813e-02,1.052631578947368363e-01,1.578947368421052544e-01,3.684210526315789269e-01,5.263157894736841813e-02,1.578947368421052544e-01
0.000000000000000000e+00,0.000000000000000000e+00,0.000000000000000000e+00,0.000000000000000000e+00,0.000000000000000000e+00,0.000000000000000000e+00,0.000000000000000000e+00,0.000000000000000000e+00,0.000000000000000000e+00,0.000000000000000000e+00,9.090909090909091161e-02,0.000000000000000000e+00,0.000000000000000000e+00,0.000000000000000000e+00,0.000000000000000000e+00,0.000000000000000000e+00,9.090909090909091161e-02,0.000000000000000000e+00,9.090909090909091161e-02,9.090909090909091161e-02,1.818181818181818232e-01,4.545454545454545303e-01
0.000000000000000000e+00,7.633587786259541687e-03,7.633587786259541687e-03,0.000000000000000000e+00,0.000000000000000000e+00,0.000000000000000000e+00,0.000000000000000000e+00,0.000000000000000000e+00,0.000000000000000000e+00,2.290076335877862593e-02,3.816793893129771104e-02,3.053435114503816675e-02,3.816793893129771104e-02,1.526717557251908337e-02,0.000000000000000000e+00,2.290076335877862593e-02,1.526717557251908337e-02,3.053435114503816675e-02,4.580152671755725186e-02,1.526717557251908337e-02,5.343511450381679267e-02,6.564885496183205937e-01
