6.666666666666666297e-01,1.111111111111111049e-01,5.158730158730158444e-02,1.190476190476190410e-02,3.968253968253968034e-03,7.936507936507936067e-03,3.968253968253968034e-03,0.000000000000000000e+00,0.000000000000000000e+00,0.000000000000000000e+00,3.174603174603174427e-02,0.000000000000000000e+00,0.000000000000000000e+00,0.000000000000000000e+00,0.000000000000000000e+00,0.000000000000000000e+00,0.000000000000000000e+00,0.000000000000000000e+00,1.190476190476190410e-02,3.968253968253968034e-03,9.523809523809523281e-02
1.575342465753424570e-01,5.616438356164383805e-01,1.232876712328767055e-01,3.424657534246575152e-02,2.054794520547945091e-02,1.369863013698630061e-02,0.000000000000000000e+00,0.000000000000000000e+00,0.000000000000000000e+00,6.849315068493150305e-03,2.054794520547945091e-02,0.000000000000000000e+00,0.000000000000000000e+00,0.000000000000000000e+00,0.000000000000000000e+00,0.000000000000000000e+00,0.000000000000000000e+00,0.000000000000000000e+00,1.369863013698630061e-02,6.849315068493150305e-03,4.109589041095890183e-02
1.428571428571428492e-01,9.183673469387755584e-02,3.775510204081632404e-01,9.183673469387755584e-02,8.163265306122448328e-02,1.020408163265306041e-02,3.061224489795918297e-02,0.000000000000000000e+00,0.000000000000000000e+00,0.000000000000000000e+00,6.122448979591836593e-02,0.000000000000000000e+00,0.000000000000000000e+00,0.000000000000000000e+00,1.020408163265306041e-02,0.000000000000000000e+00,0.000000000000000000e+00,0.000000000000000000e+00,0.000000000000000000e+00,5.102040816326530726e-02,5.102040816326530726e-02
8.928571428571428770e-02,1.785714285714285615e-02,7.142857142857142461e-02,5.178571428571429047e-01,1.428571428571428492e-01,1.785714285714285615e-02,0.000000000000000000e+00,1.785714285714285615e-02,0.000000000000000000e+00,0.000000000000000000e+00,3.571428571428571230e-02,0.000000000000000000e+00,0.000000000000000000e+00,0.000000000000000000e+00,0.000000000000000000e+00,0.000000000000000000e+00,0.000000000000000000e+00,1.785714285714285615e-02,0.000000000000000000e+00,1.785714285714285615e-02,5.357142857142856845e-02
8.474576271186440302e-02,5.084745762711864736e-02,1.016949152542372947e-01,6.779661016949152519e-02,3.559322033898305038e-01,1.186440677966101725e-01,5.084745762711864736e-02,1.694915254237288130e-02,0.000000000000000000e+00,6.779661016949152519e-02,3.389830508474576259e-02,0.000000000000000000e+00,0.000000000000000000e+00,0.000000000000000000e+00,0.000000000000000000e+00,0.000000000000000000e+00,1.694915254237288130e-02,0.000000000000000000e+00,0.000000000000000000e+00,1.694915254237288130e-02,1.694915254237288130e-02
1.199999999999999956e-01,8.000000000000000167e-02,0.000000000000000000e+00,0.000000000000000000e+00,2.800000000000000266e-01,2.800000000000000266e-01,4.000000000000000083e-02,4.000000000000000083e-02,0.000000000000000000e+00,0.000000000000000000e+00,8.000000000000000167e-02,0.000000000000000000e+00,0.000000000000000000e+00,0.000000000000000000e+00,0.000000000000000000e+00,0.000000000000000000e+00,4.000000000000000083e-02,0.000000000000000000e+00,0.000000000000000000e+00,0.000000000000000000e+00,4.000000000000000083e-02
5.882352941176470507e-02,1.176470588235294101e-01,1.764705882352941291e-01,0.000000000000000000e+00,1.176470588235294101e-01,5.882352941176470507e-02,2.352941176470588203e-01,0.000000000000000000e+00,0.000000000000000000e+00,0.000000000000000000e+00,1.764705882352941291e-01,0.000000000000000000e+00,0.000000000000000000e+00,0.000000000000000000e+00,0.000000000000000000e+00,5.882352941176470507e-02,0.000000000000000000e+00,0.000000000000000000e+00,0.000000000000000000e+00,0.000000000000000000e+00,0.000000000000000000e+00
0.000000000000000000e+00,0.000000000000000000e+00,2.857142857142856984e-01,2.857142857142856984e-01,0.000000000000000000e+00,0.000000000000000000e+00,0.000000000000000000e+00,1.428571428571428492e-01,0.000000000000000000e+00,0.000000000000000000e+00,1.428571428571428492e-01,0.000000000000000000e+00,0.000000000000000000e+00,0.000000000000000000e+00,1.428571428571428492e-01,0.000000000000000000e+00,0.000000000000000000e+00,0.000000000000000000e+00,0.000000000000000000e+00,0.000000000000000000e+00,0.000000000000000000e+00
3.333333333333333148e-01,3.333333333333333148e-01,0.000000000000000000e+00,0.000000000000000000e+00,0.000000000000000000e+00,0.000000000000000000e+00,0.000000000000000000e+00,0.000000000000000000e+00,0.000000000000000000e+00,0.000000000000000000e+00,0.000000000000000000e+00,0.000000000000000000e+00,0.000000000000000000e+00,0.000000000000000000e+00,0.000000000000000000e+00,0.000000000000000000e+00,0.000000000000000000e+00,3.333333333333333148e-01,0.000000000000000000e+00,0.000000000000000000e+00,0.000000000000000000e+00
0.000000000000000000e+00,1.428571428571428492e-01,0.000000000000000000e+00,1.428571428571428492e-01,1.428571428571428492e-01,0.000000000000000000e+00,0.000000000000000000e+00,0.000000000000000000e+00,0.000000000000000000e+00,1.428571428571428492e-01,1.428571428571428492e-01,0.000000000000000000e+00,0.000000000000000000e+00,0.000000000000000000e+00,0.000000000000000000e+00,0.000000000000000000e+00,0.000000000000000000e+00,0.000000000000000000e+00,0.000000000000000000e+00,1.428571428571428492e-01,1.428571428571428492e-01
1.904761904761904934e-02,3.809523809523809867e-02,4.761904761904761640e-02,2.857142857142857054e-02,3.809523809523809867e-02,9.523809523809524669e-03,9.523809523809524669e-03,1.904761904761904934e-02,1.904761904761904934e-02,9.523809523809524669e-03,6.476190476190476497e-01,0.000000000000000000e+00,0.000000000000000000e+00,0.000000000000000000e+00,1.904761904761904934e-02,0.000000000000000000e+00,1.904761904761904934e-02,9.523809523809524669e-03,2.857142857142857054e-02,1.904761904761904934e-02,1.904761904761904934e-02
0.000000000000000000e+00,0.000000000000000000e+00,0.000000000000000000e+00,0.000000000000000000e+00,0.000000000000000000e+00,0.000000000000000000e+00,0.000000000000000000e+00,0.000000000000000000e+00,0.000000000000000000e+00,0.000000000000000000e+00,3.333333333333333287e-02,8.333333333333333703e-01,3.333333333333333287e-02,1.666666666666666644e-02,5.000000000000000278e-02,0.000000000000000000e+00,0.000000000000000000e+00,0.000000000000000000e+00,1.666666666666666644e-02,1.666666666666666644e-02,0.000000000000000000e+00
0.000000000000000000e+00,0.000000000000000000e+00,0.000000000000000000e+00,0.000000000000000000e+00,0.000000000000000000e+00,0.000000000000000000e+00,0.000000000000000000e+00,0.000000000000000000e+00,0.000000000000000000e+00,0.000000000000000000e+00,0.000000000000000000e+00,3.703703703703703498e-02,8.148148148148147696e-01,0.000000000000000000e+00,3.703703703703703498e-02,3.703703703703703498e-02,7.407407407407406996e-02,0.000000000000000000e+00,0.000000000000000000e+00,0.000000000000000000e+00,0.000000000000000000e+00
0.000000000000000000e+00,0.000000000000000000e+00,0.000000000000000000e+00,0.000000000000000000e+00,0.000000000000000000e+00,0.000000000000000000e+00,0.000000000000000000e+00,0.000000000000000000e+00,0.000000000000000000e+00,0.000000000000000000e+00,1.333333333333333315e-01,2.000000000000000111e-01,0.000000000000000000e+00,4.666666666666666741e-01,6.666666666666666574e-02,6.666666666666666574e-02,6.666666666666666574e-02,0.000000000000000000e+00,0.000000000000000000e+00,0.000000000000000000e+00,0.000000000000000000e+00
0.000000000000000000e+00,0.000000000000000000e+00,0.000000000000000000e+00,0.000000000000000000e+00,0.000000000000000000e+00,0.000000000000000000e+00,0.000000000000000000e+00,0.000000000000000000e+00,0.000000000000000000e+00,0.000000000000000000e+00,6.896551724137930939e-02,6.896551724137930939e-02,0.000000000000000000e+00,1.379310344827586188e-01,4.482758620689655249e-01,6.896551724137930939e-02,1.379310344827586188e-01,0.000000000000000000e+00,3.448275862068965469e-02,0.000000000000000000e+00,3.448275862068965469e-02
0.000000000000000000e+00,0.000000000000000000e+00,0.000000000000000000e+00,0.000000000000000000e+00,0.000000000000000000e+00,0.000000000000000000e+00,2.272727272727272790e-02,0.000000000000000000e+00,0.000000000000000000e+00,0.000000000000000000e+00,2.272727272727272790e-02,4.545454545454545581e-02,0.000000000000000000e+00,0.000000000000000000e+00,4.545454545454545581e-02,5.909090909090909394e-01,2.045454545454545581e-01,6.818181818181817677e-02,0.000000000000000000e+00,0.000000000000000000e+00,0.000000000000000000e+00
0.000000000000000000e+00,0.000000000000000000e+00,0.000000000000000000e+00,0.000000000000000000e+00,9.523809523809524669e-03,0.000000000000000000e+00,9.523809523809524669e-03,0.000000000000000000e+00,9.523809523809524669e-03,0.000000000000000000e+00,0.000000000000000000e+00,0.000000000000000000e+00,0.000000000000000000e+00,9.523809523809524669e-03,1.904761904761904934e-02,3.809523809523809867e-02,7.619047619047618625e-01,1.047619047619047644e-01,3.809523809523809867e-02,0.000000000000000000e+00,0.000000000000000000e+00
6.944444444444444059e-03,0.000000000000000000e+00,0.000000000000000000e+00,0.000000000000000000e+00,6.944444444444444059e-03,6.944444444444444059e-03,0.000000000000000000e+00,6.944444444444444059e-03,0.000000000000000000e+00,0.000000000000000000e+00,1.388888888888888812e-02,0.000000000000000000e+00,0.000000000000000000e+00,0.000000000000000000e+00,6.944444444444444059e-03,2.083333333333333218e-02,6.944444444444444753e-02,6.597222222222222099e-01,1.388888888888888951e-01,2.777777777777777624e-02,3.472222222222222376e-02
1.226993865030674875e-02,3.067484662576687188e-03,0.000000000000000000e+00,0.000000000000000000e+00,0.000000000000000000e+00,3.067484662576687188e-03,3.067484662576687188e-03,0.000000000000000000e+00,3.067484662576687188e-03,0.000000000000000000e+00,6.134969325153374377e-03,3.067484662576687188e-03,0.000000000000000000e+00,6.134969325153374377e-03,0.000000000000000000e+00,0.000000000000000000e+00,9.202453987730061999e-03,5.521472392638036852e-02,7.392638036809815461e-01,1.349693251533742311e-01,2.147239263803681075e-02
1.621621621621621712e-02,8.108108108108108558e-03,8.108108108108108558e-03,2.702702702702702853e-03,0.000000000000000000e+00,0.000000000000000000e+00,0.000000000000000000e+00,0.000000000000000000e+00,0.000000000000000000e+00,0.000000000000000000e+00,8.108108108108108558e-03,0.000000000000000000e+00,0.000000000000000000e+00,0.000000000000000000e+00,0.000000000000000000e+00,0.000000000000000000e+00,0.000000000000000000e+00,1.351351351351351426e-02,7.027027027027027417e-02,7.297297297297297147e-01,1.432432432432432512e-01
1.088825214899713512e-01,2.578796561604584578e-02,1.432664756446991490e-02,2.865329512893982720e-03,0.000000000000000000e+00,2.865329512893982720e-03,0.000000000000000000e+00,0.000000000000000000e+00,0.000000000000000000e+00,0.000000000000000000e+00,1.719197707736389719e-02,0.000000000000000000e+00,0.000000000000000000e+00,0.000000000000000000e+00,0.000000000000000000e+00,0.000000000000000000e+00,0.000000000000000000e+00,5.730659025787965440e-03,2.578796561604584578e-02,8.309455587392550191e-02,7.134670487106017367e-01
