8.757763975155279379e-01,4.347826086956521618e-02,1.035196687370600402e-02,8.281573498964803909e-03,2.070393374741200977e-03,6.211180124223602064e-03,2.070393374741200977e-03,2.070393374741200977e-03,6.211180124223602064e-03,2.070393374741200977e-03,0.000000000000000000e+00,2.070393374741200977e-03,0.000000000000000000e+00,2.070393374741200977e-03,4.140786749482401954e-03,0.000000000000000000e+00,2.070393374741200977e-03,0.000000000000000000e+00,0.000000000000000000e+00,0.000000000000000000e+00,0.000000000000000000e+00,3.105590062111801206e-02
1.438356164383561564e-01,7.123287671232876317e-01,1.027397260273972546e-01,6.849315068493150305e-03,0.000000000000000000e+00,6.849315068493150305e-03,6.849315068493150305e-03,0.000000000000000000e+00,0.000000000000000000e+00,0.000000000000000000e+00,0.000000000000000000e+00,0.000000000000000000e+00,0.000000000000000000e+00,6.849315068493150305e-03,0.000000000000000000e+00,0.000000000000000000e+00,0.000000000000000000e+00,0.000000000000000000e+00,0.000000000000000000e+00,0.000000000000000000e+00,0.000000000000000000e+00,1.369863013698630061e-02
4.458598726114649385e-02,6.369426751592356661e-02,7.579617834394904996e-01,9.554140127388535686e-02,0.000000000000000000e+00,6.369426751592357008e-03,6.369426751592357008e-03,6.369426751592357008e-03,0.000000000000000000e+00,6.369426751592357008e-03,6.369426751592357008e-03,0.000000000000000000e+00,0.000000000000000000e+00,0.000000000000000000e+00,0.000000000000000000e+00,0.000000000000000000e+00,0.000000000000000000e+00,0.000000000000000000e+00,0.000000000000000000e+00,0.000000000000000000e+00,0.000000000000000000e+00,6.369426751592357008e-03
4.545454545454545581e-02,2.272727272727272790e-02,9.090909090909091161e-02,6.136363636363636465e-01,9.090909090909091161e-02,4.545454545454545581e-02,1.136363636363636395e-02,0.000000000000000000e+00,2.272727272727272790e-02,0.000000000000000000e+00,1.136363636363636395e-02,0.000000000000000000e+00,0.000000000000000000e+00,0.000000000000000000e+00,0.000000000000000000e+00,1.136363636363636395e-02,0.000000000000000000e+00,0.000000000000000000e+00,0.000000000000000000e+00,0.000000000000000000e+00,0.000000000000000000e+00,3.409090909090908839e-02
0.000000000000000000e+00,0.000000000000000000e+00,2.068965517241379282e-02,4.137931034482758563e-02,7.517241379310344307e-01,1.103448275862068950e-01,1.379310344827586188e-02,0.000000000000000000e+00,6.896551724137930939e-03,0.000000000000000000e+00,6.896551724137930939e-03,6.896551724137930939e-03,6.896551724137930939e-03,0.000000000000000000e+00,0.000000000000000000e+00,6.896551724137930939e-03,0.000000000000000000e+00,6.896551724137930939e-03,0.000000000000000000e+00,0.000000000000000000e+00,0.000000000000000000e+00,2.068965517241379282e-02
9.345794392523363789e-03,4.672897196261681894e-03,4.672897196261681894e-03,0.000000000000000000e+00,6.542056074766354479e-02,7.149532710280374070e-01,1.074766355140186896e-01,3.271028037383177239e-02,4.672897196261681894e-03,1.401869158878504655e-02,0.000000000000000000e+00,4.672897196261681894e-03,0.000000000000000000e+00,0.000000000000000000e+00,4.672897196261681894e-03,0.000000000000000000e+00,0.000000000000000000e+00,4.672897196261681894e-03,0.000000000000000000e+00,4.672897196261681894e-03,0.000000000000000000e+00,2.336448598130841034e-02
5.540166204986149597e-03,2.770083102493074798e-03,2.770083102493074798e-03,2.770083102493074798e-03,5.540166204986149597e-03,4.986149584487534897e-02,7.728531855955678154e-01,1.024930747922437740e-01,1.662049861495844966e-02,2.770083102493074798e-03,5.540166204986149597e-03,5.540166204986149597e-03,2.770083102493074798e-03,0.000000000000000000e+00,0.000000000000000000e+00,0.000000000000000000e+00,2.770083102493074798e-03,0.000000000000000000e+00,0.000000000000000000e+00,2.770083102493074798e-03,2.770083102493074798e-03,1.385041551246537356e-02
7.058823529411764955e-03,0.000000000000000000e+00,0.000000000000000000e+00,4.705882352941176058e-03,0.000000000000000000e+00,1.411764705882352991e-02,8.235294117647058709e-02,7.364705882352940991e-01,1.035294117647058837e-01,9.411764705882352117e-03,1.176470588235294101e-02,4.705882352941176058e-03,4.705882352941176058e-03,2.352941176470588029e-03,0.000000000000000000e+00,2.352941176470588029e-03,0.000000000000000000e+00,0.000000000000000000e+00,2.352941176470588029e-03,0.000000000000000000e+00,4.705882352941176058e-03,9.411764705882352117e-03
1.075268817204301161e-02,6.451612903225806446e-03,0.000000000000000000e+00,2.150537634408602149e-03,2.150537634408602149e-03,4.301075268817204297e-03,1.720430107526881719e-02,9.032258064516128504e-02,7.462365591397849274e-01,8.172043010752688685e-02,8.602150537634408595e-03,4.301075268817204297e-03,0.000000000000000000e+00,4.301075268817204297e-03,4.301075268817204297e-03,0.000000000000000000e+00,0.000000000000000000e+00,4.301075268817204297e-03,0.000000000000000000e+00,2.150537634408602149e-03,0.000000000000000000e+00,1.075268817204301161e-02
0.000000000000000000e+00,0.000000000000000000e+00,0.000000000000000000e+00,0.000000000000000000e+00,0.000000000000000000e+00,2.732240437158469943e-03,1.092896174863387977e-02,1.912568306010929003e-02,9.836065573770491621e-02,7.076502732240437243e-01,1.038251366120218622e-01,1.366120218579234928e-02,2.732240437158469943e-03,2.732240437158469943e-03,0.000000000000000000e+00,8.196721311475410263e-03,2.732240437158469943e-03,2.732240437158469943e-03,0.000000000000000000e+00,0.000000000000000000e+00,0.000000000000000000e+00,2.459016393442622905e-02
0.000000000000000000e+00,0.000000000000000000e+00,3.787878787878787984e-03,0.000000000000000000e+00,0.000000000000000000e+00,3.787878787878787984e-03,7.575757575757575968e-03,1.893939393939393992e-02,3.030303030303030387e-02,1.136363636363636326e-01,6.553030303030302761e-01,6.818181818181817677e-02,1.136363636363636395e-02,1.136363636363636395e-02,1.136363636363636395e-02,1.136363636363636395e-02,0.000000000000000000e+00,0.000000000000000000e+00,3.787878787878787984e-03,3.787878787878787984e-03,3.787878787878787984e-03,4.166666666666666435e-02
5.263157894736841987e-03,5.263157894736841987e-03,0.000000000000000000e+00,0.000000000000000000e+00,0.000000000000000000e+00,5.263157894736841987e-03,5.263157894736841987e-03,1.052631578947368397e-02,1.578947368421052683e-02,4.736842105263158048e-02,9.473684210526316096e-02,6.315789473684210176e-01,8.421052631578947179e-02,3.157894736842105365e-02,5.263157894736841987e-03,5.263157894736841987e-03,1.052631578947368397e-02,0.000000000000000000e+00,0.000000000000000000e+00,0.000000000000000000e+00,0.000000000000000000e+00,4.210526315789473589e-02
2.898550724637681195e-02,0.000000000000000000e+00,0.000000000000000000e+00,0.000000000000000000e+00,0.000000000000000000e+00,1.449275362318840597e-02,0.000000000000000000e+00,0.000000000000000000e+00,1.449275362318840597e-02,5.797101449275362389e-02,4.347826086956521618e-02,2.608695652173912971e-01,3.913043478260869734e-01,5.797101449275362389e-02,1.449275362318840597e-02,0.000000000000000000e+00,2.898550724637681195e-02,0.000000000000000000e+00,1.449275362318840597e-02,0.000000000000000000e+00,1.449275362318840597e-02,5.797101449275362389e-02
0.000000000000000000e+00,2.702702702702702853e-02,0.000000000000000000e+00,0.000000000000000000e+00,0.000000000000000000e+00,0.000000000000000000e+00,0.000000000000000000e+00,2.702702702702702853e-02,2.702702702702702853e-02,2.702702702702702853e-02,1.081081081081081141e-01,8.108108108108108558e-02,1.351351351351351426e-01,2.432432432432432567e-01,1.891891891891891997e-01,5.405405405405405705e-02,0.000000000000000000e+00,0.000000000000000000e+00,0.000000000000000000e+00,2.702702702702702853e-02,2.702702702702702853e-02,2.702702702702702853e-02
0.000000000000000000e+00,3.225806451612903136e-02,0.000000000000000000e+00,0.000000000000000000e+00,3.225806451612903136e-02,0.000000000000000000e+00,3.225806451612903136e-02,6.451612903225806273e-02,3.225806451612903136e-02,3.225806451612903136e-02,6.451612903225806273e-02,1.290322580645161255e-01,0.000000000000000000e+00,9.677419354838709409e-02,2.580645161290322509e-01,3.225806451612903136e-02,9.677419354838709409e-02,0.000000000000000000e+00,0.000000000000000000e+00,0.000000000000000000e+00,0.000000000000000000e+00,9.677419354838709409e-02
0.000000000000000000e+00,0.000000000000000000e+00,3.125000000000000000e-02,3.125000000000000000e-02,3.125000000000000000e-02,3.125000000000000000e-02,0.000000000000000000e+00,6.250000000000000000e-02,6.250000000000000000e-02,3.125000000000000000e-02,6.250000000000000000e-02,0.000000000000000000e+00,0.000000000000000000e+00,0.000000000000000000e+00,9.375000000000000000e-02,4.375000000000000000e-01,3.125000000000000000e-02,0.000000000000000000e+00,0.000000000000000000e+00,0.000000000000000000e+00,0.000000000000000000e+00,9.375000000000000000e-02
0.000000000000000000e+00,0.000000000000000000e+00,0.000000000000000000e+00,0.000000000000000000e+00,6.250000000000000000e-02,6.250000000000000000e-02,0.000000000000000000e+00,6.250000000000000000e-02,0.000000000000000000e+00,0.000000000000000000e+00,1.250000000000000000e-01,0.000000000000000000e+00,6.250000000000000000e-02,6.250000000000000000e-02,0.000000000000000000e+00,1.250000000000000000e-01,1.250000000000000000e-01,0.000000000000000000e+00,1.250000000000000000e-01,6.250000000000000000e-02,0.000000000000000000e+00,1.250000000000000000e-01
0.000000000000000000e+00,0.000000000000000000e+00,7.692307692307692735e-02,0.000000000000000000e+00,0.000000000000000000e+00,0.000000000000000000e+00,0.000000000000000000e+00,0.000000000000000000e+00,0.000000000000000000e+00,7.692307692307692735e-02,0.000000000000000000e+00,0.000000000000000000e+00,7.692307692307692735e-02,0.000000000000000000e+00,7.692307692307692735e-02,0.000000000000000000e+00,0.000000000000000000e+00,3.076923076923077094e-01,0.000000000000000000e+00,0.000000000000000000e+00,0.000000000000000000e+00,3.846153846153846367e-01
0.000000000000000000e+00,0.000000000000000000e+00,0.000000000000000000e+00,0.000000000000000000e+00,0.000000000000000000e+00,0.000000000000000000e+00,0.000000000000000000e+00,0.000000000000000000e+00,0.000000000000000000e+00,9.090909090909091161e-02,0.000000000000000000e+00,9.090909090909091161e-02,0.000000000000000000e+00,9.090909090909091161e-02,0.000000000000000000e+00,9.090909090909091161e-02,0.000000000000000000e+00,1.818181818181818232e-01,2.727272727272727071e-01,9.090909090909091161e-02,0.000000000000000000e+00,9.090909090909091161e-02
0.000000000000000000e+00,7.692307692307692735e-02,0.000000000000000000e+00,0.000000000000000000e+00,0.000000000000000000e+00,1.538461538461538547e-01,7.692307692307692735e-02,1.538461538461538547e-01,0.000000000000000000e+00,0.000000000000000000e+00,0.000000000000000000e+00,0.000000000000000000e+00,7.692307692307692735e-02,0.000000000000000000e+00,0.000000000000000000e+00,7.692307692307692735e-02,0.000000000000000000e+00,0.000000000000000000e+00,0.000000000000000000e+00,7.692307692307692735e-02,0.000000000000000000e+00,3.076923076923077094e-01
0.000000000000000000e+00,0.000000000000000000e+00,0.000000000000000000e+00,0.000000000000000000e+00,0.000000000000000000e+00,0.000000000000000000e+00,0.000000000000000000e+00,7.692307692307692735e-02,7.692307692307692735e-02,0.000000000000000000e+00,7.692307692307692735e-02,1.538461538461538547e-01,0.000000000000000000e+00,0.000000000000000000e+00,0.000000000000000000e+00,0.000000000000000000e+00,0.000000000000000000e+00,0.000000000000000000e+00,0.000000000000000000e+00,0.000000000000000000e+00,5.384615384615384359e-01,7.692307692307692735e-02
3.125000000000000000e-02,7.812500000000000000e-03,7.812500000000000000e-03,1.562500000000000000e-02,1.562500000000000000e-02,1.562500000000000000e-02,3.515625000000000000e-02,1.953125000000000000e-02,1.953125000000000000e-02,3.125000000000000000e-02,3.515625000000000000e-02,1.562500000000000000e-02,1.562500000000000000e-02,2.734375000000000000e-02,2.343750000000000000e-02,1.953125000000000000e-02,1.562500000000000000e-02,1.562500000000000000e-02,3.906250000000000000e-03,1.562500000000000000e-02,0.000000000000000000e+00,6.132812500000000000e-01
