9.285714285714286031e-01,1.714285714285714371e-02,2.285714285714285712e-02,5.714285714285714281e-03,0.000000000000000000e+00,2.857142857142857140e-03,8.571428571428571855e-03,2.857142857142857140e-03,0.000000000000000000e+00,2.857142857142857140e-03,0.000000000000000000e+00,0.000000000000000000e+00,0.000000000000000000e+00,0.000000000000000000e+00,0.000000000000000000e+00,2.857142857142857140e-03,0.000000000000000000e+00,2.857142857142857140e-03,0.000000000000000000e+00,0.000000000000000000e+00,0.000000000000000000e+00,2.857142857142857140e-03
1.333333333333333315e-01,7.333333333333332815e-01,8.333333333333332871e-02,1.666666666666666644e-02,0.000000000000000000e+00,0.000000000000000000e+00,0.000000000000000000e+00,0.000000000000000000e+00,0.000000000000000000e+00,0.000000000000000000e+00,0.000000000000000000e+00,0.000000000000000000e+00,0.000000000000000000e+00,0.000000000000000000e+00,1.666666666666666644e-02,0.000000000000000000e+00,0.000000000000000000e+00,0.000000000000000000e+00,0.000000000000000000e+00,0.000000000000000000e+00,0.000000000000000000e+00,1.666666666666666644e-02
4.109589041095890183e-02,1.232876712328767055e-01,6.301369863013698280e-01,1.369863013698630061e-01,2.739726027397260122e-02,0.000000000000000000e+00,2.739726027397260122e-02,0.000000000000000000e+00,1.369863013698630061e-02,0.000000000000000000e+00,0.000000000000000000e+00,0.000000000000000000e+00,0.000000000000000000e+00,0.000000000000000000e+00,0.000000000000000000e+00,0.000000000000000000e+00,0.000000000000000000e+00,0.000000000000000000e+00,0.000000000000000000e+00,0.000000000000000000e+00,0.000000000000000000e+00,0.000000000000000000e+00
1.481481481481481538e-02,7.407407407407407690e-03,6.666666666666666574e-02,7.481481481481481177e-01,6.666666666666666574e-02,2.222222222222222307e-02,2.222222222222222307e-02,7.407407407407407690e-03,7.407407407407407690e-03,7.407407407407407690e-03,7.407407407407407690e-03,7.407407407407407690e-03,1.481481481481481538e-02,0.000000000000000000e+00,0.000000000000000000e+00,0.000000000000000000e+00,0.000000000000000000e+00,0.000000000000000000e+00,0.000000000000000000e+00,0.000000000000000000e+00,0.000000000000000000e+00,0.000000000000000000e+00
9.433962264150943036e-03,0.000000000000000000e+00,9.433962264150943036e-03,8.490566037735848559e-02,6.320754716981131782e-01,1.509433962264150886e-01,5.660377358490566169e-02,1.886792452830188607e-02,9.433962264150943036e-03,0.000000000000000000e+00,9.433962264150943036e-03,9.433962264150943036e-03,0.000000000000000000e+00,0.000000000000000000e+00,0.000000000000000000e+00,0.000000000000000000e+00,0.000000000000000000e+00,0.000000000000000000e+00,0.000000000000000000e+00,0.000000000000000000e+00,0.000000000000000000e+00,9.433962264150943036e-03
4.219409282700421586e-03,0.000000000000000000e+00,0.000000000000000000e+00,4.219409282700421586e-03,7.594936708860759722e-02,7.341772151898734444e-01,1.054852320675105509e-01,2.531645569620253125e-02,0.000000000000000000e+00,4.219409282700421586e-03,4.219409282700421586e-03,0.000000000000000000e+00,0.000000000000000000e+00,4.219409282700421586e-03,4.219409282700421586e-03,0.000000000000000000e+00,0.000000000000000000e+00,4.219409282700421586e-03,0.000000000000000000e+00,0.000000000000000000e+00,0.000000000000000000e+00,2.953586497890295370e-02
2.857142857142857140e-03,2.857142857142857140e-03,2.857142857142857140e-03,0.000000000000000000e+00,2.000000000000000042e-02,7.428571428571428825e-02,7.342857142857143193e-01,9.428571428571429214e-02,2.285714285714285712e-02,2.000000000000000042e-02,0.000000000000000000e+00,5.714285714285714281e-03,0.000000000000000000e+00,2.857142857142857140e-03,0.000000000000000000e+00,0.000000000000000000e+00,0.000000000000000000e+00,2.857142857142857140e-03,0.000000000000000000e+00,0.000000000000000000e+00,0.000000000000000000e+00,1.428571428571428527e-02
2.427184466019417265e-03,0.000000000000000000e+00,0.000000000000000000e+00,4.854368932038834530e-03,4.854368932038834530e-03,7.281553398058252663e-03,8.009708737864078276e-02,7.330097087378640852e-01,1.019417475728155303e-01,2.669902912621359078e-02,9.708737864077669061e-03,7.281553398058252663e-03,4.854368932038834530e-03,2.427184466019417265e-03,0.000000000000000000e+00,2.427184466019417265e-03,0.000000000000000000e+00,0.000000000000000000e+00,0.000000000000000000e+00,0.000000000000000000e+00,0.000000000000000000e+00,1.213592233009708719e-02
0.000000000000000000e+00,0.000000000000000000e+00,1.908396946564885422e-03,0.000000000000000000e+00,1.908396946564885422e-03,3.816793893129770843e-03,1.335877862595419817e-02,7.061068702290076993e-02,7.652671755725191094e-01,9.732824427480915586e-02,1.526717557251908337e-02,9.541984732824427759e-03,5.725190839694656482e-03,3.816793893129770843e-03,1.908396946564885422e-03,1.908396946564885422e-03,0.000000000000000000e+00,0.000000000000000000e+00,0.000000000000000000e+00,0.000000000000000000e+00,0.000000000000000000e+00,7.633587786259541687e-03
1.992031872509960125e-03,0.000000000000000000e+00,0.000000000000000000e+00,1.992031872509960125e-03,1.992031872509960125e-03,0.000000000000000000e+00,9.960159362549800624e-03,1.394422310756972087e-02,9.163346613545816921e-02,7.450199203187251040e-01,7.968127490039840499e-02,1.394422310756972087e-02,3.984063745019920250e-03,5.976095617529880374e-03,1.992031872509960125e-03,0.000000000000000000e+00,0.000000000000000000e+00,0.000000000000000000e+00,0.000000000000000000e+00,1.992031872509960125e-03,0.000000000000000000e+00,2.589641434262948336e-02
0.000000000000000000e+00,0.000000000000000000e+00,0.000000000000000000e+00,0.000000000000000000e+00,0.000000000000000000e+00,6.920415224913495020e-03,3.460207612456747510e-03,1.038062283737024166e-02,1.730103806228373842e-02,1.557093425605536319e-01,6.643598615916954664e-01,8.650519031141867821e-02,6.920415224913495020e-03,1.384083044982699004e-02,3.460207612456747510e-03,0.000000000000000000e+00,0.000000000000000000e+00,3.460207612456747510e-03,3.460207612456747510e-03,0.000000000000000000e+00,0.000000000000000000e+00,2.422145328719723170e-02
5.434782608695652023e-03,0.000000000000000000e+00,0.000000000000000000e+00,0.000000000000000000e+00,0.000000000000000000e+00,0.000000000000000000e+00,1.086956521739130405e-02,1.086956521739130405e-02,3.804347826086956763e-02,4.347826086956521618e-02,1.250000000000000000e-01,5.978260869565217295e-01,6.521739130434782428e-02,2.717391304347826012e-02,5.434782608695652023e-03,1.086956521739130405e-02,5.434782608695652023e-03,0.000000000000000000e+00,1.630434782608695607e-02,0.000000000000000000e+00,0.000000000000000000e+00,3.804347826086956763e-02
2.409638554216867595e-02,0.000000000000000000e+00,0.000000000000000000e+00,0.000000000000000000e+00,1.204819277108433798e-02,0.000000000000000000e+00,2.409638554216867595e-02,1.204819277108433798e-02,1.204819277108433798e-02,4.819277108433735191e-02,3.614457831325301046e-02,1.807228915662650592e-01,3.614457831325301185e-01,1.084337349397590383e-01,6.024096385542168641e-02,4.819277108433735191e-02,0.000000000000000000e+00,0.000000000000000000e+00,2.409638554216867595e-02,0.000000000000000000e+00,1.204819277108433798e-02,3.614457831325301046e-02
0.000000000000000000e+00,0.000000000000000000e+00,1.010101010101010187e-02,0.000000000000000000e+00,1.010101010101010187e-02,2.020202020202020374e-02,0.000000000000000000e+00,1.010101010101010187e-02,4.040404040404040747e-02,1.010101010101010187e-02,3.030303030303030387e-02,5.050505050505050414e-02,1.616161616161616299e-01,4.343434343434343647e-01,7.070707070707070441e-02,4.040404040404040747e-02,3.030303030303030387e-02,0.000000000000000000e+00,0.000000000000000000e+00,0.000000000000000000e+00,1.010101010101010187e-02,7.070707070707070441e-02
0.000000000000000000e+00,0.000000000000000000e+00,4.255319148936170109e-02,0.000000000000000000e+00,0.000000000000000000e+00,0.000000000000000000e+00,0.000000000000000000e+00,0.000000000000000000e+00,0.000000000000000000e+00,0.000000000000000000e+00,8.510638297872340219e-02,4.255319148936170109e-02,1.276595744680850963e-01,2.127659574468085124e-01,2.127659574468085124e-01,4.255319148936170109e-02,0.000000000000000000e+00,2.127659574468085055e-02,2.127659574468085055e-02,4.255319148936170109e-02,2.127659574468085055e-02,1.276595744680850963e-01
0.000000000000000000e+00,2.564102564102564014e-02,0.000000000000000000e+00,0.000000000000000000e+00,0.000000000000000000e+00,0.000000000000000000e+00,0.000000000000000000e+00,2.564102564102564014e-02,7.692307692307692735e-02,2.564102564102564014e-02,5.128205128205128027e-02,0.000000000000000000e+00,2.564102564102564014e-02,1.025641025641025605e-01,1.538461538461538547e-01,2.820512820512820484e-01,7.692307692307692735e-02,0.000000000000000000e+00,2.564102564102564014e-02,0.000000000000000000e+00,2.564102564102564014e-02,1.025641025641025605e-01
0.000000000000000000e+00,0.000000000000000000e+00,0.000000000000000000e+00,0.000000000000000000e+00,4.545454545454545581e-02,0.000000000000000000e+00,0.000000000000000000e+00,0.000000000000000000e+00,0.000000000000000000e+00,4.545454545454545581e-02,0.000000000000000000e+00,4.545454545454545581e-02,1.363636363636363535e-01,9.090909090909091161e-02,4.545454545454545581e-02,0.000000000000000000e+00,3.636363636363636465e-01,0.000000000000000000e+00,0.000000000000000000e+00,4.545454545454545581e-02,4.545454545454545581e-02,1.363636363636363535e-01
0.000000000000000000e+00,0.000000000000000000e+00,0.000000000000000000e+00,0.000000000000000000e+00,7.142857142857142461e-02,1.428571428571428492e-01,7.142857142857142461e-02,7.142857142857142461e-02,0.000000000000000000e+00,7.142857142857142461e-02,0.000000000000000000e+00,0.000000000000000000e+00,0.000000000000000000e+00,7.142857142857142461e-02,0.000000000000000000e+00,7.142857142857142461e-02,0.000000000000000000e+00,7.142857142857142461e-02,0.000000000000000000e+00,7.142857142857142461e-02,0.000000000000000000e+00,2.857142857142856984e-01
0.000000000000000000e+00,0.000000000000000000e+00,0.000000000000000000e+00,0.000000000000000000e+00,0.000000000000000000e+00,0.000000000000000000e+00,0.000000000000000000e+00,0.000000000000000000e+00,0.000000000000000000e+00,0.000000000000000000e+00,0.000000000000000000e+00,0.000000000000000000e+00,1.176470588235294101e-01,1.176470588235294101e-01,1.176470588235294101e-01,0.000000000000000000e+00,5.882352941176470507e-02,5.882352941176470507e-02,2.352941176470588203e-01,0.000000000000000000e+00,5.882352941176470507e-02,2.352941176470588203e-01
0.000000000000000000e+00,0.000000000000000000e+00,0.000000000000000000e+00,0.000000000000000000e+00,0.000000000000000000e+00,0.000000000000000000e+00,0.000000000000000000e+00,0.000000000000000000e+00,2.500000000000000000e-01,0.000000000000000000e+00,0.000000000000000000e+00,0.000000000000000000e+00,0.000000000000000000e+00,1.250000000000000000e-01,1.250000000000000000e-01,0.000000000000000000e+00,1.250000000000000000e-01,0.000000000000000000e+00,0.000000000000000000e+00,0.000000000000000000e+00,0.000000000000000000e+00,3.750000000000000000e-01
0.000000000000000000e+00,0.000000000000000000e+00,0.000000000000000000e+00,0.000000000000000000e+00,0.000000000000000000e+00,0.000000000000000000e+00,0.000000000000000000e+00,0.000000000000000000e+00,3.333333333333333148e-01,0.000000000000000000e+00,0.000000000000000000e+00,0.000000000000000000e+00,0.000000000000000000e+00,0.000000000000000000e+00,1.666666666666666574e-01,0.000000000000000000e+00,0.000000000000000000e+00,0.000000000000000000e+00,0.000000000000000000e+00,0.000000000000000000e+00,0.000000000000000000e+00,5.000000000000000000e-01
1.680672268907562952e-02,4.201680672268907381e-03,0.000000000000000000e+00,1.260504201680672301e-02,0.000000000000000000e+00,1.260504201680672301e-02,2.521008403361344602e-02,2.100840336134453951e-02,3.361344537815125905e-02,3.361344537815125905e-02,2.100840336134453951e-02,2.521008403361344602e-02,3.781512605042016556e-02,2.100840336134453951e-02,1.680672268907562952e-02,2.521008403361344602e-02,2.100840336134453951e-02,2.521008403361344602e-02,2.100840336134453951e-02,8.403361344537814762e-03,8.403361344537814762e-03,6.092436974789915416e-01
