6.919999999999999485e-01,8.400000000000000522e-02,1.200000000000000025e-02,4.000000000000000083e-03,2.000000000000000042e-03,0.000000000000000000e+00,6.000000000000000125e-03,6.000000000000000125e-03,2.000000000000000042e-03,0.000000000000000000e+00,1.000000000000000021e-02,2.000000000000000042e-03,2.000000000000000042e-03,2.000000000000000042e-03,0.000000000000000000e+00,2.000000000000000042e-03,2.000000000000000042e-03,2.000000000000000042e-03,8.000000000000000167e-03,1.400000000000000029e-02,1.479999999999999927e-01
1.428571428571428492e-01,6.802721088435373931e-01,5.782312925170068202e-02,2.040816326530612082e-02,1.020408163265306041e-02,6.802721088435373896e-03,3.401360544217686948e-03,0.000000000000000000e+00,0.000000000000000000e+00,0.000000000000000000e+00,3.401360544217687382e-02,3.401360544217686948e-03,0.000000000000000000e+00,0.000000000000000000e+00,0.000000000000000000e+00,0.000000000000000000e+00,0.000000000000000000e+00,0.000000000000000000e+00,0.000000000000000000e+00,1.020408163265306041e-02,3.061224489795918297e-02
1.145833333333333287e-01,2.708333333333333148e-01,3.437500000000000000e-01,1.041666666666666713e-01,2.083333333333333218e-02,1.041666666666666609e-02,1.041666666666666609e-02,0.000000000000000000e+00,0.000000000000000000e+00,1.041666666666666609e-02,4.166666666666666435e-02,0.000000000000000000e+00,0.000000000000000000e+00,0.000000000000000000e+00,0.000000000000000000e+00,0.000000000000000000e+00,0.000000000000000000e+00,0.000000000000000000e+00,1.041666666666666609e-02,5.208333333333333565e-02,1.041666666666666609e-02
9.195402298850574585e-02,4.597701149425287293e-02,1.839080459770114917e-01,4.367816091954023205e-01,1.264367816091954144e-01,1.149425287356321823e-02,0.000000000000000000e+00,0.000000000000000000e+00,0.000000000000000000e+00,0.000000000000000000e+00,3.448275862068965469e-02,0.000000000000000000e+00,0.000000000000000000e+00,0.000000000000000000e+00,0.000000000000000000e+00,0.000000000000000000e+00,0.000000000000000000e+00,0.000000000000000000e+00,1.149425287356321823e-02,2.298850574712643646e-02,3.448275862068965469e-02
1.818181818181818094e-02,7.272727272727272374e-02,1.454545454545454475e-01,1.818181818181818232e-01,4.545454545454545303e-01,3.636363636363636187e-02,1.818181818181818094e-02,0.000000000000000000e+00,1.818181818181818094e-02,0.000000000000000000e+00,3.636363636363636187e-02,0.000000000000000000e+00,0.000000000000000000e+00,0.000000000000000000e+00,0.000000000000000000e+00,0.000000000000000000e+00,0.000000000000000000e+00,0.000000000000000000e+00,0.000000000000000000e+00,1.818181818181818094e-02,0.000000000000000000e+00
3.846153846153846367e-02,0.000000000000000000e+00,3.846153846153846367e-02,1.153846153846153910e-01,1.538461538461538547e-01,3.461538461538461453e-01,3.846153846153846367e-02,3.846153846153846367e-02,0.000000000000000000e+00,0.000000000000000000e+00,1.153846153846153910e-01,0.000000000000000000e+00,0.000000000000000000e+00,0.000000000000000000e+00,0.000000000000000000e+00,0.000000000000000000e+00,0.000000000000000000e+00,0.000000000000000000e+00,3.846153846153846367e-02,0.000000000000000000e+00,7.692307692307692735e-02
5.555555555555555247e-02,2.222222222222222099e-01,5.555555555555555247e-02,1.111111111111111049e-01,5.555555555555555247e-02,1.666666666666666574e-01,5.555555555555555247e-02,0.000000000000000000e+00,5.555555555555555247e-02,0.000000000000000000e+00,2.222222222222222099e-01,0.000000000000000000e+00,0.000000000000000000e+00,0.000000000000000000e+00,0.000000000000000000e+00,0.000000000000000000e+00,0.000000000000000000e+00,0.000000000000000000e+00,0.000000000000000000e+00,0.000000000000000000e+00,0.000000000000000000e+00
1.111111111111111049e-01,0.000000000000000000e+00,1.111111111111111049e-01,0.000000000000000000e+00,0.000000000000000000e+00,0.000000000000000000e+00,0.000000000000000000e+00,1.111111111111111049e-01,1.111111111111111049e-01,0.000000000000000000e+00,2.222222222222222099e-01,0.000000000000000000e+00,0.000000000000000000e+00,0.000000000000000000e+00,0.000000000000000000e+00,0.000000000000000000e+00,0.000000000000000000e+00,3.333333333333333148e-01,0.000000000000000000e+00,0.000000000000000000e+00,0.000000000000000000e+00
0.000000000000000000e+00,0.000000000000000000e+00,9.090909090909091161e-02,0.000000000000000000e+00,1.818181818181818232e-01,9.090909090909091161e-02,9.090909090909091161e-02,0.000000000000000000e+00,3.636363636363636465e-01,0.000000000000000000e+00,1.818181818181818232e-01,0.000000000000000000e+00,0.000000000000000000e+00,0.000000000000000000e+00,0.000000000000000000e+00,0.000000000000000000e+00,0.000000000000000000e+00,0.000000000000000000e+00,0.000000000000000000e+00,0.000000000000000000e+00,0.000000000000000000e+00
1.111111111111111049e-01,0.000000000000000000e+00,0.000000000000000000e+00,0.000000000000000000e+00,0.000000000000000000e+00,0.000000000000000000e+00,0.000000000000000000e+00,0.000000000000000000e+00,1.111111111111111049e-01,1.111111111111111049e-01,3.333333333333333148e-01,0.000000000000000000e+00,0.000000000000000000e+00,0.000000000000000000e+00,0.000000000000000000e+00,0.000000000000000000e+00,1.111111111111111049e-01,1.111111111111111049e-01,1.111111111111111049e-01,0.000000000000000000e+00,0.000000000000000000e+00
3.875968992248061962e-02,4.651162790697674354e-02,3.875968992248061962e-02,4.651162790697674354e-02,1.550387596899224785e-02,1.550387596899224785e-02,4.651162790697674354e-02,7.751937984496123923e-03,2.325581395348837177e-02,5.426356589147286746e-02,5.891472868217054737e-01,0.000000000000000000e+00,0.000000000000000000e+00,0.000000000000000000e+00,0.000000000000000000e+00,7.751937984496123923e-03,7.751937984496123923e-03,0.000000000000000000e+00,0.000000000000000000e+00,3.100775193798449569e-02,3.100775193798449569e-02
0.000000000000000000e+00,6.493506493506493935e-03,0.000000000000000000e+00,0.000000000000000000e+00,0.000000000000000000e+00,0.000000000000000000e+00,0.000000000000000000e+00,0.000000000000000000e+00,0.000000000000000000e+00,0.000000000000000000e+00,6.493506493506493935e-03,9.155844155844156118e-01,1.948051948051948007e-02,2.597402597402597574e-02,2.597402597402597574e-02,0.000000000000000000e+00,0.000000000000000000e+00,0.000000000000000000e+00,0.000000000000000000e+00,0.000000000000000000e+00,0.000000000000000000e+00
3.125000000000000000e-02,0.000000000000000000e+00,0.000000000000000000e+00,0.000000000000000000e+00,0.000000000000000000e+00,0.000000000000000000e+00,0.000000000000000000e+00,0.000000000000000000e+00,0.000000000000000000e+00,0.000000000000000000e+00,0.000000000000000000e+00,1.250000000000000000e-01,7.500000000000000000e-01,0.000000000000000000e+00,3.125000000000000000e-02,0.000000000000000000e+00,3.125000000000000000e-02,0.000000000000000000e+00,3.125000000000000000e-02,0.000000000000000000e+00,0.000000000000000000e+00
0.000000000000000000e+00,0.000000000000000000e+00,0.000000000000000000e+00,0.000000000000000000e+00,0.000000000000000000e+00,0.000000000000000000e+00,0.000000000000000000e+00,0.000000000000000000e+00,0.000000000000000000e+00,0.000000000000000000e+00,0.000000000000000000e+00,1.886792452830188607e-02,0.000000000000000000e+00,8.867924528301887044e-01,3.773584905660377214e-02,0.000000000000000000e+00,3.773584905660377214e-02,0.000000000000000000e+00,0.000000000000000000e+00,0.000000000000000000e+00,1.886792452830188607e-02
0.000000000000000000e+00,0.000000000000000000e+00,0.000000000000000000e+00,0.000000000000000000e+00,0.000000000000000000e+00,0.000000000000000000e+00,0.000000000000000000e+00,0.000000000000000000e+00,0.000000000000000000e+00,0.000000000000000000e+00,0.000000000000000000e+00,7.017543859649122417e-02,1.754385964912280604e-02,3.508771929824561209e-02,7.017543859649122417e-01,1.578947368421052544e-01,1.754385964912280604e-02,0.000000000000000000e+00,0.000000000000000000e+00,0.000000000000000000e+00,0.000000000000000000e+00
1.000000000000000021e-02,0.000000000000000000e+00,0.000000000000000000e+00,0.000000000000000000e+00,0.000000000000000000e+00,0.000000000000000000e+00,0.000000000000000000e+00,0.000000000000000000e+00,0.000000000000000000e+00,0.000000000000000000e+00,0.000000000000000000e+00,0.000000000000000000e+00,0.000000000000000000e+00,1.000000000000000021e-02,5.999999999999999778e-02,6.899999999999999467e-01,1.600000000000000033e-01,2.999999999999999889e-02,2.000000000000000042e-02,1.000000000000000021e-02,1.000000000000000021e-02
0.000000000000000000e+00,0.000000000000000000e+00,6.535947712418300852e-03,0.000000000000000000e+00,0.000000000000000000e+00,0.000000000000000000e+00,0.000000000000000000e+00,0.000000000000000000e+00,0.000000000000000000e+00,6.535947712418300852e-03,6.535947712418300852e-03,0.000000000000000000e+00,6.535947712418300852e-03,6.535947712418300852e-03,6.535947712418300852e-03,8.496732026143791194e-02,7.124183006535947937e-01,1.241830065359477153e-01,2.614379084967320341e-02,0.000000000000000000e+00,1.307189542483660170e-02
3.921568627450980338e-03,3.921568627450980338e-03,3.921568627450980338e-03,1.176470588235294101e-02,0.000000000000000000e+00,0.000000000000000000e+00,0.000000000000000000e+00,3.921568627450980338e-03,0.000000000000000000e+00,0.000000000000000000e+00,3.921568627450980338e-03,0.000000000000000000e+00,3.921568627450980338e-03,3.921568627450980338e-03,0.000000000000000000e+00,1.568627450980392135e-02,6.274509803921568540e-02,7.058823529411765163e-01,1.372549019607843257e-01,1.176470588235294101e-02,2.745098039215686236e-02
9.732360097323601231e-03,4.866180048661800615e-03,4.866180048661800615e-03,0.000000000000000000e+00,0.000000000000000000e+00,0.000000000000000000e+00,0.000000000000000000e+00,2.433090024330900308e-03,0.000000000000000000e+00,0.000000000000000000e+00,7.299270072992700489e-03,0.000000000000000000e+00,0.000000000000000000e+00,0.000000000000000000e+00,2.433090024330900308e-03,0.000000000000000000e+00,4.866180048661800615e-03,8.029197080291970712e-02,7.566909975669099397e-01,1.094890510948905160e-01,1.703163017031630172e-02
1.055806938159879402e-02,1.206636500754147863e-02,1.508295625942684829e-03,6.033182503770739315e-03,1.508295625942684829e-03,1.508295625942684829e-03,0.000000000000000000e+00,1.508295625942684829e-03,0.000000000000000000e+00,1.508295625942684829e-03,4.524886877828054703e-03,0.000000000000000000e+00,0.000000000000000000e+00,1.508295625942684829e-03,0.000000000000000000e+00,0.000000000000000000e+00,3.016591251885369657e-03,4.524886877828054703e-03,6.184012066365007776e-02,7.812971342383107087e-01,1.070889894419306126e-01
1.127379209370424629e-01,5.856515373352855214e-03,5.856515373352855214e-03,2.928257686676427607e-03,2.928257686676427607e-03,2.928257686676427607e-03,1.464128843338213803e-03,0.000000000000000000e+00,0.000000000000000000e+00,0.000000000000000000e+00,8.784773060029282821e-03,0.000000000000000000e+00,0.000000000000000000e+00,0.000000000000000000e+00,0.000000000000000000e+00,1.464128843338213803e-03,0.000000000000000000e+00,1.024890190336749662e-02,5.856515373352855214e-03,8.345534407027818680e-02,7.554904831625183226e-01
