6.936026936026935541e-01,1.010101010101010083e-01,1.346801346801346742e-02,0.000000000000000000e+00,1.010101010101010187e-02,3.367003367003366856e-03,6.734006734006733712e-03,3.367003367003366856e-03,0.000000000000000000e+00,3.367003367003366856e-03,2.356902356902356929e-02,0.000000000000000000e+00,0.000000000000000000e+00,0.000000000000000000e+00,0.000000000000000000e+00,0.000000000000000000e+00,0.000000000000000000e+00,3.367003367003366856e-03,3.367003367003366856e-03,2.356902356902356929e-02,1.111111111111111049e-01
1.069518716577540079e-01,6.737967914438502959e-01,1.016042780748663138e-01,1.069518716577540045e-02,5.347593582887700224e-03,0.000000000000000000e+00,1.069518716577540045e-02,0.000000000000000000e+00,5.347593582887700224e-03,0.000000000000000000e+00,3.208556149732620655e-02,0.000000000000000000e+00,0.000000000000000000e+00,0.000000000000000000e+00,0.000000000000000000e+00,0.000000000000000000e+00,0.000000000000000000e+00,0.000000000000000000e+00,1.604278074866310327e-02,2.139037433155080090e-02,1.604278074866310327e-02
1.323529411764705899e-01,2.352941176470588203e-01,4.117647058823529216e-01,7.352941176470588480e-02,1.470588235294117627e-02,1.470588235294117627e-02,0.000000000000000000e+00,0.000000000000000000e+00,0.000000000000000000e+00,1.470588235294117627e-02,4.411764705882353227e-02,0.000000000000000000e+00,0.000000000000000000e+00,0.000000000000000000e+00,0.000000000000000000e+00,0.000000000000000000e+00,1.470588235294117627e-02,1.470588235294117627e-02,0.000000000000000000e+00,2.941176470588235253e-02,0.000000000000000000e+00
4.347826086956521618e-02,4.347826086956521618e-02,8.695652173913043237e-02,4.782608695652174058e-01,8.695652173913043237e-02,4.347826086956521618e-02,4.347826086956521618e-02,2.173913043478260809e-02,0.000000000000000000e+00,4.347826086956521618e-02,4.347826086956521618e-02,0.000000000000000000e+00,0.000000000000000000e+00,0.000000000000000000e+00,0.000000000000000000e+00,0.000000000000000000e+00,0.000000000000000000e+00,2.173913043478260809e-02,0.000000000000000000e+00,0.000000000000000000e+00,4.347826086956521618e-02
3.030303030303030387e-02,3.030303030303030387e-02,9.090909090909091161e-02,6.060606060606060774e-02,4.848484848484848619e-01,0.000000000000000000e+00,3.030303030303030387e-02,0.000000000000000000e+00,3.030303030303030387e-02,0.000000000000000000e+00,3.030303030303030387e-02,0.000000000000000000e+00,3.030303030303030387e-02,0.000000000000000000e+00,0.000000000000000000e+00,0.000000000000000000e+00,3.030303030303030387e-02,3.030303030303030387e-02,0.000000000000000000e+00,3.030303030303030387e-02,9.090909090909091161e-02
1.538461538461538547e-01,0.000000000000000000e+00,0.000000000000000000e+00,0.000000000000000000e+00,0.000000000000000000e+00,7.692307692307692735e-02,7.692307692307692735e-02,2.307692307692307820e-01,0.000000000000000000e+00,0.000000000000000000e+00,7.692307692307692735e-02,7.692307692307692735e-02,0.000000000000000000e+00,0.000000000000000000e+00,7.692307692307692735e-02,7.692307692307692735e-02,0.000000000000000000e+00,0.000000000000000000e+00,0.000000000000000000e+00,0.000000000000000000e+00,1.538461538461538547e-01
4.545454545454545581e-02,0.000000000000000000e+00,4.545454545454545581e-02,4.545454545454545581e-02,0.000000000000000000e+00,0.000000000000000000e+00,3.181818181818181768e-01,1.363636363636363535e-01,4.545454545454545581e-02,0.000000000000000000e+00,1.363636363636363535e-01,0.000000000000000000e+00,0.000000000000000000e+00,9.090909090909091161e-02,0.000000000000000000e+00,0.000000000000000000e+00,0.000000000000000000e+00,0.000000000000000000e+00,4.545454545454545581e-02,0.000000000000000000e+00,9.090909090909091161e-02
0.000000000000000000e+00,0.000000000000000000e+00,2.105263157894736725e-01,5.263157894736841813e-02,0.000000000000000000e+00,0.000000000000000000e+00,1.578947368421052544e-01,2.631578947368420907e-01,0.000000000000000000e+00,0.000000000000000000e+00,2.105263157894736725e-01,0.000000000000000000e+00,0.000000000000000000e+00,0.000000000000000000e+00,0.000000000000000000e+00,0.000000000000000000e+00,5.263157894736841813e-02,0.000000000000000000e+00,0.000000000000000000e+00,0.000000000000000000e+00,5.263157894736841813e-02
7.692307692307692735e-02,0.000000000000000000e+00,0.000000000000000000e+00,0.000000000000000000e+00,0.000000000000000000e+00,0.000000000000000000e+00,7.692307692307692735e-02,7.692307692307692735e-02,7.692307692307692735e-02,0.000000000000000000e+00,5.384615384615384359e-01,0.000000000000000000e+00,0.000000000000000000e+00,0.000000000000000000e+00,0.000000000000000000e+00,0.000000000000000000e+00,0.000000000000000000e+00,0.000000000000000000e+00,1.538461538461538547e-01,0.000000000000000000e+00,0.000000000000000000e+00
5.882352941176470507e-02,0.000000000000000000e+00,5.882352941176470507e-02,5.882352941176470507e-02,0.000000000000000000e+00,0.000000000000000000e+00,0.000000000000000000e+00,0.000000000000000000e+00,1.176470588235294101e-01,3.529411764705882582e-01,1.176470588235294101e-01,0.000000000000000000e+00,0.000000000000000000e+00,0.000000000000000000e+00,0.000000000000000000e+00,5.882352941176470507e-02,5.882352941176470507e-02,0.000000000000000000e+00,5.882352941176470507e-02,5.882352941176470507e-02,0.000000000000000000e+00
5.696202531645569445e-02,1.265822784810126563e-02,2.531645569620253125e-02,2.531645569620253125e-02,2.531645569620253125e-02,1.898734177215189931e-02,2.531645569620253125e-02,2.531645569620253125e-02,3.164556962025316666e-02,2.531645569620253125e-02,4.556962025316455556e-01,2.531645569620253125e-02,0.000000000000000000e+00,0.000000000000000000e+00,6.329113924050632813e-03,4.430379746835443056e-02,3.164556962025316666e-02,5.696202531645569445e-02,1.265822784810126563e-02,5.063291139240506250e-02,4.430379746835443056e-02
0.000000000000000000e+00,0.000000000000000000e+00,0.000000000000000000e+00,4.739336492890995622e-03,0.000000000000000000e+00,4.739336492890995622e-03,0.000000000000000000e+00,0.000000000000000000e+00,0.000000000000000000e+00,0.000000000000000000e+00,9.478672985781991245e-03,9.194312796208530258e-01,3.317535545023696936e-02,4.739336492890995622e-03,0.000000000000000000e+00,4.739336492890995622e-03,9.478672985781991245e-03,4.739336492890995622e-03,4.739336492890995622e-03,0.000000000000000000e+00,0.000000000000000000e+00
1.538461538461538547e-02,1.538461538461538547e-02,0.000000000000000000e+00,0.000000000000000000e+00,1.538461538461538547e-02,0.000000000000000000e+00,0.000000000000000000e+00,0.000000000000000000e+00,0.000000000000000000e+00,0.000000000000000000e+00,4.615384615384615641e-02,7.692307692307692735e-02,6.923076923076922906e-01,9.230769230769231282e-02,0.000000000000000000e+00,4.615384615384615641e-02,0.000000000000000000e+00,0.000000000000000000e+00,0.000000000000000000e+00,0.000000000000000000e+00,0.000000000000000000e+00
0.000000000000000000e+00,0.000000000000000000e+00,0.000000000000000000e+00,0.000000000000000000e+00,0.000000000000000000e+00,0.000000000000000000e+00,0.000000000000000000e+00,8.333333333333333218e-03,0.000000000000000000e+00,0.000000000000000000e+00,8.333333333333333218e-03,8.333333333333333218e-03,6.666666666666666574e-02,8.083333333333333481e-01,5.833333333333333426e-02,8.333333333333333218e-03,2.500000000000000139e-02,0.000000000000000000e+00,0.000000000000000000e+00,0.000000000000000000e+00,8.333333333333333218e-03
0.000000000000000000e+00,0.000000000000000000e+00,0.000000000000000000e+00,0.000000000000000000e+00,7.299270072992700489e-03,1.459854014598540098e-02,0.000000000000000000e+00,0.000000000000000000e+00,0.000000000000000000e+00,0.000000000000000000e+00,0.000000000000000000e+00,0.000000000000000000e+00,2.189781021897810320e-02,3.649635036496350071e-02,7.591240875912408370e-01,1.240875912408759135e-01,7.299270072992700489e-03,2.189781021897810320e-02,0.000000000000000000e+00,7.299270072992700489e-03,0.000000000000000000e+00
0.000000000000000000e+00,0.000000000000000000e+00,0.000000000000000000e+00,0.000000000000000000e+00,0.000000000000000000e+00,0.000000000000000000e+00,0.000000000000000000e+00,0.000000000000000000e+00,0.000000000000000000e+00,0.000000000000000000e+00,3.260869565217391214e-02,5.434782608695652023e-03,1.086956521739130405e-02,1.086956521739130405e-02,7.608695652173913526e-02,7.445652173913043237e-01,9.239130434782608092e-02,2.173913043478260809e-02,0.000000000000000000e+00,0.000000000000000000e+00,5.434782608695652023e-03
0.000000000000000000e+00,0.000000000000000000e+00,4.149377593360995854e-03,0.000000000000000000e+00,0.000000000000000000e+00,0.000000000000000000e+00,0.000000000000000000e+00,0.000000000000000000e+00,0.000000000000000000e+00,0.000000000000000000e+00,2.904564315352697185e-02,4.149377593360995854e-03,4.149377593360995854e-03,8.298755186721991708e-03,4.149377593360995854e-03,7.468879668049792364e-02,7.053941908713693421e-01,1.327800829875518673e-01,1.659751037344398342e-02,1.244813278008298670e-02,4.149377593360995854e-03
2.427184466019417265e-03,4.854368932038834530e-03,0.000000000000000000e+00,0.000000000000000000e+00,2.427184466019417265e-03,2.427184466019417265e-03,0.000000000000000000e+00,0.000000000000000000e+00,2.427184466019417265e-03,2.427184466019417265e-03,1.213592233009708719e-02,2.427184466019417265e-03,0.000000000000000000e+00,0.000000000000000000e+00,4.854368932038834530e-03,9.708737864077669061e-03,6.310679611650485410e-02,7.791262135922329968e-01,9.708737864077669755e-02,9.708737864077669061e-03,4.854368932038834530e-03
0.000000000000000000e+00,5.464480874316939886e-03,0.000000000000000000e+00,0.000000000000000000e+00,0.000000000000000000e+00,0.000000000000000000e+00,0.000000000000000000e+00,0.000000000000000000e+00,0.000000000000000000e+00,1.821493624772313295e-03,1.639344262295082053e-02,1.821493624772313295e-03,0.000000000000000000e+00,1.821493624772313295e-03,3.642987249544626591e-03,0.000000000000000000e+00,1.092896174863387977e-02,5.646630236794171476e-02,8.051001821493625199e-01,8.925318761384334887e-02,7.285974499089253181e-03
8.064516129032257841e-03,2.016129032258064460e-03,0.000000000000000000e+00,2.016129032258064460e-03,0.000000000000000000e+00,2.016129032258064460e-03,2.016129032258064460e-03,2.016129032258064460e-03,0.000000000000000000e+00,0.000000000000000000e+00,6.048387096774193381e-03,0.000000000000000000e+00,0.000000000000000000e+00,0.000000000000000000e+00,2.016129032258064460e-03,0.000000000000000000e+00,6.048387096774193381e-03,1.008064516129032230e-02,8.870967741935484319e-02,7.822580645161290036e-01,8.669354838709678046e-02
8.678500986193293798e-02,9.861932938856015837e-03,1.972386587771203254e-03,3.944773175542406508e-03,1.972386587771203254e-03,5.917159763313609329e-03,1.972386587771203254e-03,0.000000000000000000e+00,0.000000000000000000e+00,0.000000000000000000e+00,1.380670611439842148e-02,0.000000000000000000e+00,0.000000000000000000e+00,1.972386587771203254e-03,1.972386587771203254e-03,0.000000000000000000e+00,3.944773175542406508e-03,1.972386587771203254e-03,7.889546351084813017e-03,8.086785009861932605e-02,7.751479289940828021e-01
