8.441558441558441039e-01,9.090909090909091161e-02,1.298701298701298787e-02,1.298701298701298787e-02,0.000000000000000000e+00,1.298701298701298787e-02,0.000000000000000000e+00,0.000000000000000000e+00,0.000000000000000000e+00,0.000000000000000000e+00,1.298701298701298787e-02,0.000000000000000000e+00,0.000000000000000000e+00,0.000000000000000000e+00,0.000000000000000000e+00,0.000000000000000000e+00,0.000000000000000000e+00,0.000000000000000000e+00,0.000000000000000000e+00,0.000000000000000000e+00,0.000000000000000000e+00,1.298701298701298787e-02
7.042253521126760896e-02,7.887323943661971315e-01,5.633802816901408578e-02,2.816901408450704289e-02,1.408450704225352144e-02,0.000000000000000000e+00,1.408450704225352144e-02,1.408450704225352144e-02,0.000000000000000000e+00,0.000000000000000000e+00,0.000000000000000000e+00,1.408450704225352144e-02,0.000000000000000000e+00,0.000000000000000000e+00,0.000000000000000000e+00,0.000000000000000000e+00,0.000000000000000000e+00,0.000000000000000000e+00,0.000000000000000000e+00,0.000000000000000000e+00,0.000000000000000000e+00,0.000000000000000000e+00
2.325581395348837177e-02,4.651162790697674354e-02,8.488372093023255349e-01,4.651162790697674354e-02,1.162790697674418589e-02,0.000000000000000000e+00,0.000000000000000000e+00,1.162790697674418589e-02,1.162790697674418589e-02,0.000000000000000000e+00,0.000000000000000000e+00,0.000000000000000000e+00,0.000000000000000000e+00,0.000000000000000000e+00,0.000000000000000000e+00,0.000000000000000000e+00,0.000000000000000000e+00,0.000000000000000000e+00,0.000000000000000000e+00,0.000000000000000000e+00,0.000000000000000000e+00,0.000000000000000000e+00
2.777777777777777624e-02,2.777777777777777624e-02,1.944444444444444475e-01,5.555555555555555802e-01,1.666666666666666574e-01,2.777777777777777624e-02,0.000000000000000000e+00,0.000000000000000000e+00,0.000000000000000000e+00,0.000000000000000000e+00,0.000000000000000000e+00,0.000000000000000000e+00,0.000000000000000000e+00,0.000000000000000000e+00,0.000000000000000000e+00,0.000000000000000000e+00,0.000000000000000000e+00,0.000000000000000000e+00,0.000000000000000000e+00,0.000000000000000000e+00,0.000000000000000000e+00,0.000000000000000000e+00
0.000000000000000000e+00,0.000000000000000000e+00,0.000000000000000000e+00,1.076923076923076983e-01,6.461538461538461897e-01,1.846153846153846256e-01,1.538461538461538547e-02,1.538461538461538547e-02,3.076923076923077094e-02,0.000000000000000000e+00,0.000000000000000000e+00,0.000000000000000000e+00,0.000000000000000000e+00,0.000000000000000000e+00,0.000000000000000000e+00,0.000000000000000000e+00,0.000000000000000000e+00,0.000000000000000000e+00,0.000000000000000000e+00,0.000000000000000000e+00,0.000000000000000000e+00,0.000000000000000000e+00
9.523809523809524669e-03,9.523809523809524669e-03,0.000000000000000000e+00,1.904761904761904934e-02,9.523809523809523281e-02,7.333333333333332815e-01,8.571428571428571508e-02,1.904761904761904934e-02,1.904761904761904934e-02,0.000000000000000000e+00,0.000000000000000000e+00,9.523809523809524669e-03,0.000000000000000000e+00,0.000000000000000000e+00,0.000000000000000000e+00,0.000000000000000000e+00,0.000000000000000000e+00,0.000000000000000000e+00,0.000000000000000000e+00,0.000000000000000000e+00,0.000000000000000000e+00,0.000000000000000000e+00
0.000000000000000000e+00,7.092198581560283516e-03,0.000000000000000000e+00,0.000000000000000000e+00,0.000000000000000000e+00,7.092198581560284210e-02,7.801418439716312214e-01,9.929078014184397616e-02,7.092198581560283516e-03,7.092198581560283516e-03,7.092198581560283516e-03,0.000000000000000000e+00,0.000000000000000000e+00,0.000000000000000000e+00,0.000000000000000000e+00,0.000000000000000000e+00,0.000000000000000000e+00,0.000000000000000000e+00,7.092198581560283516e-03,0.000000000000000000e+00,1.418439716312056703e-02,0.000000000000000000e+00
0.000000000000000000e+00,0.000000000000000000e+00,0.000000000000000000e+00,0.000000000000000000e+00,7.220216606498195203e-03,7.220216606498195203e-03,6.137184115523465489e-02,7.328519855595667654e-01,1.335740072202166173e-01,1.444043321299639041e-02,1.805054151624548714e-02,0.000000000000000000e+00,3.610108303249097601e-03,0.000000000000000000e+00,7.220216606498195203e-03,0.000000000000000000e+00,3.610108303249097601e-03,0.000000000000000000e+00,3.610108303249097601e-03,0.000000000000000000e+00,0.000000000000000000e+00,7.220216606498195203e-03
1.736111111111111015e-03,1.736111111111111015e-03,0.000000000000000000e+00,0.000000000000000000e+00,3.472222222222222029e-03,3.472222222222222029e-03,1.736111111111111015e-03,7.986111111111110494e-02,7.673611111111111605e-01,1.093750000000000000e-01,8.680555555555555941e-03,1.562500000000000000e-02,0.000000000000000000e+00,0.000000000000000000e+00,1.736111111111111015e-03,0.000000000000000000e+00,0.000000000000000000e+00,0.000000000000000000e+00,0.000000000000000000e+00,1.736111111111111015e-03,0.000000000000000000e+00,3.472222222222222029e-03
0.000000000000000000e+00,0.000000000000000000e+00,0.000000000000000000e+00,0.000000000000000000e+00,0.000000000000000000e+00,0.000000000000000000e+00,2.209944751381215638e-03,4.419889502762431276e-03,8.066298342541436406e-02,8.176795580110497452e-01,6.850828729281767393e-02,9.944751381215468852e-03,5.524861878453038444e-03,2.209944751381215638e-03,1.104972375690607819e-03,1.104972375690607819e-03,0.000000000000000000e+00,1.104972375690607819e-03,0.000000000000000000e+00,0.000000000000000000e+00,1.104972375690607819e-03,4.419889502762431276e-03
0.000000000000000000e+00,0.000000000000000000e+00,0.000000000000000000e+00,0.000000000000000000e+00,0.000000000000000000e+00,0.000000000000000000e+00,1.490312965722801787e-03,2.980625931445603574e-03,4.470938897168405361e-03,1.043219076005961199e-01,7.809239940387481260e-01,7.451564828614008762e-02,1.490312965722801787e-02,7.451564828614008935e-03,4.470938897168405361e-03,1.490312965722801787e-03,0.000000000000000000e+00,0.000000000000000000e+00,0.000000000000000000e+00,1.490312965722801787e-03,0.000000000000000000e+00,1.490312965722801787e-03
0.000000000000000000e+00,0.000000000000000000e+00,0.000000000000000000e+00,0.000000000000000000e+00,0.000000000000000000e+00,2.702702702702702853e-03,2.702702702702702853e-03,0.000000000000000000e+00,1.621621621621621712e-02,3.513513513513513709e-02,1.567567567567567655e-01,6.783783783783783328e-01,5.945945945945946276e-02,1.351351351351351426e-02,2.702702702702702853e-03,1.081081081081081141e-02,0.000000000000000000e+00,1.351351351351351426e-02,2.702702702702702853e-03,0.000000000000000000e+00,0.000000000000000000e+00,5.405405405405405705e-03
0.000000000000000000e+00,0.000000000000000000e+00,0.000000000000000000e+00,0.000000000000000000e+00,0.000000000000000000e+00,0.000000000000000000e+00,0.000000000000000000e+00,0.000000000000000000e+00,0.000000000000000000e+00,1.538461538461538547e-02,7.692307692307692735e-02,2.615384615384615530e-01,4.692307692307692291e-01,1.000000000000000056e-01,4.615384615384615641e-02,1.538461538461538547e-02,0.000000000000000000e+00,7.692307692307692735e-03,0.000000000000000000e+00,0.000000000000000000e+00,0.000000000000000000e+00,7.692307692307692735e-03
0.000000000000000000e+00,0.000000000000000000e+00,0.000000000000000000e+00,0.000000000000000000e+00,0.000000000000000000e+00,0.000000000000000000e+00,0.000000000000000000e+00,0.000000000000000000e+00,0.000000000000000000e+00,4.000000000000000083e-02,6.666666666666666574e-02,1.466666666666666674e-01,1.733333333333333393e-01,4.266666666666666941e-01,1.066666666666666735e-01,1.333333333333333419e-02,0.000000000000000000e+00,1.333333333333333419e-02,0.000000000000000000e+00,0.000000000000000000e+00,0.000000000000000000e+00,1.333333333333333419e-02
0.000000000000000000e+00,0.000000000000000000e+00,0.000000000000000000e+00,0.000000000000000000e+00,0.000000000000000000e+00,0.000000000000000000e+00,0.000000000000000000e+00,0.000000000000000000e+00,1.923076923076923184e-02,3.846153846153846367e-02,7.692307692307692735e-02,3.846153846153846367e-02,1.346153846153846090e-01,2.115384615384615363e-01,3.846153846153846367e-01,5.769230769230769551e-02,0.000000000000000000e+00,1.923076923076923184e-02,1.923076923076923184e-02,0.000000000000000000e+00,0.000000000000000000e+00,0.000000000000000000e+00
0.000000000000000000e+00,0.000000000000000000e+00,0.000000000000000000e+00,0.000000000000000000e+00,0.000000000000000000e+00,0.000000000000000000e+00,0.000000000000000000e+00,0.000000000000000000e+00,6.250000000000000000e-02,0.000000000000000000e+00,6.250000000000000000e-02,1.250000000000000000e-01,6.250000000000000000e-02,6.250000000000000000e-02,6.250000000000000000e-02,0.000000000000000000e+00,1.250000000000000000e-01,1.250000000000000000e-01,0.000000000000000000e+00,1.250000000000000000e-01,0.000000000000000000e+00,1.875000000000000000e-01
0.000000000000000000e+00,0.000000000000000000e+00,0.000000000000000000e+00,0.000000000000000000e+00,0.000000000000000000e+00,0.000000000000000000e+00,0.000000000000000000e+00,0.000000000000000000e+00,0.000000000000000000e+00,1.176470588235294101e-01,0.000000000000000000e+00,0.000000000000000000e+00,5.882352941176470507e-02,5.882352941176470507e-02,1.764705882352941291e-01,5.882352941176470507e-02,2.941176470588235392e-01,5.882352941176470507e-02,1.176470588235294101e-01,0.000000000000000000e+00,0.000000000000000000e+00,5.882352941176470507e-02
0.000000000000000000e+00,0.000000000000000000e+00,0.000000000000000000e+00,0.000000000000000000e+00,0.000000000000000000e+00,0.000000000000000000e+00,0.000000000000000000e+00,0.000000000000000000e+00,0.000000000000000000e+00,0.000000000000000000e+00,0.000000000000000000e+00,0.000000000000000000e+00,1.538461538461538547e-01,1.153846153846153910e-01,7.692307692307692735e-02,3.846153846153846367e-02,1.923076923076923184e-01,1.153846153846153910e-01,3.846153846153846367e-02,0.000000000000000000e+00,0.000000000000000000e+00,2.692307692307692180e-01
0.000000000000000000e+00,0.000000000000000000e+00,0.000000000000000000e+00,0.000000000000000000e+00,0.000000000000000000e+00,0.000000000000000000e+00,0.000000000000000000e+00,0.000000000000000000e+00,0.000000000000000000e+00,0.000000000000000000e+00,0.000000000000000000e+00,0.000000000000000000e+00,0.000000000000000000e+00,7.692307692307692735e-02,2.307692307692307820e-01,0.000000000000000000e+00,2.307692307692307820e-01,1.538461538461538547e-01,1.538461538461538547e-01,7.692307692307692735e-02,0.000000000000000000e+00,7.692307692307692735e-02
0.000000000000000000e+00,0.000000000000000000e+00,0.000000000000000000e+00,0.000000000000000000e+00,0.000000000000000000e+00,0.000000000000000000e+00,0.000000000000000000e+00,0.000000000000000000e+00,1.428571428571428492e-01,0.000000000000000000e+00,0.000000000000000000e+00,1.428571428571428492e-01,0.000000000000000000e+00,1.428571428571428492e-01,0.000000000000000000e+00,1.428571428571428492e-01,0.000000000000000000e+00,0.000000000000000000e+00,1.428571428571428492e-01,1.428571428571428492e-01,0.000000000000000000e+00,1.428571428571428492e-01
0.000000000000000000e+00,0.000000000000000000e+00,0.000000000000000000e+00,0.000000000000000000e+00,0.000000000000000000e+00,0.000000000000000000e+00,6.666666666666666297e-01,0.000000000000000000e+00,0.000000000000000000e+00,0.000000000000000000e+00,0.000000000000000000e+00,0.000000000000000000e+00,0.000000000000000000e+00,0.000000000000000000e+00,0.000000000000000000e+00,3.333333333333333148e-01,0.000000000000000000e+00,0.000000000000000000e+00,0.000000000000000000e+00,0.000000000000000000e+00,0.000000000000000000e+00,0.000000000000000000e+00
1.315789473684210453e-02,0.000000000000000000e+00,0.000000000000000000e+00,0.000000000000000000e+00,0.000000000000000000e+00,0.000000000000000000e+00,0.000000000000000000e+00,1.315789473684210453e-02,1.315789473684210453e-02,3.947368421052631360e-02,2.631578947368420907e-02,6.578947368421052266e-02,2.631578947368420907e-02,2.631578947368420907e-02,3.947368421052631360e-02,2.631578947368420907e-02,2.631578947368420907e-02,7.894736842105262720e-02,3.947368421052631360e-02,1.315789473684210453e-02,0.000000000000000000e+00,5.526315789473684736e-01
