7.418300653594771532e-01,9.803921568627450844e-02,1.633986928104575256e-02,6.535947712418300852e-03,0.000000000000000000e+00,9.803921568627450844e-03,0.000000000000000000e+00,0.000000000000000000e+00,0.000000000000000000e+00,0.000000000000000000e+00,1.307189542483660170e-02,0.000000000000000000e+00,0.000000000000000000e+00,0.000000000000000000e+00,0.000000000000000000e+00,6.535947712418300852e-03,0.000000000000000000e+00,0.000000000000000000e+00,3.267973856209150426e-03,3.267973856209150426e-03,1.013071895424836610e-01
8.870967741935484319e-02,6.975806451612903691e-01,1.209677419354838745e-01,2.822580645161290244e-02,1.209677419354838676e-02,0.000000000000000000e+00,0.000000000000000000e+00,4.032258064516128920e-03,8.064516129032257841e-03,0.000000000000000000e+00,4.032258064516128920e-03,0.000000000000000000e+00,0.000000000000000000e+00,4.032258064516128920e-03,0.000000000000000000e+00,4.032258064516128920e-03,0.000000000000000000e+00,0.000000000000000000e+00,1.612903225806451568e-02,4.032258064516128920e-03,8.064516129032257841e-03
2.790697674418604612e-02,1.162790697674418589e-01,6.418604651162790331e-01,1.209302325581395332e-01,1.860465116279069742e-02,1.395348837209302306e-02,4.651162790697674354e-03,4.651162790697674354e-03,0.000000000000000000e+00,9.302325581395348708e-03,1.860465116279069742e-02,0.000000000000000000e+00,0.000000000000000000e+00,0.000000000000000000e+00,0.000000000000000000e+00,0.000000000000000000e+00,0.000000000000000000e+00,1.395348837209302306e-02,4.651162790697674354e-03,0.000000000000000000e+00,4.651162790697674354e-03
0.000000000000000000e+00,3.448275862068965469e-02,1.241379310344827569e-01,6.827586206896552046e-01,7.586206896551724033e-02,2.068965517241379282e-02,4.137931034482758563e-02,0.000000000000000000e+00,0.000000000000000000e+00,1.379310344827586188e-02,0.000000000000000000e+00,0.000000000000000000e+00,0.000000000000000000e+00,0.000000000000000000e+00,0.000000000000000000e+00,0.000000000000000000e+00,0.000000000000000000e+00,0.000000000000000000e+00,0.000000000000000000e+00,0.000000000000000000e+00,6.896551724137930939e-03
2.564102564102564014e-02,6.410256410256409687e-02,5.128205128205128027e-02,1.025641025641025605e-01,5.128205128205127750e-01,1.282051282051281937e-01,1.282051282051282007e-02,2.564102564102564014e-02,0.000000000000000000e+00,1.282051282051282007e-02,6.410256410256409687e-02,0.000000000000000000e+00,0.000000000000000000e+00,0.000000000000000000e+00,0.000000000000000000e+00,0.000000000000000000e+00,0.000000000000000000e+00,0.000000000000000000e+00,0.000000000000000000e+00,0.000000000000000000e+00,0.000000000000000000e+00
2.040816326530612082e-02,2.040816326530612082e-02,1.020408163265306145e-01,4.081632653061224164e-02,1.428571428571428492e-01,4.285714285714285476e-01,6.122448979591836593e-02,6.122448979591836593e-02,6.122448979591836593e-02,2.040816326530612082e-02,2.040816326530612082e-02,0.000000000000000000e+00,0.000000000000000000e+00,0.000000000000000000e+00,0.000000000000000000e+00,0.000000000000000000e+00,0.000000000000000000e+00,0.000000000000000000e+00,0.000000000000000000e+00,0.000000000000000000e+00,2.040816326530612082e-02
0.000000000000000000e+00,6.451612903225806273e-02,6.451612903225806273e-02,1.290322580645161255e-01,1.290322580645161255e-01,1.612903225806451568e-01,2.258064516129032195e-01,9.677419354838709409e-02,0.000000000000000000e+00,0.000000000000000000e+00,9.677419354838709409e-02,0.000000000000000000e+00,0.000000000000000000e+00,0.000000000000000000e+00,0.000000000000000000e+00,0.000000000000000000e+00,0.000000000000000000e+00,3.225806451612903136e-02,0.000000000000000000e+00,0.000000000000000000e+00,0.000000000000000000e+00
0.000000000000000000e+00,0.000000000000000000e+00,3.703703703703703498e-02,7.407407407407406996e-02,3.703703703703703498e-02,1.111111111111111049e-01,1.481481481481481399e-01,4.074074074074073848e-01,1.481481481481481399e-01,0.000000000000000000e+00,0.000000000000000000e+00,3.703703703703703498e-02,0.000000000000000000e+00,0.000000000000000000e+00,0.000000000000000000e+00,0.000000000000000000e+00,0.000000000000000000e+00,0.000000000000000000e+00,0.000000000000000000e+00,0.000000000000000000e+00,0.000000000000000000e+00
0.000000000000000000e+00,0.000000000000000000e+00,5.263157894736841813e-02,5.263157894736841813e-02,5.263157894736841813e-02,5.263157894736841813e-02,1.578947368421052544e-01,1.578947368421052544e-01,3.684210526315789269e-01,5.263157894736841813e-02,5.263157894736841813e-02,0.000000000000000000e+00,0.000000000000000000e+00,0.000000000000000000e+00,0.000000000000000000e+00,0.000000000000000000e+00,0.000000000000000000e+00,0.000000000000000000e+00,0.000000000000000000e+00,0.000000000000000000e+00,0.000000000000000000e+00
7.142857142857142461e-02,0.000000000000000000e+00,0.000000000000000000e+00,7.142857142857142461e-02,0.000000000000000000e+00,7.142857142857142461e-02,1.428571428571428492e-01,0.000000000000000000e+00,0.000000000000000000e+00,1.428571428571428492e-01,5.000000000000000000e-01,0.000000000000000000e+00,0.000000000000000000e+00,0.000000000000000000e+00,0.000000000000000000e+00,0.000000000000000000e+00,0.000000000000000000e+00,0.000000000000000000e+00,0.000000000000000000e+00,0.000000000000000000e+00,0.000000000000000000e+00
0.000000000000000000e+00,1.265822784810126563e-02,5.063291139240506250e-02,2.531645569620253125e-02,2.531645569620253125e-02,1.265822784810126563e-02,6.329113924050633333e-02,1.265822784810126563e-02,1.265822784810126563e-02,6.329113924050633333e-02,7.088607594936708889e-01,0.000000000000000000e+00,0.000000000000000000e+00,0.000000000000000000e+00,0.000000000000000000e+00,0.000000000000000000e+00,0.000000000000000000e+00,0.000000000000000000e+00,1.265822784810126563e-02,0.000000000000000000e+00,0.000000000000000000e+00
0.000000000000000000e+00,4.347826086956521618e-02,0.000000000000000000e+00,0.000000000000000000e+00,0.000000000000000000e+00,0.000000000000000000e+00,0.000000000000000000e+00,0.000000000000000000e+00,0.000000000000000000e+00,0.000000000000000000e+00,0.000000000000000000e+00,8.260869565217391353e-01,0.000000000000000000e+00,0.000000000000000000e+00,8.695652173913043237e-02,4.347826086956521618e-02,0.000000000000000000e+00,0.000000000000000000e+00,0.000000000000000000e+00,0.000000000000000000e+00,0.000000000000000000e+00
0.000000000000000000e+00,0.000000000000000000e+00,0.000000000000000000e+00,0.000000000000000000e+00,0.000000000000000000e+00,0.000000000000000000e+00,0.000000000000000000e+00,0.000000000000000000e+00,0.000000000000000000e+00,0.000000000000000000e+00,0.000000000000000000e+00,0.000000000000000000e+00,1.000000000000000000e+00,0.000000000000000000e+00,0.000000000000000000e+00,0.000000000000000000e+00,0.000000000000000000e+00,0.000000000000000000e+00,0.000000000000000000e+00,0.000000000000000000e+00,0.000000000000000000e+00
0.000000000000000000e+00,0.000000000000000000e+00,0.000000000000000000e+00,0.000000000000000000e+00,0.000000000000000000e+00,0.000000000000000000e+00,0.000000000000000000e+00,0.000000000000000000e+00,0.000000000000000000e+00,0.000000000000000000e+00,0.000000000000000000e+00,2.857142857142857054e-02,0.000000000000000000e+00,9.428571428571428381e-01,0.000000000000000000e+00,2.857142857142857054e-02,0.000000000000000000e+00,0.000000000000000000e+00,0.000000000000000000e+00,0.000000000000000000e+00,0.000000000000000000e+00
0.000000000000000000e+00,0.000000000000000000e+00,0.000000000000000000e+00,0.000000000000000000e+00,0.000000000000000000e+00,0.000000000000000000e+00,0.000000000000000000e+00,0.000000000000000000e+00,0.000000000000000000e+00,0.000000000000000000e+00,0.000000000000000000e+00,5.882352941176470507e-02,0.000000000000000000e+00,0.000000000000000000e+00,5.882352941176470784e-01,1.176470588235294101e-01,0.000000000000000000e+00,0.000000000000000000e+00,2.352941176470588203e-01,0.000000000000000000e+00,0.000000000000000000e+00
0.000000000000000000e+00,0.000000000000000000e+00,0.000000000000000000e+00,0.000000000000000000e+00,3.225806451612903136e-02,0.000000000000000000e+00,0.000000000000000000e+00,0.000000000000000000e+00,3.225806451612903136e-02,0.000000000000000000e+00,0.000000000000000000e+00,6.451612903225806273e-02,0.000000000000000000e+00,3.225806451612903136e-02,3.225806451612903136e-02,6.129032258064516236e-01,9.677419354838709409e-02,0.000000000000000000e+00,6.451612903225806273e-02,0.000000000000000000e+00,3.225806451612903136e-02
0.000000000000000000e+00,0.000000000000000000e+00,0.000000000000000000e+00,0.000000000000000000e+00,0.000000000000000000e+00,0.000000000000000000e+00,0.000000000000000000e+00,0.000000000000000000e+00,0.000000000000000000e+00,0.000000000000000000e+00,0.000000000000000000e+00,0.000000000000000000e+00,0.000000000000000000e+00,0.000000000000000000e+00,0.000000000000000000e+00,5.555555555555555247e-02,8.333333333333333703e-01,0.000000000000000000e+00,5.555555555555555247e-02,5.555555555555555247e-02,0.000000000000000000e+00
0.000000000000000000e+00,5.000000000000000278e-02,1.499999999999999944e-01,0.000000000000000000e+00,0.000000000000000000e+00,0.000000000000000000e+00,0.000000000000000000e+00,5.000000000000000278e-02,0.000000000000000000e+00,0.000000000000000000e+00,0.000000000000000000e+00,0.000000000000000000e+00,0.000000000000000000e+00,0.000000000000000000e+00,0.000000000000000000e+00,0.000000000000000000e+00,0.000000000000000000e+00,6.500000000000000222e-01,1.000000000000000056e-01,0.000000000000000000e+00,0.000000000000000000e+00
1.351351351351351426e-02,1.351351351351351426e-02,1.351351351351351426e-02,1.351351351351351426e-02,0.000000000000000000e+00,0.000000000000000000e+00,0.000000000000000000e+00,0.000000000000000000e+00,0.000000000000000000e+00,0.000000000000000000e+00,0.000000000000000000e+00,0.000000000000000000e+00,0.000000000000000000e+00,0.000000000000000000e+00,4.054054054054054279e-02,1.351351351351351426e-02,1.351351351351351426e-02,5.405405405405405705e-02,6.621621621621621712e-01,1.486486486486486569e-01,1.351351351351351426e-02
2.325581395348837177e-02,7.751937984496123923e-03,7.751937984496123923e-03,0.000000000000000000e+00,0.000000000000000000e+00,0.000000000000000000e+00,0.000000000000000000e+00,0.000000000000000000e+00,0.000000000000000000e+00,7.751937984496123923e-03,0.000000000000000000e+00,0.000000000000000000e+00,0.000000000000000000e+00,0.000000000000000000e+00,0.000000000000000000e+00,0.000000000000000000e+00,7.751937984496123923e-03,0.000000000000000000e+00,6.976744186046511531e-02,7.751937984496124479e-01,1.007751937984496110e-01
1.386138613861386260e-01,2.970297029702970160e-02,0.000000000000000000e+00,0.000000000000000000e+00,0.000000000000000000e+00,0.000000000000000000e+00,4.950495049504950555e-03,0.000000000000000000e+00,0.000000000000000000e+00,0.000000000000000000e+00,0.000000000000000000e+00,0.000000000000000000e+00,0.000000000000000000e+00,0.000000000000000000e+00,0.000000000000000000e+00,0.000000000000000000e+00,0.000000000000000000e+00,0.000000000000000000e+00,4.950495049504950555e-03,5.445544554455445524e-02,7.673267326732673421e-01
