7.756653992395436958e-01,1.064638783269961919e-01,0.000000000000000000e+00,3.802281368821292754e-03,1.140684410646387870e-02,7.604562737642585508e-03,3.802281368821292754e-03,0.000000000000000000e+00,0.000000000000000000e+00,0.000000000000000000e+00,0.000000000000000000e+00,7.604562737642585508e-03,0.000000000000000000e+00,0.000000000000000000e+00,0.000000000000000000e+00,3.802281368821292754e-03,0.000000000000000000e+00,7.604562737642585508e-03,3.802281368821292754e-03,7.604562737642585508e-03,6.083650190114068407e-02
1.023622047244094474e-01,7.125984251968503491e-01,1.023622047244094474e-01,3.937007874015747977e-03,1.181102362204724393e-02,7.874015748031495954e-03,3.937007874015747977e-03,3.937007874015747977e-03,3.937007874015747977e-03,0.000000000000000000e+00,7.874015748031495954e-03,0.000000000000000000e+00,0.000000000000000000e+00,0.000000000000000000e+00,3.937007874015747977e-03,0.000000000000000000e+00,0.000000000000000000e+00,3.937007874015747977e-03,3.937007874015747977e-03,3.937007874015747977e-03,2.362204724409448786e-02
1.775147928994082885e-02,1.242603550295857950e-01,6.213017751479289474e-01,1.479289940828402428e-01,1.775147928994082885e-02,1.183431952662721866e-02,1.183431952662721866e-02,0.000000000000000000e+00,5.917159763313609329e-03,0.000000000000000000e+00,5.917159763313609329e-03,0.000000000000000000e+00,5.917159763313609329e-03,0.000000000000000000e+00,5.917159763313609329e-03,1.183431952662721866e-02,5.917159763313609329e-03,5.917159763313609329e-03,0.000000000000000000e+00,0.000000000000000000e+00,0.000000000000000000e+00
2.185792349726775954e-02,2.185792349726775954e-02,8.743169398907103818e-02,6.830601092896174675e-01,9.289617486338798413e-02,1.092896174863387977e-02,1.092896174863387977e-02,0.000000000000000000e+00,0.000000000000000000e+00,0.000000000000000000e+00,1.639344262295082053e-02,5.464480874316939886e-03,0.000000000000000000e+00,5.464480874316939886e-03,0.000000000000000000e+00,0.000000000000000000e+00,0.000000000000000000e+00,5.464480874316939886e-03,3.278688524590164105e-02,5.464480874316939886e-03,0.000000000000000000e+00
8.547008547008547868e-03,1.709401709401709574e-02,4.273504273504273587e-02,1.025641025641025605e-01,6.581196581196581130e-01,7.692307692307692735e-02,1.709401709401709574e-02,0.000000000000000000e+00,0.000000000000000000e+00,0.000000000000000000e+00,2.564102564102564014e-02,8.547008547008547868e-03,0.000000000000000000e+00,0.000000000000000000e+00,8.547008547008547868e-03,0.000000000000000000e+00,0.000000000000000000e+00,8.547008547008547868e-03,0.000000000000000000e+00,8.547008547008547868e-03,1.709401709401709574e-02
2.325581395348837177e-02,4.651162790697674354e-02,4.651162790697674354e-02,2.325581395348837177e-02,2.558139534883721034e-01,3.953488372093023062e-01,9.302325581395348708e-02,2.325581395348837177e-02,4.651162790697674354e-02,2.325581395348837177e-02,2.325581395348837177e-02,0.000000000000000000e+00,0.000000000000000000e+00,0.000000000000000000e+00,0.000000000000000000e+00,0.000000000000000000e+00,0.000000000000000000e+00,0.000000000000000000e+00,0.000000000000000000e+00,0.000000000000000000e+00,0.000000000000000000e+00
4.000000000000000083e-02,4.000000000000000083e-02,8.000000000000000167e-02,4.000000000000000083e-02,0.000000000000000000e+00,2.000000000000000111e-01,1.600000000000000033e-01,1.600000000000000033e-01,8.000000000000000167e-02,4.000000000000000083e-02,1.199999999999999956e-01,0.000000000000000000e+00,0.000000000000000000e+00,0.000000000000000000e+00,0.000000000000000000e+00,0.000000000000000000e+00,0.000000000000000000e+00,0.000000000000000000e+00,0.000000000000000000e+00,0.000000000000000000e+00,4.000000000000000083e-02
0.000000000000000000e+00,9.523809523809523281e-02,0.000000000000000000e+00,4.761904761904761640e-02,4.761904761904761640e-02,0.000000000000000000e+00,9.523809523809523281e-02,3.333333333333333148e-01,1.428571428571428492e-01,9.523809523809523281e-02,9.523809523809523281e-02,0.000000000000000000e+00,0.000000000000000000e+00,0.000000000000000000e+00,0.000000000000000000e+00,0.000000000000000000e+00,4.761904761904761640e-02,0.000000000000000000e+00,0.000000000000000000e+00,0.000000000000000000e+00,0.000000000000000000e+00
0.000000000000000000e+00,0.000000000000000000e+00,9.677419354838709409e-02,0.000000000000000000e+00,0.000000000000000000e+00,6.451612903225806273e-02,1.290322580645161255e-01,9.677419354838709409e-02,5.806451612903226200e-01,0.000000000000000000e+00,3.225806451612903136e-02,0.000000000000000000e+00,0.000000000000000000e+00,0.000000000000000000e+00,0.000000000000000000e+00,0.000000000000000000e+00,0.000000000000000000e+00,0.000000000000000000e+00,0.000000000000000000e+00,0.000000000000000000e+00,0.000000000000000000e+00
0.000000000000000000e+00,0.000000000000000000e+00,0.000000000000000000e+00,0.000000000000000000e+00,0.000000000000000000e+00,1.250000000000000000e-01,0.000000000000000000e+00,2.500000000000000000e-01,1.250000000000000000e-01,0.000000000000000000e+00,3.750000000000000000e-01,0.000000000000000000e+00,0.000000000000000000e+00,0.000000000000000000e+00,0.000000000000000000e+00,0.000000000000000000e+00,1.250000000000000000e-01,0.000000000000000000e+00,0.000000000000000000e+00,0.000000000000000000e+00,0.000000000000000000e+00
0.000000000000000000e+00,3.636363636363636187e-02,1.818181818181818094e-02,5.454545454545454281e-02,0.000000000000000000e+00,5.454545454545454281e-02,7.272727272727272374e-02,5.454545454545454281e-02,7.272727272727272374e-02,5.454545454545454281e-02,5.636363636363636020e-01,0.000000000000000000e+00,0.000000000000000000e+00,0.000000000000000000e+00,0.000000000000000000e+00,0.000000000000000000e+00,0.000000000000000000e+00,0.000000000000000000e+00,0.000000000000000000e+00,0.000000000000000000e+00,1.818181818181818094e-02
2.857142857142857054e-02,0.000000000000000000e+00,5.714285714285714107e-02,0.000000000000000000e+00,0.000000000000000000e+00,2.857142857142857054e-02,0.000000000000000000e+00,0.000000000000000000e+00,0.000000000000000000e+00,0.000000000000000000e+00,0.000000000000000000e+00,5.999999999999999778e-01,5.714285714285714107e-02,0.000000000000000000e+00,2.857142857142857054e-02,0.000000000000000000e+00,0.000000000000000000e+00,5.714285714285714107e-02,5.714285714285714107e-02,5.714285714285714107e-02,2.857142857142857054e-02
0.000000000000000000e+00,5.555555555555555247e-02,0.000000000000000000e+00,0.000000000000000000e+00,0.000000000000000000e+00,0.000000000000000000e+00,0.000000000000000000e+00,0.000000000000000000e+00,0.000000000000000000e+00,0.000000000000000000e+00,0.000000000000000000e+00,1.111111111111111049e-01,7.222222222222222099e-01,0.000000000000000000e+00,0.000000000000000000e+00,5.555555555555555247e-02,0.000000000000000000e+00,0.000000000000000000e+00,0.000000000000000000e+00,0.000000000000000000e+00,5.555555555555555247e-02
0.000000000000000000e+00,0.000000000000000000e+00,0.000000000000000000e+00,0.000000000000000000e+00,0.000000000000000000e+00,0.000000000000000000e+00,0.000000000000000000e+00,0.000000000000000000e+00,0.000000000000000000e+00,0.000000000000000000e+00,0.000000000000000000e+00,0.000000000000000000e+00,6.666666666666666574e-02,8.666666666666666963e-01,0.000000000000000000e+00,0.000000000000000000e+00,0.000000000000000000e+00,6.666666666666666574e-02,0.000000000000000000e+00,0.000000000000000000e+00,0.000000000000000000e+00
0.000000000000000000e+00,4.166666666666666435e-02,0.000000000000000000e+00,4.166666666666666435e-02,0.000000000000000000e+00,0.000000000000000000e+00,0.000000000000000000e+00,0.000000000000000000e+00,0.000000000000000000e+00,4.166666666666666435e-02,0.000000000000000000e+00,8.333333333333332871e-02,0.000000000000000000e+00,0.000000000000000000e+00,5.833333333333333703e-01,1.666666666666666574e-01,0.000000000000000000e+00,0.000000000000000000e+00,4.166666666666666435e-02,0.000000000000000000e+00,0.000000000000000000e+00
0.000000000000000000e+00,4.166666666666666435e-02,0.000000000000000000e+00,4.166666666666666435e-02,0.000000000000000000e+00,0.000000000000000000e+00,0.000000000000000000e+00,0.000000000000000000e+00,0.000000000000000000e+00,0.000000000000000000e+00,0.000000000000000000e+00,0.000000000000000000e+00,4.166666666666666435e-02,0.000000000000000000e+00,1.250000000000000000e-01,6.250000000000000000e-01,8.333333333333332871e-02,4.166666666666666435e-02,0.000000000000000000e+00,0.000000000000000000e+00,0.000000000000000000e+00
0.000000000000000000e+00,0.000000000000000000e+00,0.000000000000000000e+00,0.000000000000000000e+00,0.000000000000000000e+00,0.000000000000000000e+00,0.000000000000000000e+00,0.000000000000000000e+00,0.000000000000000000e+00,0.000000000000000000e+00,0.000000000000000000e+00,9.523809523809523281e-02,0.000000000000000000e+00,0.000000000000000000e+00,0.000000000000000000e+00,4.761904761904761640e-02,6.666666666666666297e-01,9.523809523809523281e-02,4.761904761904761640e-02,0.000000000000000000e+00,4.761904761904761640e-02
0.000000000000000000e+00,1.851851851851851749e-02,3.703703703703703498e-02,0.000000000000000000e+00,0.000000000000000000e+00,0.000000000000000000e+00,1.851851851851851749e-02,0.000000000000000000e+00,0.000000000000000000e+00,0.000000000000000000e+00,0.000000000000000000e+00,1.851851851851851749e-02,0.000000000000000000e+00,3.703703703703703498e-02,1.851851851851851749e-02,3.703703703703703498e-02,1.851851851851851749e-02,6.666666666666666297e-01,9.259259259259258745e-02,0.000000000000000000e+00,3.703703703703703498e-02
1.538461538461538547e-02,1.538461538461538547e-02,3.076923076923077094e-02,3.076923076923077094e-02,3.076923076923077094e-02,0.000000000000000000e+00,0.000000000000000000e+00,0.000000000000000000e+00,0.000000000000000000e+00,0.000000000000000000e+00,1.538461538461538547e-02,3.076923076923077094e-02,0.000000000000000000e+00,0.000000000000000000e+00,1.538461538461538547e-02,0.000000000000000000e+00,1.538461538461538547e-02,6.153846153846154188e-02,6.461538461538461897e-01,6.153846153846154188e-02,3.076923076923077094e-02
5.102040816326530726e-02,1.020408163265306041e-02,0.000000000000000000e+00,0.000000000000000000e+00,0.000000000000000000e+00,1.020408163265306041e-02,1.020408163265306041e-02,0.000000000000000000e+00,0.000000000000000000e+00,0.000000000000000000e+00,0.000000000000000000e+00,0.000000000000000000e+00,0.000000000000000000e+00,0.000000000000000000e+00,0.000000000000000000e+00,0.000000000000000000e+00,0.000000000000000000e+00,0.000000000000000000e+00,3.061224489795918297e-02,7.040816326530612290e-01,1.836734693877551117e-01
5.645161290322580488e-02,8.064516129032257841e-03,0.000000000000000000e+00,8.064516129032257841e-03,8.064516129032257841e-03,0.000000000000000000e+00,4.032258064516128920e-03,0.000000000000000000e+00,0.000000000000000000e+00,0.000000000000000000e+00,4.032258064516128920e-03,4.032258064516128920e-03,0.000000000000000000e+00,0.000000000000000000e+00,0.000000000000000000e+00,0.000000000000000000e+00,4.032258064516128920e-03,1.209677419354838676e-02,2.419354838709677352e-02,6.048387096774193727e-02,8.064516129032257563e-01
