8.130333591931729886e-01,8.921644685802948560e-02,7.757951900698215573e-03,5.430566330488751335e-03,1.551590380139643115e-03,0.000000000000000000e+00,0.000000000000000000e+00,0.000000000000000000e+00,7.757951900698215573e-04,0.000000000000000000e+00,2.327385570209464672e-03,0.000000000000000000e+00,7.757951900698215573e-04,0.000000000000000000e+00,7.757951900698215573e-04,3.878975950349107787e-03,0.000000000000000000e+00,2.327385570209464672e-03,2.327385570209464672e-03,6.206361520558572459e-03,6.361520558572536510e-02
1.120597652081109924e-01,7.235859124866595993e-01,1.056563500533617972e-01,1.280683030949839908e-02,1.280683030949839908e-02,1.067235859124866662e-03,2.134471718249733325e-03,0.000000000000000000e+00,1.067235859124866662e-03,0.000000000000000000e+00,5.336179295624333095e-03,0.000000000000000000e+00,0.000000000000000000e+00,2.134471718249733325e-03,0.000000000000000000e+00,1.067235859124866662e-03,1.067235859124866662e-03,2.134471718249733325e-03,3.201707577374599770e-03,4.268943436499466650e-03,9.605122732123799745e-03
2.253521126760563500e-02,1.295774647887323883e-01,6.802816901408450523e-01,9.859154929577464144e-02,1.971830985915493106e-02,9.859154929577465531e-03,2.816901408450704376e-03,2.816901408450704376e-03,0.000000000000000000e+00,0.000000000000000000e+00,8.450704225352111826e-03,2.816901408450704376e-03,1.408450704225352188e-03,1.408450704225352188e-03,2.816901408450704376e-03,0.000000000000000000e+00,5.633802816901408751e-03,0.000000000000000000e+00,0.000000000000000000e+00,2.816901408450704376e-03,8.450704225352111826e-03
1.242236024844720413e-02,3.933747412008281596e-02,1.283643892339544623e-01,6.728778467908902439e-01,9.109730848861283259e-02,1.035196687370600402e-02,1.035196687370600402e-02,2.070393374741200977e-03,0.000000000000000000e+00,2.070393374741200977e-03,1.242236024844720413e-02,0.000000000000000000e+00,2.070393374741200977e-03,0.000000000000000000e+00,2.070393374741200977e-03,4.140786749482401954e-03,0.000000000000000000e+00,4.140786749482401954e-03,2.070393374741200977e-03,2.070393374741200977e-03,2.070393374741200977e-03
1.865671641791044610e-02,2.611940298507462593e-02,4.477611940298507204e-02,1.492537313432835688e-01,5.970149253731342753e-01,6.343283582089552508e-02,2.238805970149253602e-02,7.462686567164178962e-03,3.731343283582089481e-03,3.731343283582089481e-03,2.611940298507462593e-02,0.000000000000000000e+00,0.000000000000000000e+00,0.000000000000000000e+00,3.731343283582089481e-03,7.462686567164178962e-03,3.731343283582089481e-03,3.731343283582089481e-03,3.731343283582089481e-03,7.462686567164178962e-03,7.462686567164178962e-03
1.298701298701298787e-02,3.896103896103896014e-02,6.493506493506492894e-02,1.038961038961039030e-01,1.168831168831168804e-01,4.025974025974026205e-01,7.792207792207792028e-02,7.792207792207792028e-02,1.298701298701298787e-02,3.896103896103896014e-02,3.896103896103896014e-02,0.000000000000000000e+00,0.000000000000000000e+00,0.000000000000000000e+00,1.298701298701298787e-02,0.000000000000000000e+00,0.000000000000000000e+00,0.000000000000000000e+00,0.000000000000000000e+00,0.000000000000000000e+00,0.000000000000000000e+00
0.000000000000000000e+00,0.000000000000000000e+00,1.666666666666666644e-02,3.333333333333333287e-02,6.666666666666666574e-02,8.333333333333332871e-02,4.500000000000000111e-01,1.166666666666666685e-01,1.666666666666666644e-02,1.666666666666666644e-02,1.666666666666666574e-01,0.000000000000000000e+00,0.000000000000000000e+00,0.000000000000000000e+00,0.000000000000000000e+00,0.000000000000000000e+00,1.666666666666666644e-02,0.000000000000000000e+00,0.000000000000000000e+00,0.000000000000000000e+00,1.666666666666666644e-02
0.000000000000000000e+00,7.142857142857142461e-02,1.785714285714285615e-02,8.928571428571428770e-02,8.928571428571428770e-02,5.357142857142856845e-02,1.071428571428571369e-01,3.214285714285714524e-01,1.428571428571428492e-01,1.785714285714285615e-02,8.928571428571428770e-02,0.000000000000000000e+00,0.000000000000000000e+00,0.000000000000000000e+00,0.000000000000000000e+00,0.000000000000000000e+00,0.000000000000000000e+00,0.000000000000000000e+00,0.000000000000000000e+00,0.000000000000000000e+00,0.000000000000000000e+00
2.777777777777777624e-02,0.000000000000000000e+00,2.777777777777777624e-02,0.000000000000000000e+00,2.777777777777777624e-02,8.333333333333332871e-02,2.777777777777777624e-02,1.388888888888888951e-01,3.611111111111111049e-01,8.333333333333332871e-02,2.222222222222222099e-01,0.000000000000000000e+00,0.000000000000000000e+00,0.000000000000000000e+00,0.000000000000000000e+00,0.000000000000000000e+00,0.000000000000000000e+00,0.000000000000000000e+00,0.000000000000000000e+00,0.000000000000000000e+00,0.000000000000000000e+00
4.347826086956521618e-02,0.000000000000000000e+00,0.000000000000000000e+00,0.000000000000000000e+00,4.347826086956521618e-02,8.695652173913043237e-02,0.000000000000000000e+00,1.739130434782608647e-01,8.695652173913043237e-02,3.913043478260869734e-01,1.304347826086956486e-01,0.000000000000000000e+00,0.000000000000000000e+00,0.000000000000000000e+00,0.000000000000000000e+00,0.000000000000000000e+00,0.000000000000000000e+00,0.000000000000000000e+00,0.000000000000000000e+00,0.000000000000000000e+00,4.347826086956521618e-02
1.600000000000000033e-02,4.000000000000000083e-02,4.800000000000000100e-02,4.000000000000000083e-02,4.800000000000000100e-02,4.800000000000000100e-02,4.800000000000000100e-02,9.600000000000000200e-02,6.400000000000000133e-02,3.200000000000000067e-02,4.879999999999999893e-01,8.000000000000000167e-03,0.000000000000000000e+00,0.000000000000000000e+00,0.000000000000000000e+00,8.000000000000000167e-03,0.000000000000000000e+00,0.000000000000000000e+00,0.000000000000000000e+00,8.000000000000000167e-03,8.000000000000000167e-03
1.250000000000000069e-02,1.250000000000000069e-02,1.250000000000000069e-02,2.500000000000000139e-02,1.250000000000000069e-02,0.000000000000000000e+00,0.000000000000000000e+00,0.000000000000000000e+00,0.000000000000000000e+00,0.000000000000000000e+00,0.000000000000000000e+00,7.125000000000000222e-01,3.749999999999999861e-02,2.500000000000000139e-02,2.500000000000000139e-02,2.500000000000000139e-02,2.500000000000000139e-02,2.500000000000000139e-02,0.000000000000000000e+00,2.500000000000000139e-02,2.500000000000000139e-02
0.000000000000000000e+00,0.000000000000000000e+00,0.000000000000000000e+00,0.000000000000000000e+00,3.571428571428571230e-02,0.000000000000000000e+00,0.000000000000000000e+00,0.000000000000000000e+00,0.000000000000000000e+00,0.000000000000000000e+00,0.000000000000000000e+00,1.071428571428571369e-01,6.428571428571429047e-01,3.571428571428571230e-02,3.571428571428571230e-02,0.000000000000000000e+00,7.142857142857142461e-02,3.571428571428571230e-02,3.571428571428571230e-02,0.000000000000000000e+00,0.000000000000000000e+00
5.714285714285714107e-02,0.000000000000000000e+00,0.000000000000000000e+00,0.000000000000000000e+00,2.857142857142857054e-02,0.000000000000000000e+00,0.000000000000000000e+00,0.000000000000000000e+00,0.000000000000000000e+00,0.000000000000000000e+00,0.000000000000000000e+00,8.571428571428571508e-02,2.857142857142857054e-02,6.857142857142857206e-01,2.857142857142857054e-02,0.000000000000000000e+00,2.857142857142857054e-02,2.857142857142857054e-02,0.000000000000000000e+00,0.000000000000000000e+00,2.857142857142857054e-02
0.000000000000000000e+00,2.020202020202020374e-02,1.010101010101010187e-02,3.030303030303030387e-02,1.010101010101010187e-02,0.000000000000000000e+00,0.000000000000000000e+00,0.000000000000000000e+00,0.000000000000000000e+00,0.000000000000000000e+00,0.000000000000000000e+00,5.050505050505050414e-02,1.010101010101010187e-02,1.010101010101010187e-02,7.575757575757575690e-01,5.050505050505050414e-02,1.010101010101010187e-02,0.000000000000000000e+00,1.010101010101010187e-02,1.010101010101010187e-02,2.020202020202020374e-02
8.823529411764706454e-02,1.470588235294117627e-02,1.470588235294117627e-02,0.000000000000000000e+00,0.000000000000000000e+00,1.470588235294117627e-02,0.000000000000000000e+00,0.000000000000000000e+00,0.000000000000000000e+00,0.000000000000000000e+00,1.470588235294117627e-02,1.470588235294117627e-02,1.470588235294117627e-02,0.000000000000000000e+00,7.352941176470588480e-02,6.176470588235294379e-01,1.470588235294117627e-02,2.941176470588235253e-02,1.470588235294117627e-02,4.411764705882353227e-02,2.941176470588235253e-02
2.857142857142857054e-02,4.285714285714285754e-02,2.857142857142857054e-02,0.000000000000000000e+00,0.000000000000000000e+00,0.000000000000000000e+00,1.428571428571428527e-02,0.000000000000000000e+00,0.000000000000000000e+00,0.000000000000000000e+00,0.000000000000000000e+00,1.428571428571428527e-02,2.857142857142857054e-02,1.428571428571428527e-02,0.000000000000000000e+00,1.428571428571428527e-02,6.142857142857143238e-01,7.142857142857142461e-02,2.857142857142857054e-02,8.571428571428571508e-02,1.428571428571428527e-02
3.448275862068965469e-02,2.298850574712643646e-02,1.149425287356321823e-02,3.448275862068965469e-02,1.149425287356321823e-02,0.000000000000000000e+00,0.000000000000000000e+00,0.000000000000000000e+00,0.000000000000000000e+00,0.000000000000000000e+00,0.000000000000000000e+00,0.000000000000000000e+00,0.000000000000000000e+00,1.149425287356321823e-02,2.298850574712643646e-02,3.448275862068965469e-02,8.045977011494252762e-02,5.977011494252874035e-01,1.034482758620689641e-01,1.149425287356321823e-02,2.298850574712643646e-02
3.571428571428571230e-02,1.190476190476190410e-02,5.952380952380952051e-03,5.952380952380952051e-03,5.952380952380952051e-03,5.952380952380952051e-03,0.000000000000000000e+00,0.000000000000000000e+00,0.000000000000000000e+00,0.000000000000000000e+00,5.952380952380952051e-03,0.000000000000000000e+00,5.952380952380952051e-03,0.000000000000000000e+00,1.190476190476190410e-02,0.000000000000000000e+00,1.190476190476190410e-02,4.166666666666666435e-02,7.380952380952381375e-01,7.142857142857142461e-02,4.166666666666666435e-02
2.252252252252252146e-02,9.009009009009008931e-03,9.009009009009008931e-03,4.504504504504504465e-03,0.000000000000000000e+00,0.000000000000000000e+00,0.000000000000000000e+00,0.000000000000000000e+00,0.000000000000000000e+00,0.000000000000000000e+00,0.000000000000000000e+00,1.801801801801801786e-02,0.000000000000000000e+00,0.000000000000000000e+00,9.009009009009008931e-03,4.504504504504504465e-03,2.252252252252252146e-02,1.801801801801801786e-02,7.207207207207207145e-02,6.666666666666666297e-01,1.441441441441441429e-01
9.876543209876542662e-02,9.876543209876543009e-03,4.938271604938271504e-03,2.469135802469135752e-03,1.234567901234567876e-03,1.234567901234567876e-03,0.000000000000000000e+00,0.000000000000000000e+00,1.234567901234567876e-03,1.234567901234567876e-03,2.469135802469135752e-03,1.234567901234567876e-03,0.000000000000000000e+00,0.000000000000000000e+00,3.703703703703703845e-03,1.234567901234567876e-03,1.234567901234567876e-03,6.172839506172839164e-03,6.172839506172839164e-03,4.197530864197530909e-02,8.148148148148147696e-01
