7.748240813135262028e-01,6.724003127443314853e-02,1.563721657544956886e-02,5.473025801407349622e-03,3.127443315089913946e-03,1.563721657544956973e-03,1.563721657544956973e-03,7.818608287724784865e-04,1.563721657544956973e-03,0.000000000000000000e+00,5.473025801407349622e-03,7.818608287724784865e-04,0.000000000000000000e+00,0.000000000000000000e+00,1.563721657544956973e-03,2.345582486317435676e-03,1.563721657544956973e-03,7.818608287724784865e-04,2.345582486317435676e-03,1.720093823299452540e-02,9.616888193901484971e-02
1.407491486946651493e-01,7.082860385925084934e-01,6.583427922814982791e-02,2.497162315550510714e-02,9.080590238365493505e-03,4.540295119182746753e-03,1.135073779795686688e-03,1.135073779795686688e-03,0.000000000000000000e+00,0.000000000000000000e+00,9.080590238365493505e-03,2.270147559591373376e-03,1.135073779795686688e-03,5.675368898978433441e-03,1.135073779795686688e-03,1.135073779795686688e-03,0.000000000000000000e+00,2.270147559591373376e-03,3.405221339387060064e-03,5.675368898978433441e-03,1.248581157775255357e-02
3.968253968253968034e-02,1.587301587301587213e-01,6.785714285714286031e-01,6.150793650793650452e-02,1.388888888888888812e-02,5.952380952380952051e-03,7.936507936507936067e-03,1.984126984126984017e-03,0.000000000000000000e+00,1.984126984126984017e-03,1.984126984126984017e-03,0.000000000000000000e+00,1.984126984126984017e-03,0.000000000000000000e+00,0.000000000000000000e+00,0.000000000000000000e+00,0.000000000000000000e+00,1.984126984126984017e-03,3.968253968253968034e-03,3.968253968253968034e-03,1.587301587301587213e-02
1.562500000000000000e-02,5.468750000000000000e-02,1.276041666666666574e-01,6.666666666666666297e-01,7.552083333333332871e-02,1.041666666666666609e-02,1.562500000000000000e-02,0.000000000000000000e+00,0.000000000000000000e+00,5.208333333333333044e-03,7.812500000000000000e-03,0.000000000000000000e+00,0.000000000000000000e+00,2.604166666666666522e-03,0.000000000000000000e+00,0.000000000000000000e+00,0.000000000000000000e+00,5.208333333333333044e-03,0.000000000000000000e+00,2.604166666666666522e-03,1.041666666666666609e-02
1.659751037344398342e-02,5.809128630705394369e-02,3.319502074688796683e-02,1.618257261410788461e-01,5.643153526970954292e-01,7.468879668049792364e-02,1.244813278008298670e-02,8.298755186721991708e-03,8.298755186721991708e-03,0.000000000000000000e+00,3.319502074688796683e-02,0.000000000000000000e+00,0.000000000000000000e+00,4.149377593360995854e-03,0.000000000000000000e+00,0.000000000000000000e+00,0.000000000000000000e+00,4.149377593360995854e-03,8.298755186721991708e-03,4.149377593360995854e-03,8.298755186721991708e-03
7.575757575757575968e-03,2.272727272727272790e-02,3.030303030303030387e-02,8.333333333333332871e-02,1.590909090909090884e-01,5.303030303030302761e-01,5.303030303030303177e-02,3.030303030303030387e-02,3.030303030303030387e-02,7.575757575757575968e-03,2.272727272727272790e-02,7.575757575757575968e-03,0.000000000000000000e+00,0.000000000000000000e+00,0.000000000000000000e+00,0.000000000000000000e+00,0.000000000000000000e+00,0.000000000000000000e+00,0.000000000000000000e+00,7.575757575757575968e-03,7.575757575757575968e-03
1.612903225806451568e-02,0.000000000000000000e+00,4.838709677419354704e-02,6.451612903225806273e-02,9.677419354838709409e-02,2.096774193548387177e-01,3.387096774193548154e-01,6.451612903225806273e-02,4.838709677419354704e-02,0.000000000000000000e+00,8.064516129032257841e-02,1.612903225806451568e-02,0.000000000000000000e+00,0.000000000000000000e+00,0.000000000000000000e+00,0.000000000000000000e+00,0.000000000000000000e+00,0.000000000000000000e+00,0.000000000000000000e+00,0.000000000000000000e+00,1.612903225806451568e-02
3.333333333333333287e-02,3.333333333333333287e-02,3.333333333333333287e-02,3.333333333333333287e-02,2.000000000000000111e-01,1.333333333333333315e-01,1.000000000000000056e-01,2.333333333333333370e-01,6.666666666666666574e-02,3.333333333333333287e-02,3.333333333333333287e-02,3.333333333333333287e-02,0.000000000000000000e+00,0.000000000000000000e+00,0.000000000000000000e+00,0.000000000000000000e+00,0.000000000000000000e+00,0.000000000000000000e+00,0.000000000000000000e+00,0.000000000000000000e+00,3.333333333333333287e-02
4.545454545454545581e-02,0.000000000000000000e+00,4.545454545454545581e-02,9.090909090909091161e-02,1.363636363636363535e-01,4.545454545454545581e-02,2.272727272727272652e-01,9.090909090909091161e-02,9.090909090909091161e-02,1.363636363636363535e-01,9.090909090909091161e-02,0.000000000000000000e+00,0.000000000000000000e+00,0.000000000000000000e+00,0.000000000000000000e+00,0.000000000000000000e+00,0.000000000000000000e+00,0.000000000000000000e+00,0.000000000000000000e+00,0.000000000000000000e+00,0.000000000000000000e+00
3.703703703703703498e-02,0.000000000000000000e+00,3.703703703703703498e-02,0.000000000000000000e+00,1.481481481481481399e-01,0.000000000000000000e+00,0.000000000000000000e+00,7.407407407407406996e-02,1.111111111111111049e-01,5.185185185185184897e-01,7.407407407407406996e-02,0.000000000000000000e+00,0.000000000000000000e+00,0.000000000000000000e+00,0.000000000000000000e+00,0.000000000000000000e+00,0.000000000000000000e+00,0.000000000000000000e+00,0.000000000000000000e+00,0.000000000000000000e+00,0.000000000000000000e+00
1.408450704225352144e-02,2.112676056338028130e-02,4.225352112676056260e-02,4.929577464788732072e-02,7.042253521126760896e-02,2.112676056338028130e-02,4.225352112676056260e-02,4.929577464788732072e-02,2.112676056338028130e-02,4.225352112676056260e-02,5.845070422535211252e-01,7.042253521126760722e-03,0.000000000000000000e+00,0.000000000000000000e+00,0.000000000000000000e+00,0.000000000000000000e+00,7.042253521126760722e-03,0.000000000000000000e+00,0.000000000000000000e+00,1.408450704225352144e-02,1.408450704225352144e-02
1.600000000000000033e-02,0.000000000000000000e+00,0.000000000000000000e+00,0.000000000000000000e+00,8.000000000000000167e-03,8.000000000000000167e-03,8.000000000000000167e-03,0.000000000000000000e+00,0.000000000000000000e+00,0.000000000000000000e+00,1.600000000000000033e-02,8.559999999999999831e-01,3.200000000000000067e-02,1.600000000000000033e-02,8.000000000000000167e-03,8.000000000000000167e-03,8.000000000000000167e-03,0.000000000000000000e+00,0.000000000000000000e+00,8.000000000000000167e-03,8.000000000000000167e-03
0.000000000000000000e+00,5.000000000000000278e-02,0.000000000000000000e+00,0.000000000000000000e+00,0.000000000000000000e+00,0.000000000000000000e+00,0.000000000000000000e+00,0.000000000000000000e+00,0.000000000000000000e+00,0.000000000000000000e+00,0.000000000000000000e+00,2.000000000000000111e-01,5.500000000000000444e-01,1.000000000000000056e-01,0.000000000000000000e+00,0.000000000000000000e+00,5.000000000000000278e-02,0.000000000000000000e+00,0.000000000000000000e+00,5.000000000000000278e-02,0.000000000000000000e+00
2.173913043478260809e-02,6.521739130434782428e-02,2.173913043478260809e-02,0.000000000000000000e+00,2.173913043478260809e-02,0.000000000000000000e+00,0.000000000000000000e+00,0.000000000000000000e+00,0.000000000000000000e+00,0.000000000000000000e+00,0.000000000000000000e+00,4.347826086956521618e-02,4.347826086956521618e-02,6.521739130434782705e-01,1.086956521739130405e-01,0.000000000000000000e+00,0.000000000000000000e+00,2.173913043478260809e-02,0.000000000000000000e+00,0.000000000000000000e+00,0.000000000000000000e+00
5.084745762711864736e-02,0.000000000000000000e+00,1.694915254237288130e-02,1.694915254237288130e-02,1.694915254237288130e-02,0.000000000000000000e+00,0.000000000000000000e+00,0.000000000000000000e+00,0.000000000000000000e+00,0.000000000000000000e+00,1.694915254237288130e-02,0.000000000000000000e+00,3.389830508474576259e-02,1.694915254237288130e-02,7.627118644067796271e-01,5.084745762711864736e-02,1.694915254237288130e-02,0.000000000000000000e+00,0.000000000000000000e+00,0.000000000000000000e+00,0.000000000000000000e+00
4.545454545454545581e-02,0.000000000000000000e+00,0.000000000000000000e+00,0.000000000000000000e+00,0.000000000000000000e+00,0.000000000000000000e+00,0.000000000000000000e+00,0.000000000000000000e+00,0.000000000000000000e+00,0.000000000000000000e+00,0.000000000000000000e+00,0.000000000000000000e+00,1.515151515151515194e-02,6.060606060606060774e-02,1.515151515151515194e-02,7.575757575757575690e-01,4.545454545454545581e-02,1.515151515151515194e-02,3.030303030303030387e-02,1.515151515151515194e-02,0.000000000000000000e+00
0.000000000000000000e+00,0.000000000000000000e+00,1.562500000000000000e-02,0.000000000000000000e+00,0.000000000000000000e+00,0.000000000000000000e+00,0.000000000000000000e+00,0.000000000000000000e+00,1.562500000000000000e-02,0.000000000000000000e+00,1.562500000000000000e-02,1.562500000000000000e-02,1.562500000000000000e-02,0.000000000000000000e+00,1.562500000000000000e-02,4.687500000000000000e-02,6.718750000000000000e-01,7.812500000000000000e-02,6.250000000000000000e-02,4.687500000000000000e-02,0.000000000000000000e+00
0.000000000000000000e+00,1.801801801801801786e-02,9.009009009009008931e-03,1.801801801801801786e-02,9.009009009009008931e-03,0.000000000000000000e+00,0.000000000000000000e+00,9.009009009009008931e-03,0.000000000000000000e+00,0.000000000000000000e+00,9.009009009009008931e-03,0.000000000000000000e+00,0.000000000000000000e+00,0.000000000000000000e+00,9.009009009009008931e-03,0.000000000000000000e+00,5.405405405405405705e-02,6.936936936936937137e-01,9.909909909909909997e-02,3.603603603603603572e-02,3.603603603603603572e-02
1.507537688442210991e-02,2.512562814070351883e-02,5.025125628140703592e-03,0.000000000000000000e+00,5.025125628140703592e-03,0.000000000000000000e+00,0.000000000000000000e+00,0.000000000000000000e+00,0.000000000000000000e+00,0.000000000000000000e+00,0.000000000000000000e+00,0.000000000000000000e+00,0.000000000000000000e+00,0.000000000000000000e+00,5.025125628140703592e-03,5.025125628140703592e-03,2.512562814070351883e-02,7.537688442211054607e-02,6.984924623115578157e-01,1.256281407035175768e-01,1.507537688442210991e-02
5.102040816326530726e-02,1.275510204081632681e-02,1.020408163265306041e-02,2.551020408163265103e-03,5.102040816326530205e-03,2.551020408163265103e-03,0.000000000000000000e+00,0.000000000000000000e+00,0.000000000000000000e+00,0.000000000000000000e+00,5.102040816326530205e-03,2.551020408163265103e-03,0.000000000000000000e+00,2.551020408163265103e-03,0.000000000000000000e+00,1.020408163265306041e-02,2.551020408163265103e-03,1.020408163265306041e-02,6.122448979591836593e-02,6.989795918367347483e-01,1.224489795918367319e-01
1.174603174603174593e-01,1.058201058201058142e-02,4.232804232804233090e-03,8.465608465608466179e-03,1.058201058201058272e-03,0.000000000000000000e+00,0.000000000000000000e+00,0.000000000000000000e+00,1.058201058201058272e-03,0.000000000000000000e+00,2.116402116402116545e-03,2.116402116402116545e-03,0.000000000000000000e+00,0.000000000000000000e+00,0.000000000000000000e+00,1.058201058201058272e-03,0.000000000000000000e+00,0.000000000000000000e+00,7.407407407407407690e-03,6.349206349206348854e-02,7.809523809523809534e-01
