9.285714285714286031e-01,0.000000000000000000e+00,0.000000000000000000e+00,0.000000000000000000e+00,0.000000000000000000e+00,0.000000000000000000e+00,0.000000000000000000e+00,7.142857142857142461e-02,0.000000000000000000e+00,0.000000000000000000e+00,0.000000000000000000e+00,0.000000000000000000e+00,0.000000000000000000e+00,0.000000000000000000e+00,0.000000000000000000e+00,0.000000000000000000e+00,0.000000000000000000e+00,0.000000000000000000e+00,0.000000000000000000e+00,0.000000000000000000e+00,0.000000000000000000e+00,0.000000000000000000e+00
0.000000000000000000e+00,5.000000000000000000e-01,5.000000000000000000e-01,0.000000000000000000e+00,0.000000000000000000e+00,0.000000000000000000e+00,0.000000000000000000e+00,0.000000000000000000e+00,0.000000000000000000e+00,0.000000000000000000e+00,0.000000000000000000e+00,0.000000000000000000e+00,0.000000000000000000e+00,0.000000000000000000e+00,0.000000000000000000e+00,0.000000000000000000e+00,0.000000000000000000e+00,0.000000000000000000e+00,0.000000000000000000e+00,0.000000000000000000e+00,0.000000000000000000e+00,0.000000000000000000e+00
0.000000000000000000e+00,3.333333333333333148e-01,2.222222222222222099e-01,0.000000000000000000e+00,0.000000000000000000e+00,1.111111111111111049e-01,0.000000000000000000e+00,0.000000000000000000e+00,1.111111111111111049e-01,0.000000000000000000e+00,2.222222222222222099e-01,0.000000000000000000e+00,0.000000000000000000e+00,0.000000000000000000e+00,0.000000000000000000e+00,0.000000000000000000e+00,0.000000000000000000e+00,0.000000000000000000e+00,0.000000000000000000e+00,0.000000000000000000e+00,0.000000000000000000e+00,0.000000000000000000e+00
0.000000000000000000e+00,0.000000000000000000e+00,0.000000000000000000e+00,6.666666666666666297e-01,6.666666666666666574e-02,6.666666666666666574e-02,0.000000000000000000e+00,0.000000000000000000e+00,1.333333333333333315e-01,0.000000000000000000e+00,6.666666666666666574e-02,0.000000000000000000e+00,0.000000000000000000e+00,0.000000000000000000e+00,0.000000000000000000e+00,0.000000000000000000e+00,0.000000000000000000e+00,0.000000000000000000e+00,0.000000000000000000e+00,0.000000000000000000e+00,0.000000000000000000e+00,0.000000000000000000e+00
0.000000000000000000e+00,0.000000000000000000e+00,0.000000000000000000e+00,7.692307692307692735e-02,3.076923076923077094e-01,7.692307692307692735e-02,0.000000000000000000e+00,7.692307692307692735e-02,1.538461538461538547e-01,1.538461538461538547e-01,7.692307692307692735e-02,7.692307692307692735e-02,0.000000000000000000e+00,0.000000000000000000e+00,0.000000000000000000e+00,0.000000000000000000e+00,0.000000000000000000e+00,0.000000000000000000e+00,0.000000000000000000e+00,0.000000000000000000e+00,0.000000000000000000e+00,0.000000000000000000e+00
0.000000000000000000e+00,0.000000000000000000e+00,4.878048780487805047e-02,0.000000000000000000e+00,7.317073170731706877e-02,6.829268292682927344e-01,0.000000000000000000e+00,4.878048780487805047e-02,2.439024390243902524e-02,0.000000000000000000e+00,4.878048780487805047e-02,4.878048780487805047e-02,0.000000000000000000e+00,2.439024390243902524e-02,0.000000000000000000e+00,0.000000000000000000e+00,0.000000000000000000e+00,0.000000000000000000e+00,0.000000000000000000e+00,0.000000000000000000e+00,0.000000000000000000e+00,0.000000000000000000e+00
0.000000000000000000e+00,0.000000000000000000e+00,0.000000000000000000e+00,0.000000000000000000e+00,0.000000000000000000e+00,0.000000000000000000e+00,8.000000000000000444e-01,4.615384615384615641e-02,3.076923076923077094e-02,4.615384615384615641e-02,0.000000000000000000e+00,3.076923076923077094e-02,0.000000000000000000e+00,0.000000000000000000e+00,3.076923076923077094e-02,1.538461538461538547e-02,0.000000000000000000e+00,0.000000000000000000e+00,0.000000000000000000e+00,0.000000000000000000e+00,0.000000000000000000e+00,0.000000000000000000e+00
7.751937984496123923e-03,0.000000000000000000e+00,0.000000000000000000e+00,0.000000000000000000e+00,0.000000000000000000e+00,7.751937984496123923e-03,3.875968992248061962e-02,6.356589147286821895e-01,1.162790697674418589e-01,6.976744186046511531e-02,4.651162790697674354e-02,2.325581395348837177e-02,4.651162790697674354e-02,0.000000000000000000e+00,7.751937984496123923e-03,0.000000000000000000e+00,0.000000000000000000e+00,0.000000000000000000e+00,0.000000000000000000e+00,0.000000000000000000e+00,0.000000000000000000e+00,0.000000000000000000e+00
2.873563218390804558e-03,0.000000000000000000e+00,0.000000000000000000e+00,0.000000000000000000e+00,2.873563218390804558e-03,0.000000000000000000e+00,2.873563218390804558e-03,2.298850574712643646e-02,6.551724137931034253e-01,1.178160919540229834e-01,7.183908045977011048e-02,7.471264367816092544e-02,4.022988505747126381e-02,2.873563218390804558e-03,0.000000000000000000e+00,2.873563218390804558e-03,0.000000000000000000e+00,0.000000000000000000e+00,0.000000000000000000e+00,2.873563218390804558e-03,0.000000000000000000e+00,0.000000000000000000e+00
0.000000000000000000e+00,0.000000000000000000e+00,0.000000000000000000e+00,0.000000000000000000e+00,5.524861878453038444e-03,1.841620626151012959e-03,0.000000000000000000e+00,2.025782688766114212e-02,5.893186003683241470e-02,6.611418047882136051e-01,1.362799263351749668e-01,5.340699815837937625e-02,4.051565377532228424e-02,1.289134438305709028e-02,3.683241252302025918e-03,1.841620626151012959e-03,1.841620626151012959e-03,0.000000000000000000e+00,0.000000000000000000e+00,0.000000000000000000e+00,0.000000000000000000e+00,1.841620626151012959e-03
2.961500493583415616e-03,0.000000000000000000e+00,2.961500493583415616e-03,0.000000000000000000e+00,9.871668311944717996e-04,1.974333662388943599e-03,1.974333662388943599e-03,9.871668311944718430e-03,2.467917077986179694e-02,6.910167818361302727e-02,6.850937808489634406e-01,1.441263573543928866e-01,2.467917077986179694e-02,1.579466929911154879e-02,1.184600197433366246e-02,1.974333662388943599e-03,9.871668311944717996e-04,0.000000000000000000e+00,9.871668311944717996e-04,0.000000000000000000e+00,0.000000000000000000e+00,0.000000000000000000e+00
1.355932203389830599e-03,0.000000000000000000e+00,1.355932203389830599e-03,2.033898305084745790e-03,6.779661016949152996e-04,1.355932203389830599e-03,2.711864406779661198e-03,5.423728813559322397e-03,1.627118644067796632e-02,2.440677966101694948e-02,8.474576271186440302e-02,7.152542372881356414e-01,1.118644067796610159e-01,2.033898305084745617e-02,8.813559322033898136e-03,6.779661016949152996e-04,1.355932203389830599e-03,6.779661016949152996e-04,0.000000000000000000e+00,0.000000000000000000e+00,0.000000000000000000e+00,6.779661016949152996e-04
1.885014137606031998e-03,0.000000000000000000e+00,9.425070688030159991e-04,9.425070688030159991e-04,9.425070688030159991e-04,2.827521206409048214e-03,4.712535344015079779e-03,1.131008482563619286e-02,1.319509896324222442e-02,2.262016965127238571e-02,3.581526861451461013e-02,1.234684260131951039e-01,6.889726672950047259e-01,8.199811498586238867e-02,6.597549481621112211e-03,2.827521206409048214e-03,9.425070688030159991e-04,0.000000000000000000e+00,0.000000000000000000e+00,0.000000000000000000e+00,0.000000000000000000e+00,0.000000000000000000e+00
1.795332136445242435e-03,0.000000000000000000e+00,0.000000000000000000e+00,5.385996409335727306e-03,5.385996409335727306e-03,3.590664272890484870e-03,3.590664272890484870e-03,8.976660682226212176e-03,5.385996409335727306e-03,2.333931777378814992e-02,2.154398563734290922e-02,6.642728904847396143e-02,1.113105924596050206e-01,6.552962298025134524e-01,7.899461400359066021e-02,5.385996409335727306e-03,1.795332136445242435e-03,0.000000000000000000e+00,0.000000000000000000e+00,0.000000000000000000e+00,0.000000000000000000e+00,1.795332136445242435e-03
7.547169811320754776e-03,0.000000000000000000e+00,0.000000000000000000e+00,0.000000000000000000e+00,0.000000000000000000e+00,1.509433962264150955e-02,3.773584905660377388e-03,1.132075471698113130e-02,3.773584905660377388e-03,1.886792452830188607e-02,5.283018867924528517e-02,6.415094339622641473e-02,3.396226415094339562e-02,1.094339622641509469e-01,6.226415094339622369e-01,4.528301886792452519e-02,7.547169811320754776e-03,3.773584905660377388e-03,0.000000000000000000e+00,0.000000000000000000e+00,0.000000000000000000e+00,0.000000000000000000e+00
0.000000000000000000e+00,0.000000000000000000e+00,0.000000000000000000e+00,0.000000000000000000e+00,3.846153846153846367e-02,0.000000000000000000e+00,3.846153846153846367e-02,3.846153846153846367e-02,1.923076923076923184e-02,1.923076923076923184e-02,3.846153846153846367e-02,3.846153846153846367e-02,3.846153846153846367e-02,7.692307692307692735e-02,1.538461538461538547e-01,4.615384615384615641e-01,0.000000000000000000e+00,0.000000000000000000e+00,0.000000000000000000e+00,1.923076923076923184e-02,0.000000000000000000e+00,1.923076923076923184e-02
0.000000000000000000e+00,0.000000000000000000e+00,0.000000000000000000e+00,0.000000000000000000e+00,0.000000000000000000e+00,0.000000000000000000e+00,1.111111111111111049e-01,0.000000000000000000e+00,0.000000000000000000e+00,0.000000000000000000e+00,3.333333333333333148e-01,1.111111111111111049e-01,1.111111111111111049e-01,0.000000000000000000e+00,0.000000000000000000e+00,0.000000000000000000e+00,0.000000000000000000e+00,0.000000000000000000e+00,0.000000000000000000e+00,0.000000000000000000e+00,2.222222222222222099e-01,1.111111111111111049e-01
0.000000000000000000e+00,0.000000000000000000e+00,0.000000000000000000e+00,0.000000000000000000e+00,0.000000000000000000e+00,0.000000000000000000e+00,0.000000000000000000e+00,0.000000000000000000e+00,3.125000000000000000e-02,0.000000000000000000e+00,3.125000000000000000e-02,0.000000000000000000e+00,0.000000000000000000e+00,6.250000000000000000e-02,0.000000000000000000e+00,0.000000000000000000e+00,3.125000000000000000e-02,6.875000000000000000e-01,6.250000000000000000e-02,3.125000000000000000e-02,3.125000000000000000e-02,3.125000000000000000e-02
0.000000000000000000e+00,0.000000000000000000e+00,0.000000000000000000e+00,0.000000000000000000e+00,0.000000000000000000e+00,0.000000000000000000e+00,0.000000000000000000e+00,0.000000000000000000e+00,0.000000000000000000e+00,0.000000000000000000e+00,0.000000000000000000e+00,0.000000000000000000e+00,5.882352941176470507e-02,0.000000000000000000e+00,5.882352941176470507e-02,0.000000000000000000e+00,0.000000000000000000e+00,5.882352941176470507e-02,5.882352941176470784e-01,5.882352941176470507e-02,1.176470588235294101e-01,5.882352941176470507e-02
0.000000000000000000e+00,0.000000000000000000e+00,1.250000000000000000e-01,0.000000000000000000e+00,0.000000000000000000e+00,0.000000000000000000e+00,0.000000000000000000e+00,1.250000000000000000e-01,0.000000000000000000e+00,0.000000000000000000e+00,0.000000000000000000e+00,0.000000000000000000e+00,0.000000000000000000e+00,0.000000000000000000e+00,0.000000000000000000e+00,0.000000000000000000e+00,0.000000000000000000e+00,0.000000000000000000e+00,2.500000000000000000e-01,3.750000000000000000e-01,0.000000000000000000e+00,1.250000000000000000e-01
0.000000000000000000e+00,0.000000000000000000e+00,0.000000000000000000e+00,0.000000000000000000e+00,0.000000000000000000e+00,0.000000000000000000e+00,0.000000000000000000e+00,2.000000000000000111e-01,0.000000000000000000e+00,0.000000000000000000e+00,0.000000000000000000e+00,0.000000000000000000e+00,0.000000000000000000e+00,0.000000000000000000e+00,2.000000000000000111e-01,0.000000000000000000e+00,0.000000000000000000e+00,2.000000000000000111e-01,2.000000000000000111e-01,0.000000000000000000e+00,0.000000000000000000e+00,2.000000000000000111e-01
0.000000000000000000e+00,0.000000000000000000e+00,0.000000000000000000e+00,0.000000000000000000e+00,1.785714285714285615e-02,0.000000000000000000e+00,0.000000000000000000e+00,0.000000000000000000e+00,0.000000000000000000e+00,0.000000000000000000e+00,0.000000000000000000e+00,5.357142857142856845e-02,1.785714285714285615e-02,0.000000000000000000e+00,0.000000000000000000e+00,0.000000000000000000e+00,1.785714285714285615e-02,3.571428571428571230e-02,1.785714285714285615e-02,1.785714285714285615e-02,1.785714285714285615e-02,8.035714285714286031e-01
