6.976744186046511809e-01,1.063122923588039892e-01,3.322259136212624663e-03,1.328903654485049865e-02,3.322259136212624663e-03,9.966777408637873120e-03,0.000000000000000000e+00,0.000000000000000000e+00,0.000000000000000000e+00,0.000000000000000000e+00,0.000000000000000000e+00,0.000000000000000000e+00,0.000000000000000000e+00,0.000000000000000000e+00,3.322259136212624663e-03,3.322259136212624663e-03,0.000000000000000000e+00,1.328903654485049865e-02,1.993355481727574624e-02,9.966777408637873120e-03,1.162790697674418589e-01
1.865079365079365115e-01,6.428571428571429047e-01,5.555555555555555247e-02,1.190476190476190410e-02,0.000000000000000000e+00,1.190476190476190410e-02,7.936507936507936067e-03,0.000000000000000000e+00,7.936507936507936067e-03,0.000000000000000000e+00,3.968253968253968034e-03,0.000000000000000000e+00,0.000000000000000000e+00,3.968253968253968034e-03,0.000000000000000000e+00,0.000000000000000000e+00,0.000000000000000000e+00,0.000000000000000000e+00,1.587301587301587213e-02,7.936507936507936067e-03,4.365079365079364837e-02
5.940594059405940319e-02,2.079207920792079112e-01,5.544554455445545038e-01,1.980198019801980222e-02,1.980198019801980222e-02,1.980198019801980222e-02,1.980198019801980222e-02,1.980198019801980222e-02,9.900990099009901110e-03,0.000000000000000000e+00,0.000000000000000000e+00,0.000000000000000000e+00,0.000000000000000000e+00,0.000000000000000000e+00,0.000000000000000000e+00,0.000000000000000000e+00,9.900990099009901110e-03,9.900990099009901110e-03,9.900990099009901110e-03,1.980198019801980222e-02,1.980198019801980222e-02
3.636363636363636187e-02,1.090909090909090856e-01,2.000000000000000111e-01,5.454545454545454142e-01,3.636363636363636187e-02,1.818181818181818094e-02,0.000000000000000000e+00,0.000000000000000000e+00,0.000000000000000000e+00,0.000000000000000000e+00,1.818181818181818094e-02,0.000000000000000000e+00,0.000000000000000000e+00,0.000000000000000000e+00,0.000000000000000000e+00,0.000000000000000000e+00,1.818181818181818094e-02,0.000000000000000000e+00,1.818181818181818094e-02,0.000000000000000000e+00,0.000000000000000000e+00
0.000000000000000000e+00,7.894736842105262720e-02,7.894736842105262720e-02,7.894736842105262720e-02,5.000000000000000000e-01,2.631578947368420907e-02,2.631578947368420907e-02,7.894736842105262720e-02,0.000000000000000000e+00,0.000000000000000000e+00,5.263157894736841813e-02,0.000000000000000000e+00,0.000000000000000000e+00,0.000000000000000000e+00,0.000000000000000000e+00,0.000000000000000000e+00,0.000000000000000000e+00,0.000000000000000000e+00,2.631578947368420907e-02,0.000000000000000000e+00,5.263157894736841813e-02
1.111111111111111049e-01,3.703703703703703498e-02,1.481481481481481399e-01,7.407407407407406996e-02,1.481481481481481399e-01,3.333333333333333148e-01,0.000000000000000000e+00,0.000000000000000000e+00,3.703703703703703498e-02,0.000000000000000000e+00,7.407407407407406996e-02,0.000000000000000000e+00,0.000000000000000000e+00,0.000000000000000000e+00,0.000000000000000000e+00,0.000000000000000000e+00,0.000000000000000000e+00,0.000000000000000000e+00,0.000000000000000000e+00,0.000000000000000000e+00,3.703703703703703498e-02
0.000000000000000000e+00,1.250000000000000000e-01,0.000000000000000000e+00,2.500000000000000000e-01,1.250000000000000000e-01,3.750000000000000000e-01,0.000000000000000000e+00,0.000000000000000000e+00,0.000000000000000000e+00,0.000000000000000000e+00,1.250000000000000000e-01,0.000000000000000000e+00,0.000000000000000000e+00,0.000000000000000000e+00,0.000000000000000000e+00,0.000000000000000000e+00,0.000000000000000000e+00,0.000000000000000000e+00,0.000000000000000000e+00,0.000000000000000000e+00,0.000000000000000000e+00
0.000000000000000000e+00,0.000000000000000000e+00,1.333333333333333315e-01,6.666666666666666574e-02,2.666666666666666630e-01,6.666666666666666574e-02,6.666666666666666574e-02,2.666666666666666630e-01,0.000000000000000000e+00,0.000000000000000000e+00,1.333333333333333315e-01,0.000000000000000000e+00,0.000000000000000000e+00,0.000000000000000000e+00,0.000000000000000000e+00,0.000000000000000000e+00,0.000000000000000000e+00,0.000000000000000000e+00,0.000000000000000000e+00,0.000000000000000000e+00,0.000000000000000000e+00
0.000000000000000000e+00,2.222222222222222099e-01,0.000000000000000000e+00,2.222222222222222099e-01,1.111111111111111049e-01,0.000000000000000000e+00,0.000000000000000000e+00,1.111111111111111049e-01,2.222222222222222099e-01,0.000000000000000000e+00,1.111111111111111049e-01,0.000000000000000000e+00,0.000000000000000000e+00,0.000000000000000000e+00,0.000000000000000000e+00,0.000000000000000000e+00,0.000000000000000000e+00,0.000000000000000000e+00,0.000000000000000000e+00,0.000000000000000000e+00,0.000000000000000000e+00
0.000000000000000000e+00,0.000000000000000000e+00,0.000000000000000000e+00,0.000000000000000000e+00,0.000000000000000000e+00,0.000000000000000000e+00,0.000000000000000000e+00,0.000000000000000000e+00,0.000000000000000000e+00,0.000000000000000000e+00,0.000000000000000000e+00,0.000000000000000000e+00,0.000000000000000000e+00,0.000000000000000000e+00,0.000000000000000000e+00,0.000000000000000000e+00,0.000000000000000000e+00,1.000000000000000000e+00,0.000000000000000000e+00,0.000000000000000000e+00,0.000000000000000000e+00
1.960784313725490169e-02,7.843137254901960675e-02,0.000000000000000000e+00,1.960784313725490169e-02,9.803921568627450844e-02,3.921568627450980338e-02,0.000000000000000000e+00,3.921568627450980338e-02,1.960784313725490169e-02,0.000000000000000000e+00,6.666666666666666297e-01,0.000000000000000000e+00,0.000000000000000000e+00,0.000000000000000000e+00,0.000000000000000000e+00,0.000000000000000000e+00,0.000000000000000000e+00,0.000000000000000000e+00,0.000000000000000000e+00,0.000000000000000000e+00,1.960784313725490169e-02
0.000000000000000000e+00,0.000000000000000000e+00,0.000000000000000000e+00,0.000000000000000000e+00,0.000000000000000000e+00,0.000000000000000000e+00,0.000000000000000000e+00,0.000000000000000000e+00,0.000000000000000000e+00,0.000000000000000000e+00,1.250000000000000000e-01,5.000000000000000000e-01,0.000000000000000000e+00,0.000000000000000000e+00,1.250000000000000000e-01,0.000000000000000000e+00,1.250000000000000000e-01,0.000000000000000000e+00,1.250000000000000000e-01,0.000000000000000000e+00,0.000000000000000000e+00
0.000000000000000000e+00,0.000000000000000000e+00,0.000000000000000000e+00,0.000000000000000000e+00,0.000000000000000000e+00,0.000000000000000000e+00,0.000000000000000000e+00,0.000000000000000000e+00,0.000000000000000000e+00,0.000000000000000000e+00,0.000000000000000000e+00,0.000000000000000000e+00,0.000000000000000000e+00,5.999999999999999778e-01,2.000000000000000111e-01,0.000000000000000000e+00,0.000000000000000000e+00,0.000000000000000000e+00,2.000000000000000111e-01,0.000000000000000000e+00,0.000000000000000000e+00
0.000000000000000000e+00,0.000000000000000000e+00,0.000000000000000000e+00,0.000000000000000000e+00,0.000000000000000000e+00,0.000000000000000000e+00,0.000000000000000000e+00,0.000000000000000000e+00,0.000000000000000000e+00,0.000000000000000000e+00,0.000000000000000000e+00,0.000000000000000000e+00,3.333333333333333148e-01,1.666666666666666574e-01,1.666666666666666574e-01,1.666666666666666574e-01,0.000000000000000000e+00,1.666666666666666574e-01,0.000000000000000000e+00,0.000000000000000000e+00,0.000000000000000000e+00
0.000000000000000000e+00,0.000000000000000000e+00,0.000000000000000000e+00,0.000000000000000000e+00,0.000000000000000000e+00,0.000000000000000000e+00,0.000000000000000000e+00,0.000000000000000000e+00,0.000000000000000000e+00,0.000000000000000000e+00,0.000000000000000000e+00,0.000000000000000000e+00,0.000000000000000000e+00,1.250000000000000000e-01,8.125000000000000000e-01,6.250000000000000000e-02,0.000000000000000000e+00,0.000000000000000000e+00,0.000000000000000000e+00,0.000000000000000000e+00,0.000000000000000000e+00
0.000000000000000000e+00,0.000000000000000000e+00,0.000000000000000000e+00,1.000000000000000056e-01,0.000000000000000000e+00,0.000000000000000000e+00,0.000000000000000000e+00,0.000000000000000000e+00,0.000000000000000000e+00,0.000000000000000000e+00,0.000000000000000000e+00,1.000000000000000056e-01,1.000000000000000056e-01,0.000000000000000000e+00,0.000000000000000000e+00,4.000000000000000222e-01,1.000000000000000056e-01,0.000000000000000000e+00,2.000000000000000111e-01,0.000000000000000000e+00,0.000000000000000000e+00
0.000000000000000000e+00,0.000000000000000000e+00,0.000000000000000000e+00,0.000000000000000000e+00,0.000000000000000000e+00,0.000000000000000000e+00,0.000000000000000000e+00,0.000000000000000000e+00,0.000000000000000000e+00,0.000000000000000000e+00,0.000000000000000000e+00,7.142857142857142461e-02,7.142857142857142461e-02,0.000000000000000000e+00,7.142857142857142461e-02,7.142857142857142461e-02,5.000000000000000000e-01,7.142857142857142461e-02,0.000000000000000000e+00,7.142857142857142461e-02,7.142857142857142461e-02
0.000000000000000000e+00,0.000000000000000000e+00,0.000000000000000000e+00,0.000000000000000000e+00,0.000000000000000000e+00,0.000000000000000000e+00,0.000000000000000000e+00,0.000000000000000000e+00,0.000000000000000000e+00,0.000000000000000000e+00,0.000000000000000000e+00,6.896551724137930939e-02,0.000000000000000000e+00,0.000000000000000000e+00,0.000000000000000000e+00,3.448275862068965469e-02,6.896551724137930939e-02,4.137931034482758563e-01,1.724137931034482873e-01,1.034482758620689641e-01,1.379310344827586188e-01
2.857142857142857054e-02,8.571428571428571508e-02,4.285714285714285754e-02,0.000000000000000000e+00,1.428571428571428527e-02,0.000000000000000000e+00,0.000000000000000000e+00,1.428571428571428527e-02,1.428571428571428527e-02,0.000000000000000000e+00,1.428571428571428527e-02,0.000000000000000000e+00,1.428571428571428527e-02,0.000000000000000000e+00,0.000000000000000000e+00,0.000000000000000000e+00,1.428571428571428527e-02,8.571428571428571508e-02,5.285714285714285809e-01,1.142857142857142821e-01,2.857142857142857054e-02
4.065040650406503975e-02,2.439024390243902524e-02,8.130081300813008990e-03,0.000000000000000000e+00,0.000000000000000000e+00,0.000000000000000000e+00,0.000000000000000000e+00,0.000000000000000000e+00,0.000000000000000000e+00,0.000000000000000000e+00,0.000000000000000000e+00,8.130081300813008990e-03,0.000000000000000000e+00,0.000000000000000000e+00,0.000000000000000000e+00,8.130081300813008990e-03,0.000000000000000000e+00,8.130081300813008990e-03,7.317073170731706877e-02,6.910569105691056757e-01,1.382113821138211407e-01
1.756756756756756854e-01,4.054054054054054279e-02,2.027027027027027140e-02,2.027027027027027140e-02,0.000000000000000000e+00,0.000000000000000000e+00,0.000000000000000000e+00,0.000000000000000000e+00,0.000000000000000000e+00,0.000000000000000000e+00,0.000000000000000000e+00,0.000000000000000000e+00,0.000000000000000000e+00,0.000000000000000000e+00,0.000000000000000000e+00,0.000000000000000000e+00,6.756756756756757132e-03,2.702702702702702853e-02,5.405405405405405705e-02,1.351351351351351426e-01,5.202702702702702853e-01
