2.857142857142856984e-01,4.285714285714285476e-01,1.428571428571428492e-01,1.428571428571428492e-01,0.000000000000000000e+00,0.000000000000000000e+00,0.000000000000000000e+00,0.000000000000000000e+00,0.000000000000000000e+00,0.000000000000000000e+00,0.000000000000000000e+00,0.000000000000000000e+00,0.000000000000000000e+00,0.000000000000000000e+00,0.000000000000000000e+00,0.000000000000000000e+00,0.000000000000000000e+00,0.000000000000000000e+00,0.000000000000000000e+00,0.000000000000000000e+00,0.000000000000000000e+00,0.000000000000000000e+00
2.051282051282051280e-02,8.615384615384615863e-01,1.076923076923076983e-01,0.000000000000000000e+00,5.128205128205128201e-03,0.000000000000000000e+00,0.000000000000000000e+00,5.128205128205128201e-03,0.000000000000000000e+00,0.000000000000000000e+00,0.000000000000000000e+00,0.000000000000000000e+00,0.000000000000000000e+00,0.000000000000000000e+00,0.000000000000000000e+00,0.000000000000000000e+00,0.000000000000000000e+00,0.000000000000000000e+00,0.000000000000000000e+00,0.000000000000000000e+00,0.000000000000000000e+00,0.000000000000000000e+00
1.191895113230035698e-03,1.907032181168057117e-02,8.796185935637663711e-01,7.747318235995231950e-02,9.535160905840285583e-03,0.000000000000000000e+00,2.383790226460071396e-03,0.000000000000000000e+00,1.191895113230035698e-03,1.191895113230035698e-03,1.191895113230035698e-03,0.000000000000000000e+00,1.191895113230035698e-03,0.000000000000000000e+00,1.191895113230035698e-03,1.191895113230035698e-03,0.000000000000000000e+00,0.000000000000000000e+00,0.000000000000000000e+00,0.000000000000000000e+00,0.000000000000000000e+00,3.575685339690107094e-03
0.000000000000000000e+00,0.000000000000000000e+00,5.273437500000000000e-02,8.437500000000000000e-01,7.910156250000000000e-02,5.859375000000000000e-03,1.953125000000000000e-03,2.929687500000000000e-03,0.000000000000000000e+00,9.765625000000000000e-04,1.953125000000000000e-03,1.953125000000000000e-03,0.000000000000000000e+00,9.765625000000000000e-04,9.765625000000000000e-04,1.953125000000000000e-03,0.000000000000000000e+00,0.000000000000000000e+00,0.000000000000000000e+00,0.000000000000000000e+00,0.000000000000000000e+00,4.882812500000000000e-03
0.000000000000000000e+00,1.483679525222551983e-03,1.038575667655786301e-02,1.083086053412462973e-01,7.626112759643917105e-01,6.676557863501483836e-02,8.902077151335311897e-03,1.038575667655786301e-02,8.902077151335311897e-03,0.000000000000000000e+00,2.967359050445103966e-03,2.967359050445103966e-03,0.000000000000000000e+00,2.967359050445103966e-03,0.000000000000000000e+00,0.000000000000000000e+00,1.483679525222551983e-03,1.483679525222551983e-03,0.000000000000000000e+00,0.000000000000000000e+00,0.000000000000000000e+00,1.038575667655786301e-02
0.000000000000000000e+00,0.000000000000000000e+00,8.888888888888888881e-03,4.888888888888889145e-02,2.133333333333333470e-01,5.688888888888888884e-01,5.777777777777777513e-02,2.666666666666666838e-02,3.111111111111111022e-02,1.333333333333333419e-02,0.000000000000000000e+00,4.444444444444444441e-03,0.000000000000000000e+00,0.000000000000000000e+00,0.000000000000000000e+00,4.444444444444444441e-03,4.444444444444444441e-03,4.444444444444444441e-03,0.000000000000000000e+00,0.000000000000000000e+00,0.000000000000000000e+00,1.333333333333333419e-02
9.433962264150943036e-03,0.000000000000000000e+00,9.433962264150943036e-03,4.716981132075472039e-02,7.547169811320754429e-02,1.792452830188679125e-01,4.622641509433962348e-01,1.037735849056603821e-01,5.660377358490566169e-02,1.886792452830188607e-02,9.433962264150943036e-03,0.000000000000000000e+00,1.886792452830188607e-02,0.000000000000000000e+00,0.000000000000000000e+00,0.000000000000000000e+00,0.000000000000000000e+00,0.000000000000000000e+00,0.000000000000000000e+00,0.000000000000000000e+00,9.433962264150943036e-03,0.000000000000000000e+00
0.000000000000000000e+00,0.000000000000000000e+00,1.136363636363636395e-02,1.136363636363636395e-02,1.136363636363636395e-02,5.681818181818181629e-02,1.590909090909090884e-01,4.772727272727272929e-01,9.090909090909091161e-02,2.272727272727272790e-02,1.136363636363636395e-02,0.000000000000000000e+00,4.545454545454545581e-02,0.000000000000000000e+00,2.272727272727272790e-02,0.000000000000000000e+00,1.136363636363636395e-02,1.136363636363636395e-02,0.000000000000000000e+00,0.000000000000000000e+00,0.000000000000000000e+00,5.681818181818181629e-02
0.000000000000000000e+00,0.000000000000000000e+00,1.801801801801801786e-02,1.801801801801801786e-02,3.603603603603603572e-02,8.108108108108108558e-02,8.108108108108108558e-02,6.306306306306305731e-02,5.495495495495495986e-01,3.603603603603603572e-02,1.801801801801801786e-02,1.801801801801801786e-02,1.801801801801801786e-02,9.009009009009008931e-03,9.009009009009008931e-03,9.009009009009008931e-03,0.000000000000000000e+00,0.000000000000000000e+00,0.000000000000000000e+00,0.000000000000000000e+00,0.000000000000000000e+00,3.603603603603603572e-02
0.000000000000000000e+00,0.000000000000000000e+00,1.250000000000000000e-01,6.250000000000000000e-02,3.125000000000000000e-02,3.125000000000000000e-02,6.250000000000000000e-02,0.000000000000000000e+00,1.875000000000000000e-01,1.250000000000000000e-01,1.250000000000000000e-01,3.125000000000000000e-02,0.000000000000000000e+00,0.000000000000000000e+00,3.125000000000000000e-02,0.000000000000000000e+00,6.250000000000000000e-02,0.000000000000000000e+00,0.000000000000000000e+00,3.125000000000000000e-02,3.125000000000000000e-02,6.250000000000000000e-02
0.000000000000000000e+00,0.000000000000000000e+00,0.000000000000000000e+00,3.846153846153846367e-02,1.153846153846153910e-01,3.846153846153846367e-02,3.846153846153846367e-02,3.846153846153846367e-02,1.153846153846153910e-01,7.692307692307692735e-02,1.923076923076923184e-01,0.000000000000000000e+00,1.153846153846153910e-01,3.846153846153846367e-02,3.846153846153846367e-02,0.000000000000000000e+00,0.000000000000000000e+00,0.000000000000000000e+00,0.000000000000000000e+00,0.000000000000000000e+00,0.000000000000000000e+00,1.538461538461538547e-01
0.000000000000000000e+00,0.000000000000000000e+00,6.666666666666666574e-02,6.666666666666666574e-02,2.666666666666666630e-01,0.000000000000000000e+00,1.333333333333333315e-01,6.666666666666666574e-02,0.000000000000000000e+00,1.333333333333333315e-01,6.666666666666666574e-02,0.000000000000000000e+00,6.666666666666666574e-02,0.000000000000000000e+00,0.000000000000000000e+00,0.000000000000000000e+00,0.000000000000000000e+00,0.000000000000000000e+00,0.000000000000000000e+00,6.666666666666666574e-02,0.000000000000000000e+00,6.666666666666666574e-02
0.000000000000000000e+00,0.000000000000000000e+00,0.000000000000000000e+00,0.000000000000000000e+00,0.000000000000000000e+00,4.761904761904761640e-02,1.428571428571428492e-01,1.428571428571428492e-01,9.523809523809523281e-02,0.000000000000000000e+00,9.523809523809523281e-02,9.523809523809523281e-02,1.904761904761904656e-01,0.000000000000000000e+00,0.000000000000000000e+00,4.761904761904761640e-02,4.761904761904761640e-02,0.000000000000000000e+00,0.000000000000000000e+00,0.000000000000000000e+00,0.000000000000000000e+00,9.523809523809523281e-02
0.000000000000000000e+00,0.000000000000000000e+00,0.000000000000000000e+00,8.333333333333332871e-02,0.000000000000000000e+00,8.333333333333332871e-02,1.666666666666666574e-01,0.000000000000000000e+00,0.000000000000000000e+00,1.666666666666666574e-01,0.000000000000000000e+00,8.333333333333332871e-02,8.333333333333332871e-02,1.666666666666666574e-01,0.000000000000000000e+00,0.000000000000000000e+00,0.000000000000000000e+00,0.000000000000000000e+00,1.666666666666666574e-01,0.000000000000000000e+00,0.000000000000000000e+00,0.000000000000000000e+00
0.000000000000000000e+00,0.000000000000000000e+00,0.000000000000000000e+00,0.000000000000000000e+00,0.000000000000000000e+00,6.250000000000000000e-02,1.250000000000000000e-01,6.250000000000000000e-02,6.250000000000000000e-02,0.000000000000000000e+00,6.250000000000000000e-02,6.250000000000000000e-02,0.000000000000000000e+00,6.250000000000000000e-02,2.500000000000000000e-01,6.250000000000000000e-02,0.000000000000000000e+00,0.000000000000000000e+00,0.000000000000000000e+00,0.000000000000000000e+00,0.000000000000000000e+00,1.875000000000000000e-01
0.000000000000000000e+00,0.000000000000000000e+00,0.000000000000000000e+00,0.000000000000000000e+00,0.000000000000000000e+00,1.428571428571428492e-01,0.000000000000000000e+00,0.000000000000000000e+00,0.000000000000000000e+00,0.000000000000000000e+00,0.000000000000000000e+00,0.000000000000000000e+00,1.428571428571428492e-01,0.000000000000000000e+00,2.857142857142856984e-01,0.000000000000000000e+00,1.428571428571428492e-01,0.000000000000000000e+00,0.000000000000000000e+00,1.428571428571428492e-01,0.000000000000000000e+00,1.428571428571428492e-01
0.000000000000000000e+00,0.000000000000000000e+00,0.000000000000000000e+00,0.000000000000000000e+00,1.111111111111111049e-01,1.111111111111111049e-01,0.000000000000000000e+00,0.000000000000000000e+00,0.000000000000000000e+00,4.444444444444444198e-01,0.000000000000000000e+00,0.000000000000000000e+00,0.000000000000000000e+00,0.000000000000000000e+00,0.000000000000000000e+00,1.111111111111111049e-01,0.000000000000000000e+00,0.000000000000000000e+00,0.000000000000000000e+00,0.000000000000000000e+00,0.000000000000000000e+00,2.222222222222222099e-01
0.000000000000000000e+00,0.000000000000000000e+00,0.000000000000000000e+00,0.000000000000000000e+00,0.000000000000000000e+00,0.000000000000000000e+00,0.000000000000000000e+00,1.111111111111111049e-01,0.000000000000000000e+00,0.000000000000000000e+00,1.111111111111111049e-01,2.222222222222222099e-01,0.000000000000000000e+00,0.000000000000000000e+00,1.111111111111111049e-01,0.000000000000000000e+00,1.111111111111111049e-01,3.333333333333333148e-01,0.000000000000000000e+00,0.000000000000000000e+00,0.000000000000000000e+00,0.000000000000000000e+00
0.000000000000000000e+00,0.000000000000000000e+00,2.000000000000000111e-01,0.000000000000000000e+00,2.000000000000000111e-01,0.000000000000000000e+00,0.000000000000000000e+00,0.000000000000000000e+00,0.000000000000000000e+00,0.000000000000000000e+00,2.000000000000000111e-01,2.000000000000000111e-01,0.000000000000000000e+00,0.000000000000000000e+00,0.000000000000000000e+00,0.000000000000000000e+00,0.000000000000000000e+00,0.000000000000000000e+00,0.000000000000000000e+00,0.000000000000000000e+00,2.000000000000000111e-01,0.000000000000000000e+00
0.000000000000000000e+00,0.000000000000000000e+00,0.000000000000000000e+00,0.000000000000000000e+00,1.666666666666666574e-01,8.333333333333332871e-02,0.000000000000000000e+00,0.000000000000000000e+00,0.000000000000000000e+00,8.333333333333332871e-02,0.000000000000000000e+00,0.000000000000000000e+00,0.000000000000000000e+00,0.000000000000000000e+00,8.333333333333332871e-02,8.333333333333332871e-02,0.000000000000000000e+00,1.666666666666666574e-01,0.000000000000000000e+00,8.333333333333332871e-02,0.000000000000000000e+00,2.500000000000000000e-01
0.000000000000000000e+00,0.000000000000000000e+00,0.000000000000000000e+00,0.000000000000000000e+00,0.000000000000000000e+00,2.000000000000000111e-01,0.000000000000000000e+00,0.000000000000000000e+00,0.000000000000000000e+00,0.000000000000000000e+00,0.000000000000000000e+00,0.000000000000000000e+00,2.000000000000000111e-01,0.000000000000000000e+00,0.000000000000000000e+00,0.000000000000000000e+00,0.000000000000000000e+00,0.000000000000000000e+00,0.000000000000000000e+00,0.000000000000000000e+00,0.000000000000000000e+00,5.999999999999999778e-01
0.000000000000000000e+00,0.000000000000000000e+00,1.923076923076923184e-02,8.653846153846153633e-02,9.615384615384615918e-03,1.923076923076923184e-02,2.884615384615384776e-02,2.884615384615384776e-02,2.884615384615384776e-02,2.884615384615384776e-02,9.615384615384615918e-03,9.615384615384615918e-03,1.923076923076923184e-02,1.923076923076923184e-02,1.923076923076923184e-02,9.615384615384615918e-03,9.615384615384615918e-03,9.615384615384615918e-03,9.615384615384615918e-03,5.769230769230769551e-02,1.923076923076923184e-02,5.576923076923077094e-01
