3.857142857142857317e-01,7.142857142857142461e-02,2.857142857142857054e-02,7.142857142857142461e-02,1.428571428571428527e-02,0.000000000000000000e+00,2.857142857142857054e-02,0.000000000000000000e+00,0.000000000000000000e+00,0.000000000000000000e+00,1.428571428571428527e-02,0.000000000000000000e+00,0.000000000000000000e+00,0.000000000000000000e+00,1.428571428571428527e-02,0.000000000000000000e+00,0.000000000000000000e+00,0.000000000000000000e+00,1.428571428571428527e-02,1.142857142857142821e-01,2.428571428571428548e-01
1.071428571428571369e-01,5.535714285714286031e-01,5.357142857142856845e-02,3.571428571428571230e-02,0.000000000000000000e+00,1.785714285714285615e-02,0.000000000000000000e+00,0.000000000000000000e+00,3.571428571428571230e-02,0.000000000000000000e+00,5.357142857142856845e-02,0.000000000000000000e+00,0.000000000000000000e+00,0.000000000000000000e+00,0.000000000000000000e+00,0.000000000000000000e+00,0.000000000000000000e+00,1.785714285714285615e-02,1.785714285714285615e-02,5.357142857142856845e-02,5.357142857142856845e-02
1.304347826086956486e-01,2.173913043478260809e-01,3.043478260869565410e-01,0.000000000000000000e+00,4.347826086956521618e-02,4.347826086956521618e-02,0.000000000000000000e+00,4.347826086956521618e-02,4.347826086956521618e-02,0.000000000000000000e+00,8.695652173913043237e-02,0.000000000000000000e+00,0.000000000000000000e+00,0.000000000000000000e+00,0.000000000000000000e+00,0.000000000000000000e+00,0.000000000000000000e+00,0.000000000000000000e+00,8.695652173913043237e-02,0.000000000000000000e+00,0.000000000000000000e+00
1.666666666666666574e-01,5.555555555555555247e-02,1.111111111111111049e-01,4.444444444444444198e-01,2.777777777777777624e-02,2.777777777777777624e-02,0.000000000000000000e+00,2.777777777777777624e-02,0.000000000000000000e+00,0.000000000000000000e+00,2.777777777777777624e-02,0.000000000000000000e+00,0.000000000000000000e+00,0.000000000000000000e+00,0.000000000000000000e+00,0.000000000000000000e+00,0.000000000000000000e+00,0.000000000000000000e+00,8.333333333333332871e-02,0.000000000000000000e+00,2.777777777777777624e-02
8.333333333333332871e-02,0.000000000000000000e+00,0.000000000000000000e+00,2.500000000000000000e-01,2.500000000000000000e-01,8.333333333333332871e-02,0.000000000000000000e+00,0.000000000000000000e+00,0.000000000000000000e+00,0.000000000000000000e+00,1.666666666666666574e-01,0.000000000000000000e+00,0.000000000000000000e+00,0.000000000000000000e+00,0.000000000000000000e+00,0.000000000000000000e+00,8.333333333333332871e-02,0.000000000000000000e+00,0.000000000000000000e+00,0.000000000000000000e+00,8.333333333333332871e-02
0.000000000000000000e+00,0.000000000000000000e+00,1.538461538461538547e-01,7.692307692307692735e-02,2.307692307692307820e-01,2.307692307692307820e-01,0.000000000000000000e+00,0.000000000000000000e+00,0.000000000000000000e+00,7.692307692307692735e-02,2.307692307692307820e-01,0.000000000000000000e+00,0.000000000000000000e+00,0.000000000000000000e+00,0.000000000000000000e+00,0.000000000000000000e+00,0.000000000000000000e+00,0.000000000000000000e+00,0.000000000000000000e+00,0.000000000000000000e+00,0.000000000000000000e+00
7.407407407407406996e-02,3.703703703703703498e-02,0.000000000000000000e+00,7.407407407407406996e-02,3.703703703703703498e-02,3.703703703703703498e-02,5.925925925925925597e-01,7.407407407407406996e-02,0.000000000000000000e+00,0.000000000000000000e+00,7.407407407407406996e-02,0.000000000000000000e+00,0.000000000000000000e+00,0.000000000000000000e+00,0.000000000000000000e+00,0.000000000000000000e+00,0.000000000000000000e+00,0.000000000000000000e+00,0.000000000000000000e+00,0.000000000000000000e+00,0.000000000000000000e+00
1.666666666666666574e-01,0.000000000000000000e+00,8.333333333333332871e-02,0.000000000000000000e+00,0.000000000000000000e+00,0.000000000000000000e+00,0.000000000000000000e+00,5.000000000000000000e-01,0.000000000000000000e+00,0.000000000000000000e+00,2.500000000000000000e-01,0.000000000000000000e+00,0.000000000000000000e+00,0.000000000000000000e+00,0.000000000000000000e+00,0.000000000000000000e+00,0.000000000000000000e+00,0.000000000000000000e+00,0.000000000000000000e+00,0.000000000000000000e+00,0.000000000000000000e+00
0.000000000000000000e+00,1.428571428571428492e-01,1.428571428571428492e-01,1.428571428571428492e-01,0.000000000000000000e+00,0.000000000000000000e+00,1.428571428571428492e-01,0.000000000000000000e+00,1.428571428571428492e-01,0.000000000000000000e+00,2.857142857142856984e-01,0.000000000000000000e+00,0.000000000000000000e+00,0.000000000000000000e+00,0.000000000000000000e+00,0.000000000000000000e+00,0.000000000000000000e+00,0.000000000000000000e+00,0.000000000000000000e+00,0.000000000000000000e+00,0.000000000000000000e+00
0.000000000000000000e+00,0.000000000000000000e+00,0.000000000000000000e+00,0.000000000000000000e+00,1.428571428571428492e-01,0.000000000000000000e+00,0.000000000000000000e+00,0.000000000000000000e+00,0.000000000000000000e+00,5.714285714285713969e-01,0.000000000000000000e+00,0.000000000000000000e+00,0.000000000000000000e+00,0.000000000000000000e+00,0.000000000000000000e+00,0.000000000000000000e+00,0.000000000000000000e+00,0.000000000000000000e+00,0.000000000000000000e+00,0.000000000000000000e+00,2.857142857142856984e-01
1.000000000000000021e-02,2.000000000000000042e-02,2.000000000000000042e-02,4.000000000000000083e-02,0.000000000000000000e+00,2.999999999999999889e-02,5.999999999999999778e-02,2.000000000000000042e-02,1.000000000000000021e-02,0.000000000000000000e+00,6.899999999999999467e-01,1.000000000000000021e-02,2.000000000000000042e-02,0.000000000000000000e+00,0.000000000000000000e+00,0.000000000000000000e+00,1.000000000000000021e-02,2.000000000000000042e-02,0.000000000000000000e+00,0.000000000000000000e+00,4.000000000000000083e-02
0.000000000000000000e+00,0.000000000000000000e+00,0.000000000000000000e+00,0.000000000000000000e+00,4.424778761061946841e-03,0.000000000000000000e+00,0.000000000000000000e+00,0.000000000000000000e+00,0.000000000000000000e+00,0.000000000000000000e+00,0.000000000000000000e+00,9.513274336283186194e-01,2.212389380530973421e-02,8.849557522123893682e-03,4.424778761061946841e-03,8.849557522123893682e-03,0.000000000000000000e+00,0.000000000000000000e+00,0.000000000000000000e+00,0.000000000000000000e+00,0.000000000000000000e+00
0.000000000000000000e+00,0.000000000000000000e+00,0.000000000000000000e+00,0.000000000000000000e+00,0.000000000000000000e+00,0.000000000000000000e+00,0.000000000000000000e+00,0.000000000000000000e+00,0.000000000000000000e+00,0.000000000000000000e+00,9.090909090909091161e-02,1.515151515151515194e-01,6.060606060606060774e-01,1.212121212121212155e-01,3.030303030303030387e-02,0.000000000000000000e+00,0.000000000000000000e+00,0.000000000000000000e+00,0.000000000000000000e+00,0.000000000000000000e+00,0.000000000000000000e+00
0.000000000000000000e+00,0.000000000000000000e+00,0.000000000000000000e+00,0.000000000000000000e+00,0.000000000000000000e+00,0.000000000000000000e+00,0.000000000000000000e+00,0.000000000000000000e+00,0.000000000000000000e+00,0.000000000000000000e+00,0.000000000000000000e+00,5.000000000000000278e-02,1.000000000000000056e-01,5.500000000000000444e-01,2.000000000000000111e-01,5.000000000000000278e-02,0.000000000000000000e+00,0.000000000000000000e+00,0.000000000000000000e+00,0.000000000000000000e+00,5.000000000000000278e-02
3.030303030303030387e-02,0.000000000000000000e+00,0.000000000000000000e+00,0.000000000000000000e+00,0.000000000000000000e+00,0.000000000000000000e+00,0.000000000000000000e+00,0.000000000000000000e+00,0.000000000000000000e+00,0.000000000000000000e+00,0.000000000000000000e+00,3.030303030303030387e-02,0.000000000000000000e+00,1.515151515151515194e-01,5.757575757575758013e-01,1.818181818181818232e-01,3.030303030303030387e-02,0.000000000000000000e+00,0.000000000000000000e+00,0.000000000000000000e+00,0.000000000000000000e+00
0.000000000000000000e+00,1.639344262295082053e-02,0.000000000000000000e+00,0.000000000000000000e+00,0.000000000000000000e+00,0.000000000000000000e+00,0.000000000000000000e+00,0.000000000000000000e+00,0.000000000000000000e+00,0.000000000000000000e+00,1.639344262295082053e-02,0.000000000000000000e+00,3.278688524590164105e-02,1.639344262295082053e-02,8.196721311475409222e-02,6.393442622950820109e-01,1.311475409836065642e-01,3.278688524590164105e-02,0.000000000000000000e+00,1.639344262295082053e-02,1.639344262295082053e-02
1.960784313725490169e-02,0.000000000000000000e+00,0.000000000000000000e+00,0.000000000000000000e+00,0.000000000000000000e+00,0.000000000000000000e+00,0.000000000000000000e+00,0.000000000000000000e+00,0.000000000000000000e+00,0.000000000000000000e+00,3.921568627450980338e-02,0.000000000000000000e+00,3.921568627450980338e-02,0.000000000000000000e+00,3.921568627450980338e-02,1.176470588235294101e-01,6.274509803921568540e-01,5.882352941176470507e-02,0.000000000000000000e+00,3.921568627450980338e-02,1.960784313725490169e-02
1.515151515151515194e-02,0.000000000000000000e+00,0.000000000000000000e+00,0.000000000000000000e+00,0.000000000000000000e+00,0.000000000000000000e+00,0.000000000000000000e+00,0.000000000000000000e+00,0.000000000000000000e+00,0.000000000000000000e+00,3.030303030303030387e-02,0.000000000000000000e+00,0.000000000000000000e+00,0.000000000000000000e+00,0.000000000000000000e+00,3.030303030303030387e-02,7.575757575757575968e-02,6.515151515151514916e-01,1.515151515151515194e-01,1.515151515151515194e-02,3.030303030303030387e-02
2.343750000000000000e-02,7.812500000000000000e-03,7.812500000000000000e-03,0.000000000000000000e+00,7.812500000000000000e-03,0.000000000000000000e+00,0.000000000000000000e+00,0.000000000000000000e+00,7.812500000000000000e-03,0.000000000000000000e+00,0.000000000000000000e+00,7.812500000000000000e-03,0.000000000000000000e+00,0.000000000000000000e+00,0.000000000000000000e+00,0.000000000000000000e+00,7.812500000000000000e-03,1.015625000000000000e-01,6.718750000000000000e-01,1.250000000000000000e-01,3.125000000000000000e-02
1.342281879194630843e-02,0.000000000000000000e+00,0.000000000000000000e+00,0.000000000000000000e+00,0.000000000000000000e+00,6.711409395973154217e-03,0.000000000000000000e+00,0.000000000000000000e+00,0.000000000000000000e+00,0.000000000000000000e+00,1.342281879194630843e-02,0.000000000000000000e+00,0.000000000000000000e+00,0.000000000000000000e+00,0.000000000000000000e+00,6.711409395973154217e-03,0.000000000000000000e+00,2.013422818791946178e-02,9.395973154362416424e-02,7.248322147651006242e-01,1.208053691275167846e-01
8.888888888888889228e-02,2.962962962962963076e-02,2.222222222222222307e-02,0.000000000000000000e+00,0.000000000000000000e+00,7.407407407407407690e-03,7.407407407407407690e-03,0.000000000000000000e+00,0.000000000000000000e+00,1.481481481481481538e-02,3.703703703703703498e-02,0.000000000000000000e+00,0.000000000000000000e+00,0.000000000000000000e+00,0.000000000000000000e+00,7.407407407407407690e-03,7.407407407407407690e-03,1.481481481481481538e-02,4.444444444444444614e-02,1.259259259259259134e-01,5.925925925925925597e-01
