8.293333333333333668e-01,5.866666666666666557e-02,1.066666666666666631e-02,5.333333333333333155e-03,2.133333333333333436e-03,5.333333333333333589e-04,5.333333333333333589e-04,0.000000000000000000e+00,0.000000000000000000e+00,1.600000000000000077e-03,3.200000000000000153e-03,5.333333333333333589e-04,0.000000000000000000e+00,5.333333333333333589e-04,0.000000000000000000e+00,5.333333333333333589e-04,1.066666666666666718e-03,1.600000000000000077e-03,1.600000000000000077e-03,6.933333333333333015e-03,7.520000000000000295e-02
1.101836393989983343e-01,7.829716193656093282e-01,5.676126878130217240e-02,8.347245409015024639e-03,5.843071786310517594e-03,2.504173622704507478e-03,2.504173622704507478e-03,8.347245409015025290e-04,8.347245409015025290e-04,8.347245409015025290e-04,4.173622704507512320e-03,0.000000000000000000e+00,0.000000000000000000e+00,0.000000000000000000e+00,0.000000000000000000e+00,8.347245409015025290e-04,8.347245409015025290e-04,1.669449081803005058e-03,4.173622704507512320e-03,8.347245409015025290e-04,1.585976627712854664e-02
4.679802955665024466e-02,1.773399014778325178e-01,6.182266009852216415e-01,9.359605911330048933e-02,2.216748768472906472e-02,9.852216748768473017e-03,2.463054187192118254e-03,0.000000000000000000e+00,0.000000000000000000e+00,0.000000000000000000e+00,1.724137931034482735e-02,0.000000000000000000e+00,0.000000000000000000e+00,0.000000000000000000e+00,0.000000000000000000e+00,0.000000000000000000e+00,0.000000000000000000e+00,4.926108374384236509e-03,0.000000000000000000e+00,0.000000000000000000e+00,7.389162561576354329e-03
4.471544715447154511e-02,8.943089430894309022e-02,1.666666666666666574e-01,5.487804878048780921e-01,6.504065040650407192e-02,2.032520325203251987e-02,0.000000000000000000e+00,8.130081300813008990e-03,0.000000000000000000e+00,0.000000000000000000e+00,2.032520325203251987e-02,0.000000000000000000e+00,0.000000000000000000e+00,0.000000000000000000e+00,0.000000000000000000e+00,0.000000000000000000e+00,0.000000000000000000e+00,0.000000000000000000e+00,4.065040650406504495e-03,1.626016260162601798e-02,1.626016260162601798e-02
2.238805970149253602e-02,5.223880597014925187e-02,5.970149253731343170e-02,2.089552238805970075e-01,5.000000000000000000e-01,4.477611940298507204e-02,1.492537313432835792e-02,7.462686567164178962e-03,0.000000000000000000e+00,0.000000000000000000e+00,4.477611940298507204e-02,0.000000000000000000e+00,0.000000000000000000e+00,0.000000000000000000e+00,0.000000000000000000e+00,0.000000000000000000e+00,0.000000000000000000e+00,0.000000000000000000e+00,2.985074626865671585e-02,7.462686567164178962e-03,7.462686567164178962e-03
1.562500000000000000e-02,1.562500000000000000e-02,6.250000000000000000e-02,1.406250000000000000e-01,1.250000000000000000e-01,3.281250000000000000e-01,1.406250000000000000e-01,4.687500000000000000e-02,0.000000000000000000e+00,0.000000000000000000e+00,6.250000000000000000e-02,0.000000000000000000e+00,0.000000000000000000e+00,0.000000000000000000e+00,0.000000000000000000e+00,0.000000000000000000e+00,0.000000000000000000e+00,0.000000000000000000e+00,1.562500000000000000e-02,1.562500000000000000e-02,3.125000000000000000e-02
1.923076923076923184e-02,7.692307692307692735e-02,3.846153846153846367e-02,9.615384615384615918e-02,5.769230769230769551e-02,9.615384615384615918e-02,4.038461538461538547e-01,5.769230769230769551e-02,3.846153846153846367e-02,3.846153846153846367e-02,3.846153846153846367e-02,0.000000000000000000e+00,0.000000000000000000e+00,0.000000000000000000e+00,1.923076923076923184e-02,0.000000000000000000e+00,0.000000000000000000e+00,0.000000000000000000e+00,0.000000000000000000e+00,0.000000000000000000e+00,1.923076923076923184e-02
8.695652173913043237e-02,0.000000000000000000e+00,0.000000000000000000e+00,8.695652173913043237e-02,4.347826086956521618e-02,1.304347826086956486e-01,1.304347826086956486e-01,2.608695652173912971e-01,4.347826086956521618e-02,4.347826086956521618e-02,8.695652173913043237e-02,0.000000000000000000e+00,0.000000000000000000e+00,0.000000000000000000e+00,0.000000000000000000e+00,0.000000000000000000e+00,0.000000000000000000e+00,0.000000000000000000e+00,0.000000000000000000e+00,0.000000000000000000e+00,8.695652173913043237e-02
0.000000000000000000e+00,4.166666666666666435e-02,0.000000000000000000e+00,4.166666666666666435e-02,0.000000000000000000e+00,8.333333333333332871e-02,8.333333333333332871e-02,8.333333333333332871e-02,5.000000000000000000e-01,0.000000000000000000e+00,1.250000000000000000e-01,0.000000000000000000e+00,0.000000000000000000e+00,0.000000000000000000e+00,0.000000000000000000e+00,0.000000000000000000e+00,0.000000000000000000e+00,0.000000000000000000e+00,0.000000000000000000e+00,0.000000000000000000e+00,4.166666666666666435e-02
5.263157894736841813e-02,1.052631578947368363e-01,0.000000000000000000e+00,0.000000000000000000e+00,0.000000000000000000e+00,1.052631578947368363e-01,5.263157894736841813e-02,0.000000000000000000e+00,5.263157894736841813e-02,3.684210526315789269e-01,2.631578947368420907e-01,0.000000000000000000e+00,0.000000000000000000e+00,0.000000000000000000e+00,0.000000000000000000e+00,0.000000000000000000e+00,0.000000000000000000e+00,0.000000000000000000e+00,0.000000000000000000e+00,0.000000000000000000e+00,0.000000000000000000e+00
2.631578947368420907e-02,3.947368421052631360e-02,6.578947368421052266e-03,2.631578947368420907e-02,5.263157894736841813e-02,5.263157894736841813e-02,4.605263157894736586e-02,1.315789473684210453e-02,2.631578947368420907e-02,3.947368421052631360e-02,6.052631578947368363e-01,0.000000000000000000e+00,0.000000000000000000e+00,0.000000000000000000e+00,0.000000000000000000e+00,0.000000000000000000e+00,0.000000000000000000e+00,1.315789473684210453e-02,1.315789473684210453e-02,1.315789473684210453e-02,2.631578947368420907e-02
0.000000000000000000e+00,0.000000000000000000e+00,0.000000000000000000e+00,0.000000000000000000e+00,0.000000000000000000e+00,0.000000000000000000e+00,0.000000000000000000e+00,0.000000000000000000e+00,0.000000000000000000e+00,0.000000000000000000e+00,0.000000000000000000e+00,5.714285714285713969e-01,0.000000000000000000e+00,0.000000000000000000e+00,7.142857142857142461e-02,0.000000000000000000e+00,2.142857142857142738e-01,0.000000000000000000e+00,0.000000000000000000e+00,7.142857142857142461e-02,7.142857142857142461e-02
0.000000000000000000e+00,0.000000000000000000e+00,0.000000000000000000e+00,0.000000000000000000e+00,0.000000000000000000e+00,0.000000000000000000e+00,0.000000000000000000e+00,0.000000000000000000e+00,0.000000000000000000e+00,0.000000000000000000e+00,0.000000000000000000e+00,3.333333333333333148e-01,0.000000000000000000e+00,0.000000000000000000e+00,3.333333333333333148e-01,0.000000000000000000e+00,3.333333333333333148e-01,0.000000000000000000e+00,0.000000000000000000e+00,0.000000000000000000e+00,0.000000000000000000e+00
0.000000000000000000e+00,0.000000000000000000e+00,0.000000000000000000e+00,0.000000000000000000e+00,0.000000000000000000e+00,0.000000000000000000e+00,0.000000000000000000e+00,0.000000000000000000e+00,0.000000000000000000e+00,0.000000000000000000e+00,4.761904761904761640e-02,0.000000000000000000e+00,0.000000000000000000e+00,5.714285714285713969e-01,2.380952380952380820e-01,4.761904761904761640e-02,0.000000000000000000e+00,4.761904761904761640e-02,0.000000000000000000e+00,0.000000000000000000e+00,4.761904761904761640e-02
0.000000000000000000e+00,0.000000000000000000e+00,0.000000000000000000e+00,0.000000000000000000e+00,0.000000000000000000e+00,0.000000000000000000e+00,0.000000000000000000e+00,0.000000000000000000e+00,0.000000000000000000e+00,0.000000000000000000e+00,0.000000000000000000e+00,1.562500000000000000e-02,1.562500000000000000e-02,7.812500000000000000e-02,7.968750000000000000e-01,4.687500000000000000e-02,0.000000000000000000e+00,1.562500000000000000e-02,0.000000000000000000e+00,1.562500000000000000e-02,1.562500000000000000e-02
0.000000000000000000e+00,0.000000000000000000e+00,0.000000000000000000e+00,0.000000000000000000e+00,0.000000000000000000e+00,0.000000000000000000e+00,0.000000000000000000e+00,0.000000000000000000e+00,0.000000000000000000e+00,0.000000000000000000e+00,3.448275862068965469e-02,6.896551724137930939e-02,3.448275862068965469e-02,0.000000000000000000e+00,6.896551724137930939e-02,4.137931034482758563e-01,1.379310344827586188e-01,1.379310344827586188e-01,3.448275862068965469e-02,6.896551724137930939e-02,0.000000000000000000e+00
3.333333333333333287e-02,0.000000000000000000e+00,0.000000000000000000e+00,0.000000000000000000e+00,0.000000000000000000e+00,0.000000000000000000e+00,0.000000000000000000e+00,1.111111111111111154e-02,0.000000000000000000e+00,0.000000000000000000e+00,0.000000000000000000e+00,0.000000000000000000e+00,0.000000000000000000e+00,0.000000000000000000e+00,0.000000000000000000e+00,4.444444444444444614e-02,7.111111111111111382e-01,1.000000000000000056e-01,5.555555555555555247e-02,2.222222222222222307e-02,2.222222222222222307e-02
1.015228426395939007e-02,5.076142131979695035e-03,5.076142131979695035e-03,5.076142131979695035e-03,0.000000000000000000e+00,0.000000000000000000e+00,1.015228426395939007e-02,0.000000000000000000e+00,0.000000000000000000e+00,0.000000000000000000e+00,5.076142131979695035e-03,0.000000000000000000e+00,0.000000000000000000e+00,5.076142131979695035e-03,1.015228426395939007e-02,1.015228426395939007e-02,5.583756345177665059e-02,7.208121827411168026e-01,8.121827411167512056e-02,4.060913705583756028e-02,3.553299492385787045e-02
1.063829787234042527e-02,7.092198581560283516e-03,3.546099290780141758e-03,3.546099290780141758e-03,0.000000000000000000e+00,7.092198581560283516e-03,0.000000000000000000e+00,0.000000000000000000e+00,0.000000000000000000e+00,0.000000000000000000e+00,1.063829787234042527e-02,0.000000000000000000e+00,0.000000000000000000e+00,3.546099290780141758e-03,0.000000000000000000e+00,3.546099290780141758e-03,7.092198581560283516e-03,6.737588652482269513e-02,7.553191489361702482e-01,9.929078014184397616e-02,2.127659574468085055e-02
1.848739495798319352e-02,1.680672268907563126e-03,3.361344537815126252e-03,3.361344537815126252e-03,0.000000000000000000e+00,3.361344537815126252e-03,1.680672268907563126e-03,0.000000000000000000e+00,0.000000000000000000e+00,1.680672268907563126e-03,6.722689075630252503e-03,0.000000000000000000e+00,1.680672268907563126e-03,0.000000000000000000e+00,1.680672268907563126e-03,5.042016806722689377e-03,3.361344537815126252e-03,1.176470588235294101e-02,5.042016806722689204e-02,7.781512605042016917e-01,1.075630252100840401e-01
1.011952191235059723e-01,1.434262948207171325e-02,5.577689243027888870e-03,7.968127490039840933e-04,7.968127490039840933e-04,0.000000000000000000e+00,7.968127490039840933e-04,0.000000000000000000e+00,7.968127490039840933e-04,0.000000000000000000e+00,2.390438247011952063e-03,0.000000000000000000e+00,0.000000000000000000e+00,7.968127490039840933e-04,0.000000000000000000e+00,1.593625498007968187e-03,2.390438247011952063e-03,7.171314741035856623e-03,3.984063745019920250e-03,5.258964143426295146e-02,8.047808764940238557e-01
