3.846153846153846367e-01,3.717948717948718063e-01,1.410256410256410242e-01,7.692307692307692735e-02,0.000000000000000000e+00,1.282051282051282007e-02,0.000000000000000000e+00,0.000000000000000000e+00,1.282051282051282007e-02,0.000000000000000000e+00,0.000000000000000000e+00,0.000000000000000000e+00,0.000000000000000000e+00,0.000000000000000000e+00,0.000000000000000000e+00,0.000000000000000000e+00,0.000000000000000000e+00,0.000000000000000000e+00,0.000000000000000000e+00,0.000000000000000000e+00,0.000000000000000000e+00,0.000000000000000000e+00
2.332979851537645907e-02,7.380699893955461333e-01,1.739130434782608647e-01,4.453870625662778582e-02,1.272534464475079570e-02,2.120890774125132761e-03,1.060445387062566381e-03,0.000000000000000000e+00,1.060445387062566381e-03,0.000000000000000000e+00,0.000000000000000000e+00,0.000000000000000000e+00,0.000000000000000000e+00,0.000000000000000000e+00,0.000000000000000000e+00,0.000000000000000000e+00,0.000000000000000000e+00,0.000000000000000000e+00,0.000000000000000000e+00,0.000000000000000000e+00,0.000000000000000000e+00,3.181336161187698925e-03
3.672612801678908599e-03,7.082896117523609925e-02,7.712486883525708770e-01,1.463798530954879273e-01,4.721930745015740123e-03,5.246589716684155452e-04,0.000000000000000000e+00,0.000000000000000000e+00,0.000000000000000000e+00,0.000000000000000000e+00,5.246589716684155452e-04,5.246589716684155452e-04,0.000000000000000000e+00,0.000000000000000000e+00,0.000000000000000000e+00,0.000000000000000000e+00,0.000000000000000000e+00,5.246589716684155452e-04,0.000000000000000000e+00,0.000000000000000000e+00,0.000000000000000000e+00,1.049317943336831090e-03
1.278772378516624146e-03,1.960784313725490169e-02,8.610400682011935813e-02,8.064791133844841919e-01,6.777493606138107474e-02,1.150895140664961666e-02,8.525149190110826915e-04,8.525149190110826915e-04,4.262574595055413458e-04,4.262574595055413458e-04,1.278772378516624146e-03,0.000000000000000000e+00,0.000000000000000000e+00,4.262574595055413458e-04,4.262574595055413458e-04,4.262574595055413458e-04,0.000000000000000000e+00,0.000000000000000000e+00,4.262574595055413458e-04,4.262574595055413458e-04,0.000000000000000000e+00,1.278772378516624146e-03
2.604166666666666522e-03,1.302083333333333391e-02,3.385416666666666435e-02,1.653645833333333426e-01,6.875000000000000000e-01,6.510416666666667129e-02,7.812500000000000000e-03,3.906250000000000000e-03,0.000000000000000000e+00,5.208333333333333044e-03,0.000000000000000000e+00,2.604166666666666522e-03,1.302083333333333261e-03,0.000000000000000000e+00,0.000000000000000000e+00,0.000000000000000000e+00,0.000000000000000000e+00,0.000000000000000000e+00,0.000000000000000000e+00,0.000000000000000000e+00,0.000000000000000000e+00,1.171875000000000000e-02
8.403361344537814762e-03,0.000000000000000000e+00,2.941176470588235253e-02,1.134453781512605036e-01,1.890756302521008347e-01,5.168067226890756816e-01,8.403361344537815802e-02,1.680672268907562952e-02,4.201680672268907381e-03,8.403361344537814762e-03,4.201680672268907381e-03,0.000000000000000000e+00,4.201680672268907381e-03,0.000000000000000000e+00,4.201680672268907381e-03,4.201680672268907381e-03,0.000000000000000000e+00,0.000000000000000000e+00,4.201680672268907381e-03,0.000000000000000000e+00,0.000000000000000000e+00,8.403361344537814762e-03
0.000000000000000000e+00,0.000000000000000000e+00,0.000000000000000000e+00,8.333333333333332871e-02,3.571428571428571230e-02,1.666666666666666574e-01,4.642857142857143016e-01,1.428571428571428492e-01,3.571428571428571230e-02,2.380952380952380820e-02,1.190476190476190410e-02,0.000000000000000000e+00,0.000000000000000000e+00,0.000000000000000000e+00,0.000000000000000000e+00,0.000000000000000000e+00,1.190476190476190410e-02,1.190476190476190410e-02,0.000000000000000000e+00,0.000000000000000000e+00,0.000000000000000000e+00,1.190476190476190410e-02
2.000000000000000042e-02,2.000000000000000042e-02,2.000000000000000042e-02,5.999999999999999778e-02,8.000000000000000167e-02,5.999999999999999778e-02,1.400000000000000133e-01,2.800000000000000266e-01,1.600000000000000033e-01,2.000000000000000042e-02,2.000000000000000042e-02,2.000000000000000042e-02,0.000000000000000000e+00,2.000000000000000042e-02,0.000000000000000000e+00,4.000000000000000083e-02,0.000000000000000000e+00,0.000000000000000000e+00,0.000000000000000000e+00,0.000000000000000000e+00,2.000000000000000042e-02,2.000000000000000042e-02
0.000000000000000000e+00,0.000000000000000000e+00,2.439024390243902524e-02,2.439024390243902524e-02,7.317073170731706877e-02,9.756097560975610095e-02,7.317073170731706877e-02,9.756097560975610095e-02,3.658536585365853577e-01,4.878048780487805047e-02,4.878048780487805047e-02,7.317073170731706877e-02,2.439024390243902524e-02,0.000000000000000000e+00,0.000000000000000000e+00,0.000000000000000000e+00,0.000000000000000000e+00,0.000000000000000000e+00,0.000000000000000000e+00,0.000000000000000000e+00,0.000000000000000000e+00,4.878048780487805047e-02
3.333333333333333287e-02,0.000000000000000000e+00,0.000000000000000000e+00,3.333333333333333287e-02,6.666666666666666574e-02,1.000000000000000056e-01,3.333333333333333287e-02,6.666666666666666574e-02,1.000000000000000056e-01,2.999999999999999889e-01,6.666666666666666574e-02,3.333333333333333287e-02,0.000000000000000000e+00,0.000000000000000000e+00,0.000000000000000000e+00,0.000000000000000000e+00,0.000000000000000000e+00,3.333333333333333287e-02,0.000000000000000000e+00,3.333333333333333287e-02,3.333333333333333287e-02,6.666666666666666574e-02
0.000000000000000000e+00,0.000000000000000000e+00,0.000000000000000000e+00,5.882352941176470507e-02,5.882352941176470507e-02,5.882352941176470507e-02,5.882352941176470507e-02,2.941176470588235253e-02,5.882352941176470507e-02,8.823529411764706454e-02,4.117647058823529216e-01,1.176470588235294101e-01,2.941176470588235253e-02,0.000000000000000000e+00,0.000000000000000000e+00,0.000000000000000000e+00,0.000000000000000000e+00,0.000000000000000000e+00,0.000000000000000000e+00,0.000000000000000000e+00,0.000000000000000000e+00,2.941176470588235253e-02
0.000000000000000000e+00,0.000000000000000000e+00,0.000000000000000000e+00,0.000000000000000000e+00,6.666666666666666574e-02,3.333333333333333287e-02,3.333333333333333287e-02,3.333333333333333287e-02,3.333333333333333287e-02,6.666666666666666574e-02,1.333333333333333315e-01,3.333333333333333148e-01,1.333333333333333315e-01,1.000000000000000056e-01,0.000000000000000000e+00,0.000000000000000000e+00,0.000000000000000000e+00,0.000000000000000000e+00,0.000000000000000000e+00,0.000000000000000000e+00,0.000000000000000000e+00,3.333333333333333287e-02
0.000000000000000000e+00,0.000000000000000000e+00,0.000000000000000000e+00,2.631578947368420907e-02,2.631578947368420907e-02,2.631578947368420907e-02,0.000000000000000000e+00,0.000000000000000000e+00,0.000000000000000000e+00,0.000000000000000000e+00,2.631578947368420907e-02,1.578947368421052544e-01,5.789473684210526550e-01,7.894736842105262720e-02,2.631578947368420907e-02,0.000000000000000000e+00,0.000000000000000000e+00,0.000000000000000000e+00,0.000000000000000000e+00,2.631578947368420907e-02,0.000000000000000000e+00,2.631578947368420907e-02
0.000000000000000000e+00,0.000000000000000000e+00,0.000000000000000000e+00,5.000000000000000278e-02,0.000000000000000000e+00,5.000000000000000278e-02,5.000000000000000278e-02,0.000000000000000000e+00,1.499999999999999944e-01,0.000000000000000000e+00,5.000000000000000278e-02,1.000000000000000056e-01,5.000000000000000278e-02,2.999999999999999889e-01,1.000000000000000056e-01,0.000000000000000000e+00,0.000000000000000000e+00,0.000000000000000000e+00,5.000000000000000278e-02,0.000000000000000000e+00,0.000000000000000000e+00,5.000000000000000278e-02
0.000000000000000000e+00,0.000000000000000000e+00,5.882352941176470507e-02,0.000000000000000000e+00,5.882352941176470507e-02,0.000000000000000000e+00,0.000000000000000000e+00,5.882352941176470507e-02,0.000000000000000000e+00,0.000000000000000000e+00,5.882352941176470507e-02,0.000000000000000000e+00,0.000000000000000000e+00,1.764705882352941291e-01,3.529411764705882582e-01,5.882352941176470507e-02,5.882352941176470507e-02,5.882352941176470507e-02,0.000000000000000000e+00,0.000000000000000000e+00,0.000000000000000000e+00,5.882352941176470507e-02
0.000000000000000000e+00,0.000000000000000000e+00,0.000000000000000000e+00,0.000000000000000000e+00,0.000000000000000000e+00,1.000000000000000056e-01,0.000000000000000000e+00,0.000000000000000000e+00,0.000000000000000000e+00,0.000000000000000000e+00,0.000000000000000000e+00,0.000000000000000000e+00,0.000000000000000000e+00,0.000000000000000000e+00,2.999999999999999889e-01,2.999999999999999889e-01,1.000000000000000056e-01,0.000000000000000000e+00,0.000000000000000000e+00,0.000000000000000000e+00,0.000000000000000000e+00,2.000000000000000111e-01
0.000000000000000000e+00,0.000000000000000000e+00,0.000000000000000000e+00,0.000000000000000000e+00,0.000000000000000000e+00,1.000000000000000056e-01,0.000000000000000000e+00,0.000000000000000000e+00,0.000000000000000000e+00,0.000000000000000000e+00,1.000000000000000056e-01,1.000000000000000056e-01,0.000000000000000000e+00,0.000000000000000000e+00,1.000000000000000056e-01,0.000000000000000000e+00,2.999999999999999889e-01,1.000000000000000056e-01,0.000000000000000000e+00,0.000000000000000000e+00,0.000000000000000000e+00,2.000000000000000111e-01
0.000000000000000000e+00,0.000000000000000000e+00,0.000000000000000000e+00,0.000000000000000000e+00,0.000000000000000000e+00,0.000000000000000000e+00,1.666666666666666574e-01,0.000000000000000000e+00,0.000000000000000000e+00,1.666666666666666574e-01,0.000000000000000000e+00,0.000000000000000000e+00,1.666666666666666574e-01,0.000000000000000000e+00,0.000000000000000000e+00,3.333333333333333148e-01,0.000000000000000000e+00,0.000000000000000000e+00,0.000000000000000000e+00,1.666666666666666574e-01,0.000000000000000000e+00,0.000000000000000000e+00
0.000000000000000000e+00,0.000000000000000000e+00,0.000000000000000000e+00,2.500000000000000000e-01,0.000000000000000000e+00,0.000000000000000000e+00,0.000000000000000000e+00,0.000000000000000000e+00,2.500000000000000000e-01,0.000000000000000000e+00,0.000000000000000000e+00,0.000000000000000000e+00,0.000000000000000000e+00,0.000000000000000000e+00,0.000000000000000000e+00,0.000000000000000000e+00,0.000000000000000000e+00,0.000000000000000000e+00,0.000000000000000000e+00,2.500000000000000000e-01,0.000000000000000000e+00,2.500000000000000000e-01
0.000000000000000000e+00,0.000000000000000000e+00,0.000000000000000000e+00,2.000000000000000111e-01,0.000000000000000000e+00,2.000000000000000111e-01,0.000000000000000000e+00,0.000000000000000000e+00,0.000000000000000000e+00,0.000000000000000000e+00,0.000000000000000000e+00,0.000000000000000000e+00,0.000000000000000000e+00,0.000000000000000000e+00,0.000000000000000000e+00,0.000000000000000000e+00,0.000000000000000000e+00,2.000000000000000111e-01,0.000000000000000000e+00,0.000000000000000000e+00,0.000000000000000000e+00,4.000000000000000222e-01
0.000000000000000000e+00,0.000000000000000000e+00,0.000000000000000000e+00,0.000000000000000000e+00,0.000000000000000000e+00,0.000000000000000000e+00,0.000000000000000000e+00,0.000000000000000000e+00,1.428571428571428492e-01,1.428571428571428492e-01,0.000000000000000000e+00,0.000000000000000000e+00,0.000000000000000000e+00,0.000000000000000000e+00,0.000000000000000000e+00,0.000000000000000000e+00,1.428571428571428492e-01,0.000000000000000000e+00,0.000000000000000000e+00,0.000000000000000000e+00,1.428571428571428492e-01,4.285714285714285476e-01
0.000000000000000000e+00,0.000000000000000000e+00,0.000000000000000000e+00,6.410256410256409687e-02,7.692307692307692735e-02,2.564102564102564014e-02,0.000000000000000000e+00,3.846153846153846367e-02,5.128205128205128027e-02,3.846153846153846367e-02,1.282051282051282007e-02,0.000000000000000000e+00,0.000000000000000000e+00,2.564102564102564014e-02,1.282051282051282007e-02,1.282051282051282007e-02,5.128205128205128027e-02,0.000000000000000000e+00,1.282051282051282007e-02,0.000000000000000000e+00,5.128205128205128027e-02,5.256410256410256610e-01
