7.575757575757575690e-01,9.090909090909091161e-02,6.060606060606060774e-02,0.000000000000000000e+00,0.000000000000000000e+00,3.030303030303030387e-02,0.000000000000000000e+00,0.000000000000000000e+00,3.030303030303030387e-02,0.000000000000000000e+00,3.030303030303030387e-02,0.000000000000000000e+00,0.000000000000000000e+00,0.000000000000000000e+00,0.000000000000000000e+00,0.000000000000000000e+00,0.000000000000000000e+00,0.000000000000000000e+00,0.000000000000000000e+00,0.000000000000000000e+00,0.000000000000000000e+00,0.000000000000000000e+00
7.142857142857142461e-02,6.785714285714286031e-01,1.428571428571428492e-01,0.000000000000000000e+00,3.571428571428571230e-02,0.000000000000000000e+00,0.000000000000000000e+00,0.000000000000000000e+00,0.000000000000000000e+00,3.571428571428571230e-02,3.571428571428571230e-02,0.000000000000000000e+00,0.000000000000000000e+00,0.000000000000000000e+00,0.000000000000000000e+00,0.000000000000000000e+00,0.000000000000000000e+00,0.000000000000000000e+00,0.000000000000000000e+00,0.000000000000000000e+00,0.000000000000000000e+00,0.000000000000000000e+00
2.631578947368420907e-02,5.263157894736841813e-02,6.052631578947368363e-01,1.315789473684210453e-01,0.000000000000000000e+00,0.000000000000000000e+00,7.894736842105262720e-02,0.000000000000000000e+00,2.631578947368420907e-02,2.631578947368420907e-02,2.631578947368420907e-02,0.000000000000000000e+00,0.000000000000000000e+00,0.000000000000000000e+00,0.000000000000000000e+00,2.631578947368420907e-02,0.000000000000000000e+00,0.000000000000000000e+00,0.000000000000000000e+00,0.000000000000000000e+00,0.000000000000000000e+00,0.000000000000000000e+00
2.439024390243902524e-02,0.000000000000000000e+00,7.317073170731706877e-02,4.390243902439024404e-01,9.756097560975610095e-02,2.439024390243902524e-02,9.756097560975610095e-02,4.878048780487805047e-02,9.756097560975610095e-02,2.439024390243902524e-02,2.439024390243902524e-02,0.000000000000000000e+00,2.439024390243902524e-02,0.000000000000000000e+00,0.000000000000000000e+00,0.000000000000000000e+00,0.000000000000000000e+00,0.000000000000000000e+00,0.000000000000000000e+00,0.000000000000000000e+00,0.000000000000000000e+00,2.439024390243902524e-02
0.000000000000000000e+00,0.000000000000000000e+00,0.000000000000000000e+00,2.531645569620253125e-02,5.949367088607594445e-01,8.860759493670886111e-02,1.012658227848101250e-01,5.063291139240506250e-02,1.265822784810126563e-02,3.797468354430379861e-02,1.265822784810126563e-02,0.000000000000000000e+00,1.265822784810126563e-02,2.531645569620253125e-02,0.000000000000000000e+00,0.000000000000000000e+00,2.531645569620253125e-02,0.000000000000000000e+00,0.000000000000000000e+00,0.000000000000000000e+00,0.000000000000000000e+00,1.265822784810126563e-02
0.000000000000000000e+00,9.009009009009008931e-03,0.000000000000000000e+00,9.009009009009008931e-03,5.405405405405405705e-02,7.117117117117116587e-01,6.306306306306305731e-02,2.702702702702702853e-02,6.306306306306305731e-02,3.603603603603603572e-02,9.009009009009008931e-03,0.000000000000000000e+00,9.009009009009008931e-03,0.000000000000000000e+00,0.000000000000000000e+00,9.009009009009008931e-03,0.000000000000000000e+00,0.000000000000000000e+00,0.000000000000000000e+00,0.000000000000000000e+00,0.000000000000000000e+00,0.000000000000000000e+00
0.000000000000000000e+00,0.000000000000000000e+00,4.255319148936170283e-03,1.276595744680850998e-02,1.702127659574468113e-02,3.404255319148936226e-02,6.510638297872340940e-01,1.361702127659574491e-01,5.531914893617020934e-02,3.829787234042553168e-02,1.276595744680850998e-02,1.702127659574468113e-02,4.255319148936170283e-03,8.510638297872340566e-03,0.000000000000000000e+00,0.000000000000000000e+00,0.000000000000000000e+00,0.000000000000000000e+00,4.255319148936170283e-03,0.000000000000000000e+00,0.000000000000000000e+00,4.255319148936170283e-03
2.666666666666666578e-03,2.666666666666666578e-03,2.666666666666666578e-03,2.666666666666666578e-03,2.666666666666666578e-03,8.000000000000000167e-03,5.333333333333333676e-02,6.373333333333333073e-01,1.759999999999999898e-01,3.733333333333333642e-02,3.466666666666666508e-02,1.066666666666666631e-02,1.066666666666666631e-02,0.000000000000000000e+00,2.666666666666666578e-03,2.666666666666666578e-03,2.666666666666666578e-03,0.000000000000000000e+00,0.000000000000000000e+00,2.666666666666666578e-03,2.666666666666666578e-03,5.333333333333333155e-03
0.000000000000000000e+00,0.000000000000000000e+00,0.000000000000000000e+00,2.386634844868735193e-03,1.193317422434367597e-03,7.159904534606205580e-03,1.551312649164677746e-02,4.773269689737470040e-02,6.968973747016706799e-01,1.563245823389021461e-01,2.983293556085918688e-02,1.789976133651551352e-02,8.353221957040572743e-03,3.579952267303102790e-03,0.000000000000000000e+00,2.386634844868735193e-03,0.000000000000000000e+00,0.000000000000000000e+00,0.000000000000000000e+00,0.000000000000000000e+00,1.193317422434367597e-03,9.546539379474940773e-03
0.000000000000000000e+00,0.000000000000000000e+00,0.000000000000000000e+00,1.336898395721925056e-03,3.342245989304812748e-03,2.673796791443850112e-03,4.679144385026737588e-03,1.537433155080213977e-02,5.013368983957219166e-02,7.366310160427806952e-01,1.410427807486631102e-01,2.339572192513368967e-02,6.016042780748662860e-03,4.679144385026737588e-03,2.005347593582887909e-03,2.673796791443850112e-03,0.000000000000000000e+00,0.000000000000000000e+00,6.684491978609625280e-04,6.684491978609625280e-04,0.000000000000000000e+00,4.679144385026737588e-03
0.000000000000000000e+00,0.000000000000000000e+00,0.000000000000000000e+00,1.227747084100675162e-03,6.138735420503375808e-04,1.841620626151012959e-03,1.227747084100675162e-03,6.752608962553714039e-03,1.841620626151013046e-02,9.515039901780233955e-02,7.292817679558011301e-01,9.392265193370165355e-02,2.762430939226519222e-02,8.594229588704727432e-03,4.910988336402700646e-03,2.455494168201350323e-03,0.000000000000000000e+00,1.841620626151012959e-03,6.138735420503375808e-04,0.000000000000000000e+00,0.000000000000000000e+00,5.524861878453038444e-03
0.000000000000000000e+00,0.000000000000000000e+00,0.000000000000000000e+00,0.000000000000000000e+00,1.317523056653491492e-03,2.635046113306982983e-03,2.635046113306982983e-03,7.905138339920948082e-03,1.581027667984189616e-02,3.030303030303030387e-02,1.383399209486166070e-01,6.139657444005269804e-01,1.093544137022397916e-01,3.030303030303030387e-02,1.976284584980237194e-02,5.270092226613965966e-03,2.635046113306982983e-03,3.952569169960474041e-03,3.952569169960474041e-03,1.317523056653491492e-03,1.317523056653491492e-03,9.222661396574440007e-03
0.000000000000000000e+00,2.710027100271002708e-03,0.000000000000000000e+00,0.000000000000000000e+00,8.130081300813008990e-03,2.710027100271002708e-03,5.420054200542005415e-03,0.000000000000000000e+00,2.439024390243902524e-02,3.523035230352303260e-02,1.165311653116531121e-01,1.436314363143631478e-01,4.200542005420054292e-01,1.273712737127371264e-01,3.794037940379403617e-02,1.626016260162601798e-02,1.084010840108401083e-02,5.420054200542005415e-03,2.710027100271002708e-03,8.130081300813008990e-03,8.130081300813008990e-03,2.439024390243902524e-02
0.000000000000000000e+00,0.000000000000000000e+00,0.000000000000000000e+00,0.000000000000000000e+00,8.230452674897120041e-03,4.115226337448560021e-03,0.000000000000000000e+00,4.115226337448560021e-03,2.057613168724279837e-02,4.938271604938271331e-02,7.818930041152263866e-02,9.876543209876542662e-02,1.111111111111111049e-01,4.650205761316872355e-01,5.761316872427983682e-02,2.880658436213991841e-02,2.880658436213991841e-02,0.000000000000000000e+00,4.115226337448560021e-03,8.230452674897120041e-03,0.000000000000000000e+00,3.292181069958848016e-02
0.000000000000000000e+00,0.000000000000000000e+00,0.000000000000000000e+00,0.000000000000000000e+00,0.000000000000000000e+00,0.000000000000000000e+00,0.000000000000000000e+00,0.000000000000000000e+00,8.064516129032257841e-03,2.419354838709677352e-02,7.258064516129032751e-02,7.258064516129032751e-02,7.258064516129032751e-02,1.290322580645161255e-01,3.870967741935483764e-01,9.677419354838709409e-02,3.225806451612903136e-02,8.064516129032257841e-03,0.000000000000000000e+00,2.419354838709677352e-02,8.064516129032257841e-03,6.451612903225806273e-02
0.000000000000000000e+00,0.000000000000000000e+00,0.000000000000000000e+00,0.000000000000000000e+00,1.694915254237288130e-02,0.000000000000000000e+00,0.000000000000000000e+00,3.389830508474576259e-02,0.000000000000000000e+00,3.389830508474576259e-02,5.084745762711864736e-02,5.084745762711864736e-02,6.779661016949152519e-02,8.474576271186440302e-02,2.203389830508474534e-01,8.474576271186440302e-02,6.779661016949152519e-02,6.779661016949152519e-02,5.084745762711864736e-02,0.000000000000000000e+00,3.389830508474576259e-02,1.355932203389830504e-01
0.000000000000000000e+00,0.000000000000000000e+00,0.000000000000000000e+00,0.000000000000000000e+00,0.000000000000000000e+00,0.000000000000000000e+00,0.000000000000000000e+00,3.448275862068965469e-02,0.000000000000000000e+00,0.000000000000000000e+00,3.448275862068965469e-02,6.896551724137930939e-02,6.896551724137930939e-02,1.379310344827586188e-01,1.724137931034482873e-01,6.896551724137930939e-02,1.724137931034482873e-01,3.448275862068965469e-02,3.448275862068965469e-02,0.000000000000000000e+00,0.000000000000000000e+00,1.724137931034482873e-01
0.000000000000000000e+00,0.000000000000000000e+00,0.000000000000000000e+00,0.000000000000000000e+00,0.000000000000000000e+00,0.000000000000000000e+00,4.166666666666666435e-02,0.000000000000000000e+00,0.000000000000000000e+00,1.250000000000000000e-01,0.000000000000000000e+00,1.250000000000000000e-01,0.000000000000000000e+00,0.000000000000000000e+00,4.166666666666666435e-02,8.333333333333332871e-02,1.250000000000000000e-01,2.083333333333333426e-01,4.166666666666666435e-02,0.000000000000000000e+00,0.000000000000000000e+00,2.083333333333333426e-01
0.000000000000000000e+00,0.000000000000000000e+00,0.000000000000000000e+00,0.000000000000000000e+00,0.000000000000000000e+00,0.000000000000000000e+00,0.000000000000000000e+00,0.000000000000000000e+00,9.090909090909091161e-02,4.545454545454545581e-02,9.090909090909091161e-02,4.545454545454545581e-02,1.363636363636363535e-01,4.545454545454545581e-02,0.000000000000000000e+00,4.545454545454545581e-02,0.000000000000000000e+00,0.000000000000000000e+00,2.272727272727272652e-01,0.000000000000000000e+00,0.000000000000000000e+00,2.727272727272727071e-01
0.000000000000000000e+00,0.000000000000000000e+00,0.000000000000000000e+00,0.000000000000000000e+00,0.000000000000000000e+00,0.000000000000000000e+00,0.000000000000000000e+00,0.000000000000000000e+00,0.000000000000000000e+00,4.761904761904761640e-02,4.761904761904761640e-02,9.523809523809523281e-02,4.761904761904761640e-02,9.523809523809523281e-02,4.761904761904761640e-02,4.761904761904761640e-02,0.000000000000000000e+00,0.000000000000000000e+00,9.523809523809523281e-02,1.904761904761904656e-01,9.523809523809523281e-02,1.904761904761904656e-01
0.000000000000000000e+00,0.000000000000000000e+00,0.000000000000000000e+00,0.000000000000000000e+00,0.000000000000000000e+00,0.000000000000000000e+00,0.000000000000000000e+00,0.000000000000000000e+00,5.000000000000000278e-02,5.000000000000000278e-02,0.000000000000000000e+00,5.000000000000000278e-02,5.000000000000000278e-02,0.000000000000000000e+00,1.000000000000000056e-01,0.000000000000000000e+00,5.000000000000000278e-02,0.000000000000000000e+00,5.000000000000000278e-02,1.499999999999999944e-01,2.000000000000000111e-01,2.500000000000000000e-01
0.000000000000000000e+00,0.000000000000000000e+00,0.000000000000000000e+00,0.000000000000000000e+00,0.000000000000000000e+00,0.000000000000000000e+00,5.882352941176470507e-03,5.882352941176470507e-03,2.941176470588235253e-02,9.411764705882352811e-02,5.294117647058823456e-02,5.294117647058823456e-02,5.882352941176470507e-02,8.235294117647058709e-02,2.352941176470588203e-02,2.941176470588235253e-02,1.176470588235294101e-02,3.529411764705882304e-02,2.941176470588235253e-02,5.294117647058823456e-02,2.941176470588235253e-02,4.058823529411764719e-01
