6.758530183727033958e-01,1.548556430446194343e-01,2.296587926509186320e-02,1.115485564304461927e-02,3.280839895013123314e-03,1.968503937007873988e-03,1.312335958005249326e-03,1.312335958005249326e-03,0.000000000000000000e+00,0.000000000000000000e+00,6.561679790026246628e-04,2.624671916010498651e-03,0.000000000000000000e+00,6.561679790026246628e-04,1.968503937007873988e-03,6.561679790026246628e-04,1.968503937007873988e-03,5.905511811023621965e-03,1.706036745406824123e-02,2.559055118110236185e-02,7.020997375328083545e-02
1.076923076923076983e-01,6.775919732441471055e-01,1.043478260869565161e-01,1.605351170568561706e-02,6.020066889632106830e-03,3.344481605351170509e-03,0.000000000000000000e+00,0.000000000000000000e+00,0.000000000000000000e+00,0.000000000000000000e+00,1.337792642140468160e-03,0.000000000000000000e+00,0.000000000000000000e+00,0.000000000000000000e+00,1.337792642140468160e-03,2.006688963210702132e-03,4.682274247491638453e-03,6.688963210702341018e-03,7.357859531772575207e-03,2.207357859531772562e-02,3.946488294314381279e-02
5.142857142857142766e-02,1.280000000000000027e-01,6.354285714285714537e-01,9.600000000000000200e-02,6.857142857142856790e-03,4.571428571428571772e-03,1.142857142857142943e-03,1.142857142857142943e-03,0.000000000000000000e+00,0.000000000000000000e+00,1.142857142857142943e-03,0.000000000000000000e+00,0.000000000000000000e+00,1.142857142857142943e-03,1.142857142857142943e-03,4.571428571428571772e-03,4.571428571428571772e-03,2.285714285714285886e-03,1.828571428571428709e-02,1.257142857142857194e-02,2.971428571428571391e-02
5.347593582887700397e-02,6.684491978609626017e-02,1.363636363636363535e-01,4.893048128342246117e-01,8.823529411764706454e-02,1.871657754010695035e-02,1.336898395721925099e-02,2.673796791443850112e-03,0.000000000000000000e+00,2.673796791443850112e-03,2.673796791443850112e-03,2.673796791443850112e-03,5.347593582887700224e-03,2.673796791443850112e-03,2.673796791443850112e-03,5.347593582887700224e-03,1.871657754010695035e-02,2.673796791443850112e-03,2.673796791443850112e-03,2.139037433155080090e-02,6.149732620320855908e-02
4.827586206896551657e-02,2.068965517241379282e-02,6.206896551724137845e-02,1.310344827586207017e-01,4.413793103448275801e-01,1.586206896551724255e-01,2.068965517241379282e-02,0.000000000000000000e+00,0.000000000000000000e+00,1.379310344827586188e-02,6.896551724137930939e-03,0.000000000000000000e+00,0.000000000000000000e+00,6.896551724137930939e-03,6.896551724137930939e-03,0.000000000000000000e+00,0.000000000000000000e+00,6.896551724137930939e-03,6.896551724137930939e-03,2.068965517241379282e-02,4.827586206896551657e-02
5.319148936170212810e-02,4.255319148936170109e-02,6.382978723404254817e-02,9.574468085106382920e-02,1.914893617021276584e-01,3.617021276595744905e-01,5.319148936170212810e-02,1.063829787234042527e-02,0.000000000000000000e+00,0.000000000000000000e+00,6.382978723404254817e-02,0.000000000000000000e+00,0.000000000000000000e+00,0.000000000000000000e+00,1.063829787234042527e-02,0.000000000000000000e+00,0.000000000000000000e+00,0.000000000000000000e+00,1.063829787234042527e-02,1.063829787234042527e-02,3.191489361702127409e-02
3.846153846153846367e-02,1.923076923076923184e-02,7.692307692307692735e-02,5.769230769230769551e-02,1.923076923076923184e-02,1.346153846153846090e-01,3.461538461538461453e-01,3.846153846153846367e-02,9.615384615384615918e-02,5.769230769230769551e-02,3.846153846153846367e-02,0.000000000000000000e+00,0.000000000000000000e+00,0.000000000000000000e+00,0.000000000000000000e+00,0.000000000000000000e+00,0.000000000000000000e+00,1.923076923076923184e-02,1.923076923076923184e-02,1.923076923076923184e-02,1.923076923076923184e-02
5.263157894736841813e-02,5.263157894736841813e-02,0.000000000000000000e+00,5.263157894736841813e-02,0.000000000000000000e+00,5.263157894736841813e-02,1.052631578947368363e-01,3.157894736842105088e-01,2.105263157894736725e-01,5.263157894736841813e-02,1.052631578947368363e-01,0.000000000000000000e+00,0.000000000000000000e+00,0.000000000000000000e+00,0.000000000000000000e+00,0.000000000000000000e+00,0.000000000000000000e+00,0.000000000000000000e+00,0.000000000000000000e+00,0.000000000000000000e+00,0.000000000000000000e+00
4.347826086956521618e-02,4.347826086956521618e-02,8.695652173913043237e-02,8.695652173913043237e-02,0.000000000000000000e+00,4.347826086956521618e-02,1.739130434782608647e-01,0.000000000000000000e+00,3.913043478260869734e-01,0.000000000000000000e+00,1.304347826086956486e-01,0.000000000000000000e+00,0.000000000000000000e+00,0.000000000000000000e+00,0.000000000000000000e+00,0.000000000000000000e+00,0.000000000000000000e+00,0.000000000000000000e+00,0.000000000000000000e+00,0.000000000000000000e+00,0.000000000000000000e+00
0.000000000000000000e+00,9.090909090909091161e-02,0.000000000000000000e+00,9.090909090909091161e-02,0.000000000000000000e+00,0.000000000000000000e+00,3.636363636363636465e-01,0.000000000000000000e+00,9.090909090909091161e-02,2.727272727272727071e-01,9.090909090909091161e-02,0.000000000000000000e+00,0.000000000000000000e+00,0.000000000000000000e+00,0.000000000000000000e+00,0.000000000000000000e+00,0.000000000000000000e+00,0.000000000000000000e+00,0.000000000000000000e+00,0.000000000000000000e+00,0.000000000000000000e+00
4.918032786885245811e-02,0.000000000000000000e+00,3.278688524590164105e-02,3.278688524590164105e-02,1.639344262295082053e-02,3.278688524590164105e-02,8.196721311475409222e-02,4.918032786885245811e-02,1.639344262295082053e-02,1.639344262295082053e-02,5.901639344262294973e-01,1.639344262295082053e-02,0.000000000000000000e+00,0.000000000000000000e+00,0.000000000000000000e+00,1.639344262295082053e-02,0.000000000000000000e+00,0.000000000000000000e+00,0.000000000000000000e+00,3.278688524590164105e-02,1.639344262295082053e-02
0.000000000000000000e+00,0.000000000000000000e+00,0.000000000000000000e+00,0.000000000000000000e+00,0.000000000000000000e+00,0.000000000000000000e+00,0.000000000000000000e+00,0.000000000000000000e+00,0.000000000000000000e+00,0.000000000000000000e+00,0.000000000000000000e+00,5.806451612903226200e-01,1.290322580645161255e-01,3.225806451612903136e-02,3.225806451612903136e-02,6.451612903225806273e-02,9.677419354838709409e-02,0.000000000000000000e+00,3.225806451612903136e-02,3.225806451612903136e-02,0.000000000000000000e+00
0.000000000000000000e+00,0.000000000000000000e+00,0.000000000000000000e+00,0.000000000000000000e+00,0.000000000000000000e+00,0.000000000000000000e+00,0.000000000000000000e+00,0.000000000000000000e+00,0.000000000000000000e+00,0.000000000000000000e+00,0.000000000000000000e+00,2.999999999999999889e-01,2.000000000000000111e-01,2.000000000000000111e-01,2.000000000000000111e-01,0.000000000000000000e+00,0.000000000000000000e+00,0.000000000000000000e+00,0.000000000000000000e+00,1.000000000000000056e-01,0.000000000000000000e+00
0.000000000000000000e+00,0.000000000000000000e+00,0.000000000000000000e+00,0.000000000000000000e+00,0.000000000000000000e+00,0.000000000000000000e+00,0.000000000000000000e+00,0.000000000000000000e+00,0.000000000000000000e+00,0.000000000000000000e+00,0.000000000000000000e+00,1.111111111111111049e-01,1.111111111111111049e-01,4.444444444444444198e-01,1.111111111111111049e-01,5.555555555555555247e-02,0.000000000000000000e+00,5.555555555555555247e-02,0.000000000000000000e+00,5.555555555555555247e-02,5.555555555555555247e-02
0.000000000000000000e+00,4.545454545454545581e-02,0.000000000000000000e+00,0.000000000000000000e+00,0.000000000000000000e+00,0.000000000000000000e+00,0.000000000000000000e+00,0.000000000000000000e+00,0.000000000000000000e+00,0.000000000000000000e+00,0.000000000000000000e+00,0.000000000000000000e+00,4.545454545454545581e-02,9.090909090909091161e-02,4.545454545454545303e-01,1.818181818181818232e-01,4.545454545454545581e-02,0.000000000000000000e+00,9.090909090909091161e-02,4.545454545454545581e-02,0.000000000000000000e+00
3.448275862068965469e-02,0.000000000000000000e+00,0.000000000000000000e+00,0.000000000000000000e+00,0.000000000000000000e+00,0.000000000000000000e+00,0.000000000000000000e+00,0.000000000000000000e+00,0.000000000000000000e+00,0.000000000000000000e+00,0.000000000000000000e+00,0.000000000000000000e+00,3.448275862068965469e-02,0.000000000000000000e+00,6.896551724137930939e-02,4.482758620689655249e-01,1.379310344827586188e-01,6.896551724137930939e-02,3.448275862068965469e-02,1.034482758620689641e-01,6.896551724137930939e-02
6.557377049180328210e-02,0.000000000000000000e+00,1.639344262295082053e-02,0.000000000000000000e+00,0.000000000000000000e+00,0.000000000000000000e+00,0.000000000000000000e+00,0.000000000000000000e+00,0.000000000000000000e+00,0.000000000000000000e+00,0.000000000000000000e+00,3.278688524590164105e-02,0.000000000000000000e+00,1.639344262295082053e-02,1.639344262295082053e-02,0.000000000000000000e+00,5.245901639344262568e-01,1.475409836065573743e-01,8.196721311475409222e-02,4.918032786885245811e-02,4.918032786885245811e-02
9.090909090909091161e-02,1.298701298701298787e-02,5.194805194805195148e-02,0.000000000000000000e+00,1.298701298701298787e-02,0.000000000000000000e+00,0.000000000000000000e+00,0.000000000000000000e+00,0.000000000000000000e+00,0.000000000000000000e+00,0.000000000000000000e+00,2.597402597402597574e-02,0.000000000000000000e+00,1.298701298701298787e-02,2.597402597402597574e-02,1.298701298701298787e-02,3.896103896103896014e-02,3.116883116883116811e-01,1.688311688311688319e-01,1.428571428571428492e-01,9.090909090909091161e-02
6.405693950177936136e-02,2.491103202846975048e-02,1.779359430604982376e-02,0.000000000000000000e+00,7.117437722419928461e-03,3.558718861209964231e-03,7.117437722419928461e-03,0.000000000000000000e+00,3.558718861209964231e-03,0.000000000000000000e+00,3.558718861209964231e-03,3.558718861209964231e-03,0.000000000000000000e+00,0.000000000000000000e+00,3.558718861209964231e-03,0.000000000000000000e+00,3.558718861209964231e-03,1.067615658362989356e-02,6.298932384341636714e-01,1.387900355871886093e-01,7.829181494661921481e-02
8.501118568232662875e-02,6.487695749440715309e-02,2.237136465324384912e-02,4.474272930648769478e-03,4.474272930648769478e-03,0.000000000000000000e+00,2.237136465324384739e-03,0.000000000000000000e+00,0.000000000000000000e+00,0.000000000000000000e+00,2.237136465324384739e-03,0.000000000000000000e+00,2.237136465324384739e-03,2.237136465324384739e-03,2.237136465324384739e-03,4.474272930648769478e-03,8.948545861297538956e-03,2.237136465324384912e-02,4.697986577181208212e-02,5.391498881431767698e-01,1.856823266219239377e-01
1.471663619744058571e-01,4.936014625228519331e-02,1.919561243144424223e-02,1.096892138939670885e-02,4.570383912248628978e-03,3.656307129798903096e-03,1.828153564899451548e-03,0.000000000000000000e+00,0.000000000000000000e+00,0.000000000000000000e+00,0.000000000000000000e+00,9.140767824497257740e-04,0.000000000000000000e+00,0.000000000000000000e+00,0.000000000000000000e+00,3.656307129798903096e-03,5.484460694698354427e-03,8.226691042047531641e-03,2.102376599634369139e-02,4.204753199268738278e-02,6.819012797074954779e-01
