6.666666666666666297e-01,0.000000000000000000e+00,0.000000000000000000e+00,0.000000000000000000e+00,0.000000000000000000e+00,0.000000000000000000e+00,6.666666666666666574e-02,6.666666666666666574e-02,1.333333333333333315e-01,0.000000000000000000e+00,6.666666666666666574e-02,0.000000000000000000e+00,0.000000000000000000e+00,0.000000000000000000e+00,0.000000000000000000e+00,0.000000000000000000e+00,0.000000000000000000e+00,0.000000000000000000e+00,0.000000000000000000e+00,0.000000000000000000e+00,0.000000000000000000e+00,0.000000000000000000e+00
0.000000000000000000e+00,0.000000000000000000e+00,0.000000000000000000e+00,0.000000000000000000e+00,0.000000000000000000e+00,0.000000000000000000e+00,0.000000000000000000e+00,0.000000000000000000e+00,0.000000000000000000e+00,0.000000000000000000e+00,0.000000000000000000e+00,0.000000000000000000e+00,0.000000000000000000e+00,0.000000000000000000e+00,0.000000000000000000e+00,0.000000000000000000e+00,0.000000000000000000e+00,0.000000000000000000e+00,0.000000000000000000e+00,0.000000000000000000e+00,0.000000000000000000e+00,0.000000000000000000e+00
0.000000000000000000e+00,0.000000000000000000e+00,0.000000000000000000e+00,5.000000000000000000e-01,0.000000000000000000e+00,0.000000000000000000e+00,0.000000000000000000e+00,0.000000000000000000e+00,0.000000000000000000e+00,5.000000000000000000e-01,0.000000000000000000e+00,0.000000000000000000e+00,0.000000000000000000e+00,0.000000000000000000e+00,0.000000000000000000e+00,0.000000000000000000e+00,0.000000000000000000e+00,0.000000000000000000e+00,0.000000000000000000e+00,0.000000000000000000e+00,0.000000000000000000e+00,0.000000000000000000e+00
0.000000000000000000e+00,0.000000000000000000e+00,1.250000000000000000e-01,1.250000000000000000e-01,0.000000000000000000e+00,1.250000000000000000e-01,2.500000000000000000e-01,0.000000000000000000e+00,0.000000000000000000e+00,2.500000000000000000e-01,1.250000000000000000e-01,0.000000000000000000e+00,0.000000000000000000e+00,0.000000000000000000e+00,0.000000000000000000e+00,0.000000000000000000e+00,0.000000000000000000e+00,0.000000000000000000e+00,0.000000000000000000e+00,0.000000000000000000e+00,0.000000000000000000e+00,0.000000000000000000e+00
0.000000000000000000e+00,0.000000000000000000e+00,0.000000000000000000e+00,0.000000000000000000e+00,3.750000000000000000e-01,1.250000000000000000e-01,6.250000000000000000e-02,6.250000000000000000e-02,1.250000000000000000e-01,1.250000000000000000e-01,0.000000000000000000e+00,1.250000000000000000e-01,0.000000000000000000e+00,0.000000000000000000e+00,0.000000000000000000e+00,0.000000000000000000e+00,0.000000000000000000e+00,0.000000000000000000e+00,0.000000000000000000e+00,0.000000000000000000e+00,0.000000000000000000e+00,0.000000000000000000e+00
0.000000000000000000e+00,0.000000000000000000e+00,0.000000000000000000e+00,6.250000000000000000e-02,6.250000000000000000e-02,1.875000000000000000e-01,1.250000000000000000e-01,0.000000000000000000e+00,1.875000000000000000e-01,1.875000000000000000e-01,6.250000000000000000e-02,6.250000000000000000e-02,0.000000000000000000e+00,0.000000000000000000e+00,0.000000000000000000e+00,0.000000000000000000e+00,0.000000000000000000e+00,6.250000000000000000e-02,0.000000000000000000e+00,0.000000000000000000e+00,0.000000000000000000e+00,0.000000000000000000e+00
0.000000000000000000e+00,0.000000000000000000e+00,0.000000000000000000e+00,0.000000000000000000e+00,1.041666666666666609e-02,1.041666666666666609e-02,5.833333333333333703e-01,8.333333333333332871e-02,9.375000000000000000e-02,8.333333333333332871e-02,9.375000000000000000e-02,1.041666666666666609e-02,2.083333333333333218e-02,1.041666666666666609e-02,0.000000000000000000e+00,0.000000000000000000e+00,0.000000000000000000e+00,0.000000000000000000e+00,0.000000000000000000e+00,0.000000000000000000e+00,0.000000000000000000e+00,0.000000000000000000e+00
6.289308176100629269e-03,0.000000000000000000e+00,0.000000000000000000e+00,0.000000000000000000e+00,0.000000000000000000e+00,6.289308176100629269e-03,3.773584905660377214e-02,6.792452830188678847e-01,5.031446540880503415e-02,7.547169811320754429e-02,6.289308176100628922e-02,1.886792452830188607e-02,3.144654088050314461e-02,1.257861635220125854e-02,1.257861635220125854e-02,0.000000000000000000e+00,0.000000000000000000e+00,6.289308176100629269e-03,0.000000000000000000e+00,0.000000000000000000e+00,0.000000000000000000e+00,0.000000000000000000e+00
2.283105022831050102e-03,0.000000000000000000e+00,0.000000000000000000e+00,2.283105022831050102e-03,4.566210045662100203e-03,6.849315068493150305e-03,9.132420091324200406e-03,2.739726027397260122e-02,6.940639269406392309e-01,1.187214611872146053e-01,4.566210045662100203e-02,6.164383561643835274e-02,1.826484018264840081e-02,2.283105022831050102e-03,0.000000000000000000e+00,0.000000000000000000e+00,0.000000000000000000e+00,2.283105022831050102e-03,0.000000000000000000e+00,0.000000000000000000e+00,2.283105022831050102e-03,2.283105022831050102e-03
0.000000000000000000e+00,0.000000000000000000e+00,0.000000000000000000e+00,1.009081735620585276e-03,1.009081735620585276e-03,2.018163471241170553e-03,7.063572149344096718e-03,1.109989909182643869e-02,3.935418768920282556e-02,7.336024217961655269e-01,9.889001009081735405e-02,4.843592330978808980e-02,3.128153380423814162e-02,1.715438950554994818e-02,4.036326942482341106e-03,4.036326942482341106e-03,0.000000000000000000e+00,0.000000000000000000e+00,0.000000000000000000e+00,1.009081735620585276e-03,0.000000000000000000e+00,0.000000000000000000e+00
1.993355481727574537e-03,0.000000000000000000e+00,6.644518272425249542e-04,1.328903654485049908e-03,1.328903654485049908e-03,1.993355481727574537e-03,4.651162790697674354e-03,5.980066445182724046e-03,1.727574750830564859e-02,5.315614617940199460e-02,7.534883720930232176e-01,1.202657807308970123e-01,2.325581395348837177e-02,8.637873754152824296e-03,2.657807308970099817e-03,6.644518272425249542e-04,2.657807308970099817e-03,0.000000000000000000e+00,0.000000000000000000e+00,0.000000000000000000e+00,0.000000000000000000e+00,0.000000000000000000e+00
0.000000000000000000e+00,0.000000000000000000e+00,5.988023952095808313e-04,1.197604790419161663e-03,2.395209580838323325e-03,2.395209580838323325e-03,5.389221556886227699e-03,4.790419161676646650e-03,1.736526946107784519e-02,2.754491017964071781e-02,8.502994011976047761e-02,7.365269461077844637e-01,9.401197604790419160e-02,1.556886227544910205e-02,4.790419161676646650e-03,1.796407185628742494e-03,5.988023952095808313e-04,0.000000000000000000e+00,0.000000000000000000e+00,0.000000000000000000e+00,0.000000000000000000e+00,0.000000000000000000e+00
5.192107995846313891e-03,0.000000000000000000e+00,1.038421599169262691e-03,1.038421599169262691e-03,2.076843198338525383e-03,3.115264797507788074e-03,8.307372793354101531e-03,1.246105919003115230e-02,1.349948078920041455e-02,3.842159916926272262e-02,3.530633437175493411e-02,1.235721703011422590e-01,6.666666666666666297e-01,6.957424714434060076e-02,1.246105919003115230e-02,2.076843198338525383e-03,3.115264797507788074e-03,0.000000000000000000e+00,0.000000000000000000e+00,0.000000000000000000e+00,1.038421599169262691e-03,1.038421599169262691e-03
4.089979550102249874e-03,2.044989775051124937e-03,0.000000000000000000e+00,2.044989775051124937e-03,6.134969325153374377e-03,6.134969325153374377e-03,6.134969325153374377e-03,8.179959100204499747e-03,1.022494887525562425e-02,4.703476482617587051e-02,3.885480572597137250e-02,4.089979550102249700e-02,8.997955010224949202e-02,6.523517382413087651e-01,6.748466257668711554e-02,1.022494887525562425e-02,4.089979550102249874e-03,0.000000000000000000e+00,0.000000000000000000e+00,0.000000000000000000e+00,2.044989775051124937e-03,2.044989775051124937e-03
6.711409395973154217e-03,0.000000000000000000e+00,0.000000000000000000e+00,2.013422818791946178e-02,1.342281879194630843e-02,6.711409395973154217e-03,2.684563758389261687e-02,1.342281879194630843e-02,2.013422818791946178e-02,4.026845637583892357e-02,2.684563758389261687e-02,6.040268456375839229e-02,4.697986577181208212e-02,1.342281879194630878e-01,4.966442953020134277e-01,4.697986577181208212e-02,6.711409395973154217e-03,1.342281879194630843e-02,6.711409395973154217e-03,0.000000000000000000e+00,0.000000000000000000e+00,1.342281879194630843e-02
0.000000000000000000e+00,0.000000000000000000e+00,0.000000000000000000e+00,0.000000000000000000e+00,5.000000000000000278e-02,0.000000000000000000e+00,1.666666666666666644e-02,1.666666666666666644e-02,3.333333333333333287e-02,3.333333333333333287e-02,1.666666666666666644e-02,3.333333333333333287e-02,0.000000000000000000e+00,8.333333333333332871e-02,1.333333333333333315e-01,4.833333333333333370e-01,3.333333333333333287e-02,5.000000000000000278e-02,0.000000000000000000e+00,1.666666666666666644e-02,0.000000000000000000e+00,0.000000000000000000e+00
0.000000000000000000e+00,0.000000000000000000e+00,0.000000000000000000e+00,0.000000000000000000e+00,2.380952380952380820e-02,0.000000000000000000e+00,2.380952380952380820e-02,0.000000000000000000e+00,2.380952380952380820e-02,0.000000000000000000e+00,0.000000000000000000e+00,7.142857142857142461e-02,9.523809523809523281e-02,7.142857142857142461e-02,2.380952380952380820e-02,0.000000000000000000e+00,5.238095238095238360e-01,2.380952380952380820e-02,4.761904761904761640e-02,4.761904761904761640e-02,0.000000000000000000e+00,2.380952380952380820e-02
0.000000000000000000e+00,0.000000000000000000e+00,0.000000000000000000e+00,0.000000000000000000e+00,0.000000000000000000e+00,0.000000000000000000e+00,0.000000000000000000e+00,0.000000000000000000e+00,0.000000000000000000e+00,0.000000000000000000e+00,6.666666666666666574e-02,0.000000000000000000e+00,0.000000000000000000e+00,6.666666666666666574e-02,0.000000000000000000e+00,6.666666666666666574e-02,3.333333333333333148e-01,2.666666666666666630e-01,0.000000000000000000e+00,0.000000000000000000e+00,6.666666666666666574e-02,1.333333333333333315e-01
0.000000000000000000e+00,0.000000000000000000e+00,5.882352941176470507e-02,0.000000000000000000e+00,0.000000000000000000e+00,0.000000000000000000e+00,0.000000000000000000e+00,0.000000000000000000e+00,0.000000000000000000e+00,0.000000000000000000e+00,0.000000000000000000e+00,0.000000000000000000e+00,0.000000000000000000e+00,1.176470588235294101e-01,5.882352941176470507e-02,0.000000000000000000e+00,0.000000000000000000e+00,0.000000000000000000e+00,5.882352941176470784e-01,5.882352941176470507e-02,1.176470588235294101e-01,0.000000000000000000e+00
0.000000000000000000e+00,0.000000000000000000e+00,0.000000000000000000e+00,0.000000000000000000e+00,0.000000000000000000e+00,0.000000000000000000e+00,0.000000000000000000e+00,5.263157894736841813e-02,0.000000000000000000e+00,0.000000000000000000e+00,0.000000000000000000e+00,0.000000000000000000e+00,0.000000000000000000e+00,0.000000000000000000e+00,1.052631578947368363e-01,5.263157894736841813e-02,0.000000000000000000e+00,0.000000000000000000e+00,5.263157894736841813e-02,5.789473684210526550e-01,5.263157894736841813e-02,1.052631578947368363e-01
0.000000000000000000e+00,0.000000000000000000e+00,0.000000000000000000e+00,0.000000000000000000e+00,0.000000000000000000e+00,0.000000000000000000e+00,0.000000000000000000e+00,0.000000000000000000e+00,7.692307692307692735e-02,7.692307692307692735e-02,0.000000000000000000e+00,0.000000000000000000e+00,0.000000000000000000e+00,0.000000000000000000e+00,0.000000000000000000e+00,0.000000000000000000e+00,7.692307692307692735e-02,7.692307692307692735e-02,0.000000000000000000e+00,7.692307692307692735e-02,4.615384615384615641e-01,1.538461538461538547e-01
0.000000000000000000e+00,0.000000000000000000e+00,0.000000000000000000e+00,1.666666666666666644e-02,0.000000000000000000e+00,0.000000000000000000e+00,0.000000000000000000e+00,0.000000000000000000e+00,0.000000000000000000e+00,3.333333333333333287e-02,1.666666666666666644e-02,1.666666666666666644e-02,5.000000000000000278e-02,0.000000000000000000e+00,0.000000000000000000e+00,0.000000000000000000e+00,3.333333333333333287e-02,5.000000000000000278e-02,0.000000000000000000e+00,1.666666666666666644e-02,0.000000000000000000e+00,7.666666666666667185e-01
