8.636363636363636465e-01,9.090909090909091161e-02,0.000000000000000000e+00,0.000000000000000000e+00,0.000000000000000000e+00,4.545454545454545581e-02,0.000000000000000000e+00,0.000000000000000000e+00,0.000000000000000000e+00,0.000000000000000000e+00,0.000000000000000000e+00,0.000000000000000000e+00,0.000000000000000000e+00,0.000000000000000000e+00,0.000000000000000000e+00,0.000000000000000000e+00,0.000000000000000000e+00,0.000000000000000000e+00,0.000000000000000000e+00,0.000000000000000000e+00,0.000000000000000000e+00,0.000000000000000000e+00
1.666666666666666574e-01,5.000000000000000000e-01,1.666666666666666574e-01,1.666666666666666574e-01,0.000000000000000000e+00,0.000000000000000000e+00,0.000000000000000000e+00,0.000000000000000000e+00,0.000000000000000000e+00,0.000000000000000000e+00,0.000000000000000000e+00,0.000000000000000000e+00,0.000000000000000000e+00,0.000000000000000000e+00,0.000000000000000000e+00,0.000000000000000000e+00,0.000000000000000000e+00,0.000000000000000000e+00,0.000000000000000000e+00,0.000000000000000000e+00,0.000000000000000000e+00,0.000000000000000000e+00
3.703703703703703498e-02,3.703703703703703498e-02,8.148148148148147696e-01,3.703703703703703498e-02,0.000000000000000000e+00,0.000000000000000000e+00,0.000000000000000000e+00,3.703703703703703498e-02,0.000000000000000000e+00,0.000000000000000000e+00,0.000000000000000000e+00,0.000000000000000000e+00,0.000000000000000000e+00,0.000000000000000000e+00,0.000000000000000000e+00,0.000000000000000000e+00,0.000000000000000000e+00,0.000000000000000000e+00,0.000000000000000000e+00,0.000000000000000000e+00,3.703703703703703498e-02,0.000000000000000000e+00
0.000000000000000000e+00,0.000000000000000000e+00,0.000000000000000000e+00,2.857142857142856984e-01,2.142857142857142738e-01,0.000000000000000000e+00,7.142857142857142461e-02,0.000000000000000000e+00,2.857142857142856984e-01,7.142857142857142461e-02,0.000000000000000000e+00,7.142857142857142461e-02,0.000000000000000000e+00,0.000000000000000000e+00,0.000000000000000000e+00,0.000000000000000000e+00,0.000000000000000000e+00,0.000000000000000000e+00,0.000000000000000000e+00,0.000000000000000000e+00,0.000000000000000000e+00,0.000000000000000000e+00
0.000000000000000000e+00,1.408450704225352144e-02,0.000000000000000000e+00,1.408450704225352144e-02,8.309859154929577496e-01,2.816901408450704289e-02,2.816901408450704289e-02,1.408450704225352144e-02,1.408450704225352144e-02,1.408450704225352144e-02,0.000000000000000000e+00,1.408450704225352144e-02,1.408450704225352144e-02,0.000000000000000000e+00,1.408450704225352144e-02,0.000000000000000000e+00,0.000000000000000000e+00,0.000000000000000000e+00,0.000000000000000000e+00,0.000000000000000000e+00,0.000000000000000000e+00,0.000000000000000000e+00
2.702702702702702853e-02,0.000000000000000000e+00,0.000000000000000000e+00,2.702702702702702853e-02,5.405405405405405705e-02,3.513513513513513709e-01,1.621621621621621712e-01,1.891891891891891997e-01,2.702702702702702853e-02,8.108108108108108558e-02,2.702702702702702853e-02,2.702702702702702853e-02,0.000000000000000000e+00,0.000000000000000000e+00,0.000000000000000000e+00,0.000000000000000000e+00,0.000000000000000000e+00,0.000000000000000000e+00,0.000000000000000000e+00,0.000000000000000000e+00,0.000000000000000000e+00,2.702702702702702853e-02
0.000000000000000000e+00,0.000000000000000000e+00,0.000000000000000000e+00,1.648351648351648394e-02,1.098901098901098987e-02,6.043956043956043994e-02,7.637362637362636875e-01,5.494505494505494414e-02,3.296703296703296787e-02,1.098901098901098987e-02,1.098901098901098987e-02,1.648351648351648394e-02,5.494505494505494934e-03,5.494505494505494934e-03,0.000000000000000000e+00,0.000000000000000000e+00,0.000000000000000000e+00,0.000000000000000000e+00,0.000000000000000000e+00,0.000000000000000000e+00,5.494505494505494934e-03,5.494505494505494934e-03
3.144654088050314635e-03,0.000000000000000000e+00,3.144654088050314635e-03,0.000000000000000000e+00,3.144654088050314635e-03,1.572327044025157231e-02,4.716981132075472039e-02,7.327044025157232188e-01,1.037735849056603821e-01,4.716981132075472039e-02,2.830188679245283084e-02,6.289308176100629269e-03,0.000000000000000000e+00,0.000000000000000000e+00,0.000000000000000000e+00,3.144654088050314635e-03,0.000000000000000000e+00,0.000000000000000000e+00,0.000000000000000000e+00,0.000000000000000000e+00,0.000000000000000000e+00,6.289308176100629269e-03
0.000000000000000000e+00,0.000000000000000000e+00,0.000000000000000000e+00,3.086419753086419582e-03,3.086419753086419582e-03,1.543209876543209791e-03,1.388888888888888812e-02,6.018518518518518184e-02,7.500000000000000000e-01,1.219135802469135804e-01,2.623456790123456644e-02,4.629629629629629373e-03,3.086419753086419582e-03,6.172839506172839164e-03,1.543209876543209791e-03,1.543209876543209791e-03,0.000000000000000000e+00,0.000000000000000000e+00,0.000000000000000000e+00,0.000000000000000000e+00,0.000000000000000000e+00,3.086419753086419582e-03
0.000000000000000000e+00,0.000000000000000000e+00,1.712328767123287576e-03,1.712328767123287576e-03,0.000000000000000000e+00,5.136986301369862729e-03,3.424657534246575152e-03,1.284246575342465682e-02,7.020547945205479756e-02,7.851027397260273988e-01,9.845890410958904604e-02,1.198630136986301303e-02,5.136986301369862729e-03,8.561643835616437881e-04,0.000000000000000000e+00,8.561643835616437881e-04,0.000000000000000000e+00,0.000000000000000000e+00,0.000000000000000000e+00,8.561643835616437881e-04,0.000000000000000000e+00,1.712328767123287576e-03
1.612903225806451612e-03,5.376344086021505372e-04,0.000000000000000000e+00,0.000000000000000000e+00,1.075268817204301074e-03,0.000000000000000000e+00,2.150537634408602149e-03,3.763440860215053977e-03,1.236559139784946214e-02,6.129032258064515820e-02,8.182795698924730798e-01,7.795698924731182811e-02,9.139784946236559349e-03,4.301075268817204297e-03,1.075268817204301074e-03,1.612903225806451612e-03,1.612903225806451612e-03,0.000000000000000000e+00,1.075268817204301074e-03,0.000000000000000000e+00,0.000000000000000000e+00,2.150537634408602149e-03
0.000000000000000000e+00,7.524454477050413577e-04,7.524454477050413577e-04,0.000000000000000000e+00,7.524454477050413577e-04,1.504890895410082715e-03,3.009781790820165431e-03,3.009781790820165431e-03,4.514672686230247929e-03,1.429646350639578699e-02,1.203912716328066207e-01,7.592174567343867864e-01,6.772009029345373021e-02,1.128668171557562112e-02,3.009781790820165431e-03,0.000000000000000000e+00,7.524454477050413577e-04,1.504890895410082715e-03,0.000000000000000000e+00,0.000000000000000000e+00,7.524454477050413577e-04,6.772009029345372327e-03
2.036659877800407140e-03,2.036659877800407140e-03,2.036659877800407140e-03,2.036659877800407140e-03,0.000000000000000000e+00,2.036659877800407140e-03,2.036659877800407140e-03,4.073319755600814281e-03,6.109979633401221855e-03,1.629327902240325712e-02,3.665987780040733113e-02,1.588594704684317682e-01,6.211812627291242173e-01,1.099796334012219934e-01,1.018329938900203700e-02,1.018329938900203700e-02,4.073319755600814281e-03,2.036659877800407140e-03,0.000000000000000000e+00,0.000000000000000000e+00,0.000000000000000000e+00,8.146639511201628561e-03
0.000000000000000000e+00,0.000000000000000000e+00,0.000000000000000000e+00,0.000000000000000000e+00,4.545454545454545234e-03,9.090909090909090468e-03,0.000000000000000000e+00,0.000000000000000000e+00,9.090909090909090468e-03,2.272727272727272790e-02,5.000000000000000278e-02,7.727272727272727071e-02,1.772727272727272763e-01,4.727272727272727182e-01,1.045454545454545386e-01,4.090909090909090884e-02,0.000000000000000000e+00,0.000000000000000000e+00,0.000000000000000000e+00,4.545454545454545234e-03,0.000000000000000000e+00,2.727272727272727140e-02
0.000000000000000000e+00,0.000000000000000000e+00,0.000000000000000000e+00,0.000000000000000000e+00,0.000000000000000000e+00,0.000000000000000000e+00,0.000000000000000000e+00,0.000000000000000000e+00,7.518796992481202590e-03,7.518796992481202590e-03,4.511278195488721554e-02,5.263157894736841813e-02,4.511278195488721554e-02,1.578947368421052544e-01,5.263157894736841813e-01,8.270676691729322849e-02,2.255639097744360777e-02,2.255639097744360777e-02,0.000000000000000000e+00,7.518796992481202590e-03,0.000000000000000000e+00,2.255639097744360777e-02
0.000000000000000000e+00,0.000000000000000000e+00,0.000000000000000000e+00,1.612903225806451568e-02,0.000000000000000000e+00,0.000000000000000000e+00,0.000000000000000000e+00,1.612903225806451568e-02,1.612903225806451568e-02,3.225806451612903136e-02,9.677419354838709409e-02,8.064516129032257841e-02,3.225806451612903136e-02,8.064516129032257841e-02,1.451612903225806550e-01,3.709677419354838745e-01,3.225806451612903136e-02,1.612903225806451568e-02,0.000000000000000000e+00,0.000000000000000000e+00,1.612903225806451568e-02,4.838709677419354704e-02
0.000000000000000000e+00,0.000000000000000000e+00,0.000000000000000000e+00,0.000000000000000000e+00,0.000000000000000000e+00,5.882352941176470507e-02,0.000000000000000000e+00,0.000000000000000000e+00,0.000000000000000000e+00,0.000000000000000000e+00,1.176470588235294101e-01,5.882352941176470507e-02,1.176470588235294101e-01,5.882352941176470507e-02,1.764705882352941291e-01,1.764705882352941291e-01,5.882352941176470507e-02,5.882352941176470507e-02,0.000000000000000000e+00,0.000000000000000000e+00,0.000000000000000000e+00,1.176470588235294101e-01
0.000000000000000000e+00,0.000000000000000000e+00,0.000000000000000000e+00,0.000000000000000000e+00,0.000000000000000000e+00,0.000000000000000000e+00,0.000000000000000000e+00,4.347826086956521618e-02,0.000000000000000000e+00,4.347826086956521618e-02,4.347826086956521618e-02,0.000000000000000000e+00,0.000000000000000000e+00,0.000000000000000000e+00,1.739130434782608647e-01,8.695652173913043237e-02,0.000000000000000000e+00,4.347826086956521618e-01,0.000000000000000000e+00,0.000000000000000000e+00,0.000000000000000000e+00,1.739130434782608647e-01
0.000000000000000000e+00,0.000000000000000000e+00,0.000000000000000000e+00,0.000000000000000000e+00,0.000000000000000000e+00,0.000000000000000000e+00,0.000000000000000000e+00,0.000000000000000000e+00,0.000000000000000000e+00,0.000000000000000000e+00,0.000000000000000000e+00,0.000000000000000000e+00,0.000000000000000000e+00,0.000000000000000000e+00,1.428571428571428492e-01,0.000000000000000000e+00,1.428571428571428492e-01,1.428571428571428492e-01,4.285714285714285476e-01,0.000000000000000000e+00,0.000000000000000000e+00,1.428571428571428492e-01
0.000000000000000000e+00,0.000000000000000000e+00,0.000000000000000000e+00,0.000000000000000000e+00,0.000000000000000000e+00,0.000000000000000000e+00,0.000000000000000000e+00,0.000000000000000000e+00,0.000000000000000000e+00,0.000000000000000000e+00,1.818181818181818232e-01,0.000000000000000000e+00,0.000000000000000000e+00,9.090909090909091161e-02,0.000000000000000000e+00,0.000000000000000000e+00,0.000000000000000000e+00,9.090909090909091161e-02,9.090909090909091161e-02,3.636363636363636465e-01,0.000000000000000000e+00,1.818181818181818232e-01
0.000000000000000000e+00,0.000000000000000000e+00,0.000000000000000000e+00,0.000000000000000000e+00,0.000000000000000000e+00,0.000000000000000000e+00,7.692307692307692735e-02,7.692307692307692735e-02,0.000000000000000000e+00,0.000000000000000000e+00,0.000000000000000000e+00,0.000000000000000000e+00,0.000000000000000000e+00,7.692307692307692735e-02,7.692307692307692735e-02,7.692307692307692735e-02,7.692307692307692735e-02,7.692307692307692735e-02,0.000000000000000000e+00,1.538461538461538547e-01,2.307692307692307820e-01,7.692307692307692735e-02
0.000000000000000000e+00,0.000000000000000000e+00,0.000000000000000000e+00,0.000000000000000000e+00,0.000000000000000000e+00,0.000000000000000000e+00,1.190476190476190410e-02,1.190476190476190410e-02,3.571428571428571230e-02,1.190476190476190410e-02,5.952380952380952051e-02,7.142857142857142461e-02,8.333333333333332871e-02,8.333333333333332871e-02,4.761904761904761640e-02,1.190476190476190410e-02,0.000000000000000000e+00,3.571428571428571230e-02,2.380952380952380820e-02,1.190476190476190410e-02,5.952380952380952051e-02,4.404761904761904656e-01
