5.833333333333333703e-01,1.666666666666666574e-01,0.000000000000000000e+00,0.000000000000000000e+00,0.000000000000000000e+00,1.666666666666666574e-01,0.000000000000000000e+00,0.000000000000000000e+00,0.000000000000000000e+00,0.000000000000000000e+00,0.000000000000000000e+00,0.000000000000000000e+00,0.000000000000000000e+00,0.000000000000000000e+00,0.000000000000000000e+00,0.000000000000000000e+00,8.333333333333332871e-02,0.000000000000000000e+00,0.000000000000000000e+00,0.000000000000000000e+00,0.000000000000000000e+00,0.000000000000000000e+00
1.428571428571428492e-01,7.857142857142856984e-01,7.142857142857142461e-02,0.000000000000000000e+00,0.000000000000000000e+00,0.000000000000000000e+00,0.000000000000000000e+00,0.000000000000000000e+00,0.000000000000000000e+00,0.000000000000000000e+00,0.000000000000000000e+00,0.000000000000000000e+00,0.000000000000000000e+00,0.000000000000000000e+00,0.000000000000000000e+00,0.000000000000000000e+00,0.000000000000000000e+00,0.000000000000000000e+00,0.000000000000000000e+00,0.000000000000000000e+00,0.000000000000000000e+00,0.000000000000000000e+00
0.000000000000000000e+00,7.692307692307692735e-02,8.461538461538461453e-01,0.000000000000000000e+00,0.000000000000000000e+00,0.000000000000000000e+00,0.000000000000000000e+00,7.692307692307692735e-02,0.000000000000000000e+00,0.000000000000000000e+00,0.000000000000000000e+00,0.000000000000000000e+00,0.000000000000000000e+00,0.000000000000000000e+00,0.000000000000000000e+00,0.000000000000000000e+00,0.000000000000000000e+00,0.000000000000000000e+00,0.000000000000000000e+00,0.000000000000000000e+00,0.000000000000000000e+00,0.000000000000000000e+00
0.000000000000000000e+00,0.000000000000000000e+00,0.000000000000000000e+00,6.875000000000000000e-01,1.875000000000000000e-01,0.000000000000000000e+00,0.000000000000000000e+00,0.000000000000000000e+00,0.000000000000000000e+00,6.250000000000000000e-02,6.250000000000000000e-02,0.000000000000000000e+00,0.000000000000000000e+00,0.000000000000000000e+00,0.000000000000000000e+00,0.000000000000000000e+00,0.000000000000000000e+00,0.000000000000000000e+00,0.000000000000000000e+00,0.000000000000000000e+00,0.000000000000000000e+00,0.000000000000000000e+00
0.000000000000000000e+00,0.000000000000000000e+00,0.000000000000000000e+00,3.921568627450980338e-02,6.862745098039215730e-01,9.803921568627450844e-02,0.000000000000000000e+00,5.882352941176470507e-02,1.960784313725490169e-02,3.921568627450980338e-02,3.921568627450980338e-02,0.000000000000000000e+00,0.000000000000000000e+00,1.960784313725490169e-02,0.000000000000000000e+00,0.000000000000000000e+00,0.000000000000000000e+00,0.000000000000000000e+00,0.000000000000000000e+00,0.000000000000000000e+00,0.000000000000000000e+00,0.000000000000000000e+00
3.508771929824561209e-02,0.000000000000000000e+00,0.000000000000000000e+00,0.000000000000000000e+00,1.052631578947368363e-01,6.666666666666666297e-01,5.263157894736841813e-02,7.017543859649122417e-02,3.508771929824561209e-02,0.000000000000000000e+00,1.754385964912280604e-02,0.000000000000000000e+00,1.754385964912280604e-02,0.000000000000000000e+00,0.000000000000000000e+00,0.000000000000000000e+00,0.000000000000000000e+00,0.000000000000000000e+00,0.000000000000000000e+00,0.000000000000000000e+00,0.000000000000000000e+00,0.000000000000000000e+00
0.000000000000000000e+00,0.000000000000000000e+00,0.000000000000000000e+00,0.000000000000000000e+00,1.796407185628742451e-02,2.395209580838323499e-02,7.724550898203592642e-01,9.580838323353293995e-02,2.395209580838323499e-02,1.796407185628742451e-02,1.197604790419161749e-02,2.395209580838323499e-02,0.000000000000000000e+00,5.988023952095808747e-03,0.000000000000000000e+00,0.000000000000000000e+00,5.988023952095808747e-03,0.000000000000000000e+00,0.000000000000000000e+00,0.000000000000000000e+00,0.000000000000000000e+00,0.000000000000000000e+00
0.000000000000000000e+00,0.000000000000000000e+00,0.000000000000000000e+00,0.000000000000000000e+00,2.512562814070351796e-03,1.256281407035175941e-02,4.773869346733668195e-02,7.939698492462311519e-01,9.547738693467336391e-02,2.010050251256281437e-02,1.005025125628140718e-02,7.537688442211054954e-03,2.512562814070351796e-03,0.000000000000000000e+00,0.000000000000000000e+00,2.512562814070351796e-03,0.000000000000000000e+00,0.000000000000000000e+00,0.000000000000000000e+00,0.000000000000000000e+00,0.000000000000000000e+00,5.025125628140703592e-03
0.000000000000000000e+00,0.000000000000000000e+00,1.715265866209262410e-03,1.715265866209262410e-03,3.430531732418524819e-03,1.715265866209262410e-03,1.715265866209262410e-03,5.145797598627787489e-02,7.890222984562607067e-01,1.012006861063464852e-01,3.087478559176672424e-02,3.430531732418524819e-03,0.000000000000000000e+00,1.715265866209262410e-03,1.715265866209262410e-03,0.000000000000000000e+00,0.000000000000000000e+00,5.145797598627787663e-03,0.000000000000000000e+00,1.715265866209262410e-03,0.000000000000000000e+00,3.430531732418524819e-03
0.000000000000000000e+00,0.000000000000000000e+00,0.000000000000000000e+00,0.000000000000000000e+00,0.000000000000000000e+00,0.000000000000000000e+00,5.046257359125315596e-03,8.410428931875525704e-03,5.298570227081580986e-02,8.326324642556770517e-01,7.821698906644239391e-02,9.251471825063077581e-03,6.728343145500420217e-03,1.682085786375105054e-03,1.682085786375105054e-03,8.410428931875525271e-04,0.000000000000000000e+00,0.000000000000000000e+00,0.000000000000000000e+00,0.000000000000000000e+00,8.410428931875525271e-04,1.682085786375105054e-03
0.000000000000000000e+00,0.000000000000000000e+00,0.000000000000000000e+00,5.521811154058531724e-04,0.000000000000000000e+00,1.104362230811706345e-03,3.313086692435118601e-03,3.313086692435118601e-03,6.626173384870237201e-03,6.460519050248481054e-02,8.360022087244616262e-01,5.963556046383213655e-02,1.104362230811706258e-02,6.073992269464384246e-03,3.313086692435118601e-03,5.521811154058531724e-04,0.000000000000000000e+00,5.521811154058531724e-04,0.000000000000000000e+00,5.521811154058531724e-04,0.000000000000000000e+00,2.760905577029265645e-03
0.000000000000000000e+00,0.000000000000000000e+00,0.000000000000000000e+00,0.000000000000000000e+00,7.836990595611284961e-04,1.567398119122256992e-03,1.567398119122256992e-03,3.918495297805642263e-03,7.836990595611284961e-04,1.253918495297805594e-02,1.128526645768025138e-01,7.797805642633228729e-01,5.642633228840125692e-02,1.253918495297805594e-02,5.485893416927899689e-03,6.269592476489027968e-03,0.000000000000000000e+00,7.836990595611284961e-04,7.836990595611284961e-04,0.000000000000000000e+00,0.000000000000000000e+00,3.918495297805642263e-03
1.769911504424778736e-03,0.000000000000000000e+00,0.000000000000000000e+00,0.000000000000000000e+00,0.000000000000000000e+00,0.000000000000000000e+00,0.000000000000000000e+00,0.000000000000000000e+00,0.000000000000000000e+00,1.238938053097345116e-02,3.539823008849557473e-02,1.716814159292035513e-01,6.867256637168142053e-01,5.486725663716814083e-02,1.769911504424778736e-02,3.539823008849557473e-03,7.079646017699114946e-03,0.000000000000000000e+00,0.000000000000000000e+00,1.769911504424778736e-03,0.000000000000000000e+00,7.079646017699114946e-03
0.000000000000000000e+00,0.000000000000000000e+00,0.000000000000000000e+00,0.000000000000000000e+00,4.201680672268907381e-03,0.000000000000000000e+00,0.000000000000000000e+00,8.403361344537814762e-03,4.201680672268907381e-03,1.680672268907562952e-02,2.100840336134453951e-02,5.462184873949579855e-02,1.386554621848739566e-01,6.050420168067226490e-01,8.823529411764706454e-02,8.403361344537814762e-03,8.403361344537814762e-03,0.000000000000000000e+00,4.201680672268907381e-03,0.000000000000000000e+00,4.201680672268907381e-03,3.361344537815125905e-02
0.000000000000000000e+00,0.000000000000000000e+00,0.000000000000000000e+00,0.000000000000000000e+00,0.000000000000000000e+00,0.000000000000000000e+00,0.000000000000000000e+00,8.695652173913043584e-03,3.478260869565217434e-02,8.695652173913043584e-03,4.347826086956521618e-02,6.086956521739130682e-02,1.304347826086956486e-01,2.086956521739130321e-01,3.217391304347825831e-01,3.478260869565217434e-02,3.478260869565217434e-02,1.739130434782608717e-02,8.695652173913043584e-03,0.000000000000000000e+00,0.000000000000000000e+00,8.695652173913043237e-02
0.000000000000000000e+00,0.000000000000000000e+00,0.000000000000000000e+00,0.000000000000000000e+00,0.000000000000000000e+00,0.000000000000000000e+00,0.000000000000000000e+00,0.000000000000000000e+00,0.000000000000000000e+00,0.000000000000000000e+00,5.714285714285714107e-02,1.714285714285714302e-01,1.428571428571428492e-01,1.428571428571428492e-01,1.142857142857142821e-01,2.285714285714285643e-01,5.714285714285714107e-02,2.857142857142857054e-02,0.000000000000000000e+00,0.000000000000000000e+00,0.000000000000000000e+00,5.714285714285714107e-02
0.000000000000000000e+00,0.000000000000000000e+00,0.000000000000000000e+00,0.000000000000000000e+00,0.000000000000000000e+00,0.000000000000000000e+00,0.000000000000000000e+00,6.250000000000000000e-02,3.125000000000000000e-02,3.125000000000000000e-02,3.125000000000000000e-02,0.000000000000000000e+00,9.375000000000000000e-02,6.250000000000000000e-02,2.500000000000000000e-01,9.375000000000000000e-02,1.875000000000000000e-01,6.250000000000000000e-02,3.125000000000000000e-02,3.125000000000000000e-02,0.000000000000000000e+00,3.125000000000000000e-02
0.000000000000000000e+00,0.000000000000000000e+00,0.000000000000000000e+00,0.000000000000000000e+00,0.000000000000000000e+00,0.000000000000000000e+00,0.000000000000000000e+00,0.000000000000000000e+00,2.857142857142857054e-02,0.000000000000000000e+00,0.000000000000000000e+00,2.857142857142857054e-02,2.857142857142857054e-02,0.000000000000000000e+00,8.571428571428571508e-02,2.857142857142857054e-02,8.571428571428571508e-02,5.142857142857142350e-01,2.857142857142857054e-02,2.857142857142857054e-02,8.571428571428571508e-02,5.714285714285714107e-02
0.000000000000000000e+00,0.000000000000000000e+00,0.000000000000000000e+00,0.000000000000000000e+00,0.000000000000000000e+00,0.000000000000000000e+00,0.000000000000000000e+00,0.000000000000000000e+00,0.000000000000000000e+00,0.000000000000000000e+00,0.000000000000000000e+00,5.555555555555555247e-02,5.555555555555555247e-02,0.000000000000000000e+00,5.555555555555555247e-02,5.555555555555555247e-02,5.555555555555555247e-02,1.111111111111111049e-01,3.888888888888888951e-01,5.555555555555555247e-02,0.000000000000000000e+00,1.666666666666666574e-01
0.000000000000000000e+00,0.000000000000000000e+00,0.000000000000000000e+00,0.000000000000000000e+00,0.000000000000000000e+00,0.000000000000000000e+00,0.000000000000000000e+00,8.333333333333332871e-02,0.000000000000000000e+00,0.000000000000000000e+00,8.333333333333332871e-02,8.333333333333332871e-02,8.333333333333332871e-02,0.000000000000000000e+00,0.000000000000000000e+00,1.666666666666666574e-01,0.000000000000000000e+00,1.666666666666666574e-01,1.666666666666666574e-01,0.000000000000000000e+00,0.000000000000000000e+00,1.666666666666666574e-01
0.000000000000000000e+00,0.000000000000000000e+00,0.000000000000000000e+00,0.000000000000000000e+00,0.000000000000000000e+00,0.000000000000000000e+00,0.000000000000000000e+00,0.000000000000000000e+00,0.000000000000000000e+00,0.000000000000000000e+00,0.000000000000000000e+00,0.000000000000000000e+00,0.000000000000000000e+00,0.000000000000000000e+00,8.333333333333332871e-02,0.000000000000000000e+00,8.333333333333332871e-02,0.000000000000000000e+00,0.000000000000000000e+00,8.333333333333332871e-02,4.166666666666666852e-01,3.333333333333333148e-01
0.000000000000000000e+00,0.000000000000000000e+00,0.000000000000000000e+00,0.000000000000000000e+00,0.000000000000000000e+00,0.000000000000000000e+00,2.127659574468085055e-02,2.127659574468085055e-02,2.127659574468085055e-02,4.255319148936170109e-02,5.319148936170212810e-02,4.255319148936170109e-02,5.319148936170212810e-02,6.382978723404254817e-02,8.510638297872340219e-02,2.127659574468085055e-02,6.382978723404254817e-02,3.191489361702127409e-02,2.127659574468085055e-02,2.127659574468085055e-02,3.191489361702127409e-02,4.042553191489361430e-01
