6.470588235294117974e-01,0.000000000000000000e+00,0.000000000000000000e+00,0.000000000000000000e+00,0.000000000000000000e+00,0.000000000000000000e+00,0.000000000000000000e+00,0.000000000000000000e+00,1.176470588235294101e-01,1.764705882352941291e-01,0.000000000000000000e+00,0.000000000000000000e+00,0.000000000000000000e+00,0.000000000000000000e+00,0.000000000000000000e+00,0.000000000000000000e+00,0.000000000000000000e+00,0.000000000000000000e+00,0.000000000000000000e+00,0.000000000000000000e+00,0.000000000000000000e+00,5.882352941176470507e-02
0.000000000000000000e+00,0.000000000000000000e+00,0.000000000000000000e+00,1.000000000000000000e+00,0.000000000000000000e+00,0.000000000000000000e+00,0.000000000000000000e+00,0.000000000000000000e+00,0.000000000000000000e+00,0.000000000000000000e+00,0.000000000000000000e+00,0.000000000000000000e+00,0.000000000000000000e+00,0.000000000000000000e+00,0.000000000000000000e+00,0.000000000000000000e+00,0.000000000000000000e+00,0.000000000000000000e+00,0.000000000000000000e+00,0.000000000000000000e+00,0.000000000000000000e+00,0.000000000000000000e+00
0.000000000000000000e+00,0.000000000000000000e+00,3.333333333333333148e-01,3.333333333333333148e-01,0.000000000000000000e+00,0.000000000000000000e+00,0.000000000000000000e+00,0.000000000000000000e+00,3.333333333333333148e-01,0.000000000000000000e+00,0.000000000000000000e+00,0.000000000000000000e+00,0.000000000000000000e+00,0.000000000000000000e+00,0.000000000000000000e+00,0.000000000000000000e+00,0.000000000000000000e+00,0.000000000000000000e+00,0.000000000000000000e+00,0.000000000000000000e+00,0.000000000000000000e+00,0.000000000000000000e+00
0.000000000000000000e+00,0.000000000000000000e+00,5.882352941176470507e-02,5.294117647058823595e-01,5.882352941176470507e-02,0.000000000000000000e+00,5.882352941176470507e-02,5.882352941176470507e-02,1.176470588235294101e-01,5.882352941176470507e-02,0.000000000000000000e+00,5.882352941176470507e-02,0.000000000000000000e+00,0.000000000000000000e+00,0.000000000000000000e+00,0.000000000000000000e+00,0.000000000000000000e+00,0.000000000000000000e+00,0.000000000000000000e+00,0.000000000000000000e+00,0.000000000000000000e+00,0.000000000000000000e+00
0.000000000000000000e+00,0.000000000000000000e+00,0.000000000000000000e+00,0.000000000000000000e+00,2.500000000000000000e-01,1.000000000000000056e-01,1.000000000000000056e-01,1.000000000000000056e-01,2.000000000000000111e-01,0.000000000000000000e+00,0.000000000000000000e+00,5.000000000000000278e-02,1.499999999999999944e-01,0.000000000000000000e+00,0.000000000000000000e+00,0.000000000000000000e+00,0.000000000000000000e+00,0.000000000000000000e+00,5.000000000000000278e-02,0.000000000000000000e+00,0.000000000000000000e+00,0.000000000000000000e+00
0.000000000000000000e+00,0.000000000000000000e+00,0.000000000000000000e+00,2.857142857142857054e-02,5.714285714285714107e-02,2.285714285714285643e-01,1.714285714285714302e-01,8.571428571428571508e-02,1.142857142857142821e-01,1.142857142857142821e-01,8.571428571428571508e-02,5.714285714285714107e-02,2.857142857142857054e-02,0.000000000000000000e+00,2.857142857142857054e-02,0.000000000000000000e+00,0.000000000000000000e+00,0.000000000000000000e+00,0.000000000000000000e+00,0.000000000000000000e+00,0.000000000000000000e+00,0.000000000000000000e+00
1.123595505617977497e-02,0.000000000000000000e+00,0.000000000000000000e+00,0.000000000000000000e+00,2.247191011235954994e-02,5.617977528089887485e-02,3.820224719101123489e-01,1.235955056179775247e-01,8.988764044943819975e-02,1.011235955056179747e-01,1.348314606741572996e-01,5.617977528089887485e-02,2.247191011235954994e-02,0.000000000000000000e+00,0.000000000000000000e+00,0.000000000000000000e+00,0.000000000000000000e+00,0.000000000000000000e+00,0.000000000000000000e+00,0.000000000000000000e+00,0.000000000000000000e+00,0.000000000000000000e+00
0.000000000000000000e+00,0.000000000000000000e+00,0.000000000000000000e+00,4.504504504504504465e-03,9.009009009009008931e-03,4.504504504504504465e-03,2.702702702702702853e-02,6.756756756756756577e-01,8.558558558558558571e-02,6.756756756756757132e-02,4.054054054054054279e-02,2.702702702702702853e-02,2.252252252252252146e-02,2.702702702702702853e-02,4.504504504504504465e-03,0.000000000000000000e+00,0.000000000000000000e+00,0.000000000000000000e+00,0.000000000000000000e+00,4.504504504504504465e-03,0.000000000000000000e+00,0.000000000000000000e+00
0.000000000000000000e+00,0.000000000000000000e+00,1.689189189189189283e-03,3.378378378378378566e-03,5.067567567567567849e-03,8.445945945945946415e-03,1.351351351351351426e-02,3.378378378378378566e-02,7.685810810810810301e-01,7.770270270270270008e-02,4.391891891891892136e-02,1.182432432432432498e-02,1.351351351351351426e-02,6.756756756756757132e-03,6.756756756756757132e-03,0.000000000000000000e+00,0.000000000000000000e+00,3.378378378378378566e-03,1.689189189189189283e-03,0.000000000000000000e+00,0.000000000000000000e+00,0.000000000000000000e+00
1.805054151624548801e-03,0.000000000000000000e+00,0.000000000000000000e+00,0.000000000000000000e+00,9.025270758122744003e-04,6.317689530685920152e-03,4.512635379061371785e-03,1.444043321299639041e-02,5.505415162454873473e-02,7.743682310469314212e-01,8.574007220216606218e-02,2.707581227436823071e-02,1.444043321299639041e-02,9.927797833935018620e-03,2.707581227436822984e-03,0.000000000000000000e+00,0.000000000000000000e+00,1.805054151624548801e-03,0.000000000000000000e+00,0.000000000000000000e+00,0.000000000000000000e+00,9.025270758122744003e-04
1.392757660167130923e-03,0.000000000000000000e+00,0.000000000000000000e+00,6.963788300835654617e-04,0.000000000000000000e+00,2.089136490250696494e-03,6.267409470752089047e-03,9.052924791086351328e-03,1.740947075208913730e-02,8.147632311977716368e-02,7.632311977715877660e-01,8.286908077994428745e-02,2.367688022284122548e-02,7.660167130919219754e-03,2.785515320334261847e-03,0.000000000000000000e+00,0.000000000000000000e+00,0.000000000000000000e+00,0.000000000000000000e+00,6.963788300835654617e-04,0.000000000000000000e+00,6.963788300835654617e-04
6.108735491753207285e-04,0.000000000000000000e+00,0.000000000000000000e+00,0.000000000000000000e+00,6.108735491753207285e-04,6.108735491753207285e-04,3.054367745876603642e-03,4.276114844227244666e-03,4.886988393402565828e-03,1.954795357361026331e-02,1.191203420891875364e-01,7.782529016493585639e-01,5.070250458155162177e-02,1.221747098350641457e-02,4.276114844227244666e-03,1.221747098350641457e-03,0.000000000000000000e+00,0.000000000000000000e+00,6.108735491753207285e-04,0.000000000000000000e+00,0.000000000000000000e+00,0.000000000000000000e+00
0.000000000000000000e+00,0.000000000000000000e+00,0.000000000000000000e+00,0.000000000000000000e+00,0.000000000000000000e+00,0.000000000000000000e+00,0.000000000000000000e+00,1.280409731113956416e-03,1.280409731113956416e-02,2.304737516005121722e-02,2.816901408450704289e-02,1.626120358514724640e-01,7.080665813060179614e-01,4.609475032010243445e-02,1.024327784891165133e-02,2.560819462227912832e-03,0.000000000000000000e+00,2.560819462227912832e-03,0.000000000000000000e+00,0.000000000000000000e+00,0.000000000000000000e+00,2.560819462227912832e-03
0.000000000000000000e+00,0.000000000000000000e+00,0.000000000000000000e+00,0.000000000000000000e+00,2.512562814070351796e-03,2.512562814070351796e-03,5.025125628140703592e-03,2.512562814070351796e-03,0.000000000000000000e+00,3.015075376884421982e-02,4.271356783919597749e-02,5.025125628140703765e-02,1.331658291457286369e-01,6.758793969849246075e-01,4.020100502512562873e-02,2.512562814070351796e-03,2.512562814070351796e-03,2.512562814070351796e-03,0.000000000000000000e+00,2.512562814070351796e-03,0.000000000000000000e+00,5.025125628140703592e-03
0.000000000000000000e+00,0.000000000000000000e+00,0.000000000000000000e+00,0.000000000000000000e+00,0.000000000000000000e+00,0.000000000000000000e+00,0.000000000000000000e+00,0.000000000000000000e+00,0.000000000000000000e+00,1.265822784810126563e-02,1.898734177215189931e-02,2.531645569620253125e-02,6.329113924050633333e-02,2.025316455696202500e-01,6.139240506329114444e-01,5.696202531645569445e-02,0.000000000000000000e+00,0.000000000000000000e+00,6.329113924050632813e-03,0.000000000000000000e+00,0.000000000000000000e+00,0.000000000000000000e+00
0.000000000000000000e+00,0.000000000000000000e+00,0.000000000000000000e+00,0.000000000000000000e+00,0.000000000000000000e+00,0.000000000000000000e+00,0.000000000000000000e+00,0.000000000000000000e+00,0.000000000000000000e+00,1.960784313725490169e-02,1.960784313725490169e-02,0.000000000000000000e+00,1.960784313725490169e-02,7.843137254901960675e-02,2.352941176470588203e-01,4.509803921568627527e-01,3.921568627450980338e-02,5.882352941176470507e-02,5.882352941176470507e-02,0.000000000000000000e+00,0.000000000000000000e+00,1.960784313725490169e-02
0.000000000000000000e+00,0.000000000000000000e+00,0.000000000000000000e+00,0.000000000000000000e+00,0.000000000000000000e+00,0.000000000000000000e+00,2.222222222222222307e-02,0.000000000000000000e+00,0.000000000000000000e+00,2.222222222222222307e-02,0.000000000000000000e+00,0.000000000000000000e+00,2.222222222222222307e-02,0.000000000000000000e+00,4.444444444444444614e-02,1.333333333333333315e-01,6.666666666666666297e-01,0.000000000000000000e+00,2.222222222222222307e-02,2.222222222222222307e-02,2.222222222222222307e-02,2.222222222222222307e-02
0.000000000000000000e+00,0.000000000000000000e+00,0.000000000000000000e+00,0.000000000000000000e+00,0.000000000000000000e+00,0.000000000000000000e+00,0.000000000000000000e+00,0.000000000000000000e+00,5.128205128205128027e-02,0.000000000000000000e+00,0.000000000000000000e+00,0.000000000000000000e+00,7.692307692307692735e-02,2.564102564102564014e-02,5.128205128205128027e-02,7.692307692307692735e-02,1.025641025641025605e-01,5.128205128205127750e-01,2.564102564102564014e-02,2.564102564102564014e-02,0.000000000000000000e+00,5.128205128205128027e-02
0.000000000000000000e+00,0.000000000000000000e+00,0.000000000000000000e+00,0.000000000000000000e+00,0.000000000000000000e+00,0.000000000000000000e+00,0.000000000000000000e+00,0.000000000000000000e+00,0.000000000000000000e+00,0.000000000000000000e+00,0.000000000000000000e+00,5.555555555555555247e-02,0.000000000000000000e+00,5.555555555555555247e-02,5.555555555555555247e-02,1.111111111111111049e-01,1.666666666666666574e-01,1.111111111111111049e-01,2.222222222222222099e-01,5.555555555555555247e-02,1.666666666666666574e-01,0.000000000000000000e+00
0.000000000000000000e+00,0.000000000000000000e+00,0.000000000000000000e+00,0.000000000000000000e+00,0.000000000000000000e+00,0.000000000000000000e+00,0.000000000000000000e+00,4.545454545454545581e-02,0.000000000000000000e+00,0.000000000000000000e+00,0.000000000000000000e+00,0.000000000000000000e+00,0.000000000000000000e+00,4.545454545454545581e-02,4.545454545454545581e-02,0.000000000000000000e+00,4.545454545454545581e-02,2.272727272727272652e-01,4.545454545454545581e-02,5.000000000000000000e-01,0.000000000000000000e+00,4.545454545454545581e-02
0.000000000000000000e+00,0.000000000000000000e+00,0.000000000000000000e+00,0.000000000000000000e+00,0.000000000000000000e+00,0.000000000000000000e+00,0.000000000000000000e+00,0.000000000000000000e+00,0.000000000000000000e+00,0.000000000000000000e+00,0.000000000000000000e+00,0.000000000000000000e+00,0.000000000000000000e+00,0.000000000000000000e+00,0.000000000000000000e+00,0.000000000000000000e+00,1.538461538461538547e-01,0.000000000000000000e+00,1.538461538461538547e-01,1.538461538461538547e-01,4.615384615384615641e-01,7.692307692307692735e-02
0.000000000000000000e+00,0.000000000000000000e+00,0.000000000000000000e+00,0.000000000000000000e+00,0.000000000000000000e+00,0.000000000000000000e+00,0.000000000000000000e+00,0.000000000000000000e+00,0.000000000000000000e+00,0.000000000000000000e+00,2.439024390243902524e-02,0.000000000000000000e+00,0.000000000000000000e+00,4.878048780487805047e-02,0.000000000000000000e+00,2.439024390243902524e-02,4.878048780487805047e-02,4.878048780487805047e-02,2.439024390243902524e-02,7.317073170731706877e-02,4.878048780487805047e-02,6.585365853658536883e-01
