8.750000000000000000e-01,7.327586206896551102e-02,1.293103448275862051e-02,4.310344827586206837e-03,0.000000000000000000e+00,0.000000000000000000e+00,4.310344827586206837e-03,0.000000000000000000e+00,0.000000000000000000e+00,1.724137931034482735e-02,0.000000000000000000e+00,0.000000000000000000e+00,0.000000000000000000e+00,0.000000000000000000e+00,0.000000000000000000e+00,0.000000000000000000e+00,0.000000000000000000e+00,0.000000000000000000e+00,0.000000000000000000e+00,0.000000000000000000e+00,0.000000000000000000e+00,1.293103448275862051e-02
1.400000000000000133e-01,6.899999999999999467e-01,1.000000000000000056e-01,2.000000000000000042e-02,1.000000000000000021e-02,0.000000000000000000e+00,2.999999999999999889e-02,0.000000000000000000e+00,0.000000000000000000e+00,1.000000000000000021e-02,0.000000000000000000e+00,0.000000000000000000e+00,0.000000000000000000e+00,0.000000000000000000e+00,0.000000000000000000e+00,0.000000000000000000e+00,0.000000000000000000e+00,0.000000000000000000e+00,0.000000000000000000e+00,0.000000000000000000e+00,0.000000000000000000e+00,0.000000000000000000e+00
3.389830508474576259e-02,1.525423728813559421e-01,6.440677966101694407e-01,1.016949152542372947e-01,1.694915254237288130e-02,1.694915254237288130e-02,3.389830508474576259e-02,0.000000000000000000e+00,0.000000000000000000e+00,0.000000000000000000e+00,0.000000000000000000e+00,0.000000000000000000e+00,0.000000000000000000e+00,0.000000000000000000e+00,0.000000000000000000e+00,0.000000000000000000e+00,0.000000000000000000e+00,0.000000000000000000e+00,0.000000000000000000e+00,0.000000000000000000e+00,0.000000000000000000e+00,0.000000000000000000e+00
3.478260869565217434e-02,0.000000000000000000e+00,1.739130434782608717e-02,7.739130434782608425e-01,6.086956521739130682e-02,4.347826086956521618e-02,4.347826086956521618e-02,8.695652173913043584e-03,0.000000000000000000e+00,8.695652173913043584e-03,0.000000000000000000e+00,0.000000000000000000e+00,8.695652173913043584e-03,0.000000000000000000e+00,0.000000000000000000e+00,0.000000000000000000e+00,0.000000000000000000e+00,0.000000000000000000e+00,0.000000000000000000e+00,0.000000000000000000e+00,0.000000000000000000e+00,0.000000000000000000e+00
9.090909090909090468e-03,3.636363636363636187e-02,9.090909090909090468e-03,5.454545454545454281e-02,6.545454545454545414e-01,1.181818181818181795e-01,6.363636363636362980e-02,0.000000000000000000e+00,1.818181818181818094e-02,2.727272727272727140e-02,0.000000000000000000e+00,0.000000000000000000e+00,0.000000000000000000e+00,0.000000000000000000e+00,9.090909090909090468e-03,0.000000000000000000e+00,0.000000000000000000e+00,0.000000000000000000e+00,0.000000000000000000e+00,0.000000000000000000e+00,0.000000000000000000e+00,0.000000000000000000e+00
9.803921568627450844e-03,4.901960784313725422e-03,9.803921568627450844e-03,1.470588235294117627e-02,6.372549019607842702e-02,6.862745098039215730e-01,1.617647058823529493e-01,2.450980392156862711e-02,4.901960784313725422e-03,9.803921568627450844e-03,4.901960784313725422e-03,4.901960784313725422e-03,0.000000000000000000e+00,0.000000000000000000e+00,0.000000000000000000e+00,0.000000000000000000e+00,0.000000000000000000e+00,0.000000000000000000e+00,0.000000000000000000e+00,0.000000000000000000e+00,0.000000000000000000e+00,0.000000000000000000e+00
2.717391304347826012e-03,2.717391304347826012e-03,8.152173913043478035e-03,1.630434782608695607e-02,1.630434782608695607e-02,7.336956521739131099e-02,6.766304347826086474e-01,1.413043478260869457e-01,2.445652173913043584e-02,1.358695652173913006e-02,1.358695652173913006e-02,2.717391304347826012e-03,0.000000000000000000e+00,0.000000000000000000e+00,2.717391304347826012e-03,0.000000000000000000e+00,0.000000000000000000e+00,0.000000000000000000e+00,0.000000000000000000e+00,0.000000000000000000e+00,0.000000000000000000e+00,5.434782608695652023e-03
5.434782608695652023e-03,1.811594202898550747e-03,0.000000000000000000e+00,3.623188405797101493e-03,3.623188405797101493e-03,1.630434782608695607e-02,7.971014492753622505e-02,7.246376811594202882e-01,1.159420289855072478e-01,1.992753623188405626e-02,1.268115942028985588e-02,5.434782608695652023e-03,0.000000000000000000e+00,1.811594202898550747e-03,0.000000000000000000e+00,3.623188405797101493e-03,0.000000000000000000e+00,0.000000000000000000e+00,0.000000000000000000e+00,0.000000000000000000e+00,0.000000000000000000e+00,5.434782608695652023e-03
1.326259946949602054e-03,0.000000000000000000e+00,0.000000000000000000e+00,2.652519893899204107e-03,0.000000000000000000e+00,5.305039787798408214e-03,1.458885941644562367e-02,8.620689655172414367e-02,7.347480106100795494e-01,9.814323607427055673e-02,3.315649867374005633e-02,0.000000000000000000e+00,5.305039787798408214e-03,2.652519893899204107e-03,0.000000000000000000e+00,2.652519893899204107e-03,2.652519893899204107e-03,2.652519893899204107e-03,1.326259946949602054e-03,2.652519893899204107e-03,0.000000000000000000e+00,3.978779840848806378e-03
1.148105625717566044e-03,1.148105625717566044e-03,0.000000000000000000e+00,0.000000000000000000e+00,2.296211251435132088e-03,3.444316877152697916e-03,1.033295063145809461e-02,1.836969001148105671e-02,7.692307692307692735e-02,7.416762342135476693e-01,1.033295063145809461e-01,2.066590126291618923e-02,8.036739380022962093e-03,0.000000000000000000e+00,1.148105625717566044e-03,0.000000000000000000e+00,0.000000000000000000e+00,0.000000000000000000e+00,0.000000000000000000e+00,2.296211251435132088e-03,0.000000000000000000e+00,9.184845005740528354e-03
0.000000000000000000e+00,0.000000000000000000e+00,1.269035532994923759e-03,0.000000000000000000e+00,1.269035532994923759e-03,2.538071065989847518e-03,7.614213197969543420e-03,1.269035532994923846e-02,3.172588832487309440e-02,1.104060913705583735e-01,6.890862944162436943e-01,8.756345177664974500e-02,1.903553299492385942e-02,1.142131979695431426e-02,7.614213197969543420e-03,1.269035532994923759e-03,0.000000000000000000e+00,2.538071065989847518e-03,1.269035532994923759e-03,1.269035532994923759e-03,2.538071065989847518e-03,8.883248730964467613e-03
5.449591280653950758e-03,0.000000000000000000e+00,0.000000000000000000e+00,2.724795640326975379e-03,2.724795640326975379e-03,1.362397820163487733e-02,5.449591280653950758e-03,0.000000000000000000e+00,1.362397820163487733e-02,4.632152588555858014e-02,1.634877384196185279e-01,5.149863760217984199e-01,1.198910081743869149e-01,3.542234332425068383e-02,2.179836512261580303e-02,8.174386920980925703e-03,5.449591280653950758e-03,0.000000000000000000e+00,2.724795640326975379e-03,2.724795640326975379e-03,0.000000000000000000e+00,3.542234332425068383e-02
0.000000000000000000e+00,0.000000000000000000e+00,0.000000000000000000e+00,0.000000000000000000e+00,3.378378378378378566e-03,0.000000000000000000e+00,0.000000000000000000e+00,1.013513513513513570e-02,1.351351351351351426e-02,2.364864864864864996e-02,4.729729729729729992e-02,1.452702702702702575e-01,5.979729729729730270e-01,9.121621621621621434e-02,2.702702702702702853e-02,6.756756756756757132e-03,0.000000000000000000e+00,1.013513513513513570e-02,3.378378378378378566e-03,3.378378378378378566e-03,0.000000000000000000e+00,1.689189189189189283e-02
0.000000000000000000e+00,0.000000000000000000e+00,0.000000000000000000e+00,0.000000000000000000e+00,0.000000000000000000e+00,5.025125628140703592e-03,0.000000000000000000e+00,1.507537688442210991e-02,0.000000000000000000e+00,2.010050251256281437e-02,4.020100502512562873e-02,6.532663316582915103e-02,6.030150753768843963e-02,5.175879396984924830e-01,1.155778894472361817e-01,3.517587939698492427e-02,5.527638190954774211e-02,1.507537688442210991e-02,1.005025125628140718e-02,5.025125628140703592e-03,5.025125628140703592e-03,3.517587939698492427e-02
0.000000000000000000e+00,0.000000000000000000e+00,0.000000000000000000e+00,0.000000000000000000e+00,0.000000000000000000e+00,0.000000000000000000e+00,0.000000000000000000e+00,7.246376811594202987e-03,7.246376811594202987e-03,3.623188405797101580e-02,3.623188405797101580e-02,3.623188405797101580e-02,7.246376811594203160e-02,9.420289855072463969e-02,4.782608695652174058e-01,7.246376811594203160e-02,5.797101449275362389e-02,3.623188405797101580e-02,7.246376811594202987e-03,0.000000000000000000e+00,7.246376811594202987e-03,5.072463768115942351e-02
0.000000000000000000e+00,0.000000000000000000e+00,0.000000000000000000e+00,0.000000000000000000e+00,0.000000000000000000e+00,0.000000000000000000e+00,1.428571428571428527e-02,0.000000000000000000e+00,0.000000000000000000e+00,4.285714285714285754e-02,1.428571428571428527e-02,7.142857142857142461e-02,4.285714285714285754e-02,7.142857142857142461e-02,1.285714285714285587e-01,4.000000000000000222e-01,5.714285714285714107e-02,8.571428571428571508e-02,1.428571428571428527e-02,1.428571428571428527e-02,1.428571428571428527e-02,2.857142857142857054e-02
0.000000000000000000e+00,0.000000000000000000e+00,0.000000000000000000e+00,0.000000000000000000e+00,0.000000000000000000e+00,0.000000000000000000e+00,1.724137931034482735e-02,1.724137931034482735e-02,1.724137931034482735e-02,5.172413793103448204e-02,1.724137931034482735e-02,1.724137931034482735e-02,1.724137931034482735e-02,1.206896551724137984e-01,3.448275862068965469e-02,6.896551724137930939e-02,4.137931034482758563e-01,3.448275862068965469e-02,0.000000000000000000e+00,1.724137931034482735e-02,1.724137931034482735e-02,1.379310344827586188e-01
0.000000000000000000e+00,0.000000000000000000e+00,0.000000000000000000e+00,0.000000000000000000e+00,2.439024390243902524e-02,0.000000000000000000e+00,0.000000000000000000e+00,2.439024390243902524e-02,0.000000000000000000e+00,7.317073170731706877e-02,0.000000000000000000e+00,4.878048780487805047e-02,7.317073170731706877e-02,7.317073170731706877e-02,2.439024390243902524e-02,4.878048780487805047e-02,0.000000000000000000e+00,2.195121951219512202e-01,4.878048780487805047e-02,4.878048780487805047e-02,0.000000000000000000e+00,2.926829268292682751e-01
0.000000000000000000e+00,0.000000000000000000e+00,0.000000000000000000e+00,0.000000000000000000e+00,2.439024390243902524e-02,0.000000000000000000e+00,0.000000000000000000e+00,0.000000000000000000e+00,0.000000000000000000e+00,0.000000000000000000e+00,2.439024390243902524e-02,0.000000000000000000e+00,2.439024390243902524e-02,4.878048780487805047e-02,7.317073170731706877e-02,2.439024390243902524e-02,4.878048780487805047e-02,4.878048780487805047e-02,5.121951219512195230e-01,2.439024390243902524e-02,4.878048780487805047e-02,9.756097560975610095e-02
0.000000000000000000e+00,0.000000000000000000e+00,0.000000000000000000e+00,0.000000000000000000e+00,0.000000000000000000e+00,0.000000000000000000e+00,0.000000000000000000e+00,3.333333333333333287e-02,0.000000000000000000e+00,1.000000000000000056e-01,3.333333333333333287e-02,0.000000000000000000e+00,3.333333333333333287e-02,1.000000000000000056e-01,1.000000000000000056e-01,6.666666666666666574e-02,3.333333333333333287e-02,6.666666666666666574e-02,6.666666666666666574e-02,2.999999999999999889e-01,0.000000000000000000e+00,6.666666666666666574e-02
0.000000000000000000e+00,0.000000000000000000e+00,0.000000000000000000e+00,0.000000000000000000e+00,0.000000000000000000e+00,0.000000000000000000e+00,0.000000000000000000e+00,0.000000000000000000e+00,0.000000000000000000e+00,0.000000000000000000e+00,3.125000000000000000e-02,6.250000000000000000e-02,0.000000000000000000e+00,3.125000000000000000e-02,3.125000000000000000e-02,0.000000000000000000e+00,0.000000000000000000e+00,6.250000000000000000e-02,3.125000000000000000e-02,1.562500000000000000e-01,4.062500000000000000e-01,1.875000000000000000e-01
3.267973856209150426e-03,3.267973856209150426e-03,0.000000000000000000e+00,0.000000000000000000e+00,3.267973856209150426e-03,0.000000000000000000e+00,6.535947712418300852e-03,6.535947712418300852e-03,6.535947712418300852e-03,9.803921568627450844e-03,1.960784313725490169e-02,4.248366013071895597e-02,3.267973856209150513e-02,3.267973856209150513e-02,2.614379084967320341e-02,6.535947712418300852e-03,9.803921568627450844e-03,1.633986928104575256e-02,1.633986928104575256e-02,1.307189542483660170e-02,2.941176470588235253e-02,7.156862745098039325e-01
