3.750000000000000000e-01,3.750000000000000000e-01,1.250000000000000000e-01,0.000000000000000000e+00,0.000000000000000000e+00,0.000000000000000000e+00,0.000000000000000000e+00,0.000000000000000000e+00,0.000000000000000000e+00,0.000000000000000000e+00,0.000000000000000000e+00,0.000000000000000000e+00,0.000000000000000000e+00,0.000000000000000000e+00,1.250000000000000000e-01,0.000000000000000000e+00,0.000000000000000000e+00,0.000000000000000000e+00,0.000000000000000000e+00,0.000000000000000000e+00,0.000000000000000000e+00,0.000000000000000000e+00
5.747126436781609116e-03,8.908045977011493921e-01,6.321839080459770721e-02,2.873563218390804558e-02,1.149425287356321823e-02,0.000000000000000000e+00,0.000000000000000000e+00,0.000000000000000000e+00,0.000000000000000000e+00,0.000000000000000000e+00,0.000000000000000000e+00,0.000000000000000000e+00,0.000000000000000000e+00,0.000000000000000000e+00,0.000000000000000000e+00,0.000000000000000000e+00,0.000000000000000000e+00,0.000000000000000000e+00,0.000000000000000000e+00,0.000000000000000000e+00,0.000000000000000000e+00,0.000000000000000000e+00
0.000000000000000000e+00,3.076923076923077094e-02,7.615384615384614975e-01,1.820512820512820429e-01,1.025641025641025640e-02,5.128205128205128201e-03,5.128205128205128201e-03,2.564102564102564100e-03,0.000000000000000000e+00,0.000000000000000000e+00,0.000000000000000000e+00,0.000000000000000000e+00,0.000000000000000000e+00,0.000000000000000000e+00,0.000000000000000000e+00,0.000000000000000000e+00,0.000000000000000000e+00,0.000000000000000000e+00,2.564102564102564100e-03,0.000000000000000000e+00,0.000000000000000000e+00,0.000000000000000000e+00
6.648936170212765796e-04,4.654255319148935949e-03,4.122340425531914598e-02,8.331117021276596146e-01,1.043882978723404270e-01,1.130319148936170283e-02,1.329787234042553159e-03,0.000000000000000000e+00,1.329787234042553159e-03,0.000000000000000000e+00,0.000000000000000000e+00,6.648936170212765796e-04,0.000000000000000000e+00,0.000000000000000000e+00,6.648936170212765796e-04,0.000000000000000000e+00,0.000000000000000000e+00,0.000000000000000000e+00,6.648936170212765796e-04,0.000000000000000000e+00,0.000000000000000000e+00,0.000000000000000000e+00
0.000000000000000000e+00,7.651109410864575123e-04,5.355776587605202803e-03,9.946442234123947790e-02,7.498087222647283889e-01,1.032899770466717687e-01,2.295332823259372754e-02,6.885998469778117394e-03,2.295332823259372754e-03,1.530221882172915025e-03,7.651109410864575123e-04,7.651109410864575123e-04,1.530221882172915025e-03,7.651109410864575123e-04,7.651109410864575123e-04,0.000000000000000000e+00,1.530221882172915025e-03,0.000000000000000000e+00,7.651109410864575123e-04,0.000000000000000000e+00,0.000000000000000000e+00,7.651109410864575123e-04
0.000000000000000000e+00,0.000000000000000000e+00,3.994673768308921492e-03,2.130492676431424912e-02,1.371504660452729785e-01,6.564580559254327152e-01,1.131824234354194408e-01,3.062583222370172942e-02,7.989347536617842985e-03,5.326231691078562279e-03,1.331557922769640570e-03,1.331557922769640570e-03,3.994673768308921492e-03,1.331557922769640570e-03,0.000000000000000000e+00,1.331557922769640570e-03,2.663115845539281139e-03,0.000000000000000000e+00,1.331557922769640570e-03,0.000000000000000000e+00,0.000000000000000000e+00,1.065246338215712456e-02
0.000000000000000000e+00,0.000000000000000000e+00,2.941176470588235253e-03,1.764705882352941152e-02,8.529411764705882582e-02,1.470588235294117696e-01,4.882352941176470451e-01,8.235294117647058709e-02,5.882352941176470507e-02,3.235294117647059126e-02,2.058823529411764677e-02,8.823529411764705760e-03,2.941176470588235253e-03,2.941176470588235253e-03,0.000000000000000000e+00,2.941176470588235253e-03,8.823529411764705760e-03,2.941176470588235253e-03,2.941176470588235253e-03,0.000000000000000000e+00,5.882352941176470507e-03,2.647058823529411728e-02
0.000000000000000000e+00,0.000000000000000000e+00,0.000000000000000000e+00,1.657458563535911533e-02,3.314917127071823066e-02,9.944751381215469199e-02,1.160220994475138073e-01,4.309392265193370264e-01,1.546961325966850764e-01,5.524861878453038444e-02,3.314917127071823066e-02,1.104972375690607689e-02,1.104972375690607689e-02,1.657458563535911533e-02,0.000000000000000000e+00,0.000000000000000000e+00,0.000000000000000000e+00,0.000000000000000000e+00,0.000000000000000000e+00,0.000000000000000000e+00,0.000000000000000000e+00,2.209944751381215378e-02
0.000000000000000000e+00,4.184100418410041482e-03,8.368200836820082963e-03,8.368200836820082963e-03,2.092050209205020828e-02,2.510460251046025063e-02,5.857740585774058595e-02,7.531380753138075534e-02,6.025104602510460428e-01,7.949790794979079422e-02,4.602510460251046237e-02,2.092050209205020828e-02,0.000000000000000000e+00,1.255230125523012531e-02,4.184100418410041482e-03,0.000000000000000000e+00,0.000000000000000000e+00,0.000000000000000000e+00,4.184100418410041482e-03,4.184100418410041482e-03,0.000000000000000000e+00,2.510460251046025063e-02
0.000000000000000000e+00,0.000000000000000000e+00,0.000000000000000000e+00,1.324503311258278145e-02,1.324503311258278145e-02,2.649006622516556289e-02,2.649006622516556289e-02,6.622516556291391243e-02,1.192052980132450313e-01,5.231788079470198749e-01,7.284768211920529535e-02,4.635761589403973593e-02,0.000000000000000000e+00,6.622516556291390723e-03,1.986754966887417304e-02,1.324503311258278145e-02,6.622516556291390723e-03,0.000000000000000000e+00,0.000000000000000000e+00,6.622516556291390723e-03,0.000000000000000000e+00,3.973509933774834607e-02
0.000000000000000000e+00,0.000000000000000000e+00,0.000000000000000000e+00,1.408450704225352144e-02,2.816901408450704289e-02,7.042253521126760896e-02,7.042253521126760896e-02,5.633802816901408578e-02,8.450704225352112520e-02,1.690140845070422504e-01,3.239436619718309984e-01,4.225352112676056260e-02,4.225352112676056260e-02,0.000000000000000000e+00,0.000000000000000000e+00,1.408450704225352144e-02,0.000000000000000000e+00,1.408450704225352144e-02,1.408450704225352144e-02,1.408450704225352144e-02,0.000000000000000000e+00,4.225352112676056260e-02
0.000000000000000000e+00,0.000000000000000000e+00,0.000000000000000000e+00,1.388888888888888812e-02,4.166666666666666435e-02,0.000000000000000000e+00,1.388888888888888812e-02,1.388888888888888812e-02,6.944444444444444753e-02,8.333333333333332871e-02,1.388888888888888812e-02,5.416666666666666297e-01,4.166666666666666435e-02,5.555555555555555247e-02,1.388888888888888812e-02,5.555555555555555247e-02,0.000000000000000000e+00,1.388888888888888812e-02,0.000000000000000000e+00,0.000000000000000000e+00,0.000000000000000000e+00,2.777777777777777624e-02
0.000000000000000000e+00,0.000000000000000000e+00,0.000000000000000000e+00,2.325581395348837177e-02,4.651162790697674354e-02,2.325581395348837177e-02,6.976744186046511531e-02,2.325581395348837177e-02,2.325581395348837177e-02,4.651162790697674354e-02,2.325581395348837177e-02,4.651162790697674354e-02,4.418604651162790775e-01,2.325581395348837177e-02,2.325581395348837177e-02,2.325581395348837177e-02,0.000000000000000000e+00,2.325581395348837177e-02,4.651162790697674354e-02,0.000000000000000000e+00,2.325581395348837177e-02,6.976744186046511531e-02
0.000000000000000000e+00,0.000000000000000000e+00,0.000000000000000000e+00,3.225806451612903136e-02,0.000000000000000000e+00,3.225806451612903136e-02,3.225806451612903136e-02,6.451612903225806273e-02,0.000000000000000000e+00,1.290322580645161255e-01,6.451612903225806273e-02,0.000000000000000000e+00,6.451612903225806273e-02,2.580645161290322509e-01,1.935483870967741882e-01,3.225806451612903136e-02,0.000000000000000000e+00,0.000000000000000000e+00,3.225806451612903136e-02,0.000000000000000000e+00,0.000000000000000000e+00,6.451612903225806273e-02
0.000000000000000000e+00,0.000000000000000000e+00,2.941176470588235253e-02,0.000000000000000000e+00,0.000000000000000000e+00,0.000000000000000000e+00,2.941176470588235253e-02,0.000000000000000000e+00,0.000000000000000000e+00,2.941176470588235253e-02,2.941176470588235253e-02,1.176470588235294101e-01,2.941176470588235253e-02,1.470588235294117696e-01,2.352941176470588203e-01,8.823529411764706454e-02,2.941176470588235253e-02,2.941176470588235253e-02,5.882352941176470507e-02,0.000000000000000000e+00,0.000000000000000000e+00,1.470588235294117696e-01
0.000000000000000000e+00,0.000000000000000000e+00,0.000000000000000000e+00,2.380952380952380820e-02,4.761904761904761640e-02,2.380952380952380820e-02,0.000000000000000000e+00,2.380952380952380820e-02,0.000000000000000000e+00,0.000000000000000000e+00,7.142857142857142461e-02,2.380952380952380820e-02,2.380952380952380820e-02,2.380952380952380820e-02,7.142857142857142461e-02,3.333333333333333148e-01,2.142857142857142738e-01,2.380952380952380820e-02,0.000000000000000000e+00,2.380952380952380820e-02,2.380952380952380820e-02,4.761904761904761640e-02
0.000000000000000000e+00,2.564102564102564014e-02,0.000000000000000000e+00,0.000000000000000000e+00,2.564102564102564014e-02,7.692307692307692735e-02,0.000000000000000000e+00,5.128205128205128027e-02,0.000000000000000000e+00,2.564102564102564014e-02,0.000000000000000000e+00,2.564102564102564014e-02,2.564102564102564014e-02,0.000000000000000000e+00,0.000000000000000000e+00,1.025641025641025605e-01,3.589743589743589758e-01,1.025641025641025605e-01,7.692307692307692735e-02,2.564102564102564014e-02,2.564102564102564014e-02,5.128205128205128027e-02
0.000000000000000000e+00,0.000000000000000000e+00,0.000000000000000000e+00,0.000000000000000000e+00,0.000000000000000000e+00,4.166666666666666435e-02,8.333333333333332871e-02,8.333333333333332871e-02,0.000000000000000000e+00,8.333333333333332871e-02,0.000000000000000000e+00,0.000000000000000000e+00,0.000000000000000000e+00,0.000000000000000000e+00,0.000000000000000000e+00,1.250000000000000000e-01,8.333333333333332871e-02,2.500000000000000000e-01,1.250000000000000000e-01,4.166666666666666435e-02,4.166666666666666435e-02,4.166666666666666435e-02
0.000000000000000000e+00,0.000000000000000000e+00,0.000000000000000000e+00,0.000000000000000000e+00,2.325581395348837177e-02,0.000000000000000000e+00,1.162790697674418589e-01,2.325581395348837177e-02,0.000000000000000000e+00,0.000000000000000000e+00,0.000000000000000000e+00,0.000000000000000000e+00,0.000000000000000000e+00,0.000000000000000000e+00,2.325581395348837177e-02,2.325581395348837177e-02,2.325581395348837177e-02,4.651162790697674354e-02,3.720930232558139483e-01,9.302325581395348708e-02,1.162790697674418589e-01,1.395348837209302306e-01
0.000000000000000000e+00,0.000000000000000000e+00,0.000000000000000000e+00,0.000000000000000000e+00,0.000000000000000000e+00,0.000000000000000000e+00,2.631578947368420907e-02,2.631578947368420907e-02,0.000000000000000000e+00,0.000000000000000000e+00,2.631578947368420907e-02,0.000000000000000000e+00,2.631578947368420907e-02,0.000000000000000000e+00,0.000000000000000000e+00,0.000000000000000000e+00,2.631578947368420907e-02,0.000000000000000000e+00,7.894736842105262720e-02,6.052631578947368363e-01,2.631578947368420907e-02,1.578947368421052544e-01
0.000000000000000000e+00,0.000000000000000000e+00,0.000000000000000000e+00,0.000000000000000000e+00,2.173913043478260809e-02,2.173913043478260809e-02,2.173913043478260809e-02,0.000000000000000000e+00,0.000000000000000000e+00,0.000000000000000000e+00,4.347826086956521618e-02,0.000000000000000000e+00,0.000000000000000000e+00,0.000000000000000000e+00,0.000000000000000000e+00,6.521739130434782428e-02,0.000000000000000000e+00,2.173913043478260809e-02,4.347826086956521618e-02,6.521739130434782428e-02,6.086956521739130821e-01,8.695652173913043237e-02
0.000000000000000000e+00,4.926108374384236509e-03,0.000000000000000000e+00,9.852216748768473017e-03,9.852216748768473017e-03,3.448275862068965469e-02,3.940886699507389207e-02,9.852216748768473017e-03,2.955665024630541732e-02,3.448275862068965469e-02,0.000000000000000000e+00,9.852216748768473017e-03,2.463054187192118341e-02,9.852216748768473017e-03,9.852216748768473017e-03,9.852216748768473017e-03,0.000000000000000000e+00,1.477832512315270866e-02,3.448275862068965469e-02,3.448275862068965469e-02,2.463054187192118341e-02,6.551724137931034253e-01
