7.665010645848119308e-01,9.652235628105039489e-02,1.064584811923349923e-02,2.129169623846699760e-03,1.419446415897799912e-03,1.419446415897799912e-03,0.000000000000000000e+00,0.000000000000000000e+00,0.000000000000000000e+00,0.000000000000000000e+00,7.097232079488999560e-04,7.097232079488999560e-04,0.000000000000000000e+00,0.000000000000000000e+00,0.000000000000000000e+00,7.097232079488999560e-04,2.129169623846699760e-03,4.258339247693399519e-03,1.774308019872249814e-02,2.767920511000709557e-02,6.742370475514548878e-02
1.123956326268465006e-01,7.790622992935131164e-01,4.624277456647398615e-02,6.422607578676942618e-03,1.284521515735388480e-03,0.000000000000000000e+00,1.284521515735388480e-03,0.000000000000000000e+00,0.000000000000000000e+00,0.000000000000000000e+00,0.000000000000000000e+00,0.000000000000000000e+00,0.000000000000000000e+00,0.000000000000000000e+00,1.284521515735388480e-03,6.422607578676942401e-04,0.000000000000000000e+00,5.138086062941553921e-03,6.422607578676942618e-03,1.284521515735388524e-02,2.697495183044315917e-02
2.714932126696832648e-02,1.357466063348416185e-01,7.073906485671191957e-01,5.882352941176470507e-02,4.524886877828054703e-03,3.016591251885369657e-03,3.016591251885369657e-03,0.000000000000000000e+00,0.000000000000000000e+00,1.508295625942684829e-03,0.000000000000000000e+00,0.000000000000000000e+00,0.000000000000000000e+00,0.000000000000000000e+00,1.508295625942684829e-03,1.508295625942684829e-03,1.508295625942684829e-03,0.000000000000000000e+00,1.055806938159879402e-02,1.206636500754147863e-02,3.167420814479637858e-02
2.212389380530973421e-02,4.867256637168141525e-02,1.460176991150442527e-01,6.150442477876105762e-01,9.734513274336283051e-02,1.327433628318584052e-02,8.849557522123893682e-03,4.424778761061946841e-03,0.000000000000000000e+00,8.849557522123893682e-03,1.327433628318584052e-02,0.000000000000000000e+00,0.000000000000000000e+00,0.000000000000000000e+00,4.424778761061946841e-03,0.000000000000000000e+00,0.000000000000000000e+00,4.424778761061946841e-03,0.000000000000000000e+00,0.000000000000000000e+00,1.327433628318584052e-02
0.000000000000000000e+00,2.061855670103092744e-02,7.216494845360824084e-02,1.546391752577319645e-01,5.360824742268041065e-01,1.134020618556701027e-01,3.092783505154639290e-02,0.000000000000000000e+00,1.030927835051546372e-02,0.000000000000000000e+00,1.030927835051546372e-02,0.000000000000000000e+00,1.030927835051546372e-02,0.000000000000000000e+00,0.000000000000000000e+00,1.030927835051546372e-02,0.000000000000000000e+00,0.000000000000000000e+00,0.000000000000000000e+00,0.000000000000000000e+00,3.092783505154639290e-02
1.886792452830188607e-02,3.773584905660377214e-02,1.320754716981132060e-01,3.773584905660377214e-02,1.509433962264150886e-01,4.716981132075471761e-01,5.660377358490566169e-02,0.000000000000000000e+00,0.000000000000000000e+00,1.886792452830188607e-02,1.886792452830188607e-02,0.000000000000000000e+00,1.886792452830188607e-02,0.000000000000000000e+00,0.000000000000000000e+00,0.000000000000000000e+00,0.000000000000000000e+00,0.000000000000000000e+00,1.886792452830188607e-02,1.886792452830188607e-02,0.000000000000000000e+00
0.000000000000000000e+00,6.896551724137930939e-02,3.448275862068965469e-02,1.379310344827586188e-01,3.448275862068965469e-02,2.758620689655172376e-01,2.758620689655172376e-01,3.448275862068965469e-02,6.896551724137930939e-02,0.000000000000000000e+00,3.448275862068965469e-02,0.000000000000000000e+00,0.000000000000000000e+00,0.000000000000000000e+00,0.000000000000000000e+00,0.000000000000000000e+00,0.000000000000000000e+00,0.000000000000000000e+00,0.000000000000000000e+00,0.000000000000000000e+00,3.448275862068965469e-02
0.000000000000000000e+00,0.000000000000000000e+00,0.000000000000000000e+00,0.000000000000000000e+00,6.250000000000000000e-02,6.250000000000000000e-02,1.250000000000000000e-01,5.000000000000000000e-01,1.250000000000000000e-01,6.250000000000000000e-02,0.000000000000000000e+00,0.000000000000000000e+00,0.000000000000000000e+00,0.000000000000000000e+00,0.000000000000000000e+00,0.000000000000000000e+00,0.000000000000000000e+00,0.000000000000000000e+00,0.000000000000000000e+00,0.000000000000000000e+00,6.250000000000000000e-02
0.000000000000000000e+00,0.000000000000000000e+00,0.000000000000000000e+00,6.250000000000000000e-02,0.000000000000000000e+00,6.250000000000000000e-02,6.250000000000000000e-02,6.250000000000000000e-02,5.625000000000000000e-01,1.250000000000000000e-01,6.250000000000000000e-02,0.000000000000000000e+00,0.000000000000000000e+00,0.000000000000000000e+00,0.000000000000000000e+00,0.000000000000000000e+00,0.000000000000000000e+00,0.000000000000000000e+00,0.000000000000000000e+00,0.000000000000000000e+00,0.000000000000000000e+00
0.000000000000000000e+00,0.000000000000000000e+00,0.000000000000000000e+00,6.250000000000000000e-02,6.250000000000000000e-02,0.000000000000000000e+00,0.000000000000000000e+00,1.875000000000000000e-01,6.250000000000000000e-02,3.750000000000000000e-01,1.875000000000000000e-01,0.000000000000000000e+00,0.000000000000000000e+00,0.000000000000000000e+00,0.000000000000000000e+00,0.000000000000000000e+00,6.250000000000000000e-02,0.000000000000000000e+00,0.000000000000000000e+00,0.000000000000000000e+00,0.000000000000000000e+00
3.030303030303030387e-02,3.030303030303030387e-02,9.090909090909091161e-02,3.030303030303030387e-02,0.000000000000000000e+00,3.030303030303030387e-02,9.090909090909091161e-02,0.000000000000000000e+00,3.030303030303030387e-02,9.090909090909091161e-02,5.454545454545454142e-01,0.000000000000000000e+00,0.000000000000000000e+00,0.000000000000000000e+00,3.030303030303030387e-02,0.000000000000000000e+00,0.000000000000000000e+00,0.000000000000000000e+00,0.000000000000000000e+00,0.000000000000000000e+00,0.000000000000000000e+00
9.090909090909091161e-02,0.000000000000000000e+00,0.000000000000000000e+00,0.000000000000000000e+00,0.000000000000000000e+00,0.000000000000000000e+00,0.000000000000000000e+00,0.000000000000000000e+00,0.000000000000000000e+00,0.000000000000000000e+00,0.000000000000000000e+00,8.181818181818182323e-01,0.000000000000000000e+00,0.000000000000000000e+00,0.000000000000000000e+00,0.000000000000000000e+00,0.000000000000000000e+00,0.000000000000000000e+00,9.090909090909091161e-02,0.000000000000000000e+00,0.000000000000000000e+00
0.000000000000000000e+00,0.000000000000000000e+00,0.000000000000000000e+00,0.000000000000000000e+00,5.000000000000000000e-01,0.000000000000000000e+00,0.000000000000000000e+00,0.000000000000000000e+00,0.000000000000000000e+00,0.000000000000000000e+00,0.000000000000000000e+00,5.000000000000000000e-01,0.000000000000000000e+00,0.000000000000000000e+00,0.000000000000000000e+00,0.000000000000000000e+00,0.000000000000000000e+00,0.000000000000000000e+00,0.000000000000000000e+00,0.000000000000000000e+00,0.000000000000000000e+00
0.000000000000000000e+00,0.000000000000000000e+00,0.000000000000000000e+00,0.000000000000000000e+00,0.000000000000000000e+00,0.000000000000000000e+00,0.000000000000000000e+00,0.000000000000000000e+00,0.000000000000000000e+00,0.000000000000000000e+00,0.000000000000000000e+00,0.000000000000000000e+00,0.000000000000000000e+00,0.000000000000000000e+00,0.000000000000000000e+00,0.000000000000000000e+00,0.000000000000000000e+00,0.000000000000000000e+00,0.000000000000000000e+00,0.000000000000000000e+00,1.000000000000000000e+00
0.000000000000000000e+00,0.000000000000000000e+00,0.000000000000000000e+00,0.000000000000000000e+00,0.000000000000000000e+00,0.000000000000000000e+00,0.000000000000000000e+00,0.000000000000000000e+00,0.000000000000000000e+00,0.000000000000000000e+00,0.000000000000000000e+00,0.000000000000000000e+00,0.000000000000000000e+00,0.000000000000000000e+00,5.999999999999999778e-01,1.000000000000000056e-01,0.000000000000000000e+00,1.000000000000000056e-01,1.000000000000000056e-01,1.000000000000000056e-01,0.000000000000000000e+00
2.564102564102564014e-02,0.000000000000000000e+00,0.000000000000000000e+00,0.000000000000000000e+00,0.000000000000000000e+00,0.000000000000000000e+00,0.000000000000000000e+00,0.000000000000000000e+00,0.000000000000000000e+00,0.000000000000000000e+00,0.000000000000000000e+00,0.000000000000000000e+00,0.000000000000000000e+00,0.000000000000000000e+00,2.564102564102564014e-02,7.948717948717948234e-01,1.025641025641025605e-01,2.564102564102564014e-02,0.000000000000000000e+00,2.564102564102564014e-02,0.000000000000000000e+00
4.109589041095890183e-02,2.739726027397260122e-02,0.000000000000000000e+00,0.000000000000000000e+00,0.000000000000000000e+00,0.000000000000000000e+00,0.000000000000000000e+00,0.000000000000000000e+00,0.000000000000000000e+00,0.000000000000000000e+00,0.000000000000000000e+00,0.000000000000000000e+00,0.000000000000000000e+00,0.000000000000000000e+00,0.000000000000000000e+00,2.739726027397260122e-02,7.260273972602739878e-01,8.219178082191780366e-02,1.369863013698630061e-02,4.109589041095890183e-02,4.109589041095890183e-02
3.731343283582089221e-02,2.985074626865671585e-02,7.462686567164178962e-03,0.000000000000000000e+00,0.000000000000000000e+00,0.000000000000000000e+00,0.000000000000000000e+00,0.000000000000000000e+00,0.000000000000000000e+00,0.000000000000000000e+00,7.462686567164178962e-03,0.000000000000000000e+00,7.462686567164178962e-03,0.000000000000000000e+00,0.000000000000000000e+00,7.462686567164178962e-03,4.477611940298507204e-02,7.238805970149253532e-01,1.492537313432835792e-02,5.223880597014925187e-02,6.716417910447761153e-02
3.515625000000000000e-02,3.906250000000000000e-02,1.562500000000000000e-02,3.906250000000000000e-03,0.000000000000000000e+00,0.000000000000000000e+00,0.000000000000000000e+00,0.000000000000000000e+00,0.000000000000000000e+00,0.000000000000000000e+00,0.000000000000000000e+00,3.906250000000000000e-03,0.000000000000000000e+00,0.000000000000000000e+00,0.000000000000000000e+00,0.000000000000000000e+00,1.171875000000000000e-02,1.953125000000000000e-02,7.304687500000000000e-01,9.765625000000000000e-02,4.296875000000000000e-02
9.259259259259258745e-02,3.439153439153438963e-02,1.058201058201058142e-02,0.000000000000000000e+00,0.000000000000000000e+00,0.000000000000000000e+00,0.000000000000000000e+00,0.000000000000000000e+00,0.000000000000000000e+00,0.000000000000000000e+00,2.645502645502645356e-03,0.000000000000000000e+00,0.000000000000000000e+00,2.645502645502645356e-03,2.645502645502645356e-03,0.000000000000000000e+00,5.291005291005290712e-03,5.291005291005290712e-03,6.878306878306877925e-02,6.746031746031746490e-01,1.005291005291005235e-01
1.221910112359550493e-01,4.073033707865168773e-02,1.685393258426966245e-02,1.404494382022471871e-03,0.000000000000000000e+00,0.000000000000000000e+00,0.000000000000000000e+00,0.000000000000000000e+00,0.000000000000000000e+00,0.000000000000000000e+00,0.000000000000000000e+00,1.404494382022471871e-03,0.000000000000000000e+00,0.000000000000000000e+00,0.000000000000000000e+00,1.404494382022471871e-03,5.617977528089887485e-03,1.825842696629213432e-02,2.247191011235954994e-02,5.898876404494381859e-02,7.106741573033708015e-01
