6.608333333333333837e-01,1.491666666666666696e-01,1.583333333333333467e-02,5.000000000000000104e-03,2.500000000000000052e-03,8.333333333333333868e-04,0.000000000000000000e+00,0.000000000000000000e+00,8.333333333333333868e-04,0.000000000000000000e+00,2.500000000000000052e-03,0.000000000000000000e+00,0.000000000000000000e+00,0.000000000000000000e+00,0.000000000000000000e+00,8.333333333333333868e-04,1.666666666666666774e-03,5.000000000000000104e-03,1.416666666666666595e-02,2.750000000000000014e-02,1.133333333333333276e-01
1.587537091988130700e-01,5.875370919881305332e-01,1.275964391691394584e-01,2.670623145400593396e-02,1.038575667655786301e-02,1.483679525222551983e-03,0.000000000000000000e+00,0.000000000000000000e+00,0.000000000000000000e+00,1.483679525222551983e-03,1.038575667655786301e-02,0.000000000000000000e+00,1.483679525222551983e-03,1.483679525222551983e-03,1.483679525222551983e-03,0.000000000000000000e+00,1.483679525222551983e-03,0.000000000000000000e+00,5.934718100890207931e-03,1.632047477744807268e-02,4.747774480712166345e-02
7.608695652173913526e-02,1.141304347826086890e-01,5.597826086956522174e-01,1.086956521739130405e-01,2.445652173913043584e-02,8.152173913043478035e-03,2.717391304347826012e-03,8.152173913043478035e-03,0.000000000000000000e+00,2.717391304347826012e-03,4.076086956521739191e-02,2.717391304347826012e-03,0.000000000000000000e+00,0.000000000000000000e+00,2.717391304347826012e-03,0.000000000000000000e+00,2.717391304347826012e-03,5.434782608695652023e-03,5.434782608695652023e-03,2.445652173913043584e-02,1.086956521739130405e-02
4.761904761904761640e-02,9.523809523809523281e-02,9.047619047619047394e-02,5.333333333333333259e-01,7.619047619047619735e-02,1.904761904761904934e-02,2.380952380952380820e-02,0.000000000000000000e+00,9.523809523809524669e-03,4.761904761904762334e-03,1.904761904761904934e-02,0.000000000000000000e+00,0.000000000000000000e+00,0.000000000000000000e+00,0.000000000000000000e+00,0.000000000000000000e+00,9.523809523809524669e-03,9.523809523809524669e-03,9.523809523809524669e-03,1.428571428571428527e-02,3.809523809523809867e-02
5.769230769230769551e-02,1.923076923076923184e-02,7.692307692307692735e-02,1.250000000000000000e-01,4.807692307692307820e-01,4.807692307692307959e-02,1.923076923076923184e-02,2.884615384615384776e-02,1.923076923076923184e-02,9.615384615384615918e-03,4.807692307692307959e-02,9.615384615384615918e-03,0.000000000000000000e+00,0.000000000000000000e+00,0.000000000000000000e+00,0.000000000000000000e+00,0.000000000000000000e+00,9.615384615384615918e-03,1.923076923076923184e-02,1.923076923076923184e-02,9.615384615384615918e-03
2.500000000000000139e-02,2.500000000000000139e-02,2.500000000000000139e-02,7.499999999999999722e-02,1.250000000000000000e-01,2.999999999999999889e-01,1.250000000000000000e-01,1.250000000000000000e-01,7.499999999999999722e-02,0.000000000000000000e+00,7.499999999999999722e-02,0.000000000000000000e+00,0.000000000000000000e+00,0.000000000000000000e+00,0.000000000000000000e+00,0.000000000000000000e+00,0.000000000000000000e+00,0.000000000000000000e+00,0.000000000000000000e+00,2.500000000000000139e-02,0.000000000000000000e+00
2.127659574468085055e-02,2.127659574468085055e-02,6.382978723404254817e-02,1.063829787234042562e-01,2.127659574468085055e-02,1.063829787234042562e-01,3.617021276595744905e-01,4.255319148936170109e-02,4.255319148936170109e-02,2.127659574468085055e-02,1.276595744680850963e-01,0.000000000000000000e+00,0.000000000000000000e+00,0.000000000000000000e+00,0.000000000000000000e+00,0.000000000000000000e+00,0.000000000000000000e+00,2.127659574468085055e-02,0.000000000000000000e+00,2.127659574468085055e-02,2.127659574468085055e-02
1.739130434782608647e-01,4.347826086956521618e-02,8.695652173913043237e-02,8.695652173913043237e-02,0.000000000000000000e+00,8.695652173913043237e-02,4.347826086956521618e-02,1.739130434782608647e-01,1.739130434782608647e-01,0.000000000000000000e+00,4.347826086956521618e-02,4.347826086956521618e-02,0.000000000000000000e+00,0.000000000000000000e+00,0.000000000000000000e+00,0.000000000000000000e+00,0.000000000000000000e+00,0.000000000000000000e+00,0.000000000000000000e+00,0.000000000000000000e+00,4.347826086956521618e-02
1.081081081081081141e-01,2.702702702702702853e-02,2.702702702702702853e-02,0.000000000000000000e+00,8.108108108108108558e-02,5.405405405405405705e-02,2.702702702702702853e-02,0.000000000000000000e+00,4.324324324324324564e-01,0.000000000000000000e+00,1.891891891891891997e-01,0.000000000000000000e+00,0.000000000000000000e+00,0.000000000000000000e+00,0.000000000000000000e+00,0.000000000000000000e+00,0.000000000000000000e+00,0.000000000000000000e+00,0.000000000000000000e+00,2.702702702702702853e-02,2.702702702702702853e-02
5.000000000000000278e-02,1.000000000000000056e-01,5.000000000000000278e-02,0.000000000000000000e+00,0.000000000000000000e+00,1.000000000000000056e-01,5.000000000000000278e-02,0.000000000000000000e+00,5.000000000000000278e-02,2.999999999999999889e-01,2.000000000000000111e-01,5.000000000000000278e-02,0.000000000000000000e+00,0.000000000000000000e+00,0.000000000000000000e+00,0.000000000000000000e+00,0.000000000000000000e+00,0.000000000000000000e+00,5.000000000000000278e-02,0.000000000000000000e+00,0.000000000000000000e+00
2.614379084967320341e-02,3.921568627450980338e-02,5.882352941176470507e-02,1.960784313725490169e-02,4.575163398692810163e-02,1.960784313725490169e-02,7.189542483660130157e-02,1.960784313725490169e-02,4.575163398692810163e-02,3.921568627450980338e-02,5.098039215686274161e-01,0.000000000000000000e+00,0.000000000000000000e+00,6.535947712418300852e-03,0.000000000000000000e+00,6.535947712418300852e-03,6.535947712418300852e-03,0.000000000000000000e+00,1.960784313725490169e-02,3.267973856209150513e-02,3.267973856209150513e-02
0.000000000000000000e+00,0.000000000000000000e+00,0.000000000000000000e+00,0.000000000000000000e+00,0.000000000000000000e+00,0.000000000000000000e+00,0.000000000000000000e+00,0.000000000000000000e+00,0.000000000000000000e+00,0.000000000000000000e+00,0.000000000000000000e+00,5.853658536585365502e-01,1.951219512195122019e-01,4.878048780487805047e-02,7.317073170731706877e-02,4.878048780487805047e-02,2.439024390243902524e-02,0.000000000000000000e+00,2.439024390243902524e-02,0.000000000000000000e+00,0.000000000000000000e+00
5.555555555555555247e-02,0.000000000000000000e+00,0.000000000000000000e+00,0.000000000000000000e+00,0.000000000000000000e+00,0.000000000000000000e+00,0.000000000000000000e+00,0.000000000000000000e+00,0.000000000000000000e+00,0.000000000000000000e+00,0.000000000000000000e+00,1.111111111111111049e-01,1.666666666666666574e-01,1.666666666666666574e-01,2.777777777777777901e-01,0.000000000000000000e+00,0.000000000000000000e+00,0.000000000000000000e+00,1.111111111111111049e-01,1.111111111111111049e-01,0.000000000000000000e+00
0.000000000000000000e+00,0.000000000000000000e+00,0.000000000000000000e+00,0.000000000000000000e+00,0.000000000000000000e+00,0.000000000000000000e+00,0.000000000000000000e+00,0.000000000000000000e+00,0.000000000000000000e+00,0.000000000000000000e+00,2.941176470588235253e-02,2.941176470588235253e-02,0.000000000000000000e+00,3.823529411764705621e-01,2.941176470588235392e-01,5.882352941176470507e-02,1.176470588235294101e-01,5.882352941176470507e-02,0.000000000000000000e+00,2.941176470588235253e-02,0.000000000000000000e+00
0.000000000000000000e+00,7.633587786259541687e-03,0.000000000000000000e+00,0.000000000000000000e+00,0.000000000000000000e+00,0.000000000000000000e+00,0.000000000000000000e+00,0.000000000000000000e+00,0.000000000000000000e+00,0.000000000000000000e+00,7.633587786259541687e-03,0.000000000000000000e+00,1.526717557251908337e-02,2.290076335877862593e-02,7.786259541984732468e-01,7.633587786259542207e-02,3.816793893129771104e-02,3.053435114503816675e-02,1.526717557251908337e-02,7.633587786259541687e-03,0.000000000000000000e+00
1.709401709401709574e-02,1.709401709401709574e-02,0.000000000000000000e+00,0.000000000000000000e+00,0.000000000000000000e+00,0.000000000000000000e+00,0.000000000000000000e+00,0.000000000000000000e+00,0.000000000000000000e+00,0.000000000000000000e+00,8.547008547008547868e-03,8.547008547008547868e-03,8.547008547008547868e-03,3.418803418803419147e-02,4.273504273504273587e-02,5.641025641025640969e-01,1.538461538461538547e-01,3.418803418803419147e-02,5.128205128205128027e-02,5.982905982905983161e-02,0.000000000000000000e+00
6.451612903225806446e-03,6.451612903225806446e-03,6.451612903225806446e-03,0.000000000000000000e+00,0.000000000000000000e+00,0.000000000000000000e+00,0.000000000000000000e+00,0.000000000000000000e+00,0.000000000000000000e+00,0.000000000000000000e+00,6.451612903225806446e-03,6.451612903225806446e-03,0.000000000000000000e+00,6.451612903225806446e-03,2.580645161290322578e-02,8.387096774193548987e-02,6.064516129032258007e-01,1.419354838709677435e-01,5.161290322580645157e-02,1.935483870967742021e-02,3.225806451612903136e-02
1.785714285714285615e-02,0.000000000000000000e+00,0.000000000000000000e+00,0.000000000000000000e+00,0.000000000000000000e+00,0.000000000000000000e+00,4.464285714285714038e-03,0.000000000000000000e+00,0.000000000000000000e+00,0.000000000000000000e+00,0.000000000000000000e+00,0.000000000000000000e+00,0.000000000000000000e+00,0.000000000000000000e+00,0.000000000000000000e+00,2.232142857142857192e-02,4.910714285714285615e-02,5.267857142857143016e-01,2.142857142857142738e-01,1.026785714285714246e-01,6.250000000000000000e-02
4.268292682926829590e-02,1.219512195121951262e-02,9.146341463414633596e-03,0.000000000000000000e+00,0.000000000000000000e+00,0.000000000000000000e+00,3.048780487804878155e-03,0.000000000000000000e+00,0.000000000000000000e+00,0.000000000000000000e+00,9.146341463414633596e-03,3.048780487804878155e-03,0.000000000000000000e+00,0.000000000000000000e+00,3.048780487804878155e-03,3.048780487804878155e-03,2.439024390243902524e-02,5.182926829268292429e-02,4.695121951219511924e-01,2.743902439024390461e-01,9.451219512195122019e-02
5.401844532279315159e-02,9.222661396574440007e-03,1.317523056653491405e-02,6.587615283267457024e-03,2.635046113306982983e-03,2.635046113306982983e-03,0.000000000000000000e+00,0.000000000000000000e+00,1.317523056653491492e-03,0.000000000000000000e+00,7.905138339920948082e-03,2.635046113306982983e-03,0.000000000000000000e+00,0.000000000000000000e+00,1.317523056653491492e-03,2.635046113306982983e-03,3.952569169960474041e-03,1.712779973649538809e-02,5.533596837944664004e-02,6.113306982872199757e-01,2.081686429512516479e-01
1.927480916030534230e-01,2.385496183206107026e-02,1.049618320610687036e-02,7.633587786259541687e-03,3.816793893129770843e-03,0.000000000000000000e+00,0.000000000000000000e+00,1.908396946564885422e-03,9.541984732824427108e-04,2.862595419847328241e-03,2.862595419847328241e-03,0.000000000000000000e+00,0.000000000000000000e+00,0.000000000000000000e+00,0.000000000000000000e+00,0.000000000000000000e+00,2.862595419847328241e-03,6.679389312977099084e-03,1.622137404580152598e-02,8.969465648854961504e-02,6.374045801526717625e-01
