5.833333333333333703e-01,0.000000000000000000e+00,2.500000000000000000e-01,1.666666666666666574e-01,0.000000000000000000e+00,0.000000000000000000e+00,0.000000000000000000e+00,0.000000000000000000e+00,0.000000000000000000e+00,0.000000000000000000e+00,0.000000000000000000e+00,0.000000000000000000e+00,0.000000000000000000e+00,0.000000000000000000e+00,0.000000000000000000e+00,0.000000000000000000e+00,0.000000000000000000e+00,0.000000000000000000e+00,0.000000000000000000e+00,0.000000000000000000e+00,0.000000000000000000e+00,0.000000000000000000e+00
1.197604790419161749e-02,8.802395209580838875e-01,9.580838323353293995e-02,1.197604790419161749e-02,0.000000000000000000e+00,0.000000000000000000e+00,0.000000000000000000e+00,0.000000000000000000e+00,0.000000000000000000e+00,0.000000000000000000e+00,0.000000000000000000e+00,0.000000000000000000e+00,0.000000000000000000e+00,0.000000000000000000e+00,0.000000000000000000e+00,0.000000000000000000e+00,0.000000000000000000e+00,0.000000000000000000e+00,0.000000000000000000e+00,0.000000000000000000e+00,0.000000000000000000e+00,0.000000000000000000e+00
1.890359168241966025e-03,2.079395085066162649e-02,8.147448015122873421e-01,1.568998109640831751e-01,0.000000000000000000e+00,0.000000000000000000e+00,1.890359168241966025e-03,1.890359168241966025e-03,0.000000000000000000e+00,0.000000000000000000e+00,0.000000000000000000e+00,0.000000000000000000e+00,0.000000000000000000e+00,0.000000000000000000e+00,0.000000000000000000e+00,0.000000000000000000e+00,0.000000000000000000e+00,0.000000000000000000e+00,0.000000000000000000e+00,0.000000000000000000e+00,0.000000000000000000e+00,1.890359168241966025e-03
1.473477406679764247e-03,1.473477406679764247e-03,3.634577603143418489e-02,8.737721021611002392e-01,7.612966601178781934e-02,7.367387033398821450e-03,9.823182711198427588e-04,9.823182711198427588e-04,9.823182711198427588e-04,0.000000000000000000e+00,0.000000000000000000e+00,0.000000000000000000e+00,0.000000000000000000e+00,0.000000000000000000e+00,0.000000000000000000e+00,0.000000000000000000e+00,0.000000000000000000e+00,0.000000000000000000e+00,0.000000000000000000e+00,0.000000000000000000e+00,0.000000000000000000e+00,4.911591355599213794e-04
0.000000000000000000e+00,6.738544474393531360e-04,6.738544474393531360e-04,9.366576819407007592e-02,7.978436657681940991e-01,8.221024258760108172e-02,8.760107816711590334e-03,2.695417789757412544e-03,2.021563342318059408e-03,6.738544474393531360e-04,2.695417789757412544e-03,0.000000000000000000e+00,0.000000000000000000e+00,1.347708894878706272e-03,1.347708894878706272e-03,6.738544474393531360e-04,0.000000000000000000e+00,0.000000000000000000e+00,0.000000000000000000e+00,0.000000000000000000e+00,0.000000000000000000e+00,4.716981132075471518e-03
0.000000000000000000e+00,0.000000000000000000e+00,1.344086021505376451e-03,1.747311827956989083e-02,1.491935483870967805e-01,7.379032258064516236e-01,5.645161290322580488e-02,1.075268817204301161e-02,6.720430107526881823e-03,1.344086021505376451e-03,1.344086021505376451e-03,1.344086021505376451e-03,0.000000000000000000e+00,1.344086021505376451e-03,0.000000000000000000e+00,4.032258064516128920e-03,1.344086021505376451e-03,0.000000000000000000e+00,0.000000000000000000e+00,0.000000000000000000e+00,0.000000000000000000e+00,9.408602150537634726e-03
0.000000000000000000e+00,0.000000000000000000e+00,0.000000000000000000e+00,1.932367149758454014e-02,9.661835748792270417e-02,1.932367149758454083e-01,5.652173913043477826e-01,5.314009661835748799e-02,1.932367149758454014e-02,1.449275362318840597e-02,0.000000000000000000e+00,9.661835748792270070e-03,4.830917874396135035e-03,9.661835748792270070e-03,0.000000000000000000e+00,4.830917874396135035e-03,4.830917874396135035e-03,0.000000000000000000e+00,0.000000000000000000e+00,0.000000000000000000e+00,0.000000000000000000e+00,4.830917874396135035e-03
0.000000000000000000e+00,0.000000000000000000e+00,0.000000000000000000e+00,0.000000000000000000e+00,6.896551724137930939e-02,9.195402298850574585e-02,1.379310344827586188e-01,5.632183908045976795e-01,8.045977011494252762e-02,1.149425287356321823e-02,0.000000000000000000e+00,0.000000000000000000e+00,0.000000000000000000e+00,0.000000000000000000e+00,0.000000000000000000e+00,0.000000000000000000e+00,1.149425287356321823e-02,1.149425287356321823e-02,0.000000000000000000e+00,0.000000000000000000e+00,0.000000000000000000e+00,2.298850574712643646e-02
0.000000000000000000e+00,0.000000000000000000e+00,0.000000000000000000e+00,1.941747572815533812e-02,0.000000000000000000e+00,6.796116504854368690e-02,4.854368932038834877e-02,8.737864077669903196e-02,6.407766990291262621e-01,3.883495145631067624e-02,1.941747572815533812e-02,1.941747572815533812e-02,0.000000000000000000e+00,0.000000000000000000e+00,0.000000000000000000e+00,9.708737864077669061e-03,0.000000000000000000e+00,0.000000000000000000e+00,0.000000000000000000e+00,0.000000000000000000e+00,0.000000000000000000e+00,4.854368932038834877e-02
0.000000000000000000e+00,0.000000000000000000e+00,0.000000000000000000e+00,0.000000000000000000e+00,1.960784313725490169e-02,1.960784313725490169e-02,5.882352941176470507e-02,3.921568627450980338e-02,7.843137254901960675e-02,6.078431372549019107e-01,5.882352941176470507e-02,1.960784313725490169e-02,0.000000000000000000e+00,1.960784313725490169e-02,0.000000000000000000e+00,0.000000000000000000e+00,1.960784313725490169e-02,0.000000000000000000e+00,0.000000000000000000e+00,0.000000000000000000e+00,0.000000000000000000e+00,5.882352941176470507e-02
0.000000000000000000e+00,0.000000000000000000e+00,0.000000000000000000e+00,0.000000000000000000e+00,0.000000000000000000e+00,0.000000000000000000e+00,1.111111111111111049e-01,0.000000000000000000e+00,0.000000000000000000e+00,2.222222222222222099e-01,4.074074074074073848e-01,7.407407407407406996e-02,0.000000000000000000e+00,0.000000000000000000e+00,3.703703703703703498e-02,3.703703703703703498e-02,0.000000000000000000e+00,0.000000000000000000e+00,0.000000000000000000e+00,0.000000000000000000e+00,0.000000000000000000e+00,1.111111111111111049e-01
0.000000000000000000e+00,0.000000000000000000e+00,0.000000000000000000e+00,0.000000000000000000e+00,0.000000000000000000e+00,2.500000000000000139e-02,2.500000000000000139e-02,2.500000000000000139e-02,2.500000000000000139e-02,5.000000000000000278e-02,7.499999999999999722e-02,5.500000000000000444e-01,7.499999999999999722e-02,7.499999999999999722e-02,2.500000000000000139e-02,2.500000000000000139e-02,2.500000000000000139e-02,0.000000000000000000e+00,0.000000000000000000e+00,0.000000000000000000e+00,0.000000000000000000e+00,0.000000000000000000e+00
0.000000000000000000e+00,0.000000000000000000e+00,0.000000000000000000e+00,0.000000000000000000e+00,5.128205128205128027e-02,0.000000000000000000e+00,0.000000000000000000e+00,0.000000000000000000e+00,0.000000000000000000e+00,0.000000000000000000e+00,0.000000000000000000e+00,1.282051282051281937e-01,5.641025641025640969e-01,2.307692307692307820e-01,2.564102564102564014e-02,0.000000000000000000e+00,0.000000000000000000e+00,0.000000000000000000e+00,0.000000000000000000e+00,0.000000000000000000e+00,0.000000000000000000e+00,0.000000000000000000e+00
0.000000000000000000e+00,0.000000000000000000e+00,0.000000000000000000e+00,0.000000000000000000e+00,0.000000000000000000e+00,1.315789473684210453e-01,0.000000000000000000e+00,0.000000000000000000e+00,0.000000000000000000e+00,0.000000000000000000e+00,0.000000000000000000e+00,0.000000000000000000e+00,7.894736842105262720e-02,4.736842105263157632e-01,1.315789473684210453e-01,2.631578947368420907e-02,2.631578947368420907e-02,2.631578947368420907e-02,0.000000000000000000e+00,2.631578947368420907e-02,2.631578947368420907e-02,5.263157894736841813e-02
0.000000000000000000e+00,0.000000000000000000e+00,0.000000000000000000e+00,0.000000000000000000e+00,5.555555555555555247e-02,0.000000000000000000e+00,0.000000000000000000e+00,0.000000000000000000e+00,1.111111111111111049e-01,1.111111111111111049e-01,0.000000000000000000e+00,5.555555555555555247e-02,5.555555555555555247e-02,1.111111111111111049e-01,3.333333333333333148e-01,5.555555555555555247e-02,0.000000000000000000e+00,5.555555555555555247e-02,0.000000000000000000e+00,0.000000000000000000e+00,5.555555555555555247e-02,0.000000000000000000e+00
0.000000000000000000e+00,0.000000000000000000e+00,0.000000000000000000e+00,0.000000000000000000e+00,3.030303030303030387e-02,6.060606060606060774e-02,6.060606060606060774e-02,3.030303030303030387e-02,0.000000000000000000e+00,0.000000000000000000e+00,0.000000000000000000e+00,9.090909090909091161e-02,0.000000000000000000e+00,0.000000000000000000e+00,0.000000000000000000e+00,4.848484848484848619e-01,6.060606060606060774e-02,3.030303030303030387e-02,6.060606060606060774e-02,3.030303030303030387e-02,0.000000000000000000e+00,6.060606060606060774e-02
0.000000000000000000e+00,0.000000000000000000e+00,0.000000000000000000e+00,0.000000000000000000e+00,0.000000000000000000e+00,1.000000000000000056e-01,1.000000000000000056e-01,0.000000000000000000e+00,5.000000000000000278e-02,0.000000000000000000e+00,0.000000000000000000e+00,0.000000000000000000e+00,5.000000000000000278e-02,0.000000000000000000e+00,5.000000000000000278e-02,5.000000000000000278e-02,2.000000000000000111e-01,1.000000000000000056e-01,1.000000000000000056e-01,5.000000000000000278e-02,5.000000000000000278e-02,1.000000000000000056e-01
0.000000000000000000e+00,0.000000000000000000e+00,0.000000000000000000e+00,0.000000000000000000e+00,0.000000000000000000e+00,1.111111111111111049e-01,0.000000000000000000e+00,0.000000000000000000e+00,0.000000000000000000e+00,0.000000000000000000e+00,0.000000000000000000e+00,0.000000000000000000e+00,1.111111111111111049e-01,0.000000000000000000e+00,2.222222222222222099e-01,1.111111111111111049e-01,1.111111111111111049e-01,1.111111111111111049e-01,0.000000000000000000e+00,0.000000000000000000e+00,0.000000000000000000e+00,2.222222222222222099e-01
0.000000000000000000e+00,0.000000000000000000e+00,0.000000000000000000e+00,0.000000000000000000e+00,8.333333333333332871e-02,0.000000000000000000e+00,0.000000000000000000e+00,0.000000000000000000e+00,0.000000000000000000e+00,0.000000000000000000e+00,8.333333333333332871e-02,0.000000000000000000e+00,8.333333333333332871e-02,0.000000000000000000e+00,0.000000000000000000e+00,0.000000000000000000e+00,8.333333333333332871e-02,0.000000000000000000e+00,4.166666666666666852e-01,8.333333333333332871e-02,8.333333333333332871e-02,8.333333333333332871e-02
0.000000000000000000e+00,0.000000000000000000e+00,0.000000000000000000e+00,0.000000000000000000e+00,0.000000000000000000e+00,1.666666666666666574e-01,0.000000000000000000e+00,0.000000000000000000e+00,0.000000000000000000e+00,0.000000000000000000e+00,0.000000000000000000e+00,0.000000000000000000e+00,1.666666666666666574e-01,0.000000000000000000e+00,0.000000000000000000e+00,0.000000000000000000e+00,1.666666666666666574e-01,0.000000000000000000e+00,1.666666666666666574e-01,3.333333333333333148e-01,0.000000000000000000e+00,0.000000000000000000e+00
0.000000000000000000e+00,0.000000000000000000e+00,0.000000000000000000e+00,0.000000000000000000e+00,0.000000000000000000e+00,1.666666666666666574e-01,0.000000000000000000e+00,0.000000000000000000e+00,0.000000000000000000e+00,1.666666666666666574e-01,0.000000000000000000e+00,0.000000000000000000e+00,3.333333333333333148e-01,0.000000000000000000e+00,0.000000000000000000e+00,0.000000000000000000e+00,0.000000000000000000e+00,1.666666666666666574e-01,0.000000000000000000e+00,0.000000000000000000e+00,1.666666666666666574e-01,0.000000000000000000e+00
0.000000000000000000e+00,0.000000000000000000e+00,0.000000000000000000e+00,0.000000000000000000e+00,6.349206349206348854e-02,6.349206349206348854e-02,3.174603174603174427e-02,1.587301587301587213e-02,6.349206349206348854e-02,3.174603174603174427e-02,4.761904761904761640e-02,1.587301587301587213e-02,1.587301587301587213e-02,0.000000000000000000e+00,1.587301587301587213e-02,4.761904761904761640e-02,6.349206349206348854e-02,1.587301587301587213e-02,1.587301587301587213e-02,0.000000000000000000e+00,1.587301587301587213e-02,4.761904761904761640e-01
