2.692307692307692180e-01,1.923076923076923184e-01,1.153846153846153910e-01,3.076923076923077094e-01,3.846153846153846367e-02,0.000000000000000000e+00,0.000000000000000000e+00,0.000000000000000000e+00,0.000000000000000000e+00,3.846153846153846367e-02,0.000000000000000000e+00,0.000000000000000000e+00,0.000000000000000000e+00,0.000000000000000000e+00,0.000000000000000000e+00,0.000000000000000000e+00,0.000000000000000000e+00,0.000000000000000000e+00,3.846153846153846367e-02,0.000000000000000000e+00,0.000000000000000000e+00,0.000000000000000000e+00
3.146067415730337269e-02,7.550561797752809445e-01,1.056179775280898930e-01,8.539325842696629532e-02,1.797752808988764203e-02,0.000000000000000000e+00,2.247191011235955254e-03,2.247191011235955254e-03,0.000000000000000000e+00,0.000000000000000000e+00,0.000000000000000000e+00,0.000000000000000000e+00,0.000000000000000000e+00,0.000000000000000000e+00,0.000000000000000000e+00,0.000000000000000000e+00,0.000000000000000000e+00,0.000000000000000000e+00,0.000000000000000000e+00,0.000000000000000000e+00,0.000000000000000000e+00,0.000000000000000000e+00
9.074410163339382586e-04,6.533575317604355115e-02,8.094373865698729631e-01,1.070780399274047223e-01,1.270417422867513649e-02,2.722323049001814776e-03,0.000000000000000000e+00,1.814882032667876517e-03,0.000000000000000000e+00,0.000000000000000000e+00,0.000000000000000000e+00,0.000000000000000000e+00,0.000000000000000000e+00,0.000000000000000000e+00,0.000000000000000000e+00,0.000000000000000000e+00,0.000000000000000000e+00,0.000000000000000000e+00,0.000000000000000000e+00,0.000000000000000000e+00,0.000000000000000000e+00,0.000000000000000000e+00
5.497526113249038161e-04,1.869158878504672758e-02,8.796041781198460363e-02,8.345244639912039464e-01,4.562946673996701175e-02,7.696536558548652991e-03,1.649257833974711448e-03,1.099505222649807632e-03,1.099505222649807632e-03,0.000000000000000000e+00,0.000000000000000000e+00,0.000000000000000000e+00,0.000000000000000000e+00,0.000000000000000000e+00,0.000000000000000000e+00,5.497526113249038161e-04,0.000000000000000000e+00,0.000000000000000000e+00,0.000000000000000000e+00,0.000000000000000000e+00,0.000000000000000000e+00,5.497526113249038161e-04
0.000000000000000000e+00,9.271523178807947879e-03,1.854304635761589576e-02,1.589403973509933843e-01,7.324503311258278027e-01,5.562913907284768034e-02,1.456953642384106046e-02,2.649006622516556289e-03,0.000000000000000000e+00,2.649006622516556289e-03,1.324503311258278145e-03,1.324503311258278145e-03,0.000000000000000000e+00,1.324503311258278145e-03,0.000000000000000000e+00,1.324503311258278145e-03,0.000000000000000000e+00,0.000000000000000000e+00,0.000000000000000000e+00,0.000000000000000000e+00,0.000000000000000000e+00,0.000000000000000000e+00
0.000000000000000000e+00,8.928571428571428076e-03,1.785714285714285615e-02,8.035714285714286309e-02,2.008928571428571508e-01,6.071428571428570953e-01,3.125000000000000000e-02,1.785714285714285615e-02,4.464285714285714038e-03,0.000000000000000000e+00,4.464285714285714038e-03,4.464285714285714038e-03,0.000000000000000000e+00,0.000000000000000000e+00,0.000000000000000000e+00,4.464285714285714038e-03,4.464285714285714038e-03,4.464285714285714038e-03,0.000000000000000000e+00,0.000000000000000000e+00,0.000000000000000000e+00,8.928571428571428076e-03
0.000000000000000000e+00,8.000000000000000167e-03,2.400000000000000050e-02,8.000000000000000167e-03,1.039999999999999952e-01,1.759999999999999898e-01,5.600000000000000533e-01,5.600000000000000117e-02,1.600000000000000033e-02,1.600000000000000033e-02,0.000000000000000000e+00,8.000000000000000167e-03,0.000000000000000000e+00,0.000000000000000000e+00,8.000000000000000167e-03,0.000000000000000000e+00,0.000000000000000000e+00,0.000000000000000000e+00,0.000000000000000000e+00,0.000000000000000000e+00,0.000000000000000000e+00,1.600000000000000033e-02
0.000000000000000000e+00,0.000000000000000000e+00,1.639344262295082053e-02,0.000000000000000000e+00,4.918032786885245811e-02,3.278688524590164105e-02,2.950819672131147486e-01,3.606557377049180446e-01,1.311475409836065642e-01,0.000000000000000000e+00,1.639344262295082053e-02,1.639344262295082053e-02,3.278688524590164105e-02,1.639344262295082053e-02,0.000000000000000000e+00,0.000000000000000000e+00,1.639344262295082053e-02,0.000000000000000000e+00,0.000000000000000000e+00,0.000000000000000000e+00,0.000000000000000000e+00,1.639344262295082053e-02
0.000000000000000000e+00,0.000000000000000000e+00,0.000000000000000000e+00,0.000000000000000000e+00,6.250000000000000000e-02,0.000000000000000000e+00,6.250000000000000000e-02,3.750000000000000000e-01,4.062500000000000000e-01,6.250000000000000000e-02,3.125000000000000000e-02,0.000000000000000000e+00,0.000000000000000000e+00,0.000000000000000000e+00,0.000000000000000000e+00,0.000000000000000000e+00,0.000000000000000000e+00,0.000000000000000000e+00,0.000000000000000000e+00,0.000000000000000000e+00,0.000000000000000000e+00,0.000000000000000000e+00
0.000000000000000000e+00,0.000000000000000000e+00,0.000000000000000000e+00,0.000000000000000000e+00,1.000000000000000056e-01,0.000000000000000000e+00,1.000000000000000056e-01,1.000000000000000056e-01,1.000000000000000056e-01,3.499999999999999778e-01,0.000000000000000000e+00,1.499999999999999944e-01,1.000000000000000056e-01,0.000000000000000000e+00,0.000000000000000000e+00,0.000000000000000000e+00,0.000000000000000000e+00,0.000000000000000000e+00,0.000000000000000000e+00,0.000000000000000000e+00,0.000000000000000000e+00,0.000000000000000000e+00
0.000000000000000000e+00,0.000000000000000000e+00,0.000000000000000000e+00,0.000000000000000000e+00,4.166666666666666435e-02,4.166666666666666435e-02,0.000000000000000000e+00,4.166666666666666435e-02,8.333333333333332871e-02,1.250000000000000000e-01,4.166666666666666852e-01,8.333333333333332871e-02,4.166666666666666435e-02,4.166666666666666435e-02,8.333333333333332871e-02,0.000000000000000000e+00,0.000000000000000000e+00,0.000000000000000000e+00,0.000000000000000000e+00,0.000000000000000000e+00,0.000000000000000000e+00,0.000000000000000000e+00
0.000000000000000000e+00,0.000000000000000000e+00,0.000000000000000000e+00,2.127659574468085055e-02,4.255319148936170109e-02,0.000000000000000000e+00,2.127659574468085055e-02,2.127659574468085055e-02,2.127659574468085055e-02,2.127659574468085055e-02,1.063829787234042562e-01,6.170212765957446832e-01,4.255319148936170109e-02,4.255319148936170109e-02,4.255319148936170109e-02,0.000000000000000000e+00,0.000000000000000000e+00,0.000000000000000000e+00,0.000000000000000000e+00,0.000000000000000000e+00,0.000000000000000000e+00,0.000000000000000000e+00
0.000000000000000000e+00,0.000000000000000000e+00,0.000000000000000000e+00,0.000000000000000000e+00,0.000000000000000000e+00,5.405405405405405705e-02,0.000000000000000000e+00,2.702702702702702853e-02,0.000000000000000000e+00,5.405405405405405705e-02,2.702702702702702853e-02,1.081081081081081141e-01,5.675675675675675436e-01,1.351351351351351426e-01,0.000000000000000000e+00,2.702702702702702853e-02,0.000000000000000000e+00,0.000000000000000000e+00,0.000000000000000000e+00,0.000000000000000000e+00,0.000000000000000000e+00,0.000000000000000000e+00
0.000000000000000000e+00,0.000000000000000000e+00,0.000000000000000000e+00,0.000000000000000000e+00,0.000000000000000000e+00,0.000000000000000000e+00,0.000000000000000000e+00,2.272727272727272790e-02,0.000000000000000000e+00,0.000000000000000000e+00,2.272727272727272790e-02,6.818181818181817677e-02,1.363636363636363535e-01,5.909090909090909394e-01,1.136363636363636326e-01,0.000000000000000000e+00,0.000000000000000000e+00,2.272727272727272790e-02,0.000000000000000000e+00,0.000000000000000000e+00,0.000000000000000000e+00,2.272727272727272790e-02
0.000000000000000000e+00,0.000000000000000000e+00,0.000000000000000000e+00,0.000000000000000000e+00,0.000000000000000000e+00,0.000000000000000000e+00,0.000000000000000000e+00,0.000000000000000000e+00,4.000000000000000083e-02,0.000000000000000000e+00,4.000000000000000083e-02,8.000000000000000167e-02,8.000000000000000167e-02,2.399999999999999911e-01,4.000000000000000222e-01,0.000000000000000000e+00,0.000000000000000000e+00,0.000000000000000000e+00,0.000000000000000000e+00,4.000000000000000083e-02,0.000000000000000000e+00,8.000000000000000167e-02
0.000000000000000000e+00,0.000000000000000000e+00,0.000000000000000000e+00,0.000000000000000000e+00,0.000000000000000000e+00,2.000000000000000111e-01,4.000000000000000222e-01,0.000000000000000000e+00,0.000000000000000000e+00,0.000000000000000000e+00,0.000000000000000000e+00,0.000000000000000000e+00,0.000000000000000000e+00,2.000000000000000111e-01,0.000000000000000000e+00,2.000000000000000111e-01,0.000000000000000000e+00,0.000000000000000000e+00,0.000000000000000000e+00,0.000000000000000000e+00,0.000000000000000000e+00,0.000000000000000000e+00
0.000000000000000000e+00,0.000000000000000000e+00,0.000000000000000000e+00,0.000000000000000000e+00,0.000000000000000000e+00,5.000000000000000000e-01,0.000000000000000000e+00,0.000000000000000000e+00,5.000000000000000000e-01,0.000000000000000000e+00,0.000000000000000000e+00,0.000000000000000000e+00,0.000000000000000000e+00,0.000000000000000000e+00,0.000000000000000000e+00,0.000000000000000000e+00,0.000000000000000000e+00,0.000000000000000000e+00,0.000000000000000000e+00,0.000000000000000000e+00,0.000000000000000000e+00,0.000000000000000000e+00
0.000000000000000000e+00,0.000000000000000000e+00,0.000000000000000000e+00,0.000000000000000000e+00,3.333333333333333148e-01,0.000000000000000000e+00,3.333333333333333148e-01,0.000000000000000000e+00,0.000000000000000000e+00,0.000000000000000000e+00,0.000000000000000000e+00,0.000000000000000000e+00,0.000000000000000000e+00,3.333333333333333148e-01,0.000000000000000000e+00,0.000000000000000000e+00,0.000000000000000000e+00,0.000000000000000000e+00,0.000000000000000000e+00,0.000000000000000000e+00,0.000000000000000000e+00,0.000000000000000000e+00
0.000000000000000000e+00,0.000000000000000000e+00,0.000000000000000000e+00,0.000000000000000000e+00,1.000000000000000000e+00,0.000000000000000000e+00,0.000000000000000000e+00,0.000000000000000000e+00,0.000000000000000000e+00,0.000000000000000000e+00,0.000000000000000000e+00,0.000000000000000000e+00,0.000000000000000000e+00,0.000000000000000000e+00,0.000000000000000000e+00,0.000000000000000000e+00,0.000000000000000000e+00,0.000000000000000000e+00,0.000000000000000000e+00,0.000000000000000000e+00,0.000000000000000000e+00,0.000000000000000000e+00
0.000000000000000000e+00,0.000000000000000000e+00,0.000000000000000000e+00,0.000000000000000000e+00,0.000000000000000000e+00,0.000000000000000000e+00,0.000000000000000000e+00,1.000000000000000000e+00,0.000000000000000000e+00,0.000000000000000000e+00,0.000000000000000000e+00,0.000000000000000000e+00,0.000000000000000000e+00,0.000000000000000000e+00,0.000000000000000000e+00,0.000000000000000000e+00,0.000000000000000000e+00,0.000000000000000000e+00,0.000000000000000000e+00,0.000000000000000000e+00,0.000000000000000000e+00,0.000000000000000000e+00
0.000000000000000000e+00,0.000000000000000000e+00,0.000000000000000000e+00,0.000000000000000000e+00,0.000000000000000000e+00,0.000000000000000000e+00,0.000000000000000000e+00,0.000000000000000000e+00,0.000000000000000000e+00,0.000000000000000000e+00,0.000000000000000000e+00,0.000000000000000000e+00,0.000000000000000000e+00,0.000000000000000000e+00,0.000000000000000000e+00,0.000000000000000000e+00,0.000000000000000000e+00,0.000000000000000000e+00,0.000000000000000000e+00,0.000000000000000000e+00,0.000000000000000000e+00,0.000000000000000000e+00
0.000000000000000000e+00,0.000000000000000000e+00,0.000000000000000000e+00,0.000000000000000000e+00,0.000000000000000000e+00,1.111111111111111049e-01,2.222222222222222099e-01,1.111111111111111049e-01,0.000000000000000000e+00,0.000000000000000000e+00,1.111111111111111049e-01,0.000000000000000000e+00,0.000000000000000000e+00,0.000000000000000000e+00,1.111111111111111049e-01,1.111111111111111049e-01,0.000000000000000000e+00,0.000000000000000000e+00,1.111111111111111049e-01,0.000000000000000000e+00,0.000000000000000000e+00,1.111111111111111049e-01
