7.408256880733945504e-01,8.486238532110092214e-02,1.605504587155963392e-02,8.027522935779816959e-03,3.440366972477064411e-03,2.293577981651376274e-03,2.293577981651376274e-03,1.146788990825688137e-03,1.146788990825688137e-03,2.293577981651376274e-03,4.587155963302752548e-03,0.000000000000000000e+00,0.000000000000000000e+00,0.000000000000000000e+00,1.146788990825688137e-03,1.146788990825688137e-03,0.000000000000000000e+00,3.440366972477064411e-03,6.880733944954128822e-03,2.293577981651376274e-02,9.747706422018348471e-02
1.596244131455399062e-01,5.892018779342722556e-01,1.009389671361502344e-01,2.816901408450704289e-02,1.173708920187793367e-02,4.694835680751173815e-03,1.173708920187793367e-02,9.389671361502347630e-03,0.000000000000000000e+00,0.000000000000000000e+00,1.408450704225352144e-02,0.000000000000000000e+00,0.000000000000000000e+00,0.000000000000000000e+00,0.000000000000000000e+00,2.347417840375586907e-03,2.347417840375586907e-03,4.694835680751173815e-03,7.042253521126760722e-03,7.042253521126760722e-03,4.694835680751173468e-02
6.050955414012738898e-02,1.496815286624203767e-01,5.636942675159235527e-01,6.687898089171974425e-02,3.503184713375796094e-02,9.554140127388534645e-03,9.554140127388534645e-03,9.554140127388534645e-03,3.184713375796178504e-03,9.554140127388534645e-03,2.547770700636942803e-02,0.000000000000000000e+00,0.000000000000000000e+00,0.000000000000000000e+00,0.000000000000000000e+00,0.000000000000000000e+00,0.000000000000000000e+00,6.369426751592357008e-03,9.554140127388534645e-03,1.273885350318471402e-02,2.866242038216560567e-02
6.214689265536723489e-02,6.214689265536723489e-02,1.751412429378531033e-01,5.028248587570621764e-01,9.039548022598870025e-02,3.954802259887005983e-02,5.649717514124293766e-03,5.649717514124293766e-03,0.000000000000000000e+00,0.000000000000000000e+00,2.824858757062146883e-02,0.000000000000000000e+00,0.000000000000000000e+00,0.000000000000000000e+00,0.000000000000000000e+00,0.000000000000000000e+00,0.000000000000000000e+00,1.129943502824858753e-02,5.649717514124293766e-03,0.000000000000000000e+00,1.129943502824858753e-02
8.411214953271027583e-02,4.672897196261682068e-02,8.411214953271027583e-02,1.308411214953270896e-01,4.485981308411214896e-01,7.476635514018691031e-02,9.345794392523363789e-03,3.738317757009345516e-02,9.345794392523363789e-03,0.000000000000000000e+00,9.345794392523363789e-03,9.345794392523363789e-03,0.000000000000000000e+00,0.000000000000000000e+00,0.000000000000000000e+00,0.000000000000000000e+00,0.000000000000000000e+00,0.000000000000000000e+00,9.345794392523363789e-03,9.345794392523363789e-03,3.738317757009345516e-02
0.000000000000000000e+00,1.086956521739130405e-01,6.521739130434782428e-02,1.086956521739130405e-01,2.173913043478260809e-01,2.826086956521738913e-01,8.695652173913043237e-02,2.173913043478260809e-02,0.000000000000000000e+00,0.000000000000000000e+00,4.347826086956521618e-02,0.000000000000000000e+00,0.000000000000000000e+00,0.000000000000000000e+00,0.000000000000000000e+00,0.000000000000000000e+00,0.000000000000000000e+00,0.000000000000000000e+00,0.000000000000000000e+00,2.173913043478260809e-02,4.347826086956521618e-02
0.000000000000000000e+00,2.500000000000000139e-02,5.000000000000000278e-02,7.499999999999999722e-02,7.499999999999999722e-02,7.499999999999999722e-02,3.250000000000000111e-01,1.499999999999999944e-01,2.500000000000000139e-02,2.500000000000000139e-02,7.499999999999999722e-02,0.000000000000000000e+00,0.000000000000000000e+00,0.000000000000000000e+00,0.000000000000000000e+00,0.000000000000000000e+00,0.000000000000000000e+00,0.000000000000000000e+00,2.500000000000000139e-02,2.500000000000000139e-02,5.000000000000000278e-02
1.851851851851851749e-02,0.000000000000000000e+00,3.703703703703703498e-02,0.000000000000000000e+00,1.851851851851851749e-02,7.407407407407406996e-02,7.407407407407406996e-02,4.629629629629629650e-01,5.555555555555555247e-02,1.851851851851851749e-02,1.666666666666666574e-01,0.000000000000000000e+00,0.000000000000000000e+00,0.000000000000000000e+00,0.000000000000000000e+00,0.000000000000000000e+00,0.000000000000000000e+00,1.851851851851851749e-02,0.000000000000000000e+00,0.000000000000000000e+00,5.555555555555555247e-02
5.000000000000000278e-02,0.000000000000000000e+00,0.000000000000000000e+00,1.000000000000000056e-01,0.000000000000000000e+00,5.000000000000000278e-02,0.000000000000000000e+00,1.000000000000000056e-01,2.000000000000000111e-01,1.499999999999999944e-01,2.999999999999999889e-01,0.000000000000000000e+00,0.000000000000000000e+00,0.000000000000000000e+00,0.000000000000000000e+00,0.000000000000000000e+00,0.000000000000000000e+00,0.000000000000000000e+00,0.000000000000000000e+00,0.000000000000000000e+00,5.000000000000000278e-02
6.666666666666666574e-02,6.666666666666666574e-02,1.333333333333333315e-01,1.333333333333333315e-01,6.666666666666666574e-02,0.000000000000000000e+00,0.000000000000000000e+00,0.000000000000000000e+00,6.666666666666666574e-02,2.000000000000000111e-01,2.666666666666666630e-01,0.000000000000000000e+00,0.000000000000000000e+00,0.000000000000000000e+00,0.000000000000000000e+00,0.000000000000000000e+00,0.000000000000000000e+00,0.000000000000000000e+00,0.000000000000000000e+00,0.000000000000000000e+00,0.000000000000000000e+00
5.217391304347825803e-02,6.956521739130434867e-02,4.347826086956521618e-02,4.347826086956521618e-02,5.217391304347825803e-02,1.739130434782608717e-02,3.478260869565217434e-02,4.347826086956521618e-02,6.086956521739130682e-02,3.478260869565217434e-02,4.869565217391304546e-01,8.695652173913043584e-03,0.000000000000000000e+00,0.000000000000000000e+00,0.000000000000000000e+00,8.695652173913043584e-03,0.000000000000000000e+00,8.695652173913043584e-03,8.695652173913043584e-03,8.695652173913043584e-03,1.739130434782608717e-02
0.000000000000000000e+00,0.000000000000000000e+00,0.000000000000000000e+00,0.000000000000000000e+00,0.000000000000000000e+00,0.000000000000000000e+00,0.000000000000000000e+00,0.000000000000000000e+00,0.000000000000000000e+00,0.000000000000000000e+00,0.000000000000000000e+00,6.734693877551020114e-01,1.428571428571428492e-01,6.122448979591836593e-02,2.040816326530612082e-02,2.040816326530612082e-02,4.081632653061224164e-02,4.081632653061224164e-02,0.000000000000000000e+00,0.000000000000000000e+00,0.000000000000000000e+00
0.000000000000000000e+00,0.000000000000000000e+00,0.000000000000000000e+00,0.000000000000000000e+00,0.000000000000000000e+00,0.000000000000000000e+00,0.000000000000000000e+00,3.125000000000000000e-02,0.000000000000000000e+00,0.000000000000000000e+00,0.000000000000000000e+00,2.187500000000000000e-01,4.375000000000000000e-01,1.875000000000000000e-01,3.125000000000000000e-02,6.250000000000000000e-02,3.125000000000000000e-02,0.000000000000000000e+00,0.000000000000000000e+00,0.000000000000000000e+00,0.000000000000000000e+00
4.000000000000000083e-02,4.000000000000000083e-02,0.000000000000000000e+00,0.000000000000000000e+00,0.000000000000000000e+00,0.000000000000000000e+00,0.000000000000000000e+00,0.000000000000000000e+00,0.000000000000000000e+00,0.000000000000000000e+00,0.000000000000000000e+00,8.000000000000000167e-02,2.000000000000000111e-01,4.799999999999999822e-01,8.000000000000000167e-02,8.000000000000000167e-02,0.000000000000000000e+00,0.000000000000000000e+00,0.000000000000000000e+00,0.000000000000000000e+00,0.000000000000000000e+00
1.428571428571428527e-02,0.000000000000000000e+00,0.000000000000000000e+00,0.000000000000000000e+00,0.000000000000000000e+00,0.000000000000000000e+00,0.000000000000000000e+00,0.000000000000000000e+00,0.000000000000000000e+00,0.000000000000000000e+00,0.000000000000000000e+00,1.428571428571428527e-02,1.428571428571428527e-02,5.714285714285714107e-02,8.000000000000000444e-01,4.285714285714285754e-02,1.428571428571428527e-02,1.428571428571428527e-02,0.000000000000000000e+00,1.428571428571428527e-02,1.428571428571428527e-02
3.703703703703703498e-02,0.000000000000000000e+00,0.000000000000000000e+00,0.000000000000000000e+00,0.000000000000000000e+00,0.000000000000000000e+00,0.000000000000000000e+00,0.000000000000000000e+00,0.000000000000000000e+00,0.000000000000000000e+00,3.703703703703703498e-02,1.851851851851851749e-02,1.851851851851851749e-02,1.851851851851851749e-02,9.259259259259258745e-02,4.814814814814814548e-01,9.259259259259258745e-02,9.259259259259258745e-02,1.851851851851851749e-02,1.851851851851851749e-02,7.407407407407406996e-02
0.000000000000000000e+00,0.000000000000000000e+00,0.000000000000000000e+00,0.000000000000000000e+00,0.000000000000000000e+00,0.000000000000000000e+00,0.000000000000000000e+00,0.000000000000000000e+00,0.000000000000000000e+00,0.000000000000000000e+00,0.000000000000000000e+00,0.000000000000000000e+00,9.174311926605505096e-03,9.174311926605505096e-03,0.000000000000000000e+00,5.504587155963303058e-02,7.247706422018348471e-01,1.651376146788990917e-01,9.174311926605505096e-03,2.752293577981651529e-02,0.000000000000000000e+00
2.105263157894736795e-02,1.052631578947368397e-02,5.263157894736841987e-03,0.000000000000000000e+00,0.000000000000000000e+00,0.000000000000000000e+00,0.000000000000000000e+00,0.000000000000000000e+00,0.000000000000000000e+00,0.000000000000000000e+00,0.000000000000000000e+00,1.052631578947368397e-02,1.052631578947368397e-02,0.000000000000000000e+00,0.000000000000000000e+00,1.578947368421052683e-02,1.052631578947368363e-01,6.578947368421053099e-01,9.473684210526316096e-02,3.684210526315789130e-02,3.157894736842105365e-02
8.310249307479224828e-03,8.310249307479224828e-03,8.310249307479224828e-03,2.770083102493074798e-03,0.000000000000000000e+00,0.000000000000000000e+00,2.770083102493074798e-03,0.000000000000000000e+00,0.000000000000000000e+00,0.000000000000000000e+00,2.770083102493074798e-03,0.000000000000000000e+00,0.000000000000000000e+00,0.000000000000000000e+00,0.000000000000000000e+00,8.310249307479224828e-03,1.108033240997229919e-02,5.540166204986149423e-02,7.534626038781163659e-01,1.024930747922437740e-01,3.601108033240997541e-02
1.801801801801801786e-02,1.501501501501501488e-03,6.006006006006005954e-03,3.003003003003002977e-03,0.000000000000000000e+00,3.003003003003002977e-03,0.000000000000000000e+00,0.000000000000000000e+00,0.000000000000000000e+00,0.000000000000000000e+00,3.003003003003002977e-03,0.000000000000000000e+00,0.000000000000000000e+00,0.000000000000000000e+00,1.501501501501501488e-03,1.501501501501501488e-03,3.003003003003002977e-03,1.051051051051051129e-02,6.306306306306305731e-02,7.522522522522522292e-01,1.336336336336336472e-01
7.887323943661972425e-02,1.502347417840375551e-02,5.633802816901408751e-03,2.816901408450704376e-03,3.755868544600938878e-03,0.000000000000000000e+00,2.816901408450704376e-03,9.389671361502347196e-04,0.000000000000000000e+00,0.000000000000000000e+00,4.694835680751173815e-03,9.389671361502347196e-04,0.000000000000000000e+00,0.000000000000000000e+00,0.000000000000000000e+00,9.389671361502347196e-04,0.000000000000000000e+00,5.633802816901408751e-03,1.126760563380281750e-02,8.920187793427229728e-02,7.774647887323943296e-01
