9.399999999999999467e-01,4.000000000000000083e-02,2.000000000000000042e-02,0.000000000000000000e+00,0.000000000000000000e+00,0.000000000000000000e+00,0.000000000000000000e+00,0.000000000000000000e+00,0.000000000000000000e+00,0.000000000000000000e+00,0.000000000000000000e+00,0.000000000000000000e+00,0.000000000000000000e+00,0.000000000000000000e+00,0.000000000000000000e+00,0.000000000000000000e+00,0.000000000000000000e+00,0.000000000000000000e+00,0.000000000000000000e+00,0.000000000000000000e+00,0.000000000000000000e+00,0.000000000000000000e+00
7.692307692307692735e-02,5.384615384615384359e-01,1.538461538461538547e-01,1.538461538461538547e-01,7.692307692307692735e-02,0.000000000000000000e+00,0.000000000000000000e+00,0.000000000000000000e+00,0.000000000000000000e+00,0.000000000000000000e+00,0.000000000000000000e+00,0.000000000000000000e+00,0.000000000000000000e+00,0.000000000000000000e+00,0.000000000000000000e+00,0.000000000000000000e+00,0.000000000000000000e+00,0.000000000000000000e+00,0.000000000000000000e+00,0.000000000000000000e+00,0.000000000000000000e+00,0.000000000000000000e+00
0.000000000000000000e+00,2.352941176470588203e-01,5.294117647058823595e-01,1.176470588235294101e-01,0.000000000000000000e+00,5.882352941176470507e-02,5.882352941176470507e-02,0.000000000000000000e+00,0.000000000000000000e+00,0.000000000000000000e+00,0.000000000000000000e+00,0.000000000000000000e+00,0.000000000000000000e+00,0.000000000000000000e+00,0.000000000000000000e+00,0.000000000000000000e+00,0.000000000000000000e+00,0.000000000000000000e+00,0.000000000000000000e+00,0.000000000000000000e+00,0.000000000000000000e+00,0.000000000000000000e+00
0.000000000000000000e+00,1.408450704225352144e-02,4.225352112676056260e-02,7.605633802816901268e-01,5.633802816901408578e-02,0.000000000000000000e+00,1.408450704225352144e-02,1.408450704225352144e-02,1.408450704225352144e-02,1.408450704225352144e-02,2.816901408450704289e-02,1.408450704225352144e-02,0.000000000000000000e+00,0.000000000000000000e+00,0.000000000000000000e+00,0.000000000000000000e+00,0.000000000000000000e+00,0.000000000000000000e+00,0.000000000000000000e+00,1.408450704225352144e-02,0.000000000000000000e+00,1.408450704225352144e-02
0.000000000000000000e+00,0.000000000000000000e+00,2.564102564102564014e-02,7.692307692307692735e-02,7.179487179487179516e-01,5.128205128205128027e-02,5.128205128205128027e-02,5.128205128205128027e-02,2.564102564102564014e-02,0.000000000000000000e+00,0.000000000000000000e+00,0.000000000000000000e+00,0.000000000000000000e+00,0.000000000000000000e+00,0.000000000000000000e+00,0.000000000000000000e+00,0.000000000000000000e+00,0.000000000000000000e+00,0.000000000000000000e+00,0.000000000000000000e+00,0.000000000000000000e+00,0.000000000000000000e+00
9.615384615384615918e-03,0.000000000000000000e+00,0.000000000000000000e+00,2.884615384615384776e-02,2.884615384615384776e-02,6.826923076923077094e-01,1.442307692307692180e-01,3.846153846153846367e-02,3.846153846153846367e-02,0.000000000000000000e+00,9.615384615384615918e-03,9.615384615384615918e-03,0.000000000000000000e+00,9.615384615384615918e-03,0.000000000000000000e+00,0.000000000000000000e+00,0.000000000000000000e+00,0.000000000000000000e+00,0.000000000000000000e+00,0.000000000000000000e+00,0.000000000000000000e+00,0.000000000000000000e+00
0.000000000000000000e+00,0.000000000000000000e+00,0.000000000000000000e+00,0.000000000000000000e+00,1.578947368421052683e-02,1.210526315789473700e-01,6.947368421052632081e-01,1.105263157894736809e-01,1.052631578947368397e-02,1.578947368421052683e-02,5.263157894736841987e-03,1.052631578947368397e-02,5.263157894736841987e-03,5.263157894736841987e-03,0.000000000000000000e+00,0.000000000000000000e+00,0.000000000000000000e+00,0.000000000000000000e+00,0.000000000000000000e+00,0.000000000000000000e+00,0.000000000000000000e+00,5.263157894736841987e-03
0.000000000000000000e+00,0.000000000000000000e+00,0.000000000000000000e+00,5.830903790087463463e-03,2.915451895043731732e-03,2.915451895043731732e-03,5.539358600583090680e-02,7.900874635568513327e-01,1.166180758017492658e-01,5.830903790087463463e-03,8.746355685131195629e-03,2.915451895043731732e-03,2.915451895043731732e-03,5.830903790087463463e-03,0.000000000000000000e+00,0.000000000000000000e+00,0.000000000000000000e+00,0.000000000000000000e+00,0.000000000000000000e+00,0.000000000000000000e+00,0.000000000000000000e+00,0.000000000000000000e+00
0.000000000000000000e+00,0.000000000000000000e+00,0.000000000000000000e+00,0.000000000000000000e+00,0.000000000000000000e+00,7.490636704119850268e-03,5.617977528089887485e-03,5.805243445692884197e-02,7.059925093632958282e-01,1.591760299625468167e-01,3.558052434456928509e-02,5.617977528089887485e-03,9.363295880149813052e-03,1.872659176029962567e-03,1.872659176029962567e-03,0.000000000000000000e+00,1.872659176029962567e-03,0.000000000000000000e+00,0.000000000000000000e+00,1.872659176029962567e-03,0.000000000000000000e+00,5.617977528089887485e-03
0.000000000000000000e+00,0.000000000000000000e+00,0.000000000000000000e+00,2.775208140610545705e-03,0.000000000000000000e+00,9.250693802035153072e-04,2.775208140610545705e-03,8.325624421831637548e-03,8.603145235892692422e-02,7.983348751156337242e-01,7.585568917668825129e-02,1.110083256244218282e-02,5.550416281221091409e-03,4.625346901017576319e-03,9.250693802035153072e-04,9.250693802035153072e-04,0.000000000000000000e+00,9.250693802035153072e-04,0.000000000000000000e+00,0.000000000000000000e+00,0.000000000000000000e+00,9.250693802035153072e-04
0.000000000000000000e+00,0.000000000000000000e+00,0.000000000000000000e+00,9.940357852882702756e-04,0.000000000000000000e+00,9.940357852882702756e-04,2.982107355864811044e-03,4.970178926441352028e-03,1.491053677932405522e-02,8.846918489065606905e-02,7.842942345924452940e-01,7.157057654075546504e-02,1.192842942345924417e-02,4.970178926441352028e-03,2.982107355864811044e-03,1.988071570576540551e-03,9.940357852882702756e-04,2.982107355864811044e-03,0.000000000000000000e+00,1.988071570576540551e-03,0.000000000000000000e+00,2.982107355864811044e-03
0.000000000000000000e+00,0.000000000000000000e+00,0.000000000000000000e+00,4.273504273504273934e-03,2.136752136752136967e-03,0.000000000000000000e+00,0.000000000000000000e+00,6.410256410256410034e-03,6.410256410256410034e-03,2.991452991452991581e-02,1.538461538461538547e-01,6.068376068376067911e-01,1.111111111111111049e-01,3.205128205128204844e-02,8.547008547008547868e-03,2.136752136752136967e-03,2.136752136752136967e-03,1.282051282051282007e-02,6.410256410256410034e-03,2.136752136752136967e-03,2.136752136752136967e-03,1.068376068376068397e-02
0.000000000000000000e+00,0.000000000000000000e+00,0.000000000000000000e+00,0.000000000000000000e+00,0.000000000000000000e+00,0.000000000000000000e+00,0.000000000000000000e+00,3.257328990228013175e-03,1.628664495114006544e-02,1.954397394136807645e-02,4.234527687296416737e-02,1.889250814332247563e-01,5.667752442996742968e-01,8.143322475570032026e-02,2.931596091205211640e-02,1.628664495114006544e-02,3.257328990228013175e-03,6.514657980456026350e-03,6.514657980456026350e-03,3.257328990228013175e-03,0.000000000000000000e+00,1.628664495114006544e-02
0.000000000000000000e+00,0.000000000000000000e+00,0.000000000000000000e+00,5.405405405405405705e-03,0.000000000000000000e+00,0.000000000000000000e+00,5.405405405405405705e-03,1.081081081081081141e-02,5.405405405405405705e-03,1.081081081081081141e-02,5.945945945945946276e-02,1.027027027027027084e-01,1.243243243243243312e-01,5.729729729729730048e-01,4.864864864864865135e-02,1.621621621621621712e-02,1.081081081081081141e-02,5.405405405405405705e-03,0.000000000000000000e+00,5.405405405405405705e-03,0.000000000000000000e+00,1.621621621621621712e-02
0.000000000000000000e+00,0.000000000000000000e+00,0.000000000000000000e+00,0.000000000000000000e+00,0.000000000000000000e+00,0.000000000000000000e+00,0.000000000000000000e+00,0.000000000000000000e+00,9.803921568627450844e-03,1.960784313725490169e-02,9.803921568627450844e-03,2.941176470588235253e-02,7.843137254901960675e-02,1.176470588235294101e-01,5.686274509803921351e-01,4.901960784313725422e-02,3.921568627450980338e-02,1.960784313725490169e-02,4.901960784313725422e-02,0.000000000000000000e+00,9.803921568627450844e-03,0.000000000000000000e+00
0.000000000000000000e+00,0.000000000000000000e+00,0.000000000000000000e+00,0.000000000000000000e+00,0.000000000000000000e+00,0.000000000000000000e+00,0.000000000000000000e+00,0.000000000000000000e+00,2.777777777777777624e-02,2.777777777777777624e-02,5.555555555555555247e-02,2.777777777777777624e-02,1.111111111111111049e-01,2.777777777777777624e-02,2.500000000000000000e-01,2.777777777777777901e-01,8.333333333333332871e-02,2.777777777777777624e-02,2.777777777777777624e-02,2.777777777777777624e-02,0.000000000000000000e+00,2.777777777777777624e-02
0.000000000000000000e+00,0.000000000000000000e+00,0.000000000000000000e+00,0.000000000000000000e+00,0.000000000000000000e+00,0.000000000000000000e+00,0.000000000000000000e+00,0.000000000000000000e+00,0.000000000000000000e+00,0.000000000000000000e+00,0.000000000000000000e+00,2.380952380952380820e-02,7.142857142857142461e-02,7.142857142857142461e-02,1.190476190476190410e-01,7.142857142857142461e-02,5.000000000000000000e-01,2.380952380952380820e-02,4.761904761904761640e-02,2.380952380952380820e-02,0.000000000000000000e+00,4.761904761904761640e-02
0.000000000000000000e+00,0.000000000000000000e+00,0.000000000000000000e+00,0.000000000000000000e+00,0.000000000000000000e+00,0.000000000000000000e+00,0.000000000000000000e+00,0.000000000000000000e+00,0.000000000000000000e+00,2.777777777777777624e-02,5.555555555555555247e-02,1.388888888888888951e-01,1.111111111111111049e-01,2.777777777777777624e-02,2.777777777777777624e-02,8.333333333333332871e-02,0.000000000000000000e+00,3.611111111111111049e-01,5.555555555555555247e-02,2.777777777777777624e-02,0.000000000000000000e+00,8.333333333333332871e-02
0.000000000000000000e+00,0.000000000000000000e+00,0.000000000000000000e+00,0.000000000000000000e+00,0.000000000000000000e+00,0.000000000000000000e+00,0.000000000000000000e+00,0.000000000000000000e+00,0.000000000000000000e+00,0.000000000000000000e+00,3.030303030303030387e-02,1.212121212121212155e-01,9.090909090909091161e-02,6.060606060606060774e-02,9.090909090909091161e-02,3.030303030303030387e-02,3.030303030303030387e-02,1.212121212121212155e-01,2.424242424242424310e-01,6.060606060606060774e-02,0.000000000000000000e+00,1.212121212121212155e-01
0.000000000000000000e+00,0.000000000000000000e+00,0.000000000000000000e+00,0.000000000000000000e+00,0.000000000000000000e+00,0.000000000000000000e+00,0.000000000000000000e+00,0.000000000000000000e+00,0.000000000000000000e+00,0.000000000000000000e+00,1.153846153846153910e-01,3.846153846153846367e-02,7.692307692307692735e-02,0.000000000000000000e+00,0.000000000000000000e+00,3.846153846153846367e-02,3.846153846153846367e-02,3.846153846153846367e-02,1.153846153846153910e-01,3.461538461538461453e-01,0.000000000000000000e+00,1.923076923076923184e-01
0.000000000000000000e+00,0.000000000000000000e+00,0.000000000000000000e+00,0.000000000000000000e+00,0.000000000000000000e+00,0.000000000000000000e+00,0.000000000000000000e+00,0.000000000000000000e+00,0.000000000000000000e+00,0.000000000000000000e+00,1.428571428571428492e-01,1.428571428571428492e-01,0.000000000000000000e+00,0.000000000000000000e+00,0.000000000000000000e+00,0.000000000000000000e+00,2.857142857142856984e-01,1.428571428571428492e-01,0.000000000000000000e+00,0.000000000000000000e+00,0.000000000000000000e+00,2.857142857142856984e-01
0.000000000000000000e+00,0.000000000000000000e+00,0.000000000000000000e+00,8.547008547008547868e-03,8.547008547008547868e-03,0.000000000000000000e+00,0.000000000000000000e+00,0.000000000000000000e+00,8.547008547008547868e-03,1.709401709401709574e-02,8.547008547008547868e-03,1.709401709401709574e-02,5.128205128205128027e-02,3.418803418803419147e-02,0.000000000000000000e+00,2.564102564102564014e-02,3.418803418803419147e-02,1.709401709401709574e-02,4.273504273504273587e-02,5.128205128205128027e-02,1.709401709401709574e-02,6.581196581196581130e-01
