7.333333333333332815e-01,6.666666666666666574e-02,5.000000000000000278e-02,5.000000000000000278e-02,3.333333333333333287e-02,0.000000000000000000e+00,0.000000000000000000e+00,1.666666666666666644e-02,0.000000000000000000e+00,0.000000000000000000e+00,0.000000000000000000e+00,0.000000000000000000e+00,1.666666666666666644e-02,3.333333333333333287e-02,0.000000000000000000e+00,0.000000000000000000e+00,0.000000000000000000e+00,0.000000000000000000e+00,0.000000000000000000e+00,0.000000000000000000e+00,0.000000000000000000e+00,0.000000000000000000e+00
1.538461538461538547e-01,5.000000000000000000e-01,7.692307692307692735e-02,7.692307692307692735e-02,3.846153846153846367e-02,3.846153846153846367e-02,0.000000000000000000e+00,3.846153846153846367e-02,3.846153846153846367e-02,0.000000000000000000e+00,0.000000000000000000e+00,0.000000000000000000e+00,0.000000000000000000e+00,0.000000000000000000e+00,0.000000000000000000e+00,0.000000000000000000e+00,0.000000000000000000e+00,3.846153846153846367e-02,0.000000000000000000e+00,0.000000000000000000e+00,0.000000000000000000e+00,0.000000000000000000e+00
4.166666666666666435e-02,1.666666666666666574e-01,3.750000000000000000e-01,8.333333333333332871e-02,8.333333333333332871e-02,4.166666666666666435e-02,4.166666666666666435e-02,0.000000000000000000e+00,4.166666666666666435e-02,0.000000000000000000e+00,4.166666666666666435e-02,0.000000000000000000e+00,4.166666666666666435e-02,0.000000000000000000e+00,4.166666666666666435e-02,0.000000000000000000e+00,0.000000000000000000e+00,0.000000000000000000e+00,0.000000000000000000e+00,0.000000000000000000e+00,0.000000000000000000e+00,0.000000000000000000e+00
6.060606060606060774e-02,9.090909090909091161e-02,3.030303030303030387e-02,5.151515151515151381e-01,1.212121212121212155e-01,3.030303030303030387e-02,3.030303030303030387e-02,6.060606060606060774e-02,0.000000000000000000e+00,3.030303030303030387e-02,0.000000000000000000e+00,0.000000000000000000e+00,0.000000000000000000e+00,3.030303030303030387e-02,0.000000000000000000e+00,0.000000000000000000e+00,0.000000000000000000e+00,0.000000000000000000e+00,0.000000000000000000e+00,0.000000000000000000e+00,0.000000000000000000e+00,0.000000000000000000e+00
3.669724770642202039e-02,0.000000000000000000e+00,2.752293577981651529e-02,7.339449541284404077e-02,6.513761467889908063e-01,5.504587155963303058e-02,7.339449541284404077e-02,0.000000000000000000e+00,4.587155963302752548e-02,1.834862385321101019e-02,9.174311926605505096e-03,0.000000000000000000e+00,0.000000000000000000e+00,9.174311926605505096e-03,0.000000000000000000e+00,0.000000000000000000e+00,0.000000000000000000e+00,0.000000000000000000e+00,0.000000000000000000e+00,0.000000000000000000e+00,0.000000000000000000e+00,0.000000000000000000e+00
0.000000000000000000e+00,9.009009009009008931e-03,9.009009009009008931e-03,2.702702702702702853e-02,9.909909909909909997e-02,4.864864864864865135e-01,1.441441441441441429e-01,6.306306306306305731e-02,4.504504504504504292e-02,5.405405405405405705e-02,2.702702702702702853e-02,0.000000000000000000e+00,9.009009009009008931e-03,0.000000000000000000e+00,9.009009009009008931e-03,0.000000000000000000e+00,0.000000000000000000e+00,9.009009009009008931e-03,0.000000000000000000e+00,0.000000000000000000e+00,0.000000000000000000e+00,9.009009009009008931e-03
4.504504504504504465e-03,4.504504504504504465e-03,4.504504504504504465e-03,1.351351351351351426e-02,2.702702702702702853e-02,1.126126126126126142e-01,5.990990990990990861e-01,1.171171171171171144e-01,3.153153153153152866e-02,4.504504504504504292e-02,1.351351351351351426e-02,1.351351351351351426e-02,4.504504504504504465e-03,4.504504504504504465e-03,4.504504504504504465e-03,0.000000000000000000e+00,0.000000000000000000e+00,0.000000000000000000e+00,0.000000000000000000e+00,0.000000000000000000e+00,0.000000000000000000e+00,0.000000000000000000e+00
0.000000000000000000e+00,0.000000000000000000e+00,5.830903790087463463e-03,2.915451895043731732e-03,1.166180758017492693e-02,1.166180758017492693e-02,1.078717201166180806e-01,6.151603498542274062e-01,1.341107871720116640e-01,6.122448979591836593e-02,3.206997084548104948e-02,8.746355685131195629e-03,0.000000000000000000e+00,5.830903790087463463e-03,0.000000000000000000e+00,0.000000000000000000e+00,0.000000000000000000e+00,0.000000000000000000e+00,0.000000000000000000e+00,0.000000000000000000e+00,0.000000000000000000e+00,2.915451895043731732e-03
0.000000000000000000e+00,0.000000000000000000e+00,0.000000000000000000e+00,0.000000000000000000e+00,3.048780487804878155e-03,9.146341463414633596e-03,2.286585365853658486e-02,1.082317073170731697e-01,6.829268292682927344e-01,1.082317073170731697e-01,3.963414634146341514e-02,9.146341463414633596e-03,3.048780487804878155e-03,3.048780487804878155e-03,1.524390243902439077e-03,0.000000000000000000e+00,0.000000000000000000e+00,1.524390243902439077e-03,0.000000000000000000e+00,0.000000000000000000e+00,0.000000000000000000e+00,7.621951219512194953e-03
0.000000000000000000e+00,0.000000000000000000e+00,0.000000000000000000e+00,0.000000000000000000e+00,2.129925452609158880e-03,6.389776357827475772e-03,7.454739084132055646e-03,1.916932907348242732e-02,1.309904153354632672e-01,6.602768903088391816e-01,1.288604898828540901e-01,2.236421725239616520e-02,7.454739084132055646e-03,5.324813631522896766e-03,2.129925452609158880e-03,3.194888178913737886e-03,1.064962726304579440e-03,0.000000000000000000e+00,0.000000000000000000e+00,1.064962726304579440e-03,0.000000000000000000e+00,2.129925452609158880e-03
9.496676163342830483e-04,9.496676163342830483e-04,0.000000000000000000e+00,0.000000000000000000e+00,9.496676163342830483e-04,1.899335232668566097e-03,6.647673314339980905e-03,3.798670465337132193e-03,1.899335232668565923e-02,1.538461538461538547e-01,7.179487179487179516e-01,5.887939221272554813e-02,1.139601139601139658e-02,3.798670465337132193e-03,5.698005698005698290e-03,2.849002849002849145e-03,1.899335232668566097e-03,1.899335232668566097e-03,9.496676163342830483e-04,0.000000000000000000e+00,9.496676163342830483e-04,5.698005698005698290e-03
0.000000000000000000e+00,0.000000000000000000e+00,1.901140684410646377e-03,0.000000000000000000e+00,0.000000000000000000e+00,5.703422053231939348e-03,1.901140684410646377e-03,0.000000000000000000e+00,7.604562737642585508e-03,5.513307984790874472e-02,2.053231939163498165e-01,6.083650190114068268e-01,4.942965779467680537e-02,2.661596958174904798e-02,7.604562737642585508e-03,9.505703422053231669e-03,0.000000000000000000e+00,5.703422053231939348e-03,1.901140684410646377e-03,3.802281368821292754e-03,0.000000000000000000e+00,9.505703422053231669e-03
0.000000000000000000e+00,0.000000000000000000e+00,0.000000000000000000e+00,0.000000000000000000e+00,9.132420091324200406e-03,4.566210045662100203e-03,9.132420091324200406e-03,0.000000000000000000e+00,2.283105022831050102e-02,3.652968036529680163e-02,8.675799086757990386e-02,1.963470319634703087e-01,4.566210045662100203e-01,7.305936073059360325e-02,4.109589041095890183e-02,4.566210045662100203e-03,4.566210045662100203e-03,1.369863013698630061e-02,1.369863013698630061e-02,9.132420091324200406e-03,0.000000000000000000e+00,1.826484018264840081e-02
7.874015748031495954e-03,7.874015748031495954e-03,0.000000000000000000e+00,0.000000000000000000e+00,2.362204724409448786e-02,7.874015748031495954e-03,7.874015748031495954e-03,3.149606299212598381e-02,3.149606299212598381e-02,6.299212598425196763e-02,1.259842519685039353e-01,1.338582677165354451e-01,2.047244094488188948e-01,2.992125984251968740e-01,3.149606299212598381e-02,7.874015748031495954e-03,0.000000000000000000e+00,7.874015748031495954e-03,0.000000000000000000e+00,0.000000000000000000e+00,7.874015748031495954e-03,0.000000000000000000e+00
0.000000000000000000e+00,0.000000000000000000e+00,0.000000000000000000e+00,0.000000000000000000e+00,0.000000000000000000e+00,0.000000000000000000e+00,1.149425287356321823e-02,1.149425287356321823e-02,4.597701149425287293e-02,3.448275862068965469e-02,1.034482758620689641e-01,1.379310344827586188e-01,1.034482758620689641e-01,1.149425287356321823e-01,2.413793103448275967e-01,8.045977011494252762e-02,4.597701149425287293e-02,0.000000000000000000e+00,1.149425287356321823e-02,0.000000000000000000e+00,2.298850574712643646e-02,3.448275862068965469e-02
0.000000000000000000e+00,0.000000000000000000e+00,0.000000000000000000e+00,0.000000000000000000e+00,0.000000000000000000e+00,0.000000000000000000e+00,0.000000000000000000e+00,1.785714285714285615e-02,1.785714285714285615e-02,5.357142857142856845e-02,3.571428571428571230e-02,7.142857142857142461e-02,7.142857142857142461e-02,7.142857142857142461e-02,1.785714285714285754e-01,3.035714285714285476e-01,5.357142857142856845e-02,0.000000000000000000e+00,1.785714285714285615e-02,1.785714285714285615e-02,0.000000000000000000e+00,8.928571428571428770e-02
0.000000000000000000e+00,0.000000000000000000e+00,0.000000000000000000e+00,0.000000000000000000e+00,0.000000000000000000e+00,0.000000000000000000e+00,0.000000000000000000e+00,0.000000000000000000e+00,0.000000000000000000e+00,0.000000000000000000e+00,1.515151515151515194e-01,1.212121212121212155e-01,3.030303030303030387e-02,9.090909090909091161e-02,1.212121212121212155e-01,2.121212121212121271e-01,9.090909090909091161e-02,3.030303030303030387e-02,3.030303030303030387e-02,0.000000000000000000e+00,3.030303030303030387e-02,9.090909090909091161e-02
0.000000000000000000e+00,0.000000000000000000e+00,0.000000000000000000e+00,0.000000000000000000e+00,0.000000000000000000e+00,0.000000000000000000e+00,0.000000000000000000e+00,0.000000000000000000e+00,0.000000000000000000e+00,3.448275862068965469e-02,6.896551724137930939e-02,1.379310344827586188e-01,6.896551724137930939e-02,1.379310344827586188e-01,1.379310344827586188e-01,3.448275862068965469e-02,0.000000000000000000e+00,2.068965517241379282e-01,6.896551724137930939e-02,6.896551724137930939e-02,0.000000000000000000e+00,3.448275862068965469e-02
0.000000000000000000e+00,0.000000000000000000e+00,0.000000000000000000e+00,0.000000000000000000e+00,0.000000000000000000e+00,0.000000000000000000e+00,0.000000000000000000e+00,0.000000000000000000e+00,4.166666666666666435e-02,4.166666666666666435e-02,0.000000000000000000e+00,4.166666666666666435e-02,4.166666666666666435e-02,1.250000000000000000e-01,8.333333333333332871e-02,0.000000000000000000e+00,1.666666666666666574e-01,4.166666666666666435e-02,2.500000000000000000e-01,1.250000000000000000e-01,0.000000000000000000e+00,4.166666666666666435e-02
0.000000000000000000e+00,0.000000000000000000e+00,0.000000000000000000e+00,0.000000000000000000e+00,0.000000000000000000e+00,0.000000000000000000e+00,0.000000000000000000e+00,0.000000000000000000e+00,0.000000000000000000e+00,6.250000000000000000e-02,0.000000000000000000e+00,6.250000000000000000e-02,6.250000000000000000e-02,1.250000000000000000e-01,0.000000000000000000e+00,1.250000000000000000e-01,1.250000000000000000e-01,6.250000000000000000e-02,1.250000000000000000e-01,1.250000000000000000e-01,0.000000000000000000e+00,1.250000000000000000e-01
0.000000000000000000e+00,0.000000000000000000e+00,0.000000000000000000e+00,0.000000000000000000e+00,0.000000000000000000e+00,0.000000000000000000e+00,0.000000000000000000e+00,0.000000000000000000e+00,0.000000000000000000e+00,0.000000000000000000e+00,9.090909090909091161e-02,9.090909090909091161e-02,9.090909090909091161e-02,0.000000000000000000e+00,9.090909090909091161e-02,9.090909090909091161e-02,1.818181818181818232e-01,9.090909090909091161e-02,0.000000000000000000e+00,9.090909090909091161e-02,9.090909090909091161e-02,9.090909090909091161e-02
0.000000000000000000e+00,0.000000000000000000e+00,0.000000000000000000e+00,0.000000000000000000e+00,9.708737864077669061e-03,0.000000000000000000e+00,9.708737864077669061e-03,9.708737864077669061e-03,1.941747572815533812e-02,7.766990291262135249e-02,2.912621359223301065e-02,1.165048543689320426e-01,5.825242718446602130e-02,5.825242718446602130e-02,6.796116504854368690e-02,4.854368932038834877e-02,5.825242718446602130e-02,1.941747572815533812e-02,5.825242718446602130e-02,9.708737864077669061e-03,3.883495145631067624e-02,3.106796116504854099e-01
