7.500000000000000000e-01,2.500000000000000000e-01,0.000000000000000000e+00,0.000000000000000000e+00,0.000000000000000000e+00,0.000000000000000000e+00,0.000000000000000000e+00,0.000000000000000000e+00,0.000000000000000000e+00,0.000000000000000000e+00,0.000000000000000000e+00,0.000000000000000000e+00,0.000000000000000000e+00,0.000000000000000000e+00,0.000000000000000000e+00,0.000000000000000000e+00,0.000000000000000000e+00,0.000000000000000000e+00,0.000000000000000000e+00,0.000000000000000000e+00,0.000000000000000000e+00,0.000000000000000000e+00
1.818181818181818094e-02,8.545454545454544970e-01,9.090909090909091161e-02,1.818181818181818094e-02,0.000000000000000000e+00,0.000000000000000000e+00,1.818181818181818094e-02,0.000000000000000000e+00,0.000000000000000000e+00,0.000000000000000000e+00,0.000000000000000000e+00,0.000000000000000000e+00,0.000000000000000000e+00,0.000000000000000000e+00,0.000000000000000000e+00,0.000000000000000000e+00,0.000000000000000000e+00,0.000000000000000000e+00,0.000000000000000000e+00,0.000000000000000000e+00,0.000000000000000000e+00,0.000000000000000000e+00
0.000000000000000000e+00,1.801801801801801786e-02,8.108108108108108558e-01,1.501501501501501523e-01,6.006006006006005954e-03,1.201201201201201191e-02,0.000000000000000000e+00,0.000000000000000000e+00,0.000000000000000000e+00,0.000000000000000000e+00,0.000000000000000000e+00,0.000000000000000000e+00,0.000000000000000000e+00,0.000000000000000000e+00,0.000000000000000000e+00,0.000000000000000000e+00,0.000000000000000000e+00,0.000000000000000000e+00,0.000000000000000000e+00,0.000000000000000000e+00,0.000000000000000000e+00,3.003003003003002977e-03
7.163323782234956799e-04,0.000000000000000000e+00,2.936962750716332407e-02,8.237822349570200764e-01,9.742120343839541508e-02,2.220630372492836749e-02,1.289398280802292289e-02,2.865329512893982720e-03,2.148997134670487148e-03,0.000000000000000000e+00,7.163323782234956799e-04,0.000000000000000000e+00,7.163323782234956799e-04,7.163323782234956799e-04,7.163323782234956799e-04,0.000000000000000000e+00,0.000000000000000000e+00,1.432664756446991360e-03,0.000000000000000000e+00,0.000000000000000000e+00,7.163323782234956799e-04,3.581661891117478725e-03
0.000000000000000000e+00,8.733624454148471812e-04,5.240174672489082870e-03,1.126637554585152856e-01,7.152838427947598721e-01,9.432314410480349687e-02,3.318777292576419180e-02,1.310043668122270674e-02,3.493449781659388725e-03,4.366812227074235581e-03,5.240174672489082870e-03,0.000000000000000000e+00,8.733624454148471812e-04,1.746724890829694362e-03,0.000000000000000000e+00,0.000000000000000000e+00,2.620087336244541435e-03,8.733624454148471812e-04,0.000000000000000000e+00,0.000000000000000000e+00,0.000000000000000000e+00,6.113537117903930160e-03
0.000000000000000000e+00,0.000000000000000000e+00,6.655574043261231441e-03,4.825291181364392556e-02,1.730449251247920261e-01,6.039933444259567574e-01,5.990016638935108384e-02,2.495840266222961595e-02,2.163061564059900327e-02,4.991680532445923364e-03,8.319467554076538651e-03,3.327787021630615721e-03,3.327787021630615721e-03,4.991680532445923364e-03,4.991680532445923364e-03,0.000000000000000000e+00,4.991680532445923364e-03,3.327787021630615721e-03,3.327787021630615721e-03,0.000000000000000000e+00,1.663893510815307860e-03,1.830282861896838711e-02
0.000000000000000000e+00,0.000000000000000000e+00,0.000000000000000000e+00,1.804123711340206021e-02,1.082474226804123751e-01,1.365979381443298835e-01,5.670103092783504994e-01,4.896907216494845311e-02,2.577319587628865843e-02,2.577319587628865843e-02,2.061855670103092744e-02,7.731958762886598224e-03,2.577319587628865930e-03,1.030927835051546372e-02,2.577319587628865930e-03,2.577319587628865930e-03,0.000000000000000000e+00,0.000000000000000000e+00,2.577319587628865930e-03,5.154639175257731860e-03,0.000000000000000000e+00,1.546391752577319645e-02
0.000000000000000000e+00,0.000000000000000000e+00,0.000000000000000000e+00,2.054794520547945091e-02,7.534246575342465335e-02,9.589041095890410427e-02,1.712328767123287576e-01,4.178082191780821963e-01,1.095890410958904049e-01,2.054794520547945091e-02,6.849315068493150305e-03,6.849315068493150305e-03,6.849315068493150305e-03,0.000000000000000000e+00,6.849315068493150305e-03,0.000000000000000000e+00,0.000000000000000000e+00,0.000000000000000000e+00,0.000000000000000000e+00,6.849315068493150305e-03,6.849315068493150305e-03,4.794520547945205213e-02
0.000000000000000000e+00,0.000000000000000000e+00,0.000000000000000000e+00,1.307189542483660170e-02,5.228758169934640682e-02,8.496732026143791194e-02,1.176470588235294101e-01,1.176470588235294101e-01,4.771241830065359735e-01,2.614379084967320341e-02,3.267973856209150513e-02,1.307189542483660170e-02,0.000000000000000000e+00,6.535947712418300852e-03,0.000000000000000000e+00,1.307189542483660170e-02,0.000000000000000000e+00,0.000000000000000000e+00,0.000000000000000000e+00,0.000000000000000000e+00,0.000000000000000000e+00,4.575163398692810163e-02
0.000000000000000000e+00,0.000000000000000000e+00,0.000000000000000000e+00,0.000000000000000000e+00,2.500000000000000139e-02,3.749999999999999861e-02,7.499999999999999722e-02,5.000000000000000278e-02,1.000000000000000056e-01,5.000000000000000000e-01,2.500000000000000139e-02,6.250000000000000000e-02,1.250000000000000069e-02,2.500000000000000139e-02,0.000000000000000000e+00,1.250000000000000069e-02,0.000000000000000000e+00,0.000000000000000000e+00,0.000000000000000000e+00,0.000000000000000000e+00,0.000000000000000000e+00,7.499999999999999722e-02
0.000000000000000000e+00,0.000000000000000000e+00,0.000000000000000000e+00,5.714285714285714107e-02,5.714285714285714107e-02,1.428571428571428527e-02,5.714285714285714107e-02,7.142857142857142461e-02,5.714285714285714107e-02,4.285714285714285754e-02,4.000000000000000222e-01,8.571428571428571508e-02,2.857142857142857054e-02,1.428571428571428527e-02,0.000000000000000000e+00,1.428571428571428527e-02,0.000000000000000000e+00,1.428571428571428527e-02,1.428571428571428527e-02,1.428571428571428527e-02,0.000000000000000000e+00,5.714285714285714107e-02
0.000000000000000000e+00,0.000000000000000000e+00,0.000000000000000000e+00,0.000000000000000000e+00,0.000000000000000000e+00,4.000000000000000083e-02,5.999999999999999778e-02,5.999999999999999778e-02,8.000000000000000167e-02,1.199999999999999956e-01,1.000000000000000056e-01,3.599999999999999867e-01,0.000000000000000000e+00,4.000000000000000083e-02,0.000000000000000000e+00,0.000000000000000000e+00,2.000000000000000042e-02,0.000000000000000000e+00,0.000000000000000000e+00,2.000000000000000042e-02,2.000000000000000042e-02,8.000000000000000167e-02
0.000000000000000000e+00,0.000000000000000000e+00,0.000000000000000000e+00,0.000000000000000000e+00,2.325581395348837177e-02,4.651162790697674354e-02,2.325581395348837177e-02,0.000000000000000000e+00,2.325581395348837177e-02,2.325581395348837177e-02,1.162790697674418589e-01,6.976744186046511531e-02,4.883720930232557933e-01,9.302325581395348708e-02,2.325581395348837177e-02,0.000000000000000000e+00,2.325581395348837177e-02,0.000000000000000000e+00,0.000000000000000000e+00,0.000000000000000000e+00,0.000000000000000000e+00,4.651162790697674354e-02
0.000000000000000000e+00,0.000000000000000000e+00,0.000000000000000000e+00,0.000000000000000000e+00,2.702702702702702853e-02,1.081081081081081141e-01,1.351351351351351426e-01,2.702702702702702853e-02,5.405405405405405705e-02,2.702702702702702853e-02,5.405405405405405705e-02,2.702702702702702853e-02,1.621621621621621712e-01,2.432432432432432567e-01,2.702702702702702853e-02,0.000000000000000000e+00,0.000000000000000000e+00,0.000000000000000000e+00,0.000000000000000000e+00,0.000000000000000000e+00,0.000000000000000000e+00,1.081081081081081141e-01
0.000000000000000000e+00,0.000000000000000000e+00,0.000000000000000000e+00,0.000000000000000000e+00,0.000000000000000000e+00,5.555555555555555247e-02,1.666666666666666574e-01,0.000000000000000000e+00,5.555555555555555247e-02,1.111111111111111049e-01,5.555555555555555247e-02,0.000000000000000000e+00,1.111111111111111049e-01,5.555555555555555247e-02,1.666666666666666574e-01,5.555555555555555247e-02,5.555555555555555247e-02,5.555555555555555247e-02,0.000000000000000000e+00,5.555555555555555247e-02,0.000000000000000000e+00,0.000000000000000000e+00
0.000000000000000000e+00,0.000000000000000000e+00,0.000000000000000000e+00,0.000000000000000000e+00,0.000000000000000000e+00,6.666666666666666574e-02,6.666666666666666574e-02,0.000000000000000000e+00,2.000000000000000111e-01,0.000000000000000000e+00,6.666666666666666574e-02,0.000000000000000000e+00,0.000000000000000000e+00,0.000000000000000000e+00,6.666666666666666574e-02,3.333333333333333148e-01,0.000000000000000000e+00,0.000000000000000000e+00,6.666666666666666574e-02,6.666666666666666574e-02,0.000000000000000000e+00,6.666666666666666574e-02
0.000000000000000000e+00,0.000000000000000000e+00,0.000000000000000000e+00,0.000000000000000000e+00,0.000000000000000000e+00,1.176470588235294101e-01,5.882352941176470507e-02,1.176470588235294101e-01,0.000000000000000000e+00,0.000000000000000000e+00,0.000000000000000000e+00,0.000000000000000000e+00,5.882352941176470507e-02,1.176470588235294101e-01,1.176470588235294101e-01,5.882352941176470507e-02,1.176470588235294101e-01,1.176470588235294101e-01,5.882352941176470507e-02,0.000000000000000000e+00,5.882352941176470507e-02,0.000000000000000000e+00
0.000000000000000000e+00,0.000000000000000000e+00,0.000000000000000000e+00,0.000000000000000000e+00,0.000000000000000000e+00,1.304347826086956486e-01,0.000000000000000000e+00,0.000000000000000000e+00,4.347826086956521618e-02,0.000000000000000000e+00,0.000000000000000000e+00,0.000000000000000000e+00,0.000000000000000000e+00,0.000000000000000000e+00,4.347826086956521618e-02,4.347826086956521618e-02,1.304347826086956486e-01,4.782608695652174058e-01,4.347826086956521618e-02,0.000000000000000000e+00,0.000000000000000000e+00,8.695652173913043237e-02
0.000000000000000000e+00,0.000000000000000000e+00,0.000000000000000000e+00,0.000000000000000000e+00,0.000000000000000000e+00,8.333333333333332871e-02,0.000000000000000000e+00,0.000000000000000000e+00,4.166666666666666435e-02,0.000000000000000000e+00,4.166666666666666435e-02,0.000000000000000000e+00,4.166666666666666435e-02,0.000000000000000000e+00,0.000000000000000000e+00,0.000000000000000000e+00,0.000000000000000000e+00,8.333333333333332871e-02,4.583333333333333148e-01,8.333333333333332871e-02,4.166666666666666435e-02,1.250000000000000000e-01
0.000000000000000000e+00,0.000000000000000000e+00,0.000000000000000000e+00,0.000000000000000000e+00,0.000000000000000000e+00,0.000000000000000000e+00,6.896551724137930939e-02,3.448275862068965469e-02,3.448275862068965469e-02,0.000000000000000000e+00,0.000000000000000000e+00,3.448275862068965469e-02,0.000000000000000000e+00,0.000000000000000000e+00,3.448275862068965469e-02,0.000000000000000000e+00,0.000000000000000000e+00,0.000000000000000000e+00,1.379310344827586188e-01,3.448275862068965747e-01,3.448275862068965469e-02,2.758620689655172376e-01
0.000000000000000000e+00,0.000000000000000000e+00,0.000000000000000000e+00,0.000000000000000000e+00,0.000000000000000000e+00,5.263157894736841813e-02,0.000000000000000000e+00,0.000000000000000000e+00,0.000000000000000000e+00,0.000000000000000000e+00,0.000000000000000000e+00,0.000000000000000000e+00,0.000000000000000000e+00,0.000000000000000000e+00,5.263157894736841813e-02,0.000000000000000000e+00,0.000000000000000000e+00,0.000000000000000000e+00,1.052631578947368363e-01,1.578947368421052544e-01,3.684210526315789269e-01,2.631578947368420907e-01
0.000000000000000000e+00,0.000000000000000000e+00,0.000000000000000000e+00,1.863354037267080793e-02,4.968944099378881651e-02,4.347826086956521618e-02,4.347826086956521618e-02,1.863354037267080793e-02,5.590062111801242378e-02,1.863354037267080793e-02,1.242236024844720413e-02,3.105590062111801206e-02,6.211180124223602064e-03,1.242236024844720413e-02,3.105590062111801206e-02,6.211180124223602064e-03,1.863354037267080793e-02,1.242236024844720413e-02,6.211180124223602064e-03,3.105590062111801206e-02,3.105590062111801206e-02,5.527950310559006653e-01
