7.187500000000000000e-01,6.490384615384615918e-02,1.562500000000000000e-02,1.442307692307692388e-02,4.807692307692307959e-03,2.403846153846153980e-03,1.201923076923076990e-03,3.605769230769230969e-03,2.403846153846153980e-03,0.000000000000000000e+00,8.413461538461538061e-03,1.201923076923076990e-03,0.000000000000000000e+00,0.000000000000000000e+00,2.403846153846153980e-03,2.403846153846153980e-03,1.201923076923076990e-03,2.403846153846153980e-03,7.211538461538461939e-03,2.403846153846153980e-02,1.225961538461538408e-01
1.324675324675324561e-01,6.181818181818181657e-01,1.090909090909090856e-01,3.376623376623376360e-02,7.792207792207792201e-03,2.597402597402597400e-03,7.792207792207792201e-03,2.597402597402597400e-03,2.597402597402597400e-03,2.597402597402597400e-03,1.818181818181818094e-02,0.000000000000000000e+00,0.000000000000000000e+00,2.597402597402597400e-03,0.000000000000000000e+00,0.000000000000000000e+00,0.000000000000000000e+00,0.000000000000000000e+00,1.298701298701298787e-02,1.298701298701298787e-02,3.376623376623376360e-02
8.301886792452829733e-02,1.735849056603773477e-01,5.169811320754716943e-01,7.547169811320754429e-02,2.641509433962264258e-02,7.547169811320754776e-03,2.641509433962264258e-02,1.132075471698113130e-02,0.000000000000000000e+00,3.773584905660377388e-03,2.641509433962264258e-02,0.000000000000000000e+00,0.000000000000000000e+00,0.000000000000000000e+00,0.000000000000000000e+00,0.000000000000000000e+00,0.000000000000000000e+00,3.773584905660377388e-03,3.773584905660377388e-03,1.886792452830188607e-02,2.264150943396226259e-02
7.692307692307692735e-02,4.142011834319526964e-02,1.183431952662721831e-01,5.029585798816568198e-01,8.875739644970413733e-02,2.958579881656804578e-02,5.917159763313609329e-03,5.917159763313609329e-03,5.917159763313609329e-03,1.183431952662721866e-02,2.366863905325443732e-02,0.000000000000000000e+00,0.000000000000000000e+00,0.000000000000000000e+00,0.000000000000000000e+00,0.000000000000000000e+00,0.000000000000000000e+00,0.000000000000000000e+00,0.000000000000000000e+00,3.550295857988165771e-02,5.325443786982248656e-02
4.651162790697674354e-02,4.651162790697674354e-02,1.279069767441860517e-01,1.395348837209302306e-01,3.837209302325581550e-01,5.813953488372092943e-02,1.162790697674418589e-02,4.651162790697674354e-02,2.325581395348837177e-02,2.325581395348837177e-02,2.325581395348837177e-02,1.162790697674418589e-02,0.000000000000000000e+00,0.000000000000000000e+00,0.000000000000000000e+00,0.000000000000000000e+00,0.000000000000000000e+00,0.000000000000000000e+00,0.000000000000000000e+00,2.325581395348837177e-02,3.488372093023255766e-02
2.222222222222222307e-02,1.111111111111111049e-01,1.777777777777777846e-01,8.888888888888889228e-02,1.555555555555555580e-01,2.222222222222222099e-01,4.444444444444444614e-02,8.888888888888889228e-02,2.222222222222222307e-02,0.000000000000000000e+00,2.222222222222222307e-02,0.000000000000000000e+00,0.000000000000000000e+00,2.222222222222222307e-02,0.000000000000000000e+00,0.000000000000000000e+00,0.000000000000000000e+00,0.000000000000000000e+00,0.000000000000000000e+00,0.000000000000000000e+00,2.222222222222222307e-02
0.000000000000000000e+00,0.000000000000000000e+00,1.296296296296296224e-01,3.703703703703703498e-02,5.555555555555555247e-02,1.851851851851851749e-02,5.000000000000000000e-01,1.111111111111111049e-01,1.851851851851851749e-02,1.851851851851851749e-02,7.407407407407406996e-02,0.000000000000000000e+00,0.000000000000000000e+00,1.851851851851851749e-02,0.000000000000000000e+00,0.000000000000000000e+00,0.000000000000000000e+00,0.000000000000000000e+00,0.000000000000000000e+00,0.000000000000000000e+00,1.851851851851851749e-02
5.769230769230769551e-02,3.846153846153846367e-02,5.769230769230769551e-02,5.769230769230769551e-02,3.846153846153846367e-02,7.692307692307692735e-02,9.615384615384615918e-02,3.461538461538461453e-01,5.769230769230769551e-02,0.000000000000000000e+00,1.346153846153846090e-01,0.000000000000000000e+00,0.000000000000000000e+00,0.000000000000000000e+00,0.000000000000000000e+00,0.000000000000000000e+00,0.000000000000000000e+00,1.923076923076923184e-02,1.923076923076923184e-02,0.000000000000000000e+00,0.000000000000000000e+00
1.071428571428571369e-01,7.142857142857142461e-02,0.000000000000000000e+00,3.571428571428571230e-02,3.571428571428571230e-02,0.000000000000000000e+00,0.000000000000000000e+00,7.142857142857142461e-02,2.500000000000000000e-01,1.071428571428571369e-01,2.857142857142856984e-01,0.000000000000000000e+00,0.000000000000000000e+00,0.000000000000000000e+00,0.000000000000000000e+00,0.000000000000000000e+00,0.000000000000000000e+00,0.000000000000000000e+00,0.000000000000000000e+00,0.000000000000000000e+00,3.571428571428571230e-02
3.846153846153846367e-02,0.000000000000000000e+00,3.846153846153846367e-02,1.153846153846153910e-01,7.692307692307692735e-02,3.846153846153846367e-02,7.692307692307692735e-02,7.692307692307692735e-02,1.538461538461538547e-01,2.692307692307692180e-01,1.153846153846153910e-01,0.000000000000000000e+00,0.000000000000000000e+00,0.000000000000000000e+00,0.000000000000000000e+00,0.000000000000000000e+00,0.000000000000000000e+00,0.000000000000000000e+00,0.000000000000000000e+00,0.000000000000000000e+00,0.000000000000000000e+00
4.705882352941176405e-02,4.117647058823529355e-02,5.294117647058823456e-02,2.941176470588235253e-02,1.764705882352941152e-02,3.529411764705882304e-02,1.764705882352941152e-02,2.941176470588235253e-02,3.529411764705882304e-02,4.705882352941176405e-02,5.764705882352940680e-01,0.000000000000000000e+00,0.000000000000000000e+00,0.000000000000000000e+00,0.000000000000000000e+00,0.000000000000000000e+00,1.176470588235294101e-02,1.176470588235294101e-02,5.882352941176470507e-03,5.882352941176470507e-03,3.529411764705882304e-02
0.000000000000000000e+00,0.000000000000000000e+00,0.000000000000000000e+00,0.000000000000000000e+00,0.000000000000000000e+00,0.000000000000000000e+00,0.000000000000000000e+00,0.000000000000000000e+00,0.000000000000000000e+00,0.000000000000000000e+00,2.325581395348837177e-02,6.744186046511627675e-01,9.302325581395348708e-02,2.325581395348837177e-02,4.651162790697674354e-02,2.325581395348837177e-02,4.651162790697674354e-02,2.325581395348837177e-02,2.325581395348837177e-02,0.000000000000000000e+00,2.325581395348837177e-02
0.000000000000000000e+00,0.000000000000000000e+00,0.000000000000000000e+00,0.000000000000000000e+00,0.000000000000000000e+00,0.000000000000000000e+00,0.000000000000000000e+00,0.000000000000000000e+00,0.000000000000000000e+00,0.000000000000000000e+00,0.000000000000000000e+00,1.764705882352941291e-01,2.941176470588235392e-01,3.529411764705882582e-01,5.882352941176470507e-02,0.000000000000000000e+00,0.000000000000000000e+00,0.000000000000000000e+00,5.882352941176470507e-02,5.882352941176470507e-02,0.000000000000000000e+00
0.000000000000000000e+00,1.492537313432835792e-02,0.000000000000000000e+00,0.000000000000000000e+00,0.000000000000000000e+00,0.000000000000000000e+00,0.000000000000000000e+00,0.000000000000000000e+00,0.000000000000000000e+00,0.000000000000000000e+00,0.000000000000000000e+00,2.985074626865671585e-02,4.477611940298507204e-02,6.716417910447761708e-01,1.194029850746268634e-01,1.492537313432835792e-02,1.492537313432835792e-02,1.492537313432835792e-02,2.985074626865671585e-02,2.985074626865671585e-02,1.492537313432835792e-02
2.298850574712643646e-02,0.000000000000000000e+00,0.000000000000000000e+00,0.000000000000000000e+00,0.000000000000000000e+00,0.000000000000000000e+00,0.000000000000000000e+00,0.000000000000000000e+00,0.000000000000000000e+00,0.000000000000000000e+00,0.000000000000000000e+00,1.149425287356321823e-02,2.298850574712643646e-02,8.045977011494252762e-02,6.436781609195402210e-01,1.264367816091954144e-01,4.597701149425287293e-02,0.000000000000000000e+00,0.000000000000000000e+00,3.448275862068965469e-02,1.149425287356321823e-02
1.785714285714285615e-02,0.000000000000000000e+00,0.000000000000000000e+00,0.000000000000000000e+00,0.000000000000000000e+00,0.000000000000000000e+00,0.000000000000000000e+00,0.000000000000000000e+00,0.000000000000000000e+00,0.000000000000000000e+00,0.000000000000000000e+00,1.785714285714285615e-02,1.785714285714285615e-02,0.000000000000000000e+00,1.785714285714285754e-01,3.928571428571428492e-01,2.321428571428571508e-01,3.571428571428571230e-02,7.142857142857142461e-02,0.000000000000000000e+00,3.571428571428571230e-02
1.449275362318840597e-02,0.000000000000000000e+00,0.000000000000000000e+00,7.246376811594202987e-03,0.000000000000000000e+00,0.000000000000000000e+00,0.000000000000000000e+00,0.000000000000000000e+00,0.000000000000000000e+00,0.000000000000000000e+00,7.246376811594202987e-03,2.898550724637681195e-02,7.246376811594202987e-03,7.246376811594202987e-03,0.000000000000000000e+00,7.246376811594203160e-02,6.159420289855072062e-01,1.594202898550724501e-01,5.072463768115942351e-02,1.449275362318840597e-02,1.449275362318840597e-02
0.000000000000000000e+00,0.000000000000000000e+00,0.000000000000000000e+00,0.000000000000000000e+00,4.310344827586206837e-03,0.000000000000000000e+00,4.310344827586206837e-03,0.000000000000000000e+00,0.000000000000000000e+00,0.000000000000000000e+00,4.310344827586206837e-03,4.310344827586206837e-03,0.000000000000000000e+00,4.310344827586206837e-03,0.000000000000000000e+00,1.724137931034482735e-02,9.051724137931034531e-02,6.551724137931034253e-01,1.120689655172413812e-01,6.034482758620689918e-02,4.310344827586207184e-02
1.861702127659574380e-02,5.319148936170212637e-03,2.659574468085106318e-03,0.000000000000000000e+00,0.000000000000000000e+00,0.000000000000000000e+00,0.000000000000000000e+00,0.000000000000000000e+00,0.000000000000000000e+00,0.000000000000000000e+00,0.000000000000000000e+00,2.659574468085106318e-03,0.000000000000000000e+00,5.319148936170212637e-03,2.659574468085106318e-03,7.978723404255318521e-03,7.978723404255318521e-03,7.978723404255319562e-02,7.287234042553191182e-01,1.063829787234042562e-01,3.191489361702127409e-02
2.321981424148606907e-02,1.083591331269349867e-02,1.547987616099071300e-03,3.095975232198142600e-03,0.000000000000000000e+00,1.547987616099071300e-03,1.547987616099071300e-03,3.095975232198142600e-03,0.000000000000000000e+00,0.000000000000000000e+00,4.643962848297213467e-03,3.095975232198142600e-03,1.547987616099071300e-03,3.095975232198142600e-03,3.095975232198142600e-03,1.547987616099071300e-03,4.643962848297213467e-03,9.287925696594426933e-03,5.882352941176470507e-02,7.538699690402477227e-01,1.114551083591331232e-01
9.390125847047434138e-02,1.355275895450145165e-02,1.161665053242981645e-02,4.840271055179089753e-03,6.776379477250725827e-03,2.904162633107454112e-03,0.000000000000000000e+00,0.000000000000000000e+00,9.680542110358180373e-04,0.000000000000000000e+00,4.840271055179089753e-03,0.000000000000000000e+00,0.000000000000000000e+00,1.936108422071636075e-03,1.936108422071636075e-03,0.000000000000000000e+00,9.680542110358180373e-04,7.744433688286544298e-03,1.064859632139399798e-02,6.292352371732816418e-02,7.744433688286543882e-01
