6.734693877551020114e-01,1.428571428571428492e-01,6.122448979591836593e-02,2.040816326530612082e-02,2.040816326530612082e-02,4.081632653061224164e-02,4.081632653061224164e-02,0.000000000000000000e+00,0.000000000000000000e+00,0.000000000000000000e+00,0.000000000000000000e+00,0.000000000000000000e+00,0.000000000000000000e+00,0.000000000000000000e+00,0.000000000000000000e+00,0.000000000000000000e+00,0.000000000000000000e+00,0.000000000000000000e+00,0.000000000000000000e+00,0.000000000000000000e+00,0.000000000000000000e+00,0.000000000000000000e+00
2.187500000000000000e-01,4.375000000000000000e-01,1.875000000000000000e-01,3.125000000000000000e-02,6.250000000000000000e-02,3.125000000000000000e-02,0.000000000000000000e+00,0.000000000000000000e+00,0.000000000000000000e+00,0.000000000000000000e+00,0.000000000000000000e+00,0.000000000000000000e+00,0.000000000000000000e+00,0.000000000000000000e+00,0.000000000000000000e+00,0.000000000000000000e+00,0.000000000000000000e+00,3.125000000000000000e-02,0.000000000000000000e+00,0.000000000000000000e+00,0.000000000000000000e+00,0.000000000000000000e+00
8.000000000000000167e-02,2.000000000000000111e-01,4.799999999999999822e-01,8.000000000000000167e-02,8.000000000000000167e-02,0.000000000000000000e+00,0.000000000000000000e+00,0.000000000000000000e+00,0.000000000000000000e+00,0.000000000000000000e+00,4.000000000000000083e-02,4.000000000000000083e-02,0.000000000000000000e+00,0.000000000000000000e+00,0.000000000000000000e+00,0.000000000000000000e+00,0.000000000000000000e+00,0.000000000000000000e+00,0.000000000000000000e+00,0.000000000000000000e+00,0.000000000000000000e+00,0.000000000000000000e+00
1.428571428571428527e-02,1.428571428571428527e-02,5.714285714285714107e-02,8.000000000000000444e-01,4.285714285714285754e-02,1.428571428571428527e-02,1.428571428571428527e-02,0.000000000000000000e+00,1.428571428571428527e-02,1.428571428571428527e-02,1.428571428571428527e-02,0.000000000000000000e+00,0.000000000000000000e+00,0.000000000000000000e+00,0.000000000000000000e+00,0.000000000000000000e+00,0.000000000000000000e+00,0.000000000000000000e+00,0.000000000000000000e+00,0.000000000000000000e+00,0.000000000000000000e+00,0.000000000000000000e+00
1.851851851851851749e-02,1.851851851851851749e-02,1.851851851851851749e-02,9.259259259259258745e-02,4.814814814814814548e-01,9.259259259259258745e-02,9.259259259259258745e-02,1.851851851851851749e-02,1.851851851851851749e-02,7.407407407407406996e-02,3.703703703703703498e-02,0.000000000000000000e+00,0.000000000000000000e+00,0.000000000000000000e+00,0.000000000000000000e+00,0.000000000000000000e+00,0.000000000000000000e+00,0.000000000000000000e+00,0.000000000000000000e+00,0.000000000000000000e+00,1.851851851851851749e-02,1.851851851851851749e-02
0.000000000000000000e+00,9.090909090909090468e-03,9.090909090909090468e-03,0.000000000000000000e+00,5.454545454545454281e-02,7.272727272727272929e-01,1.636363636363636354e-01,9.090909090909090468e-03,2.727272727272727140e-02,0.000000000000000000e+00,0.000000000000000000e+00,0.000000000000000000e+00,0.000000000000000000e+00,0.000000000000000000e+00,0.000000000000000000e+00,0.000000000000000000e+00,0.000000000000000000e+00,0.000000000000000000e+00,0.000000000000000000e+00,0.000000000000000000e+00,0.000000000000000000e+00,0.000000000000000000e+00
1.058201058201058142e-02,1.058201058201058142e-02,0.000000000000000000e+00,0.000000000000000000e+00,1.587301587301587213e-02,1.058201058201058142e-01,6.560846560846560482e-01,9.523809523809523281e-02,3.703703703703703498e-02,3.174603174603174427e-02,2.116402116402116285e-02,1.058201058201058142e-02,5.291005291005290712e-03,0.000000000000000000e+00,0.000000000000000000e+00,0.000000000000000000e+00,0.000000000000000000e+00,0.000000000000000000e+00,0.000000000000000000e+00,0.000000000000000000e+00,0.000000000000000000e+00,0.000000000000000000e+00
0.000000000000000000e+00,0.000000000000000000e+00,0.000000000000000000e+00,0.000000000000000000e+00,8.287292817679557666e-03,1.104972375690607689e-02,5.524861878453038444e-02,7.513812154696132284e-01,1.049723756906077304e-01,3.591160220994474989e-02,8.287292817679557666e-03,8.287292817679557666e-03,8.287292817679557666e-03,2.762430939226519222e-03,0.000000000000000000e+00,0.000000000000000000e+00,2.762430939226519222e-03,0.000000000000000000e+00,0.000000000000000000e+00,0.000000000000000000e+00,0.000000000000000000e+00,2.762430939226519222e-03
0.000000000000000000e+00,0.000000000000000000e+00,0.000000000000000000e+00,1.503759398496240692e-03,1.503759398496240692e-03,3.007518796992481383e-03,1.052631578947368397e-02,6.466165413533835060e-02,7.503759398496240296e-01,1.338345864661654172e-01,1.804511278195488830e-02,1.503759398496240692e-03,6.015037593984962766e-03,3.007518796992481383e-03,0.000000000000000000e+00,3.007518796992481383e-03,0.000000000000000000e+00,0.000000000000000000e+00,0.000000000000000000e+00,0.000000000000000000e+00,0.000000000000000000e+00,3.007518796992481383e-03
9.380863039399624757e-04,0.000000000000000000e+00,0.000000000000000000e+00,0.000000000000000000e+00,9.380863039399624757e-04,0.000000000000000000e+00,5.628517823639774854e-03,1.125703564727954971e-02,8.911819887429643650e-02,7.786116322701688297e-01,7.786116322701688852e-02,1.500938086303939961e-02,5.628517823639774854e-03,2.814258911819887427e-03,3.752345215759849903e-03,0.000000000000000000e+00,2.814258911819887427e-03,9.380863039399624757e-04,0.000000000000000000e+00,0.000000000000000000e+00,0.000000000000000000e+00,4.690431519699812812e-03
0.000000000000000000e+00,0.000000000000000000e+00,0.000000000000000000e+00,1.145475372279496041e-03,1.145475372279496041e-03,0.000000000000000000e+00,3.436426116838487907e-03,6.872852233676975814e-03,2.290950744558991822e-02,9.621993127147766833e-02,7.411225658648339376e-01,8.476517754868270749e-02,1.603665521191294241e-02,8.018327605956471205e-03,4.581901489117984165e-03,2.290950744558992083e-03,2.290950744558992083e-03,1.145475372279496041e-03,1.145475372279496041e-03,2.290950744558992083e-03,0.000000000000000000e+00,4.581901489117984165e-03
0.000000000000000000e+00,0.000000000000000000e+00,0.000000000000000000e+00,0.000000000000000000e+00,2.358490566037735759e-03,2.358490566037735759e-03,4.716981132075471518e-03,7.075471698113207711e-03,7.075471698113207711e-03,4.716981132075472039e-02,1.603773584905660299e-01,5.896226415094339979e-01,1.014150943396226467e-01,2.830188679245283084e-02,9.433962264150943036e-03,4.716981132075471518e-03,1.179245283018868010e-02,9.433962264150943036e-03,0.000000000000000000e+00,0.000000000000000000e+00,4.716981132075471518e-03,9.433962264150943036e-03
0.000000000000000000e+00,0.000000000000000000e+00,0.000000000000000000e+00,0.000000000000000000e+00,0.000000000000000000e+00,0.000000000000000000e+00,6.369426751592357008e-03,9.554140127388534645e-03,1.273885350318471402e-02,2.866242038216560567e-02,6.050955414012738898e-02,1.496815286624203767e-01,5.636942675159235527e-01,6.687898089171974425e-02,3.503184713375796094e-02,9.554140127388534645e-03,9.554140127388534645e-03,9.554140127388534645e-03,3.184713375796178504e-03,9.554140127388534645e-03,3.184713375796178504e-03,2.229299363057324693e-02
0.000000000000000000e+00,0.000000000000000000e+00,0.000000000000000000e+00,0.000000000000000000e+00,0.000000000000000000e+00,0.000000000000000000e+00,1.129943502824858753e-02,5.649717514124293766e-03,0.000000000000000000e+00,1.129943502824858753e-02,6.214689265536723489e-02,6.214689265536723489e-02,1.751412429378531033e-01,5.028248587570621764e-01,9.039548022598870025e-02,3.954802259887005983e-02,5.649717514124293766e-03,5.649717514124293766e-03,0.000000000000000000e+00,0.000000000000000000e+00,1.129943502824858753e-02,1.694915254237288130e-02
9.345794392523363789e-03,0.000000000000000000e+00,0.000000000000000000e+00,0.000000000000000000e+00,0.000000000000000000e+00,0.000000000000000000e+00,0.000000000000000000e+00,9.345794392523363789e-03,9.345794392523363789e-03,3.738317757009345516e-02,8.411214953271027583e-02,4.672897196261682068e-02,8.411214953271027583e-02,1.308411214953270896e-01,4.485981308411214896e-01,7.476635514018691031e-02,9.345794392523363789e-03,3.738317757009345516e-02,9.345794392523363789e-03,0.000000000000000000e+00,0.000000000000000000e+00,9.345794392523363789e-03
0.000000000000000000e+00,0.000000000000000000e+00,0.000000000000000000e+00,0.000000000000000000e+00,0.000000000000000000e+00,0.000000000000000000e+00,0.000000000000000000e+00,0.000000000000000000e+00,2.173913043478260809e-02,4.347826086956521618e-02,0.000000000000000000e+00,1.086956521739130405e-01,6.521739130434782428e-02,1.086956521739130405e-01,2.173913043478260809e-01,2.826086956521738913e-01,8.695652173913043237e-02,2.173913043478260809e-02,0.000000000000000000e+00,0.000000000000000000e+00,0.000000000000000000e+00,4.347826086956521618e-02
0.000000000000000000e+00,0.000000000000000000e+00,0.000000000000000000e+00,0.000000000000000000e+00,0.000000000000000000e+00,0.000000000000000000e+00,0.000000000000000000e+00,2.500000000000000139e-02,2.500000000000000139e-02,5.000000000000000278e-02,0.000000000000000000e+00,2.500000000000000139e-02,5.000000000000000278e-02,7.499999999999999722e-02,7.499999999999999722e-02,7.499999999999999722e-02,3.250000000000000111e-01,1.499999999999999944e-01,2.500000000000000139e-02,2.500000000000000139e-02,0.000000000000000000e+00,7.499999999999999722e-02
0.000000000000000000e+00,0.000000000000000000e+00,0.000000000000000000e+00,0.000000000000000000e+00,0.000000000000000000e+00,0.000000000000000000e+00,1.851851851851851749e-02,0.000000000000000000e+00,0.000000000000000000e+00,5.555555555555555247e-02,1.851851851851851749e-02,0.000000000000000000e+00,3.703703703703703498e-02,0.000000000000000000e+00,1.851851851851851749e-02,7.407407407407406996e-02,7.407407407407406996e-02,4.629629629629629650e-01,5.555555555555555247e-02,1.851851851851851749e-02,3.703703703703703498e-02,1.296296296296296224e-01
0.000000000000000000e+00,0.000000000000000000e+00,0.000000000000000000e+00,0.000000000000000000e+00,0.000000000000000000e+00,0.000000000000000000e+00,0.000000000000000000e+00,0.000000000000000000e+00,0.000000000000000000e+00,5.000000000000000278e-02,5.000000000000000278e-02,0.000000000000000000e+00,0.000000000000000000e+00,1.000000000000000056e-01,0.000000000000000000e+00,5.000000000000000278e-02,0.000000000000000000e+00,1.000000000000000056e-01,2.000000000000000111e-01,1.499999999999999944e-01,1.000000000000000056e-01,2.000000000000000111e-01
0.000000000000000000e+00,0.000000000000000000e+00,0.000000000000000000e+00,0.000000000000000000e+00,0.000000000000000000e+00,0.000000000000000000e+00,0.000000000000000000e+00,0.000000000000000000e+00,0.000000000000000000e+00,0.000000000000000000e+00,6.666666666666666574e-02,6.666666666666666574e-02,1.333333333333333315e-01,1.333333333333333315e-01,6.666666666666666574e-02,0.000000000000000000e+00,0.000000000000000000e+00,0.000000000000000000e+00,6.666666666666666574e-02,2.000000000000000111e-01,0.000000000000000000e+00,2.666666666666666630e-01
0.000000000000000000e+00,0.000000000000000000e+00,0.000000000000000000e+00,0.000000000000000000e+00,7.692307692307692735e-02,0.000000000000000000e+00,0.000000000000000000e+00,0.000000000000000000e+00,0.000000000000000000e+00,0.000000000000000000e+00,7.692307692307692735e-02,7.692307692307692735e-02,0.000000000000000000e+00,7.692307692307692735e-02,0.000000000000000000e+00,0.000000000000000000e+00,0.000000000000000000e+00,0.000000000000000000e+00,2.307692307692307820e-01,0.000000000000000000e+00,2.307692307692307820e-01,2.307692307692307820e-01
9.803921568627450844e-03,0.000000000000000000e+00,0.000000000000000000e+00,0.000000000000000000e+00,0.000000000000000000e+00,0.000000000000000000e+00,9.803921568627450844e-03,9.803921568627450844e-03,9.803921568627450844e-03,1.960784313725490169e-02,4.901960784313725422e-02,6.862745098039216285e-02,4.901960784313725422e-02,3.921568627450980338e-02,5.882352941176470507e-02,1.960784313725490169e-02,3.921568627450980338e-02,4.901960784313725422e-02,3.921568627450980338e-02,3.921568627450980338e-02,3.921568627450980338e-02,4.509803921568627527e-01
