7.199999999999999734e-01,1.199999999999999956e-01,5.999999999999999778e-02,8.000000000000000167e-02,0.000000000000000000e+00,0.000000000000000000e+00,0.000000000000000000e+00,2.000000000000000042e-02,0.000000000000000000e+00,0.000000000000000000e+00,0.000000000000000000e+00,0.000000000000000000e+00,0.000000000000000000e+00,0.000000000000000000e+00,0.000000000000000000e+00,0.000000000000000000e+00,0.000000000000000000e+00,0.000000000000000000e+00,0.000000000000000000e+00,0.000000000000000000e+00,0.000000000000000000e+00,0.000000000000000000e+00
6.451612903225806273e-02,3.870967741935483764e-01,2.258064516129032195e-01,9.677419354838709409e-02,1.290322580645161255e-01,3.225806451612903136e-02,3.225806451612903136e-02,0.000000000000000000e+00,0.000000000000000000e+00,0.000000000000000000e+00,0.000000000000000000e+00,0.000000000000000000e+00,3.225806451612903136e-02,0.000000000000000000e+00,0.000000000000000000e+00,0.000000000000000000e+00,0.000000000000000000e+00,0.000000000000000000e+00,0.000000000000000000e+00,0.000000000000000000e+00,0.000000000000000000e+00,0.000000000000000000e+00
1.694915254237288130e-02,1.694915254237288130e-02,5.762711864406779849e-01,1.186440677966101725e-01,5.084745762711864736e-02,5.084745762711864736e-02,5.084745762711864736e-02,6.779661016949152519e-02,1.694915254237288130e-02,1.694915254237288130e-02,1.694915254237288130e-02,0.000000000000000000e+00,0.000000000000000000e+00,0.000000000000000000e+00,0.000000000000000000e+00,0.000000000000000000e+00,0.000000000000000000e+00,0.000000000000000000e+00,0.000000000000000000e+00,0.000000000000000000e+00,0.000000000000000000e+00,0.000000000000000000e+00
2.298850574712643646e-02,4.597701149425287293e-02,2.298850574712643646e-02,6.321839080459770166e-01,1.494252873563218509e-01,5.747126436781609116e-02,3.448275862068965469e-02,1.149425287356321823e-02,0.000000000000000000e+00,1.149425287356321823e-02,1.149425287356321823e-02,0.000000000000000000e+00,0.000000000000000000e+00,0.000000000000000000e+00,0.000000000000000000e+00,0.000000000000000000e+00,0.000000000000000000e+00,0.000000000000000000e+00,0.000000000000000000e+00,0.000000000000000000e+00,0.000000000000000000e+00,0.000000000000000000e+00
0.000000000000000000e+00,2.479338842975206680e-02,1.652892561983471120e-02,4.958677685950413361e-02,4.876033057851239527e-01,2.314049586776859568e-01,3.305785123966942241e-02,4.958677685950413361e-02,1.652892561983471120e-02,2.479338842975206680e-02,1.652892561983471120e-02,8.264462809917355601e-03,8.264462809917355601e-03,8.264462809917355601e-03,0.000000000000000000e+00,0.000000000000000000e+00,0.000000000000000000e+00,0.000000000000000000e+00,0.000000000000000000e+00,0.000000000000000000e+00,0.000000000000000000e+00,2.479338842975206680e-02
0.000000000000000000e+00,1.000000000000000021e-02,1.000000000000000021e-02,2.000000000000000042e-02,7.000000000000000666e-02,5.600000000000000533e-01,2.000000000000000111e-01,5.500000000000000028e-02,2.000000000000000042e-02,1.499999999999999944e-02,5.000000000000000104e-03,5.000000000000000104e-03,5.000000000000000104e-03,1.000000000000000021e-02,0.000000000000000000e+00,5.000000000000000104e-03,0.000000000000000000e+00,0.000000000000000000e+00,0.000000000000000000e+00,0.000000000000000000e+00,0.000000000000000000e+00,1.000000000000000021e-02
2.544529262086514185e-03,0.000000000000000000e+00,0.000000000000000000e+00,5.089058524173028369e-03,7.633587786259541687e-03,3.053435114503816675e-02,6.743002544529261844e-01,1.526717557251908441e-01,6.615776081424935839e-02,1.781170483460559756e-02,1.017811704834605674e-02,1.272264631043256919e-02,5.089058524173028369e-03,5.089058524173028369e-03,0.000000000000000000e+00,0.000000000000000000e+00,0.000000000000000000e+00,0.000000000000000000e+00,2.544529262086514185e-03,2.544529262086514185e-03,0.000000000000000000e+00,5.089058524173028369e-03
0.000000000000000000e+00,3.861003861003861094e-03,1.930501930501930547e-03,1.930501930501930547e-03,5.791505791505791208e-03,1.158301158301158242e-02,7.528957528957529177e-02,6.467181467181467580e-01,1.447876447876447759e-01,4.054054054054054279e-02,3.088803088803088875e-02,1.158301158301158242e-02,9.652509652509652302e-03,5.791505791505791208e-03,1.930501930501930547e-03,0.000000000000000000e+00,0.000000000000000000e+00,1.930501930501930547e-03,0.000000000000000000e+00,1.930501930501930547e-03,0.000000000000000000e+00,3.861003861003861094e-03
0.000000000000000000e+00,1.703577512776831369e-03,3.407155025553662737e-03,1.703577512776831369e-03,5.110732538330493673e-03,8.517887563884156410e-03,1.873935264054514549e-02,8.006814310051107997e-02,6.422487223168654724e-01,1.516183986371379966e-01,4.088586030664394938e-02,1.533219761499148188e-02,5.110732538330493673e-03,8.517887563884156410e-03,5.110732538330493673e-03,0.000000000000000000e+00,0.000000000000000000e+00,0.000000000000000000e+00,1.703577512776831369e-03,0.000000000000000000e+00,1.703577512776831369e-03,8.517887563884156410e-03
1.248439450686641711e-03,0.000000000000000000e+00,0.000000000000000000e+00,2.496878901373283423e-03,3.745318352059925134e-03,6.242197253433208123e-03,6.242197253433208123e-03,2.372034956304619122e-02,6.367041198501872945e-02,6.891385767790262351e-01,1.260923845193508142e-01,2.247191011235954994e-02,1.248439450686641625e-02,1.498127340823970054e-02,4.993757802746566846e-03,4.993757802746566846e-03,4.993757802746566846e-03,0.000000000000000000e+00,0.000000000000000000e+00,0.000000000000000000e+00,2.496878901373283423e-03,9.987515605493133691e-03
1.472754050073637674e-03,0.000000000000000000e+00,2.945508100147275349e-03,2.945508100147275349e-03,2.945508100147275349e-03,4.418262150220913023e-03,7.363770250368188372e-03,2.945508100147275349e-03,2.503681885125184220e-02,9.425625920471281116e-02,6.288659793814432852e-01,1.060382916053019126e-01,5.301914580265095628e-02,2.798232695139911755e-02,1.472754050073637674e-02,7.363770250368188372e-03,4.418262150220913023e-03,2.945508100147275349e-03,2.945508100147275349e-03,0.000000000000000000e+00,1.472754050073637674e-03,5.891016200294550698e-03
0.000000000000000000e+00,0.000000000000000000e+00,0.000000000000000000e+00,0.000000000000000000e+00,0.000000000000000000e+00,0.000000000000000000e+00,2.011494252873563190e-02,2.011494252873563190e-02,2.873563218390804558e-02,5.172413793103448204e-02,1.551724137931034531e-01,4.885057471264367956e-01,1.149425287356321823e-01,3.735632183908046272e-02,2.586206896551724102e-02,8.620689655172413673e-03,8.620689655172413673e-03,1.149425287356321823e-02,5.747126436781609116e-03,2.873563218390804558e-03,2.873563218390804558e-03,1.724137931034482735e-02
0.000000000000000000e+00,3.731343283582089481e-03,7.462686567164178962e-03,0.000000000000000000e+00,0.000000000000000000e+00,3.731343283582089481e-03,3.731343283582089481e-03,2.238805970149253602e-02,2.611940298507462593e-02,2.611940298507462593e-02,1.082089552238805902e-01,1.156716417910447769e-01,4.365671641791044610e-01,1.082089552238805902e-01,4.850746268656716542e-02,1.865671641791044610e-02,1.492537313432835792e-02,1.865671641791044610e-02,0.000000000000000000e+00,7.462686567164178962e-03,0.000000000000000000e+00,2.985074626865671585e-02
0.000000000000000000e+00,6.060606060606060601e-03,0.000000000000000000e+00,0.000000000000000000e+00,1.212121212121212120e-02,1.212121212121212120e-02,6.060606060606060601e-03,6.060606060606060601e-03,3.030303030303030387e-02,6.060606060606060774e-02,8.484848484848485362e-02,9.090909090909091161e-02,1.272727272727272596e-01,4.000000000000000222e-01,3.636363636363636187e-02,3.030303030303030387e-02,1.818181818181818094e-02,6.060606060606060601e-03,1.818181818181818094e-02,1.212121212121212120e-02,6.060606060606060601e-03,3.636363636363636187e-02
9.615384615384615918e-03,0.000000000000000000e+00,0.000000000000000000e+00,0.000000000000000000e+00,1.923076923076923184e-02,0.000000000000000000e+00,0.000000000000000000e+00,9.615384615384615918e-03,1.923076923076923184e-02,1.923076923076923184e-02,3.846153846153846367e-02,5.769230769230769551e-02,8.653846153846153633e-02,7.692307692307692735e-02,4.807692307692307820e-01,4.807692307692307959e-02,1.923076923076923184e-02,2.884615384615384776e-02,0.000000000000000000e+00,1.923076923076923184e-02,9.615384615384615918e-03,5.769230769230769551e-02
0.000000000000000000e+00,0.000000000000000000e+00,0.000000000000000000e+00,0.000000000000000000e+00,1.785714285714285615e-02,0.000000000000000000e+00,1.785714285714285615e-02,0.000000000000000000e+00,1.785714285714285615e-02,8.928571428571428770e-02,3.571428571428571230e-02,1.428571428571428492e-01,1.785714285714285615e-02,8.928571428571428770e-02,3.571428571428571230e-02,2.500000000000000000e-01,3.571428571428571230e-02,3.571428571428571230e-02,1.785714285714285615e-02,3.571428571428571230e-02,0.000000000000000000e+00,1.607142857142857262e-01
0.000000000000000000e+00,0.000000000000000000e+00,0.000000000000000000e+00,2.380952380952380820e-02,0.000000000000000000e+00,2.380952380952380820e-02,0.000000000000000000e+00,0.000000000000000000e+00,2.380952380952380820e-02,0.000000000000000000e+00,4.761904761904761640e-02,7.142857142857142461e-02,4.761904761904761640e-02,4.761904761904761640e-02,0.000000000000000000e+00,7.142857142857142461e-02,3.809523809523809312e-01,7.142857142857142461e-02,7.142857142857142461e-02,0.000000000000000000e+00,0.000000000000000000e+00,1.190476190476190410e-01
0.000000000000000000e+00,0.000000000000000000e+00,0.000000000000000000e+00,0.000000000000000000e+00,0.000000000000000000e+00,4.347826086956521618e-02,2.173913043478260809e-02,0.000000000000000000e+00,2.173913043478260809e-02,4.347826086956521618e-02,8.695652173913043237e-02,4.347826086956521618e-02,4.347826086956521618e-02,4.347826086956521618e-02,0.000000000000000000e+00,0.000000000000000000e+00,4.347826086956521618e-02,4.565217391304347561e-01,2.173913043478260809e-02,4.347826086956521618e-02,2.173913043478260809e-02,6.521739130434782428e-02
0.000000000000000000e+00,0.000000000000000000e+00,0.000000000000000000e+00,0.000000000000000000e+00,0.000000000000000000e+00,0.000000000000000000e+00,0.000000000000000000e+00,0.000000000000000000e+00,5.882352941176470507e-02,2.941176470588235253e-02,8.823529411764706454e-02,0.000000000000000000e+00,1.176470588235294101e-01,5.882352941176470507e-02,2.941176470588235253e-02,5.882352941176470507e-02,8.823529411764706454e-02,8.823529411764706454e-02,2.352941176470588203e-01,8.823529411764706454e-02,0.000000000000000000e+00,5.882352941176470507e-02
0.000000000000000000e+00,0.000000000000000000e+00,0.000000000000000000e+00,0.000000000000000000e+00,0.000000000000000000e+00,4.761904761904761640e-02,4.761904761904761640e-02,4.761904761904761640e-02,0.000000000000000000e+00,0.000000000000000000e+00,4.761904761904761640e-02,4.761904761904761640e-02,4.761904761904761640e-02,4.761904761904761640e-02,0.000000000000000000e+00,0.000000000000000000e+00,4.761904761904761640e-02,0.000000000000000000e+00,1.428571428571428492e-01,9.523809523809523281e-02,1.428571428571428492e-01,2.380952380952380820e-01
0.000000000000000000e+00,0.000000000000000000e+00,0.000000000000000000e+00,0.000000000000000000e+00,6.250000000000000000e-02,6.250000000000000000e-02,6.250000000000000000e-02,0.000000000000000000e+00,0.000000000000000000e+00,6.250000000000000000e-02,0.000000000000000000e+00,6.250000000000000000e-02,6.250000000000000000e-02,6.250000000000000000e-02,0.000000000000000000e+00,0.000000000000000000e+00,0.000000000000000000e+00,6.250000000000000000e-02,0.000000000000000000e+00,6.250000000000000000e-02,1.875000000000000000e-01,2.500000000000000000e-01
0.000000000000000000e+00,0.000000000000000000e+00,5.524861878453038444e-03,0.000000000000000000e+00,5.524861878453038444e-03,2.762430939226519222e-02,1.104972375690607689e-02,3.314917127071823066e-02,3.314917127071823066e-02,2.762430939226519222e-02,2.209944751381215378e-02,6.077348066298342288e-02,3.867403314917126911e-02,3.314917127071823066e-02,2.762430939226519222e-02,3.867403314917126911e-02,1.104972375690607689e-02,5.524861878453038444e-03,4.419889502762430755e-02,1.657458563535911533e-02,5.524861878453038444e-03,5.524861878453038999e-01
