4.444444444444444198e-01,1.111111111111111049e-01,2.222222222222222099e-01,1.111111111111111049e-01,1.111111111111111049e-01,0.000000000000000000e+00,0.000000000000000000e+00,0.000000000000000000e+00,0.000000000000000000e+00,0.000000000000000000e+00,0.000000000000000000e+00,0.000000000000000000e+00,0.000000000000000000e+00,0.000000000000000000e+00,0.000000000000000000e+00,0.000000000000000000e+00,0.000000000000000000e+00,0.000000000000000000e+00,0.000000000000000000e+00,0.000000000000000000e+00,0.000000000000000000e+00,0.000000000000000000e+00
1.492537313432835792e-02,7.537313432835820448e-01,1.492537313432835688e-01,4.477611940298507204e-02,2.985074626865671585e-02,7.462686567164178962e-03,0.000000000000000000e+00,0.000000000000000000e+00,0.000000000000000000e+00,0.000000000000000000e+00,0.000000000000000000e+00,0.000000000000000000e+00,0.000000000000000000e+00,0.000000000000000000e+00,0.000000000000000000e+00,0.000000000000000000e+00,0.000000000000000000e+00,0.000000000000000000e+00,0.000000000000000000e+00,0.000000000000000000e+00,0.000000000000000000e+00,0.000000000000000000e+00
7.159904534606205580e-03,4.057279236276849915e-02,8.233890214797136009e-01,1.121718377088305463e-01,1.431980906921241116e-02,0.000000000000000000e+00,2.386634844868735193e-03,0.000000000000000000e+00,0.000000000000000000e+00,0.000000000000000000e+00,0.000000000000000000e+00,0.000000000000000000e+00,0.000000000000000000e+00,0.000000000000000000e+00,0.000000000000000000e+00,0.000000000000000000e+00,0.000000000000000000e+00,0.000000000000000000e+00,0.000000000000000000e+00,0.000000000000000000e+00,0.000000000000000000e+00,0.000000000000000000e+00
0.000000000000000000e+00,4.755434782608695954e-03,2.785326086956521618e-02,8.838315217391304879e-01,6.793478260869564855e-02,8.152173913043478035e-03,4.755434782608695954e-03,0.000000000000000000e+00,0.000000000000000000e+00,0.000000000000000000e+00,0.000000000000000000e+00,0.000000000000000000e+00,0.000000000000000000e+00,0.000000000000000000e+00,6.793478260869565029e-04,0.000000000000000000e+00,0.000000000000000000e+00,0.000000000000000000e+00,6.793478260869565029e-04,6.793478260869565029e-04,0.000000000000000000e+00,6.793478260869565029e-04
0.000000000000000000e+00,3.392705682782018624e-03,6.785411365564037248e-03,7.718405428329092044e-02,7.955894826123833807e-01,8.651399491094147187e-02,1.696352841391009225e-02,5.089058524173028369e-03,8.481764206955046560e-04,1.696352841391009312e-03,2.544529262086514185e-03,0.000000000000000000e+00,8.481764206955046560e-04,8.481764206955046560e-04,0.000000000000000000e+00,0.000000000000000000e+00,0.000000000000000000e+00,0.000000000000000000e+00,0.000000000000000000e+00,0.000000000000000000e+00,0.000000000000000000e+00,1.696352841391009312e-03
0.000000000000000000e+00,1.562500000000000087e-03,1.562500000000000087e-03,2.500000000000000139e-02,1.609375000000000111e-01,6.921874999999999556e-01,7.031250000000000000e-02,1.874999999999999931e-02,1.093749999999999931e-02,7.812500000000000000e-03,1.562500000000000087e-03,0.000000000000000000e+00,0.000000000000000000e+00,0.000000000000000000e+00,0.000000000000000000e+00,3.125000000000000173e-03,3.125000000000000173e-03,0.000000000000000000e+00,0.000000000000000000e+00,0.000000000000000000e+00,0.000000000000000000e+00,3.125000000000000173e-03
0.000000000000000000e+00,0.000000000000000000e+00,1.010101010101010187e-02,2.356902356902356929e-02,9.764309764309764272e-02,1.548821548821548710e-01,5.420875420875420625e-01,8.080808080808081495e-02,3.367003367003366943e-02,1.010101010101010187e-02,6.734006734006733712e-03,0.000000000000000000e+00,0.000000000000000000e+00,0.000000000000000000e+00,3.367003367003366856e-03,3.367003367003366856e-03,3.367003367003366856e-03,0.000000000000000000e+00,0.000000000000000000e+00,0.000000000000000000e+00,1.010101010101010187e-02,2.020202020202020374e-02
0.000000000000000000e+00,0.000000000000000000e+00,0.000000000000000000e+00,0.000000000000000000e+00,4.819277108433735191e-02,6.626506024096386060e-02,1.325301204819277212e-01,6.084337349397590522e-01,1.024096385542168641e-01,1.204819277108433798e-02,1.204819277108433798e-02,6.024096385542168988e-03,6.024096385542168988e-03,0.000000000000000000e+00,0.000000000000000000e+00,0.000000000000000000e+00,0.000000000000000000e+00,0.000000000000000000e+00,0.000000000000000000e+00,0.000000000000000000e+00,6.024096385542168988e-03,0.000000000000000000e+00
0.000000000000000000e+00,1.123595505617977497e-02,0.000000000000000000e+00,0.000000000000000000e+00,2.247191011235954994e-02,5.617977528089887485e-02,1.123595505617977497e-01,1.910112359550561745e-01,4.157303370786517016e-01,1.123595505617977497e-02,4.494382022471909988e-02,0.000000000000000000e+00,3.370786516853932491e-02,1.123595505617977497e-02,0.000000000000000000e+00,0.000000000000000000e+00,0.000000000000000000e+00,0.000000000000000000e+00,0.000000000000000000e+00,1.123595505617977497e-02,0.000000000000000000e+00,7.865168539325842478e-02
0.000000000000000000e+00,0.000000000000000000e+00,0.000000000000000000e+00,1.960784313725490169e-02,1.960784313725490169e-02,9.803921568627450844e-02,5.882352941176470507e-02,5.882352941176470507e-02,9.803921568627450844e-02,5.294117647058823595e-01,1.960784313725490169e-02,1.960784313725490169e-02,0.000000000000000000e+00,0.000000000000000000e+00,1.960784313725490169e-02,1.960784313725490169e-02,0.000000000000000000e+00,0.000000000000000000e+00,1.960784313725490169e-02,0.000000000000000000e+00,0.000000000000000000e+00,1.960784313725490169e-02
0.000000000000000000e+00,0.000000000000000000e+00,2.040816326530612082e-02,0.000000000000000000e+00,2.040816326530612082e-02,6.122448979591836593e-02,2.040816326530612082e-02,0.000000000000000000e+00,6.122448979591836593e-02,1.020408163265306145e-01,5.714285714285713969e-01,2.040816326530612082e-02,8.163265306122448328e-02,0.000000000000000000e+00,0.000000000000000000e+00,0.000000000000000000e+00,0.000000000000000000e+00,0.000000000000000000e+00,0.000000000000000000e+00,2.040816326530612082e-02,0.000000000000000000e+00,2.040816326530612082e-02
0.000000000000000000e+00,0.000000000000000000e+00,0.000000000000000000e+00,0.000000000000000000e+00,0.000000000000000000e+00,0.000000000000000000e+00,0.000000000000000000e+00,3.846153846153846367e-02,3.846153846153846367e-02,0.000000000000000000e+00,5.769230769230769551e-02,7.115384615384615641e-01,9.615384615384615918e-02,1.923076923076923184e-02,3.846153846153846367e-02,0.000000000000000000e+00,0.000000000000000000e+00,0.000000000000000000e+00,0.000000000000000000e+00,0.000000000000000000e+00,0.000000000000000000e+00,0.000000000000000000e+00
0.000000000000000000e+00,0.000000000000000000e+00,0.000000000000000000e+00,6.250000000000000000e-02,3.125000000000000000e-02,3.125000000000000000e-02,6.250000000000000000e-02,6.250000000000000000e-02,9.375000000000000000e-02,6.250000000000000000e-02,3.125000000000000000e-02,1.562500000000000000e-01,2.500000000000000000e-01,3.125000000000000000e-02,9.375000000000000000e-02,0.000000000000000000e+00,3.125000000000000000e-02,0.000000000000000000e+00,0.000000000000000000e+00,0.000000000000000000e+00,0.000000000000000000e+00,0.000000000000000000e+00
0.000000000000000000e+00,0.000000000000000000e+00,0.000000000000000000e+00,0.000000000000000000e+00,3.225806451612903136e-02,3.225806451612903136e-02,3.225806451612903136e-02,3.225806451612903136e-02,3.225806451612903136e-02,0.000000000000000000e+00,0.000000000000000000e+00,0.000000000000000000e+00,6.451612903225806273e-02,6.129032258064516236e-01,1.290322580645161255e-01,3.225806451612903136e-02,0.000000000000000000e+00,0.000000000000000000e+00,0.000000000000000000e+00,0.000000000000000000e+00,0.000000000000000000e+00,0.000000000000000000e+00
0.000000000000000000e+00,0.000000000000000000e+00,0.000000000000000000e+00,2.439024390243902524e-02,0.000000000000000000e+00,0.000000000000000000e+00,2.439024390243902524e-02,2.439024390243902524e-02,0.000000000000000000e+00,0.000000000000000000e+00,2.439024390243902524e-02,9.756097560975610095e-02,4.878048780487805047e-02,1.463414634146341375e-01,4.390243902439024404e-01,1.219512195121951192e-01,0.000000000000000000e+00,0.000000000000000000e+00,2.439024390243902524e-02,0.000000000000000000e+00,0.000000000000000000e+00,2.439024390243902524e-02
0.000000000000000000e+00,0.000000000000000000e+00,0.000000000000000000e+00,0.000000000000000000e+00,0.000000000000000000e+00,7.407407407407406996e-02,7.407407407407406996e-02,0.000000000000000000e+00,0.000000000000000000e+00,3.703703703703703498e-02,0.000000000000000000e+00,0.000000000000000000e+00,7.407407407407406996e-02,3.703703703703703498e-02,1.851851851851851749e-01,4.444444444444444198e-01,3.703703703703703498e-02,0.000000000000000000e+00,0.000000000000000000e+00,0.000000000000000000e+00,0.000000000000000000e+00,3.703703703703703498e-02
0.000000000000000000e+00,0.000000000000000000e+00,0.000000000000000000e+00,0.000000000000000000e+00,0.000000000000000000e+00,8.333333333333332871e-02,8.333333333333332871e-02,0.000000000000000000e+00,8.333333333333332871e-02,8.333333333333332871e-02,8.333333333333332871e-02,0.000000000000000000e+00,0.000000000000000000e+00,0.000000000000000000e+00,0.000000000000000000e+00,8.333333333333332871e-02,5.000000000000000000e-01,0.000000000000000000e+00,0.000000000000000000e+00,0.000000000000000000e+00,0.000000000000000000e+00,0.000000000000000000e+00
0.000000000000000000e+00,0.000000000000000000e+00,0.000000000000000000e+00,0.000000000000000000e+00,0.000000000000000000e+00,0.000000000000000000e+00,0.000000000000000000e+00,0.000000000000000000e+00,0.000000000000000000e+00,0.000000000000000000e+00,0.000000000000000000e+00,0.000000000000000000e+00,0.000000000000000000e+00,0.000000000000000000e+00,0.000000000000000000e+00,0.000000000000000000e+00,0.000000000000000000e+00,0.000000000000000000e+00,1.000000000000000000e+00,0.000000000000000000e+00,0.000000000000000000e+00,0.000000000000000000e+00
0.000000000000000000e+00,0.000000000000000000e+00,0.000000000000000000e+00,0.000000000000000000e+00,0.000000000000000000e+00,2.000000000000000111e-01,0.000000000000000000e+00,0.000000000000000000e+00,1.000000000000000056e-01,0.000000000000000000e+00,0.000000000000000000e+00,0.000000000000000000e+00,0.000000000000000000e+00,0.000000000000000000e+00,0.000000000000000000e+00,2.000000000000000111e-01,0.000000000000000000e+00,2.000000000000000111e-01,0.000000000000000000e+00,0.000000000000000000e+00,2.000000000000000111e-01,1.000000000000000056e-01
0.000000000000000000e+00,0.000000000000000000e+00,0.000000000000000000e+00,0.000000000000000000e+00,0.000000000000000000e+00,0.000000000000000000e+00,1.250000000000000000e-01,0.000000000000000000e+00,1.250000000000000000e-01,0.000000000000000000e+00,0.000000000000000000e+00,0.000000000000000000e+00,0.000000000000000000e+00,1.250000000000000000e-01,0.000000000000000000e+00,0.000000000000000000e+00,0.000000000000000000e+00,1.250000000000000000e-01,2.500000000000000000e-01,1.250000000000000000e-01,1.250000000000000000e-01,0.000000000000000000e+00
0.000000000000000000e+00,0.000000000000000000e+00,0.000000000000000000e+00,0.000000000000000000e+00,0.000000000000000000e+00,0.000000000000000000e+00,0.000000000000000000e+00,0.000000000000000000e+00,2.000000000000000111e-01,0.000000000000000000e+00,0.000000000000000000e+00,0.000000000000000000e+00,0.000000000000000000e+00,0.000000000000000000e+00,0.000000000000000000e+00,0.000000000000000000e+00,0.000000000000000000e+00,0.000000000000000000e+00,0.000000000000000000e+00,4.000000000000000222e-01,2.000000000000000111e-01,2.000000000000000111e-01
0.000000000000000000e+00,0.000000000000000000e+00,0.000000000000000000e+00,2.439024390243902524e-02,0.000000000000000000e+00,2.439024390243902524e-02,7.317073170731706877e-02,1.219512195121951262e-02,6.097560975609755962e-02,0.000000000000000000e+00,2.439024390243902524e-02,1.219512195121951262e-02,3.658536585365853439e-02,0.000000000000000000e+00,2.439024390243902524e-02,0.000000000000000000e+00,1.219512195121951262e-02,0.000000000000000000e+00,3.658536585365853439e-02,2.439024390243902524e-02,0.000000000000000000e+00,6.341463414634146423e-01
