7.812752219531881037e-01,6.376109765940274343e-02,1.614205004035512356e-02,4.842615012106537761e-03,8.071025020177562213e-04,0.000000000000000000e+00,0.000000000000000000e+00,0.000000000000000000e+00,0.000000000000000000e+00,0.000000000000000000e+00,1.614205004035512443e-03,0.000000000000000000e+00,0.000000000000000000e+00,0.000000000000000000e+00,2.421307506053268881e-03,8.071025020177562213e-04,3.228410008071024885e-03,6.456820016142049770e-03,5.649717514124293766e-03,2.502017756255044481e-02,8.797417271993543397e-02
1.174408413672217294e-01,7.546012269938650041e-01,4.907975460122699501e-02,9.640666082383873153e-03,4.382120946538124555e-03,3.505696757230499644e-03,8.764241893076249110e-04,8.764241893076249110e-04,0.000000000000000000e+00,0.000000000000000000e+00,8.764241893076249110e-04,8.764241893076249110e-04,0.000000000000000000e+00,0.000000000000000000e+00,8.764241893076249110e-04,0.000000000000000000e+00,1.752848378615249822e-03,4.382120946538124555e-03,5.258545135845749466e-03,1.665205959684487244e-02,2.892199824715162293e-02
5.035971223021582649e-02,2.278177458033573133e-01,5.755395683453237154e-01,5.755395683453237710e-02,7.194244604316547137e-03,9.592326139088728360e-03,1.199040767386091132e-02,0.000000000000000000e+00,4.796163069544364180e-03,2.398081534772182090e-03,2.398081534772182090e-03,0.000000000000000000e+00,2.398081534772182090e-03,0.000000000000000000e+00,2.398081534772182090e-03,2.398081534772182090e-03,0.000000000000000000e+00,7.194244604316547137e-03,1.199040767386091132e-02,1.199040767386091132e-02,1.199040767386091132e-02
7.913669064748200810e-02,1.366906474820143991e-01,1.942446043165467762e-01,4.388489208633093441e-01,5.755395683453237710e-02,2.877697841726618855e-02,1.438848920863309427e-02,0.000000000000000000e+00,0.000000000000000000e+00,0.000000000000000000e+00,7.194244604316547137e-03,0.000000000000000000e+00,0.000000000000000000e+00,0.000000000000000000e+00,0.000000000000000000e+00,7.194244604316547137e-03,0.000000000000000000e+00,7.194244604316547137e-03,0.000000000000000000e+00,7.194244604316547137e-03,2.158273381294964141e-02
1.204819277108433798e-02,6.024096385542168641e-02,9.638554216867470381e-02,1.686746987951807109e-01,4.578313253012047945e-01,9.638554216867470381e-02,1.204819277108433798e-02,2.409638554216867595e-02,0.000000000000000000e+00,0.000000000000000000e+00,1.204819277108433798e-02,1.204819277108433798e-02,0.000000000000000000e+00,0.000000000000000000e+00,1.204819277108433798e-02,1.204819277108433798e-02,0.000000000000000000e+00,0.000000000000000000e+00,0.000000000000000000e+00,0.000000000000000000e+00,2.409638554216867595e-02
0.000000000000000000e+00,8.333333333333332871e-02,1.000000000000000056e-01,8.333333333333332871e-02,1.499999999999999944e-01,2.500000000000000000e-01,1.333333333333333315e-01,5.000000000000000278e-02,0.000000000000000000e+00,3.333333333333333287e-02,5.000000000000000278e-02,1.666666666666666644e-02,0.000000000000000000e+00,0.000000000000000000e+00,1.666666666666666644e-02,0.000000000000000000e+00,0.000000000000000000e+00,0.000000000000000000e+00,1.666666666666666644e-02,0.000000000000000000e+00,1.666666666666666644e-02
0.000000000000000000e+00,4.347826086956521618e-02,1.304347826086956486e-01,1.086956521739130405e-01,1.086956521739130405e-01,1.304347826086956486e-01,2.608695652173912971e-01,8.695652173913043237e-02,0.000000000000000000e+00,4.347826086956521618e-02,6.521739130434782428e-02,0.000000000000000000e+00,0.000000000000000000e+00,0.000000000000000000e+00,0.000000000000000000e+00,0.000000000000000000e+00,0.000000000000000000e+00,0.000000000000000000e+00,0.000000000000000000e+00,2.173913043478260809e-02,0.000000000000000000e+00
0.000000000000000000e+00,3.571428571428571230e-02,3.571428571428571230e-02,0.000000000000000000e+00,1.071428571428571369e-01,2.500000000000000000e-01,0.000000000000000000e+00,3.571428571428571508e-01,3.571428571428571230e-02,7.142857142857142461e-02,1.071428571428571369e-01,0.000000000000000000e+00,0.000000000000000000e+00,0.000000000000000000e+00,0.000000000000000000e+00,0.000000000000000000e+00,0.000000000000000000e+00,0.000000000000000000e+00,0.000000000000000000e+00,0.000000000000000000e+00,0.000000000000000000e+00
0.000000000000000000e+00,1.250000000000000000e-01,1.250000000000000000e-01,0.000000000000000000e+00,1.250000000000000000e-01,0.000000000000000000e+00,0.000000000000000000e+00,3.750000000000000000e-01,1.250000000000000000e-01,0.000000000000000000e+00,1.250000000000000000e-01,0.000000000000000000e+00,0.000000000000000000e+00,0.000000000000000000e+00,0.000000000000000000e+00,0.000000000000000000e+00,0.000000000000000000e+00,0.000000000000000000e+00,0.000000000000000000e+00,0.000000000000000000e+00,0.000000000000000000e+00
0.000000000000000000e+00,0.000000000000000000e+00,1.000000000000000056e-01,0.000000000000000000e+00,5.000000000000000278e-02,1.000000000000000056e-01,5.000000000000000278e-02,0.000000000000000000e+00,0.000000000000000000e+00,5.500000000000000444e-01,1.499999999999999944e-01,0.000000000000000000e+00,0.000000000000000000e+00,0.000000000000000000e+00,0.000000000000000000e+00,0.000000000000000000e+00,0.000000000000000000e+00,0.000000000000000000e+00,0.000000000000000000e+00,0.000000000000000000e+00,0.000000000000000000e+00
1.587301587301587213e-02,1.587301587301587213e-02,4.761904761904761640e-02,3.174603174603174427e-02,4.761904761904761640e-02,4.761904761904761640e-02,7.936507936507936067e-02,3.174603174603174427e-02,3.174603174603174427e-02,3.174603174603174427e-02,6.190476190476190688e-01,0.000000000000000000e+00,0.000000000000000000e+00,0.000000000000000000e+00,0.000000000000000000e+00,0.000000000000000000e+00,0.000000000000000000e+00,0.000000000000000000e+00,0.000000000000000000e+00,0.000000000000000000e+00,0.000000000000000000e+00
5.555555555555555247e-02,0.000000000000000000e+00,5.555555555555555247e-02,0.000000000000000000e+00,0.000000000000000000e+00,0.000000000000000000e+00,0.000000000000000000e+00,0.000000000000000000e+00,0.000000000000000000e+00,0.000000000000000000e+00,1.111111111111111049e-01,3.888888888888888951e-01,1.666666666666666574e-01,5.555555555555555247e-02,0.000000000000000000e+00,0.000000000000000000e+00,0.000000000000000000e+00,0.000000000000000000e+00,5.555555555555555247e-02,0.000000000000000000e+00,1.111111111111111049e-01
0.000000000000000000e+00,0.000000000000000000e+00,0.000000000000000000e+00,0.000000000000000000e+00,0.000000000000000000e+00,0.000000000000000000e+00,0.000000000000000000e+00,0.000000000000000000e+00,0.000000000000000000e+00,0.000000000000000000e+00,0.000000000000000000e+00,1.199999999999999956e-01,6.800000000000000488e-01,0.000000000000000000e+00,8.000000000000000167e-02,0.000000000000000000e+00,0.000000000000000000e+00,8.000000000000000167e-02,4.000000000000000083e-02,0.000000000000000000e+00,0.000000000000000000e+00
0.000000000000000000e+00,1.111111111111111049e-01,0.000000000000000000e+00,1.111111111111111049e-01,1.111111111111111049e-01,0.000000000000000000e+00,0.000000000000000000e+00,0.000000000000000000e+00,0.000000000000000000e+00,0.000000000000000000e+00,0.000000000000000000e+00,0.000000000000000000e+00,1.111111111111111049e-01,4.444444444444444198e-01,0.000000000000000000e+00,1.111111111111111049e-01,0.000000000000000000e+00,0.000000000000000000e+00,0.000000000000000000e+00,0.000000000000000000e+00,0.000000000000000000e+00
7.142857142857142461e-02,7.142857142857142461e-02,0.000000000000000000e+00,0.000000000000000000e+00,7.142857142857142461e-02,7.142857142857142461e-02,0.000000000000000000e+00,0.000000000000000000e+00,0.000000000000000000e+00,0.000000000000000000e+00,0.000000000000000000e+00,7.142857142857142461e-02,0.000000000000000000e+00,0.000000000000000000e+00,2.142857142857142738e-01,1.428571428571428492e-01,0.000000000000000000e+00,7.142857142857142461e-02,0.000000000000000000e+00,1.428571428571428492e-01,7.142857142857142461e-02
7.142857142857142461e-02,3.571428571428571230e-02,7.142857142857142461e-02,0.000000000000000000e+00,3.571428571428571230e-02,0.000000000000000000e+00,0.000000000000000000e+00,0.000000000000000000e+00,0.000000000000000000e+00,0.000000000000000000e+00,0.000000000000000000e+00,0.000000000000000000e+00,0.000000000000000000e+00,7.142857142857142461e-02,3.571428571428571230e-02,4.642857142857143016e-01,1.785714285714285754e-01,0.000000000000000000e+00,3.571428571428571230e-02,0.000000000000000000e+00,0.000000000000000000e+00
4.819277108433735191e-02,2.409638554216867595e-02,3.614457831325301046e-02,1.204819277108433798e-02,1.204819277108433798e-02,0.000000000000000000e+00,0.000000000000000000e+00,0.000000000000000000e+00,0.000000000000000000e+00,0.000000000000000000e+00,0.000000000000000000e+00,0.000000000000000000e+00,0.000000000000000000e+00,0.000000000000000000e+00,0.000000000000000000e+00,7.228915662650602092e-02,5.662650602409639022e-01,6.024096385542168641e-02,4.819277108433735191e-02,3.614457831325301046e-02,8.433734939759035543e-02
8.035714285714286309e-02,4.464285714285714385e-02,1.785714285714285615e-02,0.000000000000000000e+00,0.000000000000000000e+00,0.000000000000000000e+00,0.000000000000000000e+00,0.000000000000000000e+00,0.000000000000000000e+00,0.000000000000000000e+00,8.928571428571428076e-03,0.000000000000000000e+00,1.785714285714285615e-02,0.000000000000000000e+00,1.785714285714285615e-02,8.928571428571428076e-03,5.357142857142856845e-02,5.625000000000000000e-01,8.928571428571428770e-02,5.357142857142856845e-02,4.464285714285714385e-02
6.130268199233716159e-02,2.298850574712643646e-02,3.448275862068965469e-02,3.831417624521072599e-03,0.000000000000000000e+00,3.831417624521072599e-03,3.831417624521072599e-03,0.000000000000000000e+00,0.000000000000000000e+00,0.000000000000000000e+00,0.000000000000000000e+00,0.000000000000000000e+00,0.000000000000000000e+00,7.662835249042145198e-03,0.000000000000000000e+00,3.831417624521072599e-03,2.681992337164751036e-02,4.214559386973180249e-02,6.666666666666666297e-01,7.279693486590038676e-02,4.980842911877394336e-02
6.046511627906976660e-02,3.255813953488372048e-02,2.325581395348837177e-02,2.325581395348837177e-03,0.000000000000000000e+00,0.000000000000000000e+00,2.325581395348837177e-03,0.000000000000000000e+00,2.325581395348837177e-03,0.000000000000000000e+00,2.325581395348837177e-03,2.325581395348837177e-03,0.000000000000000000e+00,0.000000000000000000e+00,2.325581395348837177e-03,2.325581395348837177e-03,6.976744186046511531e-03,2.093023255813953459e-02,7.906976744186046402e-02,6.511627906976744651e-01,1.093023255813953543e-01
1.200686106346483678e-01,4.802744425385934574e-02,1.715265866209262496e-02,3.430531732418524819e-03,1.715265866209262410e-03,1.715265866209262410e-03,1.715265866209262410e-03,0.000000000000000000e+00,1.715265866209262410e-03,1.715265866209262410e-03,3.430531732418524819e-03,1.715265866209262410e-03,0.000000000000000000e+00,0.000000000000000000e+00,0.000000000000000000e+00,1.715265866209262410e-03,1.543739279588336212e-02,1.200686106346483643e-02,4.288164665523155894e-02,1.097770154373927942e-01,6.157804459691251786e-01
