6.097560975609755962e-01,0.000000000000000000e+00,0.000000000000000000e+00,7.317073170731706877e-02,4.878048780487805047e-02,2.439024390243902524e-02,9.756097560975610095e-02,4.878048780487805047e-02,4.878048780487805047e-02,0.000000000000000000e+00,0.000000000000000000e+00,0.000000000000000000e+00,2.439024390243902524e-02,2.439024390243902524e-02,0.000000000000000000e+00,0.000000000000000000e+00,0.000000000000000000e+00,0.000000000000000000e+00,0.000000000000000000e+00,0.000000000000000000e+00,0.000000000000000000e+00,0.000000000000000000e+00
1.538461538461538547e-01,1.538461538461538547e-01,2.307692307692307820e-01,7.692307692307692735e-02,0.000000000000000000e+00,7.692307692307692735e-02,0.000000000000000000e+00,0.000000000000000000e+00,7.692307692307692735e-02,7.692307692307692735e-02,0.000000000000000000e+00,1.538461538461538547e-01,0.000000000000000000e+00,0.000000000000000000e+00,0.000000000000000000e+00,0.000000000000000000e+00,0.000000000000000000e+00,0.000000000000000000e+00,0.000000000000000000e+00,0.000000000000000000e+00,0.000000000000000000e+00,0.000000000000000000e+00
0.000000000000000000e+00,0.000000000000000000e+00,3.461538461538461453e-01,2.307692307692307820e-01,2.307692307692307820e-01,7.692307692307692735e-02,3.846153846153846367e-02,3.846153846153846367e-02,0.000000000000000000e+00,0.000000000000000000e+00,3.846153846153846367e-02,0.000000000000000000e+00,0.000000000000000000e+00,0.000000000000000000e+00,0.000000000000000000e+00,0.000000000000000000e+00,0.000000000000000000e+00,0.000000000000000000e+00,0.000000000000000000e+00,0.000000000000000000e+00,0.000000000000000000e+00,0.000000000000000000e+00
6.976744186046511531e-02,2.325581395348837177e-02,1.162790697674418589e-01,4.651162790697674354e-01,1.395348837209302306e-01,2.325581395348837177e-02,4.651162790697674354e-02,4.651162790697674354e-02,2.325581395348837177e-02,2.325581395348837177e-02,0.000000000000000000e+00,2.325581395348837177e-02,0.000000000000000000e+00,0.000000000000000000e+00,0.000000000000000000e+00,0.000000000000000000e+00,0.000000000000000000e+00,0.000000000000000000e+00,0.000000000000000000e+00,0.000000000000000000e+00,0.000000000000000000e+00,0.000000000000000000e+00
2.298850574712643646e-02,4.597701149425287293e-02,2.298850574712643646e-02,4.597701149425287293e-02,5.057471264367816577e-01,8.045977011494252762e-02,9.195402298850574585e-02,6.896551724137930939e-02,4.597701149425287293e-02,1.149425287356321823e-02,4.597701149425287293e-02,1.149425287356321823e-02,0.000000000000000000e+00,0.000000000000000000e+00,0.000000000000000000e+00,0.000000000000000000e+00,0.000000000000000000e+00,0.000000000000000000e+00,0.000000000000000000e+00,0.000000000000000000e+00,0.000000000000000000e+00,0.000000000000000000e+00
9.615384615384615918e-03,9.615384615384615918e-03,1.923076923076923184e-02,9.615384615384615918e-03,3.846153846153846367e-02,5.000000000000000000e-01,1.153846153846153910e-01,1.442307692307692180e-01,3.846153846153846367e-02,6.730769230769230449e-02,1.923076923076923184e-02,2.884615384615384776e-02,0.000000000000000000e+00,0.000000000000000000e+00,0.000000000000000000e+00,0.000000000000000000e+00,0.000000000000000000e+00,0.000000000000000000e+00,0.000000000000000000e+00,0.000000000000000000e+00,0.000000000000000000e+00,0.000000000000000000e+00
2.923976608187134341e-02,1.169590643274853736e-02,1.169590643274853736e-02,5.847953216374268681e-03,4.093567251461988077e-02,5.263157894736841813e-02,4.970760233918128379e-01,1.461988304093567170e-01,4.678362573099414945e-02,5.263157894736841813e-02,4.678362573099414945e-02,2.339181286549707472e-02,1.169590643274853736e-02,1.169590643274853736e-02,0.000000000000000000e+00,0.000000000000000000e+00,5.847953216374268681e-03,0.000000000000000000e+00,0.000000000000000000e+00,0.000000000000000000e+00,0.000000000000000000e+00,5.847953216374268681e-03
3.067484662576687188e-03,0.000000000000000000e+00,6.134969325153374377e-03,1.840490797546012400e-02,1.226993865030674875e-02,9.202453987730061999e-03,7.668711656441717928e-02,4.846625766871165419e-01,1.779141104294478526e-01,1.257668711656441674e-01,4.601226993865030479e-02,2.453987730061349751e-02,6.134969325153374377e-03,0.000000000000000000e+00,0.000000000000000000e+00,3.067484662576687188e-03,0.000000000000000000e+00,0.000000000000000000e+00,0.000000000000000000e+00,0.000000000000000000e+00,0.000000000000000000e+00,6.134969325153374377e-03
9.302325581395348708e-03,2.325581395348837177e-03,0.000000000000000000e+00,4.651162790697674354e-03,1.162790697674418589e-02,1.627906976744186024e-02,1.860465116279069742e-02,8.139534883720930813e-02,5.116279069767442067e-01,2.162790697674418505e-01,8.837209302325581273e-02,2.325581395348837177e-02,6.976744186046511531e-03,4.651162790697674354e-03,2.325581395348837177e-03,0.000000000000000000e+00,0.000000000000000000e+00,0.000000000000000000e+00,2.325581395348837177e-03,0.000000000000000000e+00,0.000000000000000000e+00,0.000000000000000000e+00
5.617977528089887485e-03,0.000000000000000000e+00,0.000000000000000000e+00,2.808988764044943742e-03,8.426966292134831227e-03,1.123595505617977497e-02,1.825842696629213432e-02,3.792134831460674399e-02,6.460674157303371301e-02,5.435393258426965968e-01,2.289325842696629254e-01,5.898876404494381859e-02,4.213483146067415613e-03,5.617977528089887485e-03,0.000000000000000000e+00,2.808988764044943742e-03,1.404494382022471871e-03,1.404494382022471871e-03,0.000000000000000000e+00,0.000000000000000000e+00,0.000000000000000000e+00,4.213483146067415613e-03
7.292616226071102839e-03,1.823154056517775710e-03,3.646308113035551420e-03,1.823154056517775710e-03,7.292616226071102839e-03,9.115770282588878115e-03,7.292616226071102839e-03,2.278942570647219529e-02,2.734731084776663781e-02,1.039197812215132133e-01,6.034639927073838228e-01,1.659070191431175900e-01,2.278942570647219529e-02,7.292616226071102839e-03,5.469462169553327563e-03,0.000000000000000000e+00,9.115770282588878549e-04,0.000000000000000000e+00,0.000000000000000000e+00,0.000000000000000000e+00,0.000000000000000000e+00,1.823154056517775710e-03
2.197802197802197800e-03,0.000000000000000000e+00,2.197802197802197800e-03,4.395604395604395601e-03,2.197802197802197800e-03,6.593406593406593401e-03,8.791208791208791201e-03,2.087912087912087780e-02,3.076923076923077094e-02,3.736263736263736174e-02,1.274725274725274637e-01,6.175824175824176088e-01,1.109890109890109833e-01,1.538461538461538547e-02,6.593406593406593401e-03,3.296703296703296700e-03,1.098901098901098900e-03,1.098901098901098900e-03,0.000000000000000000e+00,0.000000000000000000e+00,0.000000000000000000e+00,1.098901098901098900e-03
5.449591280653950758e-03,0.000000000000000000e+00,2.724795640326975379e-03,2.724795640326975379e-03,2.724795640326975379e-03,1.362397820163487733e-02,5.449591280653950758e-03,2.997275204359672873e-02,1.907356948228882895e-02,1.634877384196185141e-02,8.719346049046321212e-02,1.471389645776566835e-01,4.931880108991825717e-01,8.446866485013623804e-02,3.814713896457765790e-02,1.907356948228882895e-02,1.089918256130790152e-02,2.724795640326975379e-03,0.000000000000000000e+00,2.724795640326975379e-03,0.000000000000000000e+00,1.634877384196185141e-02
7.751937984496123923e-03,0.000000000000000000e+00,7.751937984496123923e-03,1.550387596899224785e-02,0.000000000000000000e+00,0.000000000000000000e+00,1.550387596899224785e-02,1.550387596899224785e-02,7.751937984496123923e-03,1.550387596899224785e-02,3.875968992248061962e-02,1.007751937984496110e-01,1.240310077519379828e-01,3.798449612403100861e-01,1.317829457364341206e-01,5.426356589147286746e-02,1.550387596899224785e-02,1.550387596899224785e-02,1.550387596899224785e-02,1.550387596899224785e-02,0.000000000000000000e+00,2.325581395348837177e-02
0.000000000000000000e+00,0.000000000000000000e+00,0.000000000000000000e+00,0.000000000000000000e+00,0.000000000000000000e+00,1.052631578947368397e-02,1.052631578947368397e-02,1.052631578947368397e-02,1.052631578947368397e-02,5.263157894736841813e-02,4.210526315789473589e-02,8.421052631578947179e-02,1.157894736842105254e-01,5.263157894736841813e-02,3.789473684210526438e-01,1.157894736842105254e-01,2.105263157894736795e-02,1.052631578947368397e-02,3.157894736842105365e-02,1.052631578947368397e-02,1.052631578947368397e-02,3.157894736842105365e-02
0.000000000000000000e+00,0.000000000000000000e+00,0.000000000000000000e+00,1.515151515151515194e-02,0.000000000000000000e+00,0.000000000000000000e+00,0.000000000000000000e+00,0.000000000000000000e+00,6.060606060606060774e-02,3.030303030303030387e-02,1.515151515151515194e-02,7.575757575757575968e-02,7.575757575757575968e-02,3.030303030303030387e-02,6.060606060606060774e-02,3.484848484848485084e-01,6.060606060606060774e-02,6.060606060606060774e-02,4.545454545454545581e-02,1.515151515151515194e-02,1.515151515151515194e-02,9.090909090909091161e-02
0.000000000000000000e+00,0.000000000000000000e+00,0.000000000000000000e+00,0.000000000000000000e+00,0.000000000000000000e+00,0.000000000000000000e+00,3.448275862068965469e-02,0.000000000000000000e+00,3.448275862068965469e-02,2.068965517241379282e-01,0.000000000000000000e+00,3.448275862068965469e-02,6.896551724137930939e-02,3.448275862068965469e-02,6.896551724137930939e-02,0.000000000000000000e+00,2.758620689655172376e-01,1.034482758620689641e-01,0.000000000000000000e+00,6.896551724137930939e-02,0.000000000000000000e+00,6.896551724137930939e-02
0.000000000000000000e+00,0.000000000000000000e+00,0.000000000000000000e+00,0.000000000000000000e+00,0.000000000000000000e+00,3.225806451612903136e-02,0.000000000000000000e+00,0.000000000000000000e+00,6.451612903225806273e-02,6.451612903225806273e-02,3.225806451612903136e-02,0.000000000000000000e+00,0.000000000000000000e+00,3.225806451612903136e-02,3.225806451612903136e-02,6.451612903225806273e-02,3.225806451612903136e-02,3.225806451612903136e-01,3.225806451612903136e-02,3.225806451612903136e-02,0.000000000000000000e+00,2.580645161290322509e-01
0.000000000000000000e+00,0.000000000000000000e+00,0.000000000000000000e+00,0.000000000000000000e+00,0.000000000000000000e+00,0.000000000000000000e+00,0.000000000000000000e+00,7.692307692307692735e-02,0.000000000000000000e+00,0.000000000000000000e+00,7.692307692307692735e-02,0.000000000000000000e+00,7.692307692307692735e-02,7.692307692307692735e-02,1.538461538461538547e-01,1.538461538461538547e-01,7.692307692307692735e-02,0.000000000000000000e+00,0.000000000000000000e+00,0.000000000000000000e+00,0.000000000000000000e+00,3.076923076923077094e-01
0.000000000000000000e+00,0.000000000000000000e+00,0.000000000000000000e+00,0.000000000000000000e+00,0.000000000000000000e+00,1.000000000000000056e-01,0.000000000000000000e+00,0.000000000000000000e+00,0.000000000000000000e+00,0.000000000000000000e+00,1.000000000000000056e-01,0.000000000000000000e+00,1.000000000000000056e-01,2.000000000000000111e-01,1.000000000000000056e-01,1.000000000000000056e-01,0.000000000000000000e+00,1.000000000000000056e-01,0.000000000000000000e+00,1.000000000000000056e-01,0.000000000000000000e+00,1.000000000000000056e-01
0.000000000000000000e+00,0.000000000000000000e+00,0.000000000000000000e+00,0.000000000000000000e+00,0.000000000000000000e+00,0.000000000000000000e+00,0.000000000000000000e+00,0.000000000000000000e+00,1.428571428571428492e-01,1.428571428571428492e-01,0.000000000000000000e+00,0.000000000000000000e+00,0.000000000000000000e+00,0.000000000000000000e+00,0.000000000000000000e+00,0.000000000000000000e+00,0.000000000000000000e+00,1.428571428571428492e-01,0.000000000000000000e+00,1.428571428571428492e-01,0.000000000000000000e+00,4.285714285714285476e-01
1.000000000000000021e-02,1.000000000000000021e-02,1.000000000000000021e-02,1.000000000000000021e-02,0.000000000000000000e+00,0.000000000000000000e+00,2.000000000000000042e-02,4.000000000000000083e-02,2.000000000000000042e-02,2.000000000000000042e-02,4.000000000000000083e-02,1.000000000000000021e-02,4.000000000000000083e-02,2.000000000000000042e-02,5.999999999999999778e-02,5.999999999999999778e-02,2.000000000000000042e-02,5.000000000000000278e-02,1.000000000000000021e-02,1.000000000000000021e-02,2.999999999999999889e-02,5.100000000000000089e-01
