3.636363636363636465e-01,0.000000000000000000e+00,9.090909090909091161e-02,0.000000000000000000e+00,0.000000000000000000e+00,1.818181818181818232e-01,0.000000000000000000e+00,0.000000000000000000e+00,0.000000000000000000e+00,0.000000000000000000e+00,9.090909090909091161e-02,0.000000000000000000e+00,0.000000000000000000e+00,0.000000000000000000e+00,0.000000000000000000e+00,0.000000000000000000e+00,0.000000000000000000e+00,0.000000000000000000e+00,0.000000000000000000e+00,0.000000000000000000e+00,0.000000000000000000e+00,2.727272727272727071e-01
0.000000000000000000e+00,0.000000000000000000e+00,0.000000000000000000e+00,3.333333333333333148e-01,0.000000000000000000e+00,0.000000000000000000e+00,0.000000000000000000e+00,0.000000000000000000e+00,0.000000000000000000e+00,0.000000000000000000e+00,0.000000000000000000e+00,0.000000000000000000e+00,0.000000000000000000e+00,0.000000000000000000e+00,0.000000000000000000e+00,0.000000000000000000e+00,0.000000000000000000e+00,3.333333333333333148e-01,3.333333333333333148e-01,0.000000000000000000e+00,0.000000000000000000e+00,0.000000000000000000e+00
0.000000000000000000e+00,0.000000000000000000e+00,1.666666666666666574e-01,0.000000000000000000e+00,1.666666666666666574e-01,0.000000000000000000e+00,1.666666666666666574e-01,0.000000000000000000e+00,1.666666666666666574e-01,0.000000000000000000e+00,0.000000000000000000e+00,1.666666666666666574e-01,0.000000000000000000e+00,0.000000000000000000e+00,1.666666666666666574e-01,0.000000000000000000e+00,0.000000000000000000e+00,0.000000000000000000e+00,0.000000000000000000e+00,0.000000000000000000e+00,0.000000000000000000e+00,0.000000000000000000e+00
0.000000000000000000e+00,6.666666666666666574e-02,0.000000000000000000e+00,2.000000000000000111e-01,6.666666666666666574e-02,0.000000000000000000e+00,0.000000000000000000e+00,0.000000000000000000e+00,6.666666666666666574e-02,1.333333333333333315e-01,2.000000000000000111e-01,1.333333333333333315e-01,0.000000000000000000e+00,6.666666666666666574e-02,0.000000000000000000e+00,6.666666666666666574e-02,0.000000000000000000e+00,0.000000000000000000e+00,0.000000000000000000e+00,0.000000000000000000e+00,0.000000000000000000e+00,0.000000000000000000e+00
2.272727272727272790e-02,4.545454545454545581e-02,2.272727272727272790e-02,0.000000000000000000e+00,7.045454545454545858e-01,2.272727272727272790e-02,2.272727272727272790e-02,0.000000000000000000e+00,0.000000000000000000e+00,6.818181818181817677e-02,2.272727272727272790e-02,2.272727272727272790e-02,4.545454545454545581e-02,0.000000000000000000e+00,0.000000000000000000e+00,0.000000000000000000e+00,0.000000000000000000e+00,0.000000000000000000e+00,0.000000000000000000e+00,0.000000000000000000e+00,0.000000000000000000e+00,0.000000000000000000e+00
0.000000000000000000e+00,0.000000000000000000e+00,0.000000000000000000e+00,1.652892561983471120e-02,8.264462809917355601e-03,7.520661157024793875e-01,4.958677685950413361e-02,1.652892561983471120e-02,3.305785123966942241e-02,2.479338842975206680e-02,4.132231404958677801e-02,2.479338842975206680e-02,3.305785123966942241e-02,0.000000000000000000e+00,0.000000000000000000e+00,0.000000000000000000e+00,0.000000000000000000e+00,0.000000000000000000e+00,0.000000000000000000e+00,0.000000000000000000e+00,0.000000000000000000e+00,0.000000000000000000e+00
1.265822784810126563e-02,0.000000000000000000e+00,0.000000000000000000e+00,2.531645569620253125e-02,1.265822784810126563e-02,3.164556962025316666e-02,5.759493670886075556e-01,6.962025316455695834e-02,5.063291139240506250e-02,9.493670886075949999e-02,8.227848101265822223e-02,2.531645569620253125e-02,1.898734177215189931e-02,0.000000000000000000e+00,0.000000000000000000e+00,0.000000000000000000e+00,0.000000000000000000e+00,0.000000000000000000e+00,0.000000000000000000e+00,0.000000000000000000e+00,0.000000000000000000e+00,0.000000000000000000e+00
0.000000000000000000e+00,0.000000000000000000e+00,7.168458781362007162e-03,3.584229390681003581e-03,7.168458781362007162e-03,1.075268817204301161e-02,3.584229390681003408e-02,6.308243727598565886e-01,4.659498207885304916e-02,7.526881720430107781e-02,6.093189964157706001e-02,5.734767025089605730e-02,3.584229390681003408e-02,1.075268817204301161e-02,3.584229390681003581e-03,0.000000000000000000e+00,0.000000000000000000e+00,1.075268817204301161e-02,0.000000000000000000e+00,0.000000000000000000e+00,0.000000000000000000e+00,3.584229390681003581e-03
2.024291497975708523e-03,0.000000000000000000e+00,0.000000000000000000e+00,0.000000000000000000e+00,4.048582995951417046e-03,6.072874493927125569e-03,1.417004048582995966e-02,5.060728744939271134e-02,6.396761133603239280e-01,1.133603238866396773e-01,8.906882591093116808e-02,5.060728744939271134e-02,2.631578947368420907e-02,2.024291497975708523e-03,0.000000000000000000e+00,0.000000000000000000e+00,2.024291497975708523e-03,0.000000000000000000e+00,0.000000000000000000e+00,0.000000000000000000e+00,0.000000000000000000e+00,0.000000000000000000e+00
0.000000000000000000e+00,0.000000000000000000e+00,0.000000000000000000e+00,1.007049345417925477e-03,2.014098690835850955e-03,3.021148036253776432e-03,1.812688821752266033e-02,3.625377643504532066e-02,7.049345417925478863e-02,6.213494461228600274e-01,1.409869083585095773e-01,7.250755287009064132e-02,1.711983887210473398e-02,1.007049345417925477e-02,1.007049345417925477e-03,3.021148036253776432e-03,2.014098690835850955e-03,0.000000000000000000e+00,0.000000000000000000e+00,0.000000000000000000e+00,0.000000000000000000e+00,1.007049345417925477e-03
5.091649694501017851e-04,5.091649694501017851e-04,0.000000000000000000e+00,5.091649694501017851e-04,1.018329938900203570e-03,4.073319755600814281e-03,7.637474541751527318e-03,1.069246435845213825e-02,2.240325865580447898e-02,9.623217922606924768e-02,7.179226069246436026e-01,1.135437881873727073e-01,1.731160896130346308e-02,2.545824847250509251e-03,2.036659877800407140e-03,1.018329938900203570e-03,0.000000000000000000e+00,0.000000000000000000e+00,5.091649694501017851e-04,5.091649694501017851e-04,0.000000000000000000e+00,1.018329938900203570e-03
4.436557231588287653e-04,0.000000000000000000e+00,4.436557231588287653e-04,0.000000000000000000e+00,8.873114463176575307e-04,1.774622892635315061e-03,2.661934338952972375e-03,6.211180124223602064e-03,1.286601597160603322e-02,3.061224489795918297e-02,1.415261756876663723e-01,7.373558118899733449e-01,5.013309671694764907e-02,6.654835847382431155e-03,1.774622892635315061e-03,1.774622892635315061e-03,1.330967169476486188e-03,8.873114463176575307e-04,8.873114463176575307e-04,0.000000000000000000e+00,0.000000000000000000e+00,1.774622892635315061e-03
0.000000000000000000e+00,0.000000000000000000e+00,0.000000000000000000e+00,0.000000000000000000e+00,0.000000000000000000e+00,0.000000000000000000e+00,3.000000000000000062e-03,1.099999999999999936e-02,1.000000000000000021e-02,1.600000000000000033e-02,2.999999999999999889e-02,1.890000000000000013e-01,6.640000000000000346e-01,4.200000000000000261e-02,1.299999999999999940e-02,8.999999999999999320e-03,4.000000000000000083e-03,1.000000000000000021e-03,4.000000000000000083e-03,1.000000000000000021e-03,0.000000000000000000e+00,3.000000000000000062e-03
0.000000000000000000e+00,0.000000000000000000e+00,0.000000000000000000e+00,0.000000000000000000e+00,3.636363636363636360e-03,0.000000000000000000e+00,3.636363636363636360e-03,0.000000000000000000e+00,3.636363636363636360e-03,0.000000000000000000e+00,2.909090909090909088e-02,9.090909090909091161e-02,2.472727272727272829e-01,5.090909090909090384e-01,6.545454545454545969e-02,1.818181818181818094e-02,3.636363636363636360e-03,3.636363636363636360e-03,3.636363636363636360e-03,0.000000000000000000e+00,0.000000000000000000e+00,1.818181818181818094e-02
0.000000000000000000e+00,0.000000000000000000e+00,0.000000000000000000e+00,0.000000000000000000e+00,0.000000000000000000e+00,0.000000000000000000e+00,0.000000000000000000e+00,8.064516129032257841e-03,8.064516129032257841e-03,8.064516129032257841e-03,8.064516129032257841e-03,8.064516129032257841e-02,1.048387096774193589e-01,2.258064516129032195e-01,4.193548387096774355e-01,7.258064516129032751e-02,1.612903225806451568e-02,1.612903225806451568e-02,8.064516129032257841e-03,0.000000000000000000e+00,0.000000000000000000e+00,2.419354838709677352e-02
1.282051282051282007e-02,0.000000000000000000e+00,0.000000000000000000e+00,0.000000000000000000e+00,0.000000000000000000e+00,0.000000000000000000e+00,0.000000000000000000e+00,0.000000000000000000e+00,0.000000000000000000e+00,2.564102564102564014e-02,3.846153846153846367e-02,1.153846153846153910e-01,1.025641025641025605e-01,6.410256410256409687e-02,1.410256410256410242e-01,2.820512820512820484e-01,1.025641025641025605e-01,3.846153846153846367e-02,0.000000000000000000e+00,1.282051282051282007e-02,0.000000000000000000e+00,6.410256410256409687e-02
0.000000000000000000e+00,0.000000000000000000e+00,0.000000000000000000e+00,0.000000000000000000e+00,0.000000000000000000e+00,0.000000000000000000e+00,0.000000000000000000e+00,0.000000000000000000e+00,0.000000000000000000e+00,2.500000000000000139e-02,0.000000000000000000e+00,5.000000000000000278e-02,1.000000000000000056e-01,7.499999999999999722e-02,1.000000000000000056e-01,2.750000000000000222e-01,2.250000000000000056e-01,2.500000000000000139e-02,5.000000000000000278e-02,0.000000000000000000e+00,0.000000000000000000e+00,7.499999999999999722e-02
0.000000000000000000e+00,0.000000000000000000e+00,0.000000000000000000e+00,0.000000000000000000e+00,0.000000000000000000e+00,0.000000000000000000e+00,0.000000000000000000e+00,0.000000000000000000e+00,0.000000000000000000e+00,2.777777777777777624e-02,2.777777777777777624e-02,2.777777777777777624e-02,1.666666666666666574e-01,5.555555555555555247e-02,8.333333333333332871e-02,1.111111111111111049e-01,5.555555555555555247e-02,2.777777777777777901e-01,8.333333333333332871e-02,2.777777777777777624e-02,2.777777777777777624e-02,2.777777777777777624e-02
0.000000000000000000e+00,0.000000000000000000e+00,0.000000000000000000e+00,0.000000000000000000e+00,3.125000000000000000e-02,0.000000000000000000e+00,0.000000000000000000e+00,0.000000000000000000e+00,0.000000000000000000e+00,0.000000000000000000e+00,0.000000000000000000e+00,6.250000000000000000e-02,1.562500000000000000e-01,6.250000000000000000e-02,1.250000000000000000e-01,6.250000000000000000e-02,6.250000000000000000e-02,9.375000000000000000e-02,1.250000000000000000e-01,9.375000000000000000e-02,3.125000000000000000e-02,9.375000000000000000e-02
0.000000000000000000e+00,0.000000000000000000e+00,0.000000000000000000e+00,0.000000000000000000e+00,0.000000000000000000e+00,0.000000000000000000e+00,0.000000000000000000e+00,9.090909090909091161e-02,0.000000000000000000e+00,0.000000000000000000e+00,9.090909090909091161e-02,0.000000000000000000e+00,9.090909090909091161e-02,0.000000000000000000e+00,0.000000000000000000e+00,0.000000000000000000e+00,9.090909090909091161e-02,0.000000000000000000e+00,2.727272727272727071e-01,9.090909090909091161e-02,9.090909090909091161e-02,1.818181818181818232e-01
0.000000000000000000e+00,0.000000000000000000e+00,0.000000000000000000e+00,0.000000000000000000e+00,0.000000000000000000e+00,0.000000000000000000e+00,0.000000000000000000e+00,0.000000000000000000e+00,0.000000000000000000e+00,0.000000000000000000e+00,0.000000000000000000e+00,0.000000000000000000e+00,1.000000000000000056e-01,0.000000000000000000e+00,0.000000000000000000e+00,0.000000000000000000e+00,0.000000000000000000e+00,2.000000000000000111e-01,1.000000000000000056e-01,1.000000000000000056e-01,5.000000000000000000e-01,0.000000000000000000e+00
0.000000000000000000e+00,0.000000000000000000e+00,0.000000000000000000e+00,1.219512195121951262e-02,0.000000000000000000e+00,0.000000000000000000e+00,0.000000000000000000e+00,0.000000000000000000e+00,0.000000000000000000e+00,0.000000000000000000e+00,1.219512195121951262e-02,4.878048780487805047e-02,3.658536585365853439e-02,3.658536585365853439e-02,7.317073170731706877e-02,7.317073170731706877e-02,1.219512195121951262e-02,3.658536585365853439e-02,6.097560975609755962e-02,1.219512195121951262e-02,3.658536585365853439e-02,5.487804878048780921e-01
