4.545454545454545303e-01,0.000000000000000000e+00,2.727272727272727071e-01,2.727272727272727071e-01,0.000000000000000000e+00,0.000000000000000000e+00,0.000000000000000000e+00,0.000000000000000000e+00,0.000000000000000000e+00,0.000000000000000000e+00,0.000000000000000000e+00,0.000000000000000000e+00,0.000000000000000000e+00,0.000000000000000000e+00,0.000000000000000000e+00,0.000000000000000000e+00,0.000000000000000000e+00,0.000000000000000000e+00,0.000000000000000000e+00,0.000000000000000000e+00,0.000000000000000000e+00,0.000000000000000000e+00
0.000000000000000000e+00,8.634538152610441442e-01,1.004016064257028107e-01,2.409638554216867595e-02,8.032128514056224161e-03,0.000000000000000000e+00,4.016064257028112081e-03,0.000000000000000000e+00,0.000000000000000000e+00,0.000000000000000000e+00,0.000000000000000000e+00,0.000000000000000000e+00,0.000000000000000000e+00,0.000000000000000000e+00,0.000000000000000000e+00,0.000000000000000000e+00,0.000000000000000000e+00,0.000000000000000000e+00,0.000000000000000000e+00,0.000000000000000000e+00,0.000000000000000000e+00,0.000000000000000000e+00
2.695417789757412544e-03,2.964959568733153625e-02,8.490566037735849392e-01,1.132075471698113234e-01,2.695417789757412544e-03,2.695417789757412544e-03,0.000000000000000000e+00,0.000000000000000000e+00,0.000000000000000000e+00,0.000000000000000000e+00,0.000000000000000000e+00,0.000000000000000000e+00,0.000000000000000000e+00,0.000000000000000000e+00,0.000000000000000000e+00,0.000000000000000000e+00,0.000000000000000000e+00,0.000000000000000000e+00,0.000000000000000000e+00,0.000000000000000000e+00,0.000000000000000000e+00,0.000000000000000000e+00
1.117734724292101340e-03,1.117734724292101340e-03,2.831594634873323482e-02,8.960506706408345456e-01,6.259314456035768026e-02,4.843517138599105591e-03,3.353204172876304238e-03,3.725782414307004468e-04,7.451564828614008935e-04,3.725782414307004468e-04,0.000000000000000000e+00,0.000000000000000000e+00,3.725782414307004468e-04,0.000000000000000000e+00,0.000000000000000000e+00,0.000000000000000000e+00,0.000000000000000000e+00,0.000000000000000000e+00,0.000000000000000000e+00,0.000000000000000000e+00,0.000000000000000000e+00,7.451564828614008935e-04
0.000000000000000000e+00,0.000000000000000000e+00,2.454991816693944361e-03,7.283142389525368299e-02,8.441080196399345370e-01,5.851063829787234161e-02,6.955810147299509166e-03,4.091653027823240890e-03,1.227495908346972180e-03,1.636661211129296313e-03,1.636661211129296313e-03,4.091653027823240782e-04,1.636661211129296313e-03,4.091653027823240782e-04,4.091653027823240782e-04,0.000000000000000000e+00,0.000000000000000000e+00,4.091653027823240782e-04,0.000000000000000000e+00,4.091653027823240782e-04,0.000000000000000000e+00,2.864157119476268276e-03
0.000000000000000000e+00,0.000000000000000000e+00,0.000000000000000000e+00,1.741022850924918430e-02,1.686615886833514599e-01,7.181719260065287935e-01,5.114254624591947629e-02,1.632208922742111115e-02,8.705114254624592152e-03,3.264417845484222057e-03,4.352557127312296076e-03,0.000000000000000000e+00,1.088139281828074019e-03,1.088139281828074019e-03,2.176278563656148038e-03,0.000000000000000000e+00,1.088139281828074019e-03,0.000000000000000000e+00,0.000000000000000000e+00,1.088139281828074019e-03,0.000000000000000000e+00,5.440696409140370095e-03
0.000000000000000000e+00,3.584229390681003581e-03,0.000000000000000000e+00,3.584229390681003408e-02,8.960573476702508866e-02,1.863799283154121966e-01,5.089605734767025380e-01,1.003584229390681037e-01,2.867383512544802865e-02,1.433691756272401432e-02,3.584229390681003581e-03,3.584229390681003581e-03,0.000000000000000000e+00,1.075268817204301161e-02,3.584229390681003581e-03,7.168458781362007162e-03,0.000000000000000000e+00,0.000000000000000000e+00,0.000000000000000000e+00,0.000000000000000000e+00,0.000000000000000000e+00,3.584229390681003581e-03
0.000000000000000000e+00,0.000000000000000000e+00,0.000000000000000000e+00,1.470588235294117627e-02,6.617647058823529493e-02,1.102941176470588203e-01,1.985294117647058709e-01,3.897058823529411797e-01,1.102941176470588203e-01,2.941176470588235253e-02,2.205882352941176613e-02,1.470588235294117627e-02,7.352941176470588133e-03,7.352941176470588133e-03,0.000000000000000000e+00,0.000000000000000000e+00,7.352941176470588133e-03,7.352941176470588133e-03,0.000000000000000000e+00,0.000000000000000000e+00,0.000000000000000000e+00,1.470588235294117627e-02
0.000000000000000000e+00,0.000000000000000000e+00,0.000000000000000000e+00,0.000000000000000000e+00,9.615384615384615918e-03,9.615384615384615918e-02,6.730769230769230449e-02,7.692307692307692735e-02,5.384615384615384359e-01,1.250000000000000000e-01,9.615384615384615918e-03,9.615384615384615918e-03,9.615384615384615918e-03,9.615384615384615918e-03,0.000000000000000000e+00,0.000000000000000000e+00,9.615384615384615918e-03,2.884615384615384776e-02,0.000000000000000000e+00,0.000000000000000000e+00,0.000000000000000000e+00,9.615384615384615918e-03
0.000000000000000000e+00,0.000000000000000000e+00,0.000000000000000000e+00,0.000000000000000000e+00,1.093750000000000000e-01,9.375000000000000000e-02,6.250000000000000000e-02,7.812500000000000000e-02,7.812500000000000000e-02,3.437500000000000000e-01,7.812500000000000000e-02,7.812500000000000000e-02,1.562500000000000000e-02,0.000000000000000000e+00,0.000000000000000000e+00,0.000000000000000000e+00,1.562500000000000000e-02,0.000000000000000000e+00,0.000000000000000000e+00,3.125000000000000000e-02,0.000000000000000000e+00,1.562500000000000000e-02
0.000000000000000000e+00,0.000000000000000000e+00,0.000000000000000000e+00,0.000000000000000000e+00,3.125000000000000000e-02,1.250000000000000000e-01,3.125000000000000000e-02,1.250000000000000000e-01,9.375000000000000000e-02,1.875000000000000000e-01,2.187500000000000000e-01,6.250000000000000000e-02,6.250000000000000000e-02,0.000000000000000000e+00,3.125000000000000000e-02,0.000000000000000000e+00,0.000000000000000000e+00,0.000000000000000000e+00,0.000000000000000000e+00,0.000000000000000000e+00,0.000000000000000000e+00,3.125000000000000000e-02
0.000000000000000000e+00,0.000000000000000000e+00,0.000000000000000000e+00,2.631578947368420907e-02,0.000000000000000000e+00,2.631578947368420907e-02,2.631578947368420907e-02,5.263157894736841813e-02,0.000000000000000000e+00,7.894736842105262720e-02,1.052631578947368363e-01,5.000000000000000000e-01,5.263157894736841813e-02,5.263157894736841813e-02,2.631578947368420907e-02,0.000000000000000000e+00,0.000000000000000000e+00,0.000000000000000000e+00,2.631578947368420907e-02,0.000000000000000000e+00,2.631578947368420907e-02,0.000000000000000000e+00
0.000000000000000000e+00,0.000000000000000000e+00,0.000000000000000000e+00,0.000000000000000000e+00,6.451612903225806273e-02,6.451612903225806273e-02,9.677419354838709409e-02,0.000000000000000000e+00,9.677419354838709409e-02,0.000000000000000000e+00,6.451612903225806273e-02,9.677419354838709409e-02,2.580645161290322509e-01,1.612903225806451568e-01,3.225806451612903136e-02,0.000000000000000000e+00,0.000000000000000000e+00,3.225806451612903136e-02,3.225806451612903136e-02,0.000000000000000000e+00,0.000000000000000000e+00,0.000000000000000000e+00
0.000000000000000000e+00,0.000000000000000000e+00,0.000000000000000000e+00,0.000000000000000000e+00,0.000000000000000000e+00,5.000000000000000278e-02,3.333333333333333287e-02,0.000000000000000000e+00,1.666666666666666644e-02,1.666666666666666644e-02,1.666666666666666644e-02,1.666666666666666644e-02,5.000000000000000278e-02,6.333333333333333037e-01,6.666666666666666574e-02,3.333333333333333287e-02,5.000000000000000278e-02,1.666666666666666644e-02,0.000000000000000000e+00,0.000000000000000000e+00,0.000000000000000000e+00,0.000000000000000000e+00
0.000000000000000000e+00,0.000000000000000000e+00,0.000000000000000000e+00,0.000000000000000000e+00,0.000000000000000000e+00,4.166666666666666435e-02,4.166666666666666435e-02,4.166666666666666435e-02,0.000000000000000000e+00,2.083333333333333218e-02,0.000000000000000000e+00,2.083333333333333218e-02,2.083333333333333218e-02,1.041666666666666713e-01,5.000000000000000000e-01,1.250000000000000000e-01,2.083333333333333218e-02,2.083333333333333218e-02,0.000000000000000000e+00,2.083333333333333218e-02,0.000000000000000000e+00,2.083333333333333218e-02
0.000000000000000000e+00,0.000000000000000000e+00,0.000000000000000000e+00,0.000000000000000000e+00,0.000000000000000000e+00,2.325581395348837177e-02,0.000000000000000000e+00,2.325581395348837177e-02,0.000000000000000000e+00,0.000000000000000000e+00,0.000000000000000000e+00,0.000000000000000000e+00,2.325581395348837177e-02,6.976744186046511531e-02,9.302325581395348708e-02,6.279069767441860517e-01,4.651162790697674354e-02,2.325581395348837177e-02,0.000000000000000000e+00,2.325581395348837177e-02,4.651162790697674354e-02,0.000000000000000000e+00
0.000000000000000000e+00,0.000000000000000000e+00,0.000000000000000000e+00,0.000000000000000000e+00,0.000000000000000000e+00,1.538461538461538547e-01,1.538461538461538547e-01,0.000000000000000000e+00,1.538461538461538547e-01,0.000000000000000000e+00,0.000000000000000000e+00,0.000000000000000000e+00,0.000000000000000000e+00,7.692307692307692735e-02,1.538461538461538547e-01,7.692307692307692735e-02,7.692307692307692735e-02,1.538461538461538547e-01,0.000000000000000000e+00,0.000000000000000000e+00,0.000000000000000000e+00,0.000000000000000000e+00
0.000000000000000000e+00,0.000000000000000000e+00,0.000000000000000000e+00,0.000000000000000000e+00,0.000000000000000000e+00,4.761904761904761640e-02,1.428571428571428492e-01,0.000000000000000000e+00,4.761904761904761640e-02,4.761904761904761640e-02,0.000000000000000000e+00,0.000000000000000000e+00,9.523809523809523281e-02,0.000000000000000000e+00,9.523809523809523281e-02,4.761904761904761640e-02,4.761904761904761640e-02,2.857142857142856984e-01,9.523809523809523281e-02,0.000000000000000000e+00,0.000000000000000000e+00,4.761904761904761640e-02
0.000000000000000000e+00,0.000000000000000000e+00,0.000000000000000000e+00,0.000000000000000000e+00,0.000000000000000000e+00,1.250000000000000000e-01,1.250000000000000000e-01,1.250000000000000000e-01,0.000000000000000000e+00,0.000000000000000000e+00,0.000000000000000000e+00,0.000000000000000000e+00,0.000000000000000000e+00,0.000000000000000000e+00,0.000000000000000000e+00,0.000000000000000000e+00,0.000000000000000000e+00,1.250000000000000000e-01,2.500000000000000000e-01,0.000000000000000000e+00,0.000000000000000000e+00,2.500000000000000000e-01
0.000000000000000000e+00,0.000000000000000000e+00,0.000000000000000000e+00,0.000000000000000000e+00,0.000000000000000000e+00,9.090909090909091161e-02,0.000000000000000000e+00,0.000000000000000000e+00,0.000000000000000000e+00,9.090909090909091161e-02,0.000000000000000000e+00,0.000000000000000000e+00,0.000000000000000000e+00,0.000000000000000000e+00,9.090909090909091161e-02,9.090909090909091161e-02,0.000000000000000000e+00,9.090909090909091161e-02,0.000000000000000000e+00,3.636363636363636465e-01,0.000000000000000000e+00,1.818181818181818232e-01
0.000000000000000000e+00,0.000000000000000000e+00,0.000000000000000000e+00,0.000000000000000000e+00,0.000000000000000000e+00,0.000000000000000000e+00,0.000000000000000000e+00,0.000000000000000000e+00,0.000000000000000000e+00,0.000000000000000000e+00,0.000000000000000000e+00,0.000000000000000000e+00,0.000000000000000000e+00,0.000000000000000000e+00,0.000000000000000000e+00,5.000000000000000000e-01,0.000000000000000000e+00,2.500000000000000000e-01,0.000000000000000000e+00,0.000000000000000000e+00,0.000000000000000000e+00,2.500000000000000000e-01
0.000000000000000000e+00,0.000000000000000000e+00,0.000000000000000000e+00,1.123595505617977497e-02,2.247191011235954994e-02,2.247191011235954994e-02,5.617977528089887485e-02,3.370786516853932491e-02,5.617977528089887485e-02,4.494382022471909988e-02,0.000000000000000000e+00,2.247191011235954994e-02,3.370786516853932491e-02,1.123595505617977497e-02,1.123595505617977497e-02,1.123595505617977497e-02,0.000000000000000000e+00,2.247191011235954994e-02,0.000000000000000000e+00,0.000000000000000000e+00,2.247191011235954994e-02,6.179775280898875955e-01
