7.407407407407406996e-01,7.407407407407406996e-02,1.851851851851851749e-02,0.000000000000000000e+00,1.851851851851851749e-02,0.000000000000000000e+00,3.703703703703703498e-02,1.851851851851851749e-02,0.000000000000000000e+00,1.851851851851851749e-02,1.851851851851851749e-02,0.000000000000000000e+00,0.000000000000000000e+00,3.703703703703703498e-02,0.000000000000000000e+00,0.000000000000000000e+00,0.000000000000000000e+00,0.000000000000000000e+00,0.000000000000000000e+00,0.000000000000000000e+00,0.000000000000000000e+00,1.851851851851851749e-02
1.111111111111111049e-01,6.666666666666666297e-01,1.777777777777777846e-01,0.000000000000000000e+00,0.000000000000000000e+00,0.000000000000000000e+00,0.000000000000000000e+00,0.000000000000000000e+00,0.000000000000000000e+00,4.444444444444444614e-02,0.000000000000000000e+00,0.000000000000000000e+00,0.000000000000000000e+00,0.000000000000000000e+00,0.000000000000000000e+00,0.000000000000000000e+00,0.000000000000000000e+00,0.000000000000000000e+00,0.000000000000000000e+00,0.000000000000000000e+00,0.000000000000000000e+00,0.000000000000000000e+00
2.898550724637681195e-02,4.347826086956521618e-02,7.971014492753623060e-01,8.695652173913043237e-02,1.449275362318840597e-02,1.449275362318840597e-02,1.449275362318840597e-02,0.000000000000000000e+00,0.000000000000000000e+00,0.000000000000000000e+00,0.000000000000000000e+00,0.000000000000000000e+00,0.000000000000000000e+00,0.000000000000000000e+00,0.000000000000000000e+00,0.000000000000000000e+00,0.000000000000000000e+00,0.000000000000000000e+00,0.000000000000000000e+00,0.000000000000000000e+00,0.000000000000000000e+00,0.000000000000000000e+00
0.000000000000000000e+00,3.571428571428571230e-02,7.142857142857142461e-02,6.785714285714286031e-01,1.071428571428571369e-01,3.571428571428571230e-02,0.000000000000000000e+00,0.000000000000000000e+00,0.000000000000000000e+00,3.571428571428571230e-02,3.571428571428571230e-02,0.000000000000000000e+00,0.000000000000000000e+00,0.000000000000000000e+00,0.000000000000000000e+00,0.000000000000000000e+00,0.000000000000000000e+00,0.000000000000000000e+00,0.000000000000000000e+00,0.000000000000000000e+00,0.000000000000000000e+00,0.000000000000000000e+00
0.000000000000000000e+00,0.000000000000000000e+00,1.428571428571428527e-02,0.000000000000000000e+00,6.999999999999999556e-01,1.000000000000000056e-01,8.571428571428571508e-02,1.428571428571428527e-02,5.714285714285714107e-02,1.428571428571428527e-02,0.000000000000000000e+00,1.428571428571428527e-02,0.000000000000000000e+00,0.000000000000000000e+00,0.000000000000000000e+00,0.000000000000000000e+00,0.000000000000000000e+00,0.000000000000000000e+00,0.000000000000000000e+00,0.000000000000000000e+00,0.000000000000000000e+00,0.000000000000000000e+00
0.000000000000000000e+00,1.030927835051546372e-02,0.000000000000000000e+00,1.030927835051546372e-02,6.185567010309278579e-02,5.773195876288659267e-01,1.855670103092783574e-01,6.185567010309278579e-02,5.154639175257731687e-02,0.000000000000000000e+00,1.030927835051546372e-02,1.030927835051546372e-02,1.030927835051546372e-02,0.000000000000000000e+00,0.000000000000000000e+00,0.000000000000000000e+00,0.000000000000000000e+00,0.000000000000000000e+00,0.000000000000000000e+00,0.000000000000000000e+00,0.000000000000000000e+00,1.030927835051546372e-02
4.926108374384236509e-03,4.926108374384236509e-03,9.852216748768473017e-03,0.000000000000000000e+00,3.940886699507389207e-02,6.896551724137930939e-02,6.059113300492611209e-01,1.133004926108374388e-01,7.389162561576355370e-02,4.433497536945812945e-02,1.970443349753694603e-02,9.852216748768473017e-03,0.000000000000000000e+00,0.000000000000000000e+00,0.000000000000000000e+00,0.000000000000000000e+00,0.000000000000000000e+00,0.000000000000000000e+00,0.000000000000000000e+00,0.000000000000000000e+00,0.000000000000000000e+00,4.926108374384236509e-03
4.073319755600814281e-03,0.000000000000000000e+00,2.036659877800407140e-03,0.000000000000000000e+00,2.036659877800407140e-03,1.018329938900203700e-02,3.258655804480651424e-02,6.985743380855397033e-01,1.792260692464358318e-01,4.073319755600814801e-02,1.425661914460285215e-02,1.018329938900203700e-02,4.073319755600814281e-03,0.000000000000000000e+00,0.000000000000000000e+00,0.000000000000000000e+00,0.000000000000000000e+00,0.000000000000000000e+00,2.036659877800407140e-03,0.000000000000000000e+00,0.000000000000000000e+00,0.000000000000000000e+00
0.000000000000000000e+00,0.000000000000000000e+00,0.000000000000000000e+00,8.136696501220504240e-04,1.627339300244100848e-03,1.627339300244100848e-03,1.057770545158665497e-02,5.858421480878762966e-02,7.485760781122864360e-01,1.383238405207485866e-01,2.196908055329536286e-02,6.509357200976403392e-03,3.254678600488201696e-03,8.136696501220504240e-04,8.136696501220504240e-04,0.000000000000000000e+00,0.000000000000000000e+00,0.000000000000000000e+00,0.000000000000000000e+00,8.136696501220504240e-04,0.000000000000000000e+00,5.695687550854353076e-03
2.053388090349076052e-03,1.540041067761807039e-03,5.133470225872690130e-04,1.026694045174538026e-03,0.000000000000000000e+00,5.133470225872690130e-04,3.593429158110882874e-03,1.334702258726899390e-02,6.878850102669405164e-02,7.479466119096509491e-01,1.288501026694045259e-01,1.386036960985626357e-02,6.160164271047228156e-03,3.593429158110882874e-03,1.026694045174538026e-03,0.000000000000000000e+00,2.566735112936344848e-03,0.000000000000000000e+00,5.133470225872690130e-04,0.000000000000000000e+00,0.000000000000000000e+00,4.106776180698152104e-03
0.000000000000000000e+00,0.000000000000000000e+00,5.053057099545225266e-04,0.000000000000000000e+00,0.000000000000000000e+00,5.053057099545225266e-04,2.526528549772612525e-03,3.537139969681657361e-03,1.819100555836281052e-02,1.157150075795856520e-01,7.574532592218291560e-01,6.922688226376957910e-02,1.212733703890853977e-02,7.074279939363314722e-03,1.515917129863567471e-03,2.526528549772612525e-03,1.515917129863567471e-03,1.515917129863567471e-03,1.515917129863567471e-03,5.053057099545225266e-04,5.053057099545225266e-04,3.537139969681657361e-03
1.114827201783723503e-03,1.114827201783723503e-03,0.000000000000000000e+00,0.000000000000000000e+00,0.000000000000000000e+00,1.114827201783723503e-03,0.000000000000000000e+00,2.229654403567447006e-03,5.574136008918617949e-03,4.459308807134894359e-02,1.516164994425863999e-01,6.733556298773689663e-01,7.692307692307692735e-02,1.337792642140468204e-02,8.918617614269788024e-03,6.688963210702341018e-03,1.114827201783723503e-03,2.229654403567447006e-03,2.229654403567447006e-03,2.229654403567447006e-03,0.000000000000000000e+00,5.574136008918617949e-03
0.000000000000000000e+00,0.000000000000000000e+00,0.000000000000000000e+00,0.000000000000000000e+00,0.000000000000000000e+00,0.000000000000000000e+00,6.578947368421052266e-03,6.578947368421052266e-03,9.868421052631578400e-03,5.592105263157894773e-02,7.894736842105262720e-02,2.302631578947368363e-01,4.440789473684210731e-01,7.236842105263158187e-02,1.644736842105263067e-02,3.618421052631579093e-02,6.578947368421052266e-03,0.000000000000000000e+00,0.000000000000000000e+00,3.289473684210526133e-03,0.000000000000000000e+00,3.289473684210526133e-02
0.000000000000000000e+00,0.000000000000000000e+00,0.000000000000000000e+00,6.329113924050632813e-03,0.000000000000000000e+00,0.000000000000000000e+00,0.000000000000000000e+00,0.000000000000000000e+00,1.265822784810126563e-02,5.063291139240506250e-02,6.329113924050633333e-02,1.075949367088607639e-01,1.139240506329113889e-01,3.987341772151898889e-01,1.075949367088607639e-01,6.329113924050633333e-02,0.000000000000000000e+00,0.000000000000000000e+00,1.898734177215189931e-02,0.000000000000000000e+00,6.329113924050632813e-03,5.063291139240506250e-02
1.136363636363636395e-02,0.000000000000000000e+00,0.000000000000000000e+00,1.136363636363636395e-02,0.000000000000000000e+00,0.000000000000000000e+00,0.000000000000000000e+00,0.000000000000000000e+00,1.136363636363636395e-02,3.409090909090908839e-02,1.022727272727272790e-01,9.090909090909091161e-02,1.250000000000000000e-01,1.136363636363636326e-01,2.840909090909091161e-01,9.090909090909091161e-02,2.272727272727272790e-02,2.272727272727272790e-02,1.136363636363636395e-02,2.272727272727272790e-02,0.000000000000000000e+00,4.545454545454545581e-02
0.000000000000000000e+00,0.000000000000000000e+00,0.000000000000000000e+00,0.000000000000000000e+00,0.000000000000000000e+00,0.000000000000000000e+00,0.000000000000000000e+00,1.388888888888888812e-02,0.000000000000000000e+00,2.777777777777777624e-02,1.388888888888888951e-01,6.944444444444444753e-02,1.111111111111111049e-01,6.944444444444444753e-02,1.388888888888888951e-01,2.638888888888888951e-01,1.388888888888888812e-02,2.777777777777777624e-02,1.388888888888888812e-02,0.000000000000000000e+00,0.000000000000000000e+00,1.111111111111111049e-01
0.000000000000000000e+00,0.000000000000000000e+00,0.000000000000000000e+00,0.000000000000000000e+00,0.000000000000000000e+00,0.000000000000000000e+00,0.000000000000000000e+00,0.000000000000000000e+00,0.000000000000000000e+00,1.250000000000000000e-01,8.333333333333332871e-02,8.333333333333332871e-02,1.666666666666666574e-01,8.333333333333332871e-02,8.333333333333332871e-02,4.166666666666666435e-02,1.666666666666666574e-01,4.166666666666666435e-02,0.000000000000000000e+00,0.000000000000000000e+00,0.000000000000000000e+00,1.250000000000000000e-01
0.000000000000000000e+00,0.000000000000000000e+00,0.000000000000000000e+00,0.000000000000000000e+00,0.000000000000000000e+00,0.000000000000000000e+00,0.000000000000000000e+00,0.000000000000000000e+00,4.761904761904761640e-02,4.761904761904761640e-02,4.761904761904761640e-02,4.761904761904761640e-02,0.000000000000000000e+00,9.523809523809523281e-02,9.523809523809523281e-02,1.428571428571428492e-01,0.000000000000000000e+00,9.523809523809523281e-02,9.523809523809523281e-02,0.000000000000000000e+00,4.761904761904761640e-02,2.380952380952380820e-01
0.000000000000000000e+00,0.000000000000000000e+00,0.000000000000000000e+00,0.000000000000000000e+00,0.000000000000000000e+00,0.000000000000000000e+00,0.000000000000000000e+00,0.000000000000000000e+00,0.000000000000000000e+00,6.451612903225806273e-02,0.000000000000000000e+00,9.677419354838709409e-02,9.677419354838709409e-02,6.451612903225806273e-02,3.225806451612903136e-02,3.225806451612903136e-02,3.225806451612903136e-02,9.677419354838709409e-02,2.903225806451613100e-01,3.225806451612903136e-02,0.000000000000000000e+00,1.612903225806451568e-01
0.000000000000000000e+00,0.000000000000000000e+00,0.000000000000000000e+00,0.000000000000000000e+00,0.000000000000000000e+00,0.000000000000000000e+00,0.000000000000000000e+00,0.000000000000000000e+00,0.000000000000000000e+00,0.000000000000000000e+00,1.666666666666666574e-01,5.555555555555555247e-02,0.000000000000000000e+00,5.555555555555555247e-02,5.555555555555555247e-02,5.555555555555555247e-02,0.000000000000000000e+00,0.000000000000000000e+00,1.666666666666666574e-01,2.777777777777777901e-01,5.555555555555555247e-02,1.111111111111111049e-01
0.000000000000000000e+00,0.000000000000000000e+00,0.000000000000000000e+00,0.000000000000000000e+00,0.000000000000000000e+00,0.000000000000000000e+00,0.000000000000000000e+00,0.000000000000000000e+00,0.000000000000000000e+00,0.000000000000000000e+00,5.882352941176470507e-02,5.882352941176470507e-02,0.000000000000000000e+00,5.882352941176470507e-02,5.882352941176470507e-02,5.882352941176470507e-02,1.176470588235294101e-01,5.882352941176470507e-02,5.882352941176470507e-02,5.882352941176470507e-02,2.941176470588235392e-01,1.176470588235294101e-01
0.000000000000000000e+00,0.000000000000000000e+00,5.347593582887700224e-03,0.000000000000000000e+00,0.000000000000000000e+00,5.347593582887700224e-03,5.347593582887700224e-03,5.347593582887700224e-03,1.069518716577540045e-02,1.604278074866310327e-02,2.139037433155080090e-02,1.604278074866310327e-02,5.347593582887700397e-02,5.882352941176470507e-02,2.673796791443850199e-02,4.278074866310160179e-02,2.673796791443850199e-02,2.139037433155080090e-02,2.673796791443850199e-02,2.139037433155080090e-02,3.208556149732620655e-02,6.042780748663101331e-01
