6.170212765957446832e-01,8.308004052684904439e-02,2.836879432624113406e-02,1.418439716312056703e-02,5.065856129685917045e-03,7.092198581560283516e-03,5.065856129685917045e-03,0.000000000000000000e+00,1.013171225937183452e-03,0.000000000000000000e+00,1.722391084093211761e-02,0.000000000000000000e+00,0.000000000000000000e+00,0.000000000000000000e+00,0.000000000000000000e+00,0.000000000000000000e+00,0.000000000000000000e+00,3.039513677811550140e-03,1.114488348530901646e-02,3.647416413373859995e-02,1.712259371833839972e-01
1.678832116788321061e-01,5.018248175182481452e-01,1.076642335766423292e-01,3.467153284671532776e-02,1.277372262773722629e-02,5.474452554744525801e-03,9.124087591240875178e-03,0.000000000000000000e+00,1.824817518248175122e-03,1.824817518248175122e-03,3.832116788321168060e-02,0.000000000000000000e+00,0.000000000000000000e+00,0.000000000000000000e+00,0.000000000000000000e+00,0.000000000000000000e+00,1.824817518248175122e-03,1.824817518248175122e-03,1.459854014598540098e-02,3.284671532846715480e-02,6.751824817518248256e-02
8.598726114649681007e-02,2.165605095541401348e-01,3.535031847133757732e-01,7.006369426751592189e-02,3.184713375796178331e-02,2.547770700636942803e-02,9.554140127388534645e-03,9.554140127388534645e-03,0.000000000000000000e+00,1.273885350318471402e-02,3.503184713375796094e-02,0.000000000000000000e+00,0.000000000000000000e+00,0.000000000000000000e+00,0.000000000000000000e+00,0.000000000000000000e+00,3.184713375796178504e-03,0.000000000000000000e+00,9.554140127388534645e-03,5.095541401273885607e-02,8.598726114649681007e-02
7.239819004524887525e-02,9.049773755656108365e-02,1.266968325791855143e-01,4.027149321266968451e-01,6.334841628959275717e-02,1.809954751131221881e-02,4.524886877828054703e-03,1.809954751131221881e-02,1.357466063348416324e-02,4.524886877828054703e-03,7.239819004524887525e-02,0.000000000000000000e+00,0.000000000000000000e+00,0.000000000000000000e+00,0.000000000000000000e+00,4.524886877828054703e-03,0.000000000000000000e+00,9.049773755656109406e-03,0.000000000000000000e+00,3.619909502262443762e-02,6.334841628959275717e-02
1.250000000000000000e-01,8.333333333333332871e-02,7.499999999999999722e-02,1.583333333333333259e-01,2.583333333333333592e-01,5.833333333333333426e-02,5.000000000000000278e-02,1.666666666666666644e-02,1.666666666666666644e-02,1.666666666666666644e-02,4.166666666666666435e-02,8.333333333333333218e-03,0.000000000000000000e+00,0.000000000000000000e+00,0.000000000000000000e+00,0.000000000000000000e+00,0.000000000000000000e+00,0.000000000000000000e+00,1.666666666666666644e-02,8.333333333333333218e-03,6.666666666666666574e-02
1.791044776119402882e-01,1.044776119402985037e-01,1.194029850746268634e-01,1.194029850746268634e-01,1.791044776119402882e-01,1.492537313432835688e-01,4.477611940298507204e-02,1.492537313432835792e-02,0.000000000000000000e+00,1.492537313432835792e-02,4.477611940298507204e-02,0.000000000000000000e+00,0.000000000000000000e+00,0.000000000000000000e+00,0.000000000000000000e+00,0.000000000000000000e+00,0.000000000000000000e+00,1.492537313432835792e-02,0.000000000000000000e+00,1.492537313432835792e-02,0.000000000000000000e+00
3.749999999999999861e-02,7.499999999999999722e-02,6.250000000000000000e-02,8.749999999999999445e-02,1.000000000000000056e-01,8.749999999999999445e-02,2.750000000000000222e-01,6.250000000000000000e-02,0.000000000000000000e+00,1.250000000000000069e-02,1.125000000000000028e-01,0.000000000000000000e+00,0.000000000000000000e+00,0.000000000000000000e+00,0.000000000000000000e+00,1.250000000000000069e-02,0.000000000000000000e+00,1.250000000000000069e-02,1.250000000000000069e-02,2.500000000000000139e-02,2.500000000000000139e-02
3.448275862068965469e-02,1.724137931034482735e-02,5.172413793103448204e-02,8.620689655172414367e-02,5.172413793103448204e-02,1.724137931034482735e-02,1.724137931034482873e-01,1.896551724137930939e-01,5.172413793103448204e-02,3.448275862068965469e-02,1.896551724137930939e-01,0.000000000000000000e+00,0.000000000000000000e+00,0.000000000000000000e+00,0.000000000000000000e+00,0.000000000000000000e+00,0.000000000000000000e+00,3.448275862068965469e-02,1.724137931034482735e-02,3.448275862068965469e-02,1.724137931034482735e-02
0.000000000000000000e+00,5.660377358490566169e-02,1.886792452830188607e-02,1.132075471698113234e-01,7.547169811320754429e-02,0.000000000000000000e+00,1.886792452830188607e-02,1.132075471698113234e-01,4.905660377358490587e-01,1.886792452830188607e-02,7.547169811320754429e-02,0.000000000000000000e+00,0.000000000000000000e+00,0.000000000000000000e+00,0.000000000000000000e+00,0.000000000000000000e+00,0.000000000000000000e+00,0.000000000000000000e+00,0.000000000000000000e+00,1.886792452830188607e-02,0.000000000000000000e+00
0.000000000000000000e+00,1.818181818181818094e-02,1.818181818181818094e-02,3.636363636363636187e-02,0.000000000000000000e+00,3.636363636363636187e-02,1.818181818181818094e-02,0.000000000000000000e+00,3.636363636363636187e-02,4.545454545454545303e-01,3.090909090909090828e-01,0.000000000000000000e+00,0.000000000000000000e+00,0.000000000000000000e+00,0.000000000000000000e+00,0.000000000000000000e+00,0.000000000000000000e+00,0.000000000000000000e+00,1.818181818181818094e-02,3.636363636363636187e-02,1.818181818181818094e-02
3.009259259259259092e-02,3.703703703703703498e-02,5.324074074074074125e-02,4.398148148148148251e-02,3.009259259259259092e-02,2.083333333333333218e-02,2.546296296296296155e-02,4.629629629629629373e-02,3.240740740740740561e-02,3.240740740740740561e-02,5.949074074074074403e-01,4.629629629629629373e-03,2.314814814814814686e-03,2.314814814814814686e-03,0.000000000000000000e+00,6.944444444444444059e-03,0.000000000000000000e+00,2.314814814814814686e-03,0.000000000000000000e+00,6.944444444444444059e-03,2.777777777777777624e-02
0.000000000000000000e+00,0.000000000000000000e+00,0.000000000000000000e+00,1.360544217687074779e-02,0.000000000000000000e+00,0.000000000000000000e+00,0.000000000000000000e+00,0.000000000000000000e+00,0.000000000000000000e+00,0.000000000000000000e+00,1.360544217687074779e-02,8.571428571428570953e-01,2.721088435374149558e-02,2.721088435374149558e-02,3.401360544217687382e-02,6.802721088435373896e-03,6.802721088435373896e-03,0.000000000000000000e+00,6.802721088435373896e-03,6.802721088435373896e-03,0.000000000000000000e+00
0.000000000000000000e+00,0.000000000000000000e+00,0.000000000000000000e+00,0.000000000000000000e+00,0.000000000000000000e+00,0.000000000000000000e+00,0.000000000000000000e+00,0.000000000000000000e+00,0.000000000000000000e+00,0.000000000000000000e+00,2.173913043478260809e-02,1.304347826086956486e-01,5.652173913043477826e-01,1.086956521739130405e-01,6.521739130434782428e-02,2.173913043478260809e-02,0.000000000000000000e+00,4.347826086956521618e-02,2.173913043478260809e-02,0.000000000000000000e+00,2.173913043478260809e-02
0.000000000000000000e+00,0.000000000000000000e+00,0.000000000000000000e+00,0.000000000000000000e+00,0.000000000000000000e+00,1.190476190476190410e-02,0.000000000000000000e+00,0.000000000000000000e+00,0.000000000000000000e+00,0.000000000000000000e+00,2.380952380952380820e-02,0.000000000000000000e+00,8.333333333333332871e-02,7.261904761904761640e-01,7.142857142857142461e-02,4.761904761904761640e-02,0.000000000000000000e+00,0.000000000000000000e+00,0.000000000000000000e+00,2.380952380952380820e-02,1.190476190476190410e-02
0.000000000000000000e+00,1.000000000000000021e-02,0.000000000000000000e+00,0.000000000000000000e+00,0.000000000000000000e+00,1.000000000000000021e-02,0.000000000000000000e+00,0.000000000000000000e+00,0.000000000000000000e+00,1.000000000000000021e-02,2.000000000000000042e-02,5.000000000000000278e-02,2.999999999999999889e-02,5.000000000000000278e-02,6.600000000000000311e-01,8.999999999999999667e-02,2.999999999999999889e-02,2.000000000000000042e-02,1.000000000000000021e-02,1.000000000000000021e-02,0.000000000000000000e+00
0.000000000000000000e+00,6.711409395973154217e-03,6.711409395973154217e-03,0.000000000000000000e+00,0.000000000000000000e+00,0.000000000000000000e+00,0.000000000000000000e+00,0.000000000000000000e+00,0.000000000000000000e+00,0.000000000000000000e+00,1.342281879194630843e-02,6.711409395973154217e-03,6.711409395973154217e-03,2.013422818791946178e-02,8.724832214765100569e-02,6.375838926174496324e-01,1.342281879194630878e-01,2.684563758389261687e-02,2.684563758389261687e-02,2.013422818791946178e-02,6.711409395973154217e-03
0.000000000000000000e+00,8.438818565400843172e-03,4.219409282700421586e-03,0.000000000000000000e+00,0.000000000000000000e+00,4.219409282700421586e-03,0.000000000000000000e+00,4.219409282700421586e-03,0.000000000000000000e+00,0.000000000000000000e+00,8.438818565400843172e-03,0.000000000000000000e+00,0.000000000000000000e+00,0.000000000000000000e+00,1.265822784810126563e-02,8.016877637130802314e-02,6.962025316455696666e-01,1.265822784810126667e-01,2.531645569620253125e-02,2.531645569620253125e-02,4.219409282700421586e-03
7.772020725388600892e-03,2.590673575129533775e-03,2.590673575129533775e-03,0.000000000000000000e+00,0.000000000000000000e+00,0.000000000000000000e+00,2.590673575129533775e-03,2.590673575129533775e-03,0.000000000000000000e+00,0.000000000000000000e+00,1.295336787564766758e-02,2.590673575129533775e-03,0.000000000000000000e+00,2.590673575129533775e-03,2.590673575129533775e-03,1.554404145077720178e-02,6.217616580310880714e-02,6.943005181347150501e-01,1.398963730569948161e-01,3.626943005181346852e-02,1.295336787564766758e-02
8.724100327153762671e-03,1.199563794983642302e-02,5.452562704471101453e-03,1.090512540894220334e-03,0.000000000000000000e+00,2.181025081788440668e-03,0.000000000000000000e+00,0.000000000000000000e+00,0.000000000000000000e+00,1.090512540894220334e-03,5.452562704471101453e-03,0.000000000000000000e+00,0.000000000000000000e+00,2.181025081788440668e-03,1.090512540894220334e-03,2.181025081788440668e-03,6.543075245365321570e-03,5.888767720828789326e-02,7.382769901853871719e-01,1.232279171210468871e-01,3.162486368593239033e-02
2.631578947368420907e-02,1.214574898785425114e-02,1.079622132253711154e-02,2.699055330634277886e-03,2.024291497975708523e-03,6.747638326585694716e-04,2.699055330634277886e-03,6.747638326585694716e-04,6.747638326585694716e-04,0.000000000000000000e+00,1.282051282051282007e-02,6.747638326585694716e-04,0.000000000000000000e+00,1.349527665317138943e-03,6.747638326585694716e-04,0.000000000000000000e+00,2.024291497975708523e-03,4.723346828609986843e-03,7.557354925775978949e-02,7.375168690958164852e-01,1.059379217273954121e-01
1.001939237233354929e-01,2.068519715578539045e-02,1.486748545572074906e-02,5.171299288946347612e-03,5.817711700064641389e-03,3.878474466709760926e-03,1.939237233354880463e-03,1.939237233354880463e-03,1.292824822236586903e-03,0.000000000000000000e+00,1.551389786683904370e-02,0.000000000000000000e+00,6.464124111182934515e-04,6.464124111182934515e-04,6.464124111182934515e-04,0.000000000000000000e+00,2.585649644473173806e-03,3.232062055591467149e-03,1.422107304460245615e-02,1.014867485455720753e-01,7.052359405300582251e-01
