7.305835892935498288e-01,8.775778850372970008e-02,1.053093462044756533e-02,3.510311540149188298e-03,3.071522597630539815e-03,2.193944712593242849e-03,2.193944712593242849e-03,1.755155770074594149e-03,8.775778850372970745e-04,0.000000000000000000e+00,5.704256252742430713e-03,0.000000000000000000e+00,0.000000000000000000e+00,0.000000000000000000e+00,4.387889425186485373e-04,0.000000000000000000e+00,0.000000000000000000e+00,1.755155770074594149e-03,3.510311540149188298e-03,1.140851250548486143e-02,1.347082053532250856e-01
1.963768115942028936e-01,6.681159420289854989e-01,5.579710144927536170e-02,1.739130434782608717e-02,8.695652173913043584e-03,5.072463768115941657e-03,9.420289855072464316e-03,4.347826086956521792e-03,7.246376811594202987e-04,2.898550724637681195e-03,5.797101449275362389e-03,7.246376811594202987e-04,0.000000000000000000e+00,0.000000000000000000e+00,0.000000000000000000e+00,0.000000000000000000e+00,7.246376811594202987e-04,7.246376811594202987e-04,2.173913043478260896e-03,5.072463768115941657e-03,1.594202898550724570e-02
4.025423728813559004e-02,2.288135593220338992e-01,5.317796610169491789e-01,8.686440677966102142e-02,1.059322033898305038e-02,4.237288135593220324e-03,1.694915254237288130e-02,1.059322033898305038e-02,2.118644067796610162e-03,0.000000000000000000e+00,2.966101694915254314e-02,2.118644067796610162e-03,0.000000000000000000e+00,0.000000000000000000e+00,0.000000000000000000e+00,2.118644067796610162e-03,4.237288135593220324e-03,0.000000000000000000e+00,0.000000000000000000e+00,2.118644067796610162e-03,2.754237288135593167e-02
5.069124423963133896e-02,9.216589861751152413e-02,2.949308755760368661e-01,4.055299539170507117e-01,5.069124423963133896e-02,1.843317972350230413e-02,0.000000000000000000e+00,2.304147465437788103e-02,1.382488479262672897e-02,4.608294930875576033e-03,9.216589861751152066e-03,0.000000000000000000e+00,0.000000000000000000e+00,0.000000000000000000e+00,0.000000000000000000e+00,4.608294930875576033e-03,0.000000000000000000e+00,0.000000000000000000e+00,4.608294930875576033e-03,9.216589861751152066e-03,1.843317972350230413e-02
1.182795698924731242e-01,1.075268817204301092e-01,9.677419354838709409e-02,1.612903225806451568e-01,2.903225806451613100e-01,8.602150537634409289e-02,3.225806451612903136e-02,1.075268817204301161e-02,0.000000000000000000e+00,0.000000000000000000e+00,5.376344086021505458e-02,0.000000000000000000e+00,0.000000000000000000e+00,0.000000000000000000e+00,0.000000000000000000e+00,0.000000000000000000e+00,0.000000000000000000e+00,0.000000000000000000e+00,2.150537634408602322e-02,1.075268817204301161e-02,1.075268817204301161e-02
8.196721311475409222e-02,4.918032786885245811e-02,8.196721311475409222e-02,1.639344262295081844e-01,1.311475409836065642e-01,2.131147540983606425e-01,4.918032786885245811e-02,4.918032786885245811e-02,1.639344262295082053e-02,3.278688524590164105e-02,1.147540983606557402e-01,0.000000000000000000e+00,0.000000000000000000e+00,0.000000000000000000e+00,0.000000000000000000e+00,0.000000000000000000e+00,0.000000000000000000e+00,0.000000000000000000e+00,0.000000000000000000e+00,1.639344262295082053e-02,0.000000000000000000e+00
8.000000000000000167e-02,1.400000000000000133e-01,1.400000000000000133e-01,1.000000000000000056e-01,1.199999999999999956e-01,1.000000000000000056e-01,1.600000000000000033e-01,4.000000000000000083e-02,5.999999999999999778e-02,0.000000000000000000e+00,5.999999999999999778e-02,0.000000000000000000e+00,0.000000000000000000e+00,0.000000000000000000e+00,0.000000000000000000e+00,0.000000000000000000e+00,0.000000000000000000e+00,0.000000000000000000e+00,0.000000000000000000e+00,0.000000000000000000e+00,0.000000000000000000e+00
0.000000000000000000e+00,8.108108108108108558e-02,8.108108108108108558e-02,2.162162162162162282e-01,5.405405405405405705e-02,1.081081081081081141e-01,8.108108108108108558e-02,2.162162162162162282e-01,2.702702702702702853e-02,2.702702702702702853e-02,8.108108108108108558e-02,0.000000000000000000e+00,0.000000000000000000e+00,0.000000000000000000e+00,0.000000000000000000e+00,0.000000000000000000e+00,0.000000000000000000e+00,0.000000000000000000e+00,0.000000000000000000e+00,0.000000000000000000e+00,2.702702702702702853e-02
0.000000000000000000e+00,7.407407407407406996e-02,3.703703703703703498e-02,3.703703703703703498e-02,1.851851851851851749e-01,1.481481481481481399e-01,1.111111111111111049e-01,1.111111111111111049e-01,2.592592592592592449e-01,0.000000000000000000e+00,0.000000000000000000e+00,0.000000000000000000e+00,0.000000000000000000e+00,0.000000000000000000e+00,0.000000000000000000e+00,0.000000000000000000e+00,0.000000000000000000e+00,0.000000000000000000e+00,0.000000000000000000e+00,3.703703703703703498e-02,0.000000000000000000e+00
0.000000000000000000e+00,6.666666666666666574e-02,6.666666666666666574e-02,6.666666666666666574e-02,2.000000000000000111e-01,0.000000000000000000e+00,6.666666666666666574e-02,0.000000000000000000e+00,1.333333333333333315e-01,1.333333333333333315e-01,2.000000000000000111e-01,0.000000000000000000e+00,0.000000000000000000e+00,0.000000000000000000e+00,0.000000000000000000e+00,0.000000000000000000e+00,0.000000000000000000e+00,0.000000000000000000e+00,6.666666666666666574e-02,0.000000000000000000e+00,0.000000000000000000e+00
3.174603174603174427e-02,3.968253968253968034e-02,3.968253968253968034e-02,2.380952380952380820e-02,6.349206349206348854e-02,4.761904761904761640e-02,3.968253968253968034e-02,3.174603174603174427e-02,4.761904761904761640e-02,2.380952380952380820e-02,5.634920634920634885e-01,0.000000000000000000e+00,0.000000000000000000e+00,0.000000000000000000e+00,0.000000000000000000e+00,0.000000000000000000e+00,0.000000000000000000e+00,1.587301587301587213e-02,0.000000000000000000e+00,1.587301587301587213e-02,1.587301587301587213e-02
0.000000000000000000e+00,0.000000000000000000e+00,2.439024390243902524e-02,0.000000000000000000e+00,0.000000000000000000e+00,0.000000000000000000e+00,0.000000000000000000e+00,0.000000000000000000e+00,0.000000000000000000e+00,0.000000000000000000e+00,0.000000000000000000e+00,6.341463414634146423e-01,9.756097560975610095e-02,7.317073170731706877e-02,2.439024390243902524e-02,2.439024390243902524e-02,0.000000000000000000e+00,2.439024390243902524e-02,4.878048780487805047e-02,4.878048780487805047e-02,0.000000000000000000e+00
0.000000000000000000e+00,0.000000000000000000e+00,0.000000000000000000e+00,0.000000000000000000e+00,0.000000000000000000e+00,0.000000000000000000e+00,0.000000000000000000e+00,0.000000000000000000e+00,0.000000000000000000e+00,0.000000000000000000e+00,0.000000000000000000e+00,2.727272727272727071e-01,4.545454545454545303e-01,1.818181818181818232e-01,0.000000000000000000e+00,0.000000000000000000e+00,0.000000000000000000e+00,9.090909090909091161e-02,0.000000000000000000e+00,0.000000000000000000e+00,0.000000000000000000e+00
0.000000000000000000e+00,0.000000000000000000e+00,0.000000000000000000e+00,0.000000000000000000e+00,0.000000000000000000e+00,0.000000000000000000e+00,0.000000000000000000e+00,0.000000000000000000e+00,0.000000000000000000e+00,0.000000000000000000e+00,0.000000000000000000e+00,1.428571428571428492e-01,4.761904761904761640e-02,6.428571428571429047e-01,2.380952380952380820e-02,0.000000000000000000e+00,0.000000000000000000e+00,0.000000000000000000e+00,9.523809523809523281e-02,4.761904761904761640e-02,0.000000000000000000e+00
0.000000000000000000e+00,0.000000000000000000e+00,2.702702702702702853e-02,0.000000000000000000e+00,2.702702702702702853e-02,0.000000000000000000e+00,0.000000000000000000e+00,0.000000000000000000e+00,0.000000000000000000e+00,0.000000000000000000e+00,0.000000000000000000e+00,5.405405405405405705e-02,0.000000000000000000e+00,2.702702702702702853e-02,7.027027027027027417e-01,2.702702702702702853e-02,0.000000000000000000e+00,2.702702702702702853e-02,5.405405405405405705e-02,0.000000000000000000e+00,5.405405405405405705e-02
0.000000000000000000e+00,0.000000000000000000e+00,0.000000000000000000e+00,0.000000000000000000e+00,0.000000000000000000e+00,0.000000000000000000e+00,0.000000000000000000e+00,0.000000000000000000e+00,0.000000000000000000e+00,0.000000000000000000e+00,0.000000000000000000e+00,0.000000000000000000e+00,0.000000000000000000e+00,2.500000000000000139e-02,6.250000000000000000e-02,7.500000000000000000e-01,6.250000000000000000e-02,1.250000000000000069e-02,1.250000000000000069e-02,3.749999999999999861e-02,3.749999999999999861e-02
3.061224489795918297e-02,2.040816326530612082e-02,1.020408163265306041e-02,0.000000000000000000e+00,0.000000000000000000e+00,0.000000000000000000e+00,0.000000000000000000e+00,1.020408163265306041e-02,0.000000000000000000e+00,0.000000000000000000e+00,0.000000000000000000e+00,0.000000000000000000e+00,0.000000000000000000e+00,2.040816326530612082e-02,2.040816326530612082e-02,5.102040816326530726e-02,5.510204081632652517e-01,1.224489795918367319e-01,7.142857142857142461e-02,3.061224489795918297e-02,6.122448979591836593e-02
1.212121212121212120e-02,1.818181818181818094e-02,6.060606060606060601e-03,6.060606060606060601e-03,0.000000000000000000e+00,0.000000000000000000e+00,0.000000000000000000e+00,6.060606060606060601e-03,0.000000000000000000e+00,6.060606060606060601e-03,6.060606060606060601e-03,6.060606060606060601e-03,6.060606060606060601e-03,0.000000000000000000e+00,1.212121212121212120e-02,1.818181818181818094e-02,9.090909090909091161e-02,5.151515151515151381e-01,1.636363636363636354e-01,7.272727272727272374e-02,5.454545454545454281e-02
2.233250620347394452e-02,9.925558312655086840e-03,4.962779156327543420e-03,4.962779156327543420e-03,0.000000000000000000e+00,0.000000000000000000e+00,2.481389578163771710e-03,0.000000000000000000e+00,0.000000000000000000e+00,2.481389578163771710e-03,7.444168734491315130e-03,0.000000000000000000e+00,0.000000000000000000e+00,7.444168734491315130e-03,0.000000000000000000e+00,4.962779156327543420e-03,2.977667493796526052e-02,1.116625310173697261e-01,6.004962779156327590e-01,1.290322580645161255e-01,6.203473945409429535e-02
4.562268803945745965e-02,1.479654747225647368e-02,1.233045622688039474e-03,4.932182490752157894e-03,2.466091245376078947e-03,0.000000000000000000e+00,0.000000000000000000e+00,0.000000000000000000e+00,0.000000000000000000e+00,0.000000000000000000e+00,4.932182490752157894e-03,0.000000000000000000e+00,0.000000000000000000e+00,1.233045622688039474e-03,1.233045622688039474e-03,2.466091245376078947e-03,4.932182490752157894e-03,1.356350184956843334e-02,1.122071516646115930e-01,6.720098643649815573e-01,1.183723797780517895e-01
1.394321766561514297e-01,2.082018927444794984e-02,5.678233438485804502e-03,5.678233438485804502e-03,6.309148264984227586e-04,3.785488958990536335e-03,1.892744479495268167e-03,0.000000000000000000e+00,0.000000000000000000e+00,6.309148264984227586e-04,4.416403785488958768e-03,0.000000000000000000e+00,0.000000000000000000e+00,0.000000000000000000e+00,0.000000000000000000e+00,6.309148264984227586e-04,6.309148264984227586e-04,3.785488958990536335e-03,1.451104100946372204e-02,1.009463722397476310e-01,6.965299684542586300e-01
