8.315789473684210842e-01,4.210526315789473589e-02,3.157894736842105365e-02,2.105263157894736795e-02,1.052631578947368397e-02,1.052631578947368397e-02,1.052631578947368397e-02,2.105263157894736795e-02,0.000000000000000000e+00,1.052631578947368397e-02,0.000000000000000000e+00,0.000000000000000000e+00,1.052631578947368397e-02,0.000000000000000000e+00,0.000000000000000000e+00,0.000000000000000000e+00,0.000000000000000000e+00,0.000000000000000000e+00,0.000000000000000000e+00,0.000000000000000000e+00,0.000000000000000000e+00,0.000000000000000000e+00
1.034482758620689641e-01,5.172413793103448620e-01,3.103448275862069061e-01,0.000000000000000000e+00,0.000000000000000000e+00,0.000000000000000000e+00,3.448275862068965469e-02,0.000000000000000000e+00,0.000000000000000000e+00,3.448275862068965469e-02,0.000000000000000000e+00,0.000000000000000000e+00,0.000000000000000000e+00,0.000000000000000000e+00,0.000000000000000000e+00,0.000000000000000000e+00,0.000000000000000000e+00,0.000000000000000000e+00,0.000000000000000000e+00,0.000000000000000000e+00,0.000000000000000000e+00,0.000000000000000000e+00
1.052631578947368397e-02,9.473684210526316096e-02,6.842105263157894912e-01,9.473684210526316096e-02,5.263157894736841813e-02,1.052631578947368397e-02,0.000000000000000000e+00,1.052631578947368397e-02,2.105263157894736795e-02,0.000000000000000000e+00,0.000000000000000000e+00,0.000000000000000000e+00,1.052631578947368397e-02,0.000000000000000000e+00,0.000000000000000000e+00,0.000000000000000000e+00,0.000000000000000000e+00,0.000000000000000000e+00,0.000000000000000000e+00,0.000000000000000000e+00,0.000000000000000000e+00,1.052631578947368397e-02
2.272727272727272790e-02,0.000000000000000000e+00,1.022727272727272790e-01,7.272727272727272929e-01,6.818181818181817677e-02,1.136363636363636395e-02,0.000000000000000000e+00,2.272727272727272790e-02,1.136363636363636395e-02,1.136363636363636395e-02,0.000000000000000000e+00,1.136363636363636395e-02,0.000000000000000000e+00,0.000000000000000000e+00,1.136363636363636395e-02,0.000000000000000000e+00,0.000000000000000000e+00,0.000000000000000000e+00,0.000000000000000000e+00,0.000000000000000000e+00,0.000000000000000000e+00,0.000000000000000000e+00
7.092198581560283516e-03,0.000000000000000000e+00,2.127659574468085055e-02,2.127659574468085055e-02,7.021276595744680993e-01,1.418439716312056842e-01,3.546099290780142105e-02,2.836879432624113406e-02,2.836879432624113406e-02,7.092198581560283516e-03,0.000000000000000000e+00,7.092198581560283516e-03,0.000000000000000000e+00,0.000000000000000000e+00,0.000000000000000000e+00,0.000000000000000000e+00,0.000000000000000000e+00,0.000000000000000000e+00,0.000000000000000000e+00,0.000000000000000000e+00,0.000000000000000000e+00,0.000000000000000000e+00
5.102040816326530205e-03,5.102040816326530205e-03,1.020408163265306041e-02,5.102040816326530205e-03,6.122448979591836593e-02,6.377551020408163129e-01,1.887755102040816202e-01,4.081632653061224164e-02,2.551020408163265363e-02,5.102040816326530205e-03,5.102040816326530205e-03,0.000000000000000000e+00,5.102040816326530205e-03,0.000000000000000000e+00,0.000000000000000000e+00,0.000000000000000000e+00,0.000000000000000000e+00,0.000000000000000000e+00,0.000000000000000000e+00,0.000000000000000000e+00,5.102040816326530205e-03,0.000000000000000000e+00
3.095975232198142600e-03,0.000000000000000000e+00,0.000000000000000000e+00,0.000000000000000000e+00,9.287925696594426933e-03,7.739938080495356587e-02,6.006191950464396800e-01,1.826625386996904021e-01,6.191950464396284853e-02,2.167182662538699733e-02,1.547987616099071213e-02,6.191950464396285200e-03,0.000000000000000000e+00,3.095975232198142600e-03,0.000000000000000000e+00,3.095975232198142600e-03,0.000000000000000000e+00,0.000000000000000000e+00,0.000000000000000000e+00,3.095975232198142600e-03,0.000000000000000000e+00,1.238390092879257040e-02
2.789400278940027799e-03,0.000000000000000000e+00,2.789400278940027799e-03,4.184100418410041482e-03,2.789400278940027799e-03,8.368200836820082963e-03,6.555090655509066000e-02,6.680613668061367028e-01,1.813110181311018143e-01,2.789400278940027886e-02,2.092050209205020828e-02,2.789400278940027799e-03,5.578800557880055598e-03,2.789400278940027799e-03,0.000000000000000000e+00,0.000000000000000000e+00,0.000000000000000000e+00,0.000000000000000000e+00,0.000000000000000000e+00,1.394700139470013900e-03,0.000000000000000000e+00,2.789400278940027799e-03
0.000000000000000000e+00,0.000000000000000000e+00,2.186588921282798907e-03,7.288629737609329329e-04,2.186588921282798907e-03,5.102040816326530205e-03,1.093294460641399367e-02,6.559766763848395854e-02,7.193877551020407823e-01,1.428571428571428492e-01,2.259475218658892059e-02,1.093294460641399367e-02,5.102040816326530205e-03,4.373177842565597814e-03,7.288629737609329329e-04,0.000000000000000000e+00,7.288629737609329329e-04,7.288629737609329329e-04,7.288629737609329329e-04,0.000000000000000000e+00,0.000000000000000000e+00,5.102040816326530205e-03
0.000000000000000000e+00,5.740528128587830221e-04,5.740528128587830221e-04,5.740528128587830221e-04,5.740528128587830221e-04,1.722158438576348958e-03,4.018369690011481046e-03,9.758897818599310617e-03,8.668197474167622929e-02,7.233065442020666369e-01,1.228473019517795639e-01,1.664753157290470645e-02,1.090700344431687688e-02,4.592422502870264177e-03,4.018369690011481046e-03,1.722158438576348958e-03,1.148105625717566044e-03,1.722158438576348958e-03,5.740528128587830221e-04,5.740528128587830221e-04,5.740528128587830221e-04,6.888633754305395832e-03
0.000000000000000000e+00,0.000000000000000000e+00,7.651109410864575123e-04,0.000000000000000000e+00,7.651109410864575123e-04,0.000000000000000000e+00,4.590665646518745507e-03,9.181331293037491015e-03,1.836266258607498203e-02,1.247130833970925834e-01,6.755929609793419610e-01,9.563886763580718708e-02,2.448355011476664039e-02,1.453710788064269295e-02,9.181331293037491015e-03,6.120887528691660098e-03,3.060443764345830049e-03,7.651109410864575123e-04,7.651109410864575123e-04,2.295332823259372754e-03,2.295332823259372754e-03,6.885998469778117394e-03
0.000000000000000000e+00,0.000000000000000000e+00,0.000000000000000000e+00,0.000000000000000000e+00,3.436426116838487907e-03,3.436426116838487907e-03,3.436426116838487907e-03,1.718213058419244127e-02,1.546391752577319645e-02,5.670103092783505133e-02,1.615120274914089438e-01,5.274914089347079171e-01,1.305841924398625509e-01,3.436426116838488254e-02,1.890034364261168262e-02,8.591065292096220635e-03,3.436426116838487907e-03,5.154639175257731860e-03,1.718213058419243953e-03,0.000000000000000000e+00,0.000000000000000000e+00,8.591065292096220635e-03
2.923976608187134341e-03,0.000000000000000000e+00,0.000000000000000000e+00,0.000000000000000000e+00,0.000000000000000000e+00,2.923976608187134341e-03,5.847953216374268681e-03,1.754385964912280604e-02,2.923976608187134341e-02,2.923976608187134341e-02,1.023391812865497019e-01,1.637426900584795231e-01,3.742690058479531956e-01,1.111111111111111049e-01,2.631578947368420907e-02,4.385964912280701511e-02,1.169590643274853736e-02,2.631578947368420907e-02,2.923976608187134341e-03,8.771929824561403022e-03,0.000000000000000000e+00,4.093567251461988077e-02
0.000000000000000000e+00,0.000000000000000000e+00,0.000000000000000000e+00,0.000000000000000000e+00,0.000000000000000000e+00,0.000000000000000000e+00,0.000000000000000000e+00,9.478672985781991245e-03,2.369668246445497464e-02,3.791469194312796498e-02,9.952606635071090113e-02,9.952606635071090113e-02,1.611374407582938373e-01,3.933649289099526158e-01,6.161137440758293615e-02,2.369668246445497464e-02,1.421800947867298513e-02,1.421800947867298513e-02,0.000000000000000000e+00,9.478672985781991245e-03,9.478672985781991245e-03,4.265402843601896060e-02
8.620689655172413673e-03,0.000000000000000000e+00,0.000000000000000000e+00,0.000000000000000000e+00,0.000000000000000000e+00,0.000000000000000000e+00,0.000000000000000000e+00,0.000000000000000000e+00,3.448275862068965469e-02,5.172413793103448204e-02,3.448275862068965469e-02,6.034482758620689918e-02,8.620689655172414367e-02,6.896551724137930939e-02,3.362068965517241437e-01,9.482758620689654694e-02,5.172413793103448204e-02,6.034482758620689918e-02,1.724137931034482735e-02,8.620689655172413673e-03,0.000000000000000000e+00,8.620689655172414367e-02
0.000000000000000000e+00,0.000000000000000000e+00,0.000000000000000000e+00,0.000000000000000000e+00,0.000000000000000000e+00,0.000000000000000000e+00,0.000000000000000000e+00,0.000000000000000000e+00,2.105263157894736795e-02,4.210526315789473589e-02,6.315789473684210731e-02,3.157894736842105365e-02,1.052631578947368363e-01,7.368421052631578261e-02,6.315789473684210731e-02,3.263157894736842257e-01,1.052631578947368363e-01,7.368421052631578261e-02,1.052631578947368397e-02,0.000000000000000000e+00,2.105263157894736795e-02,6.315789473684210731e-02
0.000000000000000000e+00,0.000000000000000000e+00,0.000000000000000000e+00,0.000000000000000000e+00,0.000000000000000000e+00,0.000000000000000000e+00,0.000000000000000000e+00,0.000000000000000000e+00,1.351351351351351426e-02,0.000000000000000000e+00,2.702702702702702853e-02,5.405405405405405705e-02,4.054054054054054279e-02,5.405405405405405705e-02,4.054054054054054279e-02,1.081081081081081141e-01,3.783783783783783994e-01,1.216216216216216284e-01,1.351351351351351426e-02,1.351351351351351426e-02,2.702702702702702853e-02,1.081081081081081141e-01
1.162790697674418589e-02,0.000000000000000000e+00,0.000000000000000000e+00,0.000000000000000000e+00,0.000000000000000000e+00,0.000000000000000000e+00,2.325581395348837177e-02,1.162790697674418589e-02,1.162790697674418589e-02,1.162790697674418589e-02,2.325581395348837177e-02,5.813953488372092943e-02,1.162790697674418589e-02,5.813953488372092943e-02,2.325581395348837177e-02,3.488372093023255766e-02,9.302325581395348708e-02,3.372093023255813837e-01,6.976744186046511531e-02,0.000000000000000000e+00,3.488372093023255766e-02,1.860465116279069742e-01
0.000000000000000000e+00,0.000000000000000000e+00,0.000000000000000000e+00,0.000000000000000000e+00,0.000000000000000000e+00,0.000000000000000000e+00,0.000000000000000000e+00,0.000000000000000000e+00,4.444444444444444614e-02,4.444444444444444614e-02,2.222222222222222307e-02,2.222222222222222307e-02,2.222222222222222307e-02,2.222222222222222307e-02,2.222222222222222307e-02,4.444444444444444614e-02,4.444444444444444614e-02,1.333333333333333315e-01,3.111111111111111160e-01,8.888888888888889228e-02,0.000000000000000000e+00,1.777777777777777846e-01
0.000000000000000000e+00,0.000000000000000000e+00,0.000000000000000000e+00,0.000000000000000000e+00,0.000000000000000000e+00,4.000000000000000083e-02,0.000000000000000000e+00,0.000000000000000000e+00,0.000000000000000000e+00,0.000000000000000000e+00,4.000000000000000083e-02,4.000000000000000083e-02,1.600000000000000033e-01,0.000000000000000000e+00,4.000000000000000083e-02,0.000000000000000000e+00,1.199999999999999956e-01,4.000000000000000083e-02,1.600000000000000033e-01,4.000000000000000083e-02,8.000000000000000167e-02,2.399999999999999911e-01
0.000000000000000000e+00,0.000000000000000000e+00,0.000000000000000000e+00,0.000000000000000000e+00,0.000000000000000000e+00,0.000000000000000000e+00,3.030303030303030387e-02,6.060606060606060774e-02,0.000000000000000000e+00,0.000000000000000000e+00,1.212121212121212155e-01,0.000000000000000000e+00,6.060606060606060774e-02,6.060606060606060774e-02,0.000000000000000000e+00,0.000000000000000000e+00,0.000000000000000000e+00,0.000000000000000000e+00,3.030303030303030387e-02,1.212121212121212155e-01,2.727272727272727071e-01,2.424242424242424310e-01
3.164556962025316406e-03,0.000000000000000000e+00,0.000000000000000000e+00,0.000000000000000000e+00,3.164556962025316406e-03,0.000000000000000000e+00,0.000000000000000000e+00,1.265822784810126563e-02,1.898734177215189931e-02,2.215189873417721528e-02,4.746835443037975000e-02,3.797468354430379861e-02,3.797468354430379861e-02,4.746835443037975000e-02,3.797468354430379861e-02,1.898734177215189931e-02,2.531645569620253125e-02,3.164556962025316666e-02,3.164556962025316666e-02,1.582278481012658333e-02,2.215189873417721528e-02,5.854430379746835555e-01
