7.257985257985257732e-01,6.486486486486486847e-02,1.621621621621621712e-02,6.879606879606879437e-03,7.862407862407862214e-03,5.405405405405405705e-03,2.948402948402948330e-03,9.828009828009827767e-04,1.474201474201474165e-03,4.914004914004913883e-04,1.130221130221130237e-02,4.914004914004913883e-04,4.914004914004913883e-04,0.000000000000000000e+00,0.000000000000000000e+00,0.000000000000000000e+00,4.914004914004913883e-04,2.948402948402948330e-03,3.439803439803439718e-03,1.130221130221130237e-02,1.366093366093366068e-01
2.108108108108108225e-01,6.086486486486486491e-01,6.378378378378378455e-02,1.513513513513513493e-02,9.729729729729729229e-03,7.567567567567567467e-03,4.324324324324324391e-03,4.324324324324324391e-03,1.081081081081081098e-03,0.000000000000000000e+00,1.621621621621621712e-02,0.000000000000000000e+00,0.000000000000000000e+00,0.000000000000000000e+00,0.000000000000000000e+00,0.000000000000000000e+00,0.000000000000000000e+00,4.324324324324324391e-03,1.081081081081081098e-03,1.405405405405405449e-02,3.891891891891891692e-02
8.651399491094147187e-02,2.468193384223918707e-01,5.012722646310432406e-01,6.106870229007633349e-02,2.798982188295165430e-02,1.017811704834605674e-02,1.781170483460559756e-02,2.544529262086514185e-03,0.000000000000000000e+00,0.000000000000000000e+00,2.035623409669211348e-02,0.000000000000000000e+00,2.544529262086514185e-03,0.000000000000000000e+00,0.000000000000000000e+00,0.000000000000000000e+00,0.000000000000000000e+00,0.000000000000000000e+00,2.544529262086514185e-03,5.089058524173028369e-03,1.526717557251908337e-02
9.696969696969696961e-02,1.272727272727272596e-01,2.181818181818181712e-01,3.090909090909090828e-01,4.848484848484848481e-02,6.060606060606060601e-03,1.212121212121212120e-02,1.818181818181818094e-02,1.212121212121212120e-02,1.212121212121212120e-02,4.848484848484848481e-02,0.000000000000000000e+00,0.000000000000000000e+00,0.000000000000000000e+00,0.000000000000000000e+00,0.000000000000000000e+00,0.000000000000000000e+00,0.000000000000000000e+00,6.060606060606060601e-03,1.818181818181818094e-02,6.666666666666666574e-02
1.081081081081081141e-01,6.306306306306305731e-02,9.009009009009008584e-02,2.162162162162162282e-01,2.612612612612612573e-01,4.504504504504504292e-02,9.009009009009008931e-03,2.702702702702702853e-02,2.702702702702702853e-02,9.009009009009008931e-03,6.306306306306305731e-02,0.000000000000000000e+00,0.000000000000000000e+00,0.000000000000000000e+00,0.000000000000000000e+00,0.000000000000000000e+00,0.000000000000000000e+00,0.000000000000000000e+00,0.000000000000000000e+00,1.801801801801801786e-02,6.306306306306305731e-02
1.509433962264150886e-01,9.433962264150944077e-02,1.132075471698113234e-01,7.547169811320754429e-02,1.320754716981132060e-01,1.132075471698113234e-01,7.547169811320754429e-02,1.886792452830188607e-02,0.000000000000000000e+00,3.773584905660377214e-02,1.320754716981132060e-01,0.000000000000000000e+00,0.000000000000000000e+00,0.000000000000000000e+00,0.000000000000000000e+00,0.000000000000000000e+00,0.000000000000000000e+00,0.000000000000000000e+00,0.000000000000000000e+00,0.000000000000000000e+00,5.660377358490566169e-02
7.936507936507936067e-02,9.523809523809523281e-02,1.111111111111111049e-01,1.587301587301587213e-02,1.587301587301587213e-02,1.428571428571428492e-01,2.539682539682539542e-01,3.174603174603174427e-02,1.587301587301587213e-02,3.174603174603174427e-02,1.111111111111111049e-01,0.000000000000000000e+00,0.000000000000000000e+00,0.000000000000000000e+00,0.000000000000000000e+00,0.000000000000000000e+00,0.000000000000000000e+00,0.000000000000000000e+00,0.000000000000000000e+00,1.587301587301587213e-02,7.936507936507936067e-02
1.041666666666666713e-01,6.250000000000000000e-02,6.250000000000000000e-02,1.458333333333333426e-01,6.250000000000000000e-02,4.166666666666666435e-02,2.083333333333333218e-02,3.333333333333333148e-01,2.083333333333333218e-02,2.083333333333333218e-02,1.041666666666666713e-01,0.000000000000000000e+00,0.000000000000000000e+00,0.000000000000000000e+00,0.000000000000000000e+00,0.000000000000000000e+00,0.000000000000000000e+00,0.000000000000000000e+00,0.000000000000000000e+00,0.000000000000000000e+00,2.083333333333333218e-02
7.692307692307692735e-02,0.000000000000000000e+00,3.846153846153846367e-02,3.846153846153846367e-02,7.692307692307692735e-02,7.692307692307692735e-02,7.692307692307692735e-02,1.538461538461538547e-01,2.307692307692307820e-01,7.692307692307692735e-02,1.153846153846153910e-01,0.000000000000000000e+00,0.000000000000000000e+00,0.000000000000000000e+00,0.000000000000000000e+00,0.000000000000000000e+00,0.000000000000000000e+00,3.846153846153846367e-02,0.000000000000000000e+00,0.000000000000000000e+00,0.000000000000000000e+00
4.166666666666666435e-02,0.000000000000000000e+00,4.166666666666666435e-02,4.166666666666666435e-02,8.333333333333332871e-02,4.166666666666666435e-02,2.083333333333333426e-01,8.333333333333332871e-02,1.250000000000000000e-01,8.333333333333332871e-02,2.500000000000000000e-01,0.000000000000000000e+00,0.000000000000000000e+00,0.000000000000000000e+00,0.000000000000000000e+00,0.000000000000000000e+00,0.000000000000000000e+00,0.000000000000000000e+00,0.000000000000000000e+00,0.000000000000000000e+00,0.000000000000000000e+00
1.052631578947368363e-01,8.947368421052631637e-02,6.842105263157895190e-02,4.736842105263158048e-02,5.263157894736841813e-02,2.631578947368420907e-02,4.210526315789473589e-02,4.210526315789473589e-02,3.684210526315789130e-02,3.684210526315789130e-02,4.105263157894736836e-01,5.263157894736841987e-03,0.000000000000000000e+00,0.000000000000000000e+00,0.000000000000000000e+00,5.263157894736841987e-03,0.000000000000000000e+00,5.263157894736841987e-03,5.263157894736841987e-03,5.263157894736841987e-03,1.578947368421052683e-02
1.562500000000000000e-02,0.000000000000000000e+00,1.562500000000000000e-02,0.000000000000000000e+00,0.000000000000000000e+00,0.000000000000000000e+00,0.000000000000000000e+00,0.000000000000000000e+00,0.000000000000000000e+00,0.000000000000000000e+00,3.125000000000000000e-02,7.500000000000000000e-01,4.687500000000000000e-02,0.000000000000000000e+00,1.562500000000000000e-02,0.000000000000000000e+00,3.125000000000000000e-02,1.562500000000000000e-02,1.562500000000000000e-02,3.125000000000000000e-02,3.125000000000000000e-02
4.651162790697674354e-02,0.000000000000000000e+00,0.000000000000000000e+00,0.000000000000000000e+00,2.325581395348837177e-02,0.000000000000000000e+00,0.000000000000000000e+00,0.000000000000000000e+00,0.000000000000000000e+00,0.000000000000000000e+00,2.325581395348837177e-02,9.302325581395348708e-02,7.441860465116278966e-01,0.000000000000000000e+00,2.325581395348837177e-02,0.000000000000000000e+00,0.000000000000000000e+00,4.651162790697674354e-02,0.000000000000000000e+00,0.000000000000000000e+00,0.000000000000000000e+00
0.000000000000000000e+00,0.000000000000000000e+00,0.000000000000000000e+00,0.000000000000000000e+00,0.000000000000000000e+00,0.000000000000000000e+00,0.000000000000000000e+00,0.000000000000000000e+00,0.000000000000000000e+00,0.000000000000000000e+00,0.000000000000000000e+00,6.451612903225806273e-02,0.000000000000000000e+00,7.741935483870967527e-01,6.451612903225806273e-02,0.000000000000000000e+00,0.000000000000000000e+00,0.000000000000000000e+00,3.225806451612903136e-02,3.225806451612903136e-02,3.225806451612903136e-02
0.000000000000000000e+00,0.000000000000000000e+00,2.325581395348837177e-02,2.325581395348837177e-02,0.000000000000000000e+00,0.000000000000000000e+00,0.000000000000000000e+00,0.000000000000000000e+00,0.000000000000000000e+00,0.000000000000000000e+00,2.325581395348837177e-02,1.162790697674418589e-01,2.325581395348837177e-02,4.651162790697674354e-02,5.813953488372093359e-01,6.976744186046511531e-02,4.651162790697674354e-02,0.000000000000000000e+00,2.325581395348837177e-02,2.325581395348837177e-02,0.000000000000000000e+00
1.351351351351351426e-02,0.000000000000000000e+00,0.000000000000000000e+00,0.000000000000000000e+00,0.000000000000000000e+00,0.000000000000000000e+00,0.000000000000000000e+00,0.000000000000000000e+00,0.000000000000000000e+00,0.000000000000000000e+00,0.000000000000000000e+00,0.000000000000000000e+00,1.351351351351351426e-02,0.000000000000000000e+00,6.756756756756757132e-02,7.432432432432432012e-01,5.405405405405405705e-02,5.405405405405405705e-02,2.702702702702702853e-02,1.351351351351351426e-02,1.351351351351351426e-02
0.000000000000000000e+00,0.000000000000000000e+00,0.000000000000000000e+00,0.000000000000000000e+00,8.474576271186440649e-03,0.000000000000000000e+00,0.000000000000000000e+00,0.000000000000000000e+00,0.000000000000000000e+00,0.000000000000000000e+00,8.474576271186440649e-03,0.000000000000000000e+00,8.474576271186440649e-03,0.000000000000000000e+00,3.389830508474576259e-02,3.389830508474576259e-02,6.610169491525423879e-01,1.440677966101694962e-01,6.779661016949152519e-02,2.542372881355932368e-02,8.474576271186440649e-03
2.611940298507462593e-02,1.492537313432835792e-02,0.000000000000000000e+00,0.000000000000000000e+00,0.000000000000000000e+00,3.731343283582089481e-03,3.731343283582089481e-03,0.000000000000000000e+00,0.000000000000000000e+00,0.000000000000000000e+00,1.119402985074626801e-02,0.000000000000000000e+00,7.462686567164178962e-03,3.731343283582089481e-03,0.000000000000000000e+00,1.865671641791044610e-02,8.955223880597014408e-02,6.194029850746268773e-01,1.305970149253731227e-01,5.223880597014925187e-02,1.865671641791044610e-02
2.558139534883720895e-02,4.651162790697674354e-03,0.000000000000000000e+00,2.325581395348837177e-03,2.325581395348837177e-03,0.000000000000000000e+00,0.000000000000000000e+00,0.000000000000000000e+00,2.325581395348837177e-03,0.000000000000000000e+00,4.651162790697674354e-03,0.000000000000000000e+00,0.000000000000000000e+00,2.325581395348837177e-03,2.325581395348837177e-03,2.325581395348837177e-03,1.395348837209302306e-02,1.186046511627907030e-01,6.627906976744185608e-01,1.186046511627907030e-01,3.720930232558139483e-02
2.507232401157184071e-02,1.060752169720347200e-02,9.643201542912247176e-04,5.785920925747348523e-03,3.857280617164898871e-03,1.928640308582449435e-03,1.928640308582449435e-03,9.643201542912247176e-04,0.000000000000000000e+00,0.000000000000000000e+00,9.643201542912246960e-03,0.000000000000000000e+00,0.000000000000000000e+00,9.643201542912247176e-04,1.928640308582449435e-03,2.892960462873674261e-03,1.928640308582449435e-03,1.060752169720347200e-02,8.003857280617164560e-02,6.991321118611378838e-01,1.417550626808100345e-01
1.053467443091582884e-01,2.170460561143462003e-02,8.470089994706194239e-03,5.293806246691371183e-03,1.058761249338274280e-03,2.117522498676548560e-03,1.058761249338274280e-03,1.588141874007411311e-03,0.000000000000000000e+00,5.293806246691371399e-04,3.705664372683959654e-03,5.293806246691371399e-04,5.293806246691371399e-04,0.000000000000000000e+00,0.000000000000000000e+00,0.000000000000000000e+00,1.588141874007411311e-03,1.058761249338274280e-03,4.764425622022234151e-03,1.085230280571731071e-01,7.321334039174166586e-01
