9.069767441860464574e-01,3.488372093023255766e-02,0.000000000000000000e+00,0.000000000000000000e+00,0.000000000000000000e+00,0.000000000000000000e+00,1.162790697674418589e-02,0.000000000000000000e+00,1.162790697674418589e-02,0.000000000000000000e+00,1.162790697674418589e-02,1.162790697674418589e-02,0.000000000000000000e+00,0.000000000000000000e+00,0.000000000000000000e+00,0.000000000000000000e+00,0.000000000000000000e+00,0.000000000000000000e+00,0.000000000000000000e+00,0.000000000000000000e+00,0.000000000000000000e+00,1.162790697674418589e-02
7.692307692307692735e-02,6.538461538461538547e-01,1.538461538461538547e-01,0.000000000000000000e+00,7.692307692307692735e-02,0.000000000000000000e+00,3.846153846153846367e-02,0.000000000000000000e+00,0.000000000000000000e+00,0.000000000000000000e+00,0.000000000000000000e+00,0.000000000000000000e+00,0.000000000000000000e+00,0.000000000000000000e+00,0.000000000000000000e+00,0.000000000000000000e+00,0.000000000000000000e+00,0.000000000000000000e+00,0.000000000000000000e+00,0.000000000000000000e+00,0.000000000000000000e+00,0.000000000000000000e+00
0.000000000000000000e+00,5.882352941176470507e-02,7.941176470588234837e-01,5.882352941176470507e-02,0.000000000000000000e+00,0.000000000000000000e+00,0.000000000000000000e+00,0.000000000000000000e+00,0.000000000000000000e+00,0.000000000000000000e+00,0.000000000000000000e+00,2.941176470588235253e-02,2.941176470588235253e-02,0.000000000000000000e+00,0.000000000000000000e+00,0.000000000000000000e+00,0.000000000000000000e+00,0.000000000000000000e+00,0.000000000000000000e+00,2.941176470588235253e-02,0.000000000000000000e+00,0.000000000000000000e+00
0.000000000000000000e+00,3.703703703703703498e-02,5.555555555555555247e-02,7.407407407407406996e-01,5.555555555555555247e-02,1.851851851851851749e-02,1.851851851851851749e-02,3.703703703703703498e-02,0.000000000000000000e+00,0.000000000000000000e+00,0.000000000000000000e+00,0.000000000000000000e+00,0.000000000000000000e+00,0.000000000000000000e+00,0.000000000000000000e+00,0.000000000000000000e+00,0.000000000000000000e+00,0.000000000000000000e+00,0.000000000000000000e+00,0.000000000000000000e+00,1.851851851851851749e-02,1.851851851851851749e-02
0.000000000000000000e+00,1.075268817204301161e-02,0.000000000000000000e+00,8.602150537634409289e-02,6.881720430107527431e-01,1.182795698924731242e-01,2.150537634408602322e-02,3.225806451612903136e-02,3.225806451612903136e-02,0.000000000000000000e+00,0.000000000000000000e+00,1.075268817204301161e-02,0.000000000000000000e+00,0.000000000000000000e+00,0.000000000000000000e+00,0.000000000000000000e+00,0.000000000000000000e+00,0.000000000000000000e+00,0.000000000000000000e+00,0.000000000000000000e+00,0.000000000000000000e+00,0.000000000000000000e+00
0.000000000000000000e+00,0.000000000000000000e+00,0.000000000000000000e+00,0.000000000000000000e+00,6.122448979591836593e-02,7.210884353741496833e-01,1.224489795918367319e-01,4.081632653061224164e-02,3.401360544217687382e-02,0.000000000000000000e+00,0.000000000000000000e+00,1.360544217687074779e-02,0.000000000000000000e+00,0.000000000000000000e+00,0.000000000000000000e+00,0.000000000000000000e+00,0.000000000000000000e+00,0.000000000000000000e+00,0.000000000000000000e+00,0.000000000000000000e+00,0.000000000000000000e+00,6.802721088435373896e-03
3.257328990228013175e-03,0.000000000000000000e+00,0.000000000000000000e+00,3.257328990228013175e-03,1.302931596091205270e-02,4.885993485342019632e-02,6.905537459283387358e-01,1.368078175895765525e-01,5.211726384364821080e-02,1.302931596091205270e-02,3.257328990228013175e-03,3.257328990228013175e-03,6.514657980456026350e-03,6.514657980456026350e-03,3.257328990228013175e-03,0.000000000000000000e+00,0.000000000000000000e+00,0.000000000000000000e+00,3.257328990228013175e-03,0.000000000000000000e+00,0.000000000000000000e+00,1.302931596091205270e-02
1.499250374812593654e-03,0.000000000000000000e+00,0.000000000000000000e+00,1.499250374812593654e-03,1.499250374812593654e-03,1.199400299850074923e-02,7.796101949025487088e-02,6.986506746626686137e-01,1.334332833583208311e-01,2.998500749625187395e-02,1.349325337331334397e-02,5.997001499250374616e-03,4.497751124437780745e-03,1.499250374812593654e-03,4.497751124437780745e-03,0.000000000000000000e+00,0.000000000000000000e+00,1.499250374812593654e-03,2.998500749625187308e-03,0.000000000000000000e+00,0.000000000000000000e+00,8.995502248875561491e-03
2.365930599369085209e-03,7.886435331230283669e-04,0.000000000000000000e+00,7.886435331230283669e-04,2.365930599369085209e-03,4.731861198738170418e-03,4.731861198738170418e-03,7.965299684542587189e-02,7.547318611987381409e-01,9.858044164037854662e-02,1.892744479495268167e-02,1.025236593059936953e-02,5.520504731861199110e-03,3.943217665615141726e-03,1.577287066246056734e-03,1.577287066246056734e-03,0.000000000000000000e+00,1.577287066246056734e-03,7.886435331230283669e-04,0.000000000000000000e+00,1.577287066246056734e-03,5.520504731861199110e-03
0.000000000000000000e+00,0.000000000000000000e+00,0.000000000000000000e+00,0.000000000000000000e+00,0.000000000000000000e+00,0.000000000000000000e+00,1.982160555004955360e-03,9.910802775024776801e-03,7.779980178394449442e-02,7.675916749256689320e-01,8.771060455896927122e-02,2.031714568880079244e-02,9.910802775024776801e-03,5.946481665014866080e-03,6.442021803766104920e-03,9.910802775024776801e-04,9.910802775024776801e-04,4.955401387512388400e-04,0.000000000000000000e+00,4.955401387512388400e-04,4.955401387512388400e-04,8.919722497522299121e-03
0.000000000000000000e+00,0.000000000000000000e+00,6.920415224913494586e-04,0.000000000000000000e+00,0.000000000000000000e+00,0.000000000000000000e+00,6.920415224913494586e-04,2.768166089965397834e-03,1.314878892733564036e-02,1.619377162629757894e-01,6.878892733564013762e-01,8.166089965397924089e-02,2.076124567474048332e-02,7.612456747404844695e-03,4.844290657439445993e-03,3.460207612456747510e-03,2.768166089965397834e-03,2.076124567474048593e-03,1.384083044982698917e-03,6.920415224913494586e-04,0.000000000000000000e+00,7.612456747404844695e-03
0.000000000000000000e+00,0.000000000000000000e+00,0.000000000000000000e+00,0.000000000000000000e+00,0.000000000000000000e+00,1.402524544179523103e-03,1.402524544179523103e-03,4.207573632538569308e-03,1.823281907433380034e-02,6.591865357643758583e-02,2.145862552594670347e-01,5.539971949509115978e-01,7.293127629733520134e-02,2.664796633941093895e-02,1.402524544179523103e-03,7.012622720897615514e-03,5.610098176718092411e-03,0.000000000000000000e+00,2.805049088359046205e-03,0.000000000000000000e+00,1.402524544179523103e-03,2.244039270687236964e-02
0.000000000000000000e+00,2.857142857142857140e-03,2.857142857142857140e-03,0.000000000000000000e+00,0.000000000000000000e+00,0.000000000000000000e+00,2.857142857142857140e-03,2.857142857142857140e-03,3.142857142857143071e-02,6.857142857142857484e-02,9.714285714285714191e-02,2.028571428571428470e-01,4.342857142857142749e-01,8.571428571428571508e-02,2.000000000000000042e-02,1.428571428571428527e-02,8.571428571428571855e-03,5.714285714285714281e-03,2.857142857142857140e-03,5.714285714285714281e-03,0.000000000000000000e+00,1.142857142857142856e-02
0.000000000000000000e+00,0.000000000000000000e+00,0.000000000000000000e+00,0.000000000000000000e+00,0.000000000000000000e+00,0.000000000000000000e+00,5.649717514124293766e-03,0.000000000000000000e+00,2.824858757062146883e-02,5.649717514124293766e-02,9.604519774011299749e-02,1.355932203389830504e-01,2.259887005649717506e-01,3.163841807909604786e-01,4.519774011299435013e-02,2.824858757062146883e-02,5.649717514124293766e-03,1.129943502824858753e-02,5.649717514124293766e-03,1.129943502824858753e-02,1.129943502824858753e-02,1.694915254237288130e-02
0.000000000000000000e+00,0.000000000000000000e+00,0.000000000000000000e+00,0.000000000000000000e+00,0.000000000000000000e+00,0.000000000000000000e+00,1.075268817204301161e-02,0.000000000000000000e+00,1.075268817204301161e-02,7.526881720430107781e-02,1.290322580645161255e-01,1.290322580645161255e-01,1.182795698924731242e-01,1.182795698924731242e-01,2.795698924731182533e-01,6.451612903225806273e-02,1.075268817204301161e-02,1.075268817204301161e-02,0.000000000000000000e+00,1.075268817204301161e-02,1.075268817204301161e-02,2.150537634408602322e-02
0.000000000000000000e+00,0.000000000000000000e+00,0.000000000000000000e+00,0.000000000000000000e+00,0.000000000000000000e+00,0.000000000000000000e+00,0.000000000000000000e+00,2.000000000000000042e-02,1.000000000000000021e-02,4.000000000000000083e-02,5.999999999999999778e-02,8.000000000000000167e-02,7.000000000000000666e-02,4.000000000000000083e-02,5.000000000000000278e-02,4.000000000000000222e-01,2.999999999999999889e-02,2.999999999999999889e-02,2.000000000000000042e-02,1.000000000000000021e-02,0.000000000000000000e+00,1.400000000000000133e-01
0.000000000000000000e+00,0.000000000000000000e+00,0.000000000000000000e+00,0.000000000000000000e+00,0.000000000000000000e+00,0.000000000000000000e+00,1.960784313725490169e-02,0.000000000000000000e+00,0.000000000000000000e+00,3.921568627450980338e-02,9.803921568627450844e-02,7.843137254901960675e-02,3.921568627450980338e-02,5.882352941176470507e-02,5.882352941176470507e-02,1.176470588235294101e-01,3.137254901960784270e-01,3.921568627450980338e-02,3.921568627450980338e-02,0.000000000000000000e+00,0.000000000000000000e+00,9.803921568627450844e-02
0.000000000000000000e+00,0.000000000000000000e+00,0.000000000000000000e+00,0.000000000000000000e+00,0.000000000000000000e+00,0.000000000000000000e+00,0.000000000000000000e+00,6.382978723404254817e-02,2.127659574468085055e-02,0.000000000000000000e+00,4.255319148936170109e-02,4.255319148936170109e-02,6.382978723404254817e-02,6.382978723404254817e-02,6.382978723404254817e-02,0.000000000000000000e+00,4.255319148936170109e-02,3.404255319148936088e-01,4.255319148936170109e-02,0.000000000000000000e+00,0.000000000000000000e+00,2.127659574468085124e-01
0.000000000000000000e+00,0.000000000000000000e+00,0.000000000000000000e+00,0.000000000000000000e+00,0.000000000000000000e+00,0.000000000000000000e+00,0.000000000000000000e+00,0.000000000000000000e+00,2.702702702702702853e-02,0.000000000000000000e+00,8.108108108108108558e-02,8.108108108108108558e-02,2.702702702702702853e-02,1.081081081081081141e-01,0.000000000000000000e+00,8.108108108108108558e-02,8.108108108108108558e-02,5.405405405405405705e-02,2.162162162162162282e-01,5.405405405405405705e-02,0.000000000000000000e+00,1.891891891891891997e-01
0.000000000000000000e+00,0.000000000000000000e+00,0.000000000000000000e+00,0.000000000000000000e+00,4.761904761904761640e-02,0.000000000000000000e+00,0.000000000000000000e+00,0.000000000000000000e+00,4.761904761904761640e-02,4.761904761904761640e-02,0.000000000000000000e+00,4.761904761904761640e-02,4.761904761904761640e-02,9.523809523809523281e-02,0.000000000000000000e+00,9.523809523809523281e-02,4.761904761904761640e-02,4.761904761904761640e-02,0.000000000000000000e+00,3.333333333333333148e-01,0.000000000000000000e+00,1.428571428571428492e-01
0.000000000000000000e+00,0.000000000000000000e+00,0.000000000000000000e+00,0.000000000000000000e+00,0.000000000000000000e+00,0.000000000000000000e+00,0.000000000000000000e+00,0.000000000000000000e+00,5.882352941176470507e-02,5.882352941176470507e-02,0.000000000000000000e+00,0.000000000000000000e+00,5.882352941176470507e-02,5.882352941176470507e-02,1.176470588235294101e-01,5.882352941176470507e-02,0.000000000000000000e+00,5.882352941176470507e-02,0.000000000000000000e+00,0.000000000000000000e+00,2.352941176470588203e-01,2.941176470588235392e-01
0.000000000000000000e+00,0.000000000000000000e+00,0.000000000000000000e+00,3.584229390681003581e-03,0.000000000000000000e+00,0.000000000000000000e+00,3.584229390681003581e-03,3.584229390681003581e-03,7.168458781362007162e-03,2.508960573476702594e-02,2.150537634408602322e-02,5.376344086021505458e-02,3.584229390681003408e-02,3.225806451612903136e-02,3.942652329749103679e-02,4.659498207885304916e-02,2.867383512544802865e-02,2.508960573476702594e-02,3.225806451612903136e-02,1.433691756272401432e-02,2.867383512544802865e-02,5.985663082437275850e-01
