8.181818181818182323e-01,6.818181818181817677e-02,0.000000000000000000e+00,6.818181818181817677e-02,0.000000000000000000e+00,2.272727272727272790e-02,0.000000000000000000e+00,0.000000000000000000e+00,0.000000000000000000e+00,2.272727272727272790e-02,0.000000000000000000e+00,0.000000000000000000e+00,0.000000000000000000e+00,0.000000000000000000e+00,0.000000000000000000e+00,0.000000000000000000e+00,0.000000000000000000e+00,0.000000000000000000e+00,0.000000000000000000e+00,0.000000000000000000e+00,0.000000000000000000e+00,0.000000000000000000e+00
0.000000000000000000e+00,8.095238095238095344e-01,9.523809523809523281e-02,0.000000000000000000e+00,0.000000000000000000e+00,0.000000000000000000e+00,2.380952380952380820e-02,0.000000000000000000e+00,2.380952380952380820e-02,2.380952380952380820e-02,2.380952380952380820e-02,0.000000000000000000e+00,0.000000000000000000e+00,0.000000000000000000e+00,0.000000000000000000e+00,0.000000000000000000e+00,0.000000000000000000e+00,0.000000000000000000e+00,0.000000000000000000e+00,0.000000000000000000e+00,0.000000000000000000e+00,0.000000000000000000e+00
7.142857142857142461e-02,2.380952380952380820e-02,7.142857142857143016e-01,4.761904761904761640e-02,2.380952380952380820e-02,2.380952380952380820e-02,0.000000000000000000e+00,0.000000000000000000e+00,0.000000000000000000e+00,4.761904761904761640e-02,4.761904761904761640e-02,0.000000000000000000e+00,0.000000000000000000e+00,0.000000000000000000e+00,0.000000000000000000e+00,0.000000000000000000e+00,0.000000000000000000e+00,0.000000000000000000e+00,0.000000000000000000e+00,0.000000000000000000e+00,0.000000000000000000e+00,0.000000000000000000e+00
4.761904761904761640e-02,1.587301587301587213e-02,1.587301587301587213e-02,7.619047619047618625e-01,4.761904761904761640e-02,4.761904761904761640e-02,1.587301587301587213e-02,1.587301587301587213e-02,1.587301587301587213e-02,0.000000000000000000e+00,0.000000000000000000e+00,0.000000000000000000e+00,1.587301587301587213e-02,0.000000000000000000e+00,0.000000000000000000e+00,0.000000000000000000e+00,0.000000000000000000e+00,0.000000000000000000e+00,0.000000000000000000e+00,0.000000000000000000e+00,0.000000000000000000e+00,0.000000000000000000e+00
0.000000000000000000e+00,0.000000000000000000e+00,0.000000000000000000e+00,7.317073170731706877e-02,6.097560975609755962e-01,9.756097560975610095e-02,4.878048780487805047e-02,4.878048780487805047e-02,0.000000000000000000e+00,7.317073170731706877e-02,0.000000000000000000e+00,0.000000000000000000e+00,0.000000000000000000e+00,0.000000000000000000e+00,0.000000000000000000e+00,0.000000000000000000e+00,0.000000000000000000e+00,2.439024390243902524e-02,0.000000000000000000e+00,0.000000000000000000e+00,0.000000000000000000e+00,2.439024390243902524e-02
1.694915254237288130e-02,8.474576271186440649e-03,0.000000000000000000e+00,8.474576271186440649e-03,4.237288135593220151e-02,7.372881355932203729e-01,8.474576271186440302e-02,2.542372881355932368e-02,2.542372881355932368e-02,3.389830508474576259e-02,8.474576271186440649e-03,8.474576271186440649e-03,0.000000000000000000e+00,0.000000000000000000e+00,0.000000000000000000e+00,0.000000000000000000e+00,0.000000000000000000e+00,0.000000000000000000e+00,0.000000000000000000e+00,0.000000000000000000e+00,0.000000000000000000e+00,0.000000000000000000e+00
6.060606060606060601e-03,0.000000000000000000e+00,6.060606060606060601e-03,6.060606060606060601e-03,0.000000000000000000e+00,8.484848484848485362e-02,6.787878787878788289e-01,1.393939393939394034e-01,4.242424242424242681e-02,3.030303030303030387e-02,6.060606060606060601e-03,0.000000000000000000e+00,0.000000000000000000e+00,0.000000000000000000e+00,0.000000000000000000e+00,0.000000000000000000e+00,0.000000000000000000e+00,0.000000000000000000e+00,0.000000000000000000e+00,0.000000000000000000e+00,0.000000000000000000e+00,0.000000000000000000e+00
0.000000000000000000e+00,0.000000000000000000e+00,0.000000000000000000e+00,6.849315068493150305e-03,3.424657534246575152e-03,1.369863013698630061e-02,7.534246575342465335e-02,6.849315068493150305e-01,1.472602739726027454e-01,4.794520547945205213e-02,3.424657534246575152e-03,3.424657534246575152e-03,0.000000000000000000e+00,3.424657534246575152e-03,3.424657534246575152e-03,0.000000000000000000e+00,3.424657534246575152e-03,3.424657534246575152e-03,0.000000000000000000e+00,0.000000000000000000e+00,0.000000000000000000e+00,0.000000000000000000e+00
0.000000000000000000e+00,1.800180018001800103e-03,9.000900090009000517e-04,0.000000000000000000e+00,1.800180018001800103e-03,0.000000000000000000e+00,8.100810081008101224e-03,3.780378037803780455e-02,7.812781278127812756e-01,1.251125112511251025e-01,2.340234023402340199e-02,7.200720072007200413e-03,9.000900090009000517e-04,1.800180018001800103e-03,2.700270027002700263e-03,9.000900090009000517e-04,9.000900090009000517e-04,0.000000000000000000e+00,0.000000000000000000e+00,0.000000000000000000e+00,0.000000000000000000e+00,5.400540054005400527e-03
4.957858205255329326e-04,0.000000000000000000e+00,9.915716410510658652e-04,9.915716410510658652e-04,1.487357461576598906e-03,1.487357461576598906e-03,1.487357461576598906e-03,5.949429846306395625e-03,6.395637084779375037e-02,7.942488844819037830e-01,9.717402082300445609e-02,1.437778879524045580e-02,6.445215666831928883e-03,1.487357461576598906e-03,9.915716410510658652e-04,1.983143282102131730e-03,0.000000000000000000e+00,4.957858205255329326e-04,4.957858205255329326e-04,0.000000000000000000e+00,0.000000000000000000e+00,5.453644025780862367e-03
0.000000000000000000e+00,0.000000000000000000e+00,4.789272030651340749e-04,0.000000000000000000e+00,0.000000000000000000e+00,9.578544061302681498e-04,3.831417624521072599e-03,2.873563218390804558e-03,1.340996168582375518e-02,8.955938697318008290e-02,7.749042145593869613e-01,7.998084291187738948e-02,1.484674329501915746e-02,3.352490421455938795e-03,3.831417624521072599e-03,2.873563218390804558e-03,4.789272030651340749e-04,9.578544061302681498e-04,0.000000000000000000e+00,9.578544061302681498e-04,1.436781609195402279e-03,5.268199233716475312e-03
1.187648456057007178e-03,0.000000000000000000e+00,0.000000000000000000e+00,0.000000000000000000e+00,0.000000000000000000e+00,1.187648456057007178e-03,0.000000000000000000e+00,0.000000000000000000e+00,1.425178147268408614e-02,2.375296912114014183e-02,1.995249406175771956e-01,6.199524940617576751e-01,7.719714964370545662e-02,1.900237529691211485e-02,9.501187648456057427e-03,7.125890736342043071e-03,5.938242280285035458e-03,3.562945368171021535e-03,2.375296912114014357e-03,0.000000000000000000e+00,2.375296912114014357e-03,1.306413301662707853e-02
0.000000000000000000e+00,0.000000000000000000e+00,0.000000000000000000e+00,2.427184466019417265e-03,0.000000000000000000e+00,0.000000000000000000e+00,0.000000000000000000e+00,9.708737864077669061e-03,4.854368932038834530e-03,4.368932038834951598e-02,8.252427184466019916e-02,1.529126213592232886e-01,5.388349514563106624e-01,6.310679611650485410e-02,2.184466019417475799e-02,1.699029126213592172e-02,7.281553398058252663e-03,1.699029126213592172e-02,7.281553398058252663e-03,2.427184466019417265e-03,0.000000000000000000e+00,2.912621359223301065e-02
0.000000000000000000e+00,0.000000000000000000e+00,0.000000000000000000e+00,0.000000000000000000e+00,0.000000000000000000e+00,0.000000000000000000e+00,0.000000000000000000e+00,0.000000000000000000e+00,1.169590643274853736e-02,4.093567251461988077e-02,1.052631578947368363e-01,9.941520467836256758e-02,1.929824561403508665e-01,3.625730994152046582e-01,8.187134502923976154e-02,2.339181286549707472e-02,1.169590643274853736e-02,5.847953216374268681e-03,5.847953216374268681e-03,1.169590643274853736e-02,5.847953216374268681e-03,4.093567251461988077e-02
0.000000000000000000e+00,0.000000000000000000e+00,0.000000000000000000e+00,0.000000000000000000e+00,0.000000000000000000e+00,0.000000000000000000e+00,0.000000000000000000e+00,0.000000000000000000e+00,1.052631578947368397e-02,6.315789473684210731e-02,6.315789473684210731e-02,4.210526315789473589e-02,1.052631578947368363e-01,1.684210526315789436e-01,3.578947368421052655e-01,5.263157894736841813e-02,2.105263157894736795e-02,1.052631578947368397e-02,2.105263157894736795e-02,0.000000000000000000e+00,3.157894736842105365e-02,5.263157894736841813e-02
0.000000000000000000e+00,0.000000000000000000e+00,0.000000000000000000e+00,0.000000000000000000e+00,0.000000000000000000e+00,0.000000000000000000e+00,0.000000000000000000e+00,0.000000000000000000e+00,0.000000000000000000e+00,1.098901098901098987e-02,7.692307692307692735e-02,8.791208791208791895e-02,7.692307692307692735e-02,5.494505494505494414e-02,4.395604395604395948e-02,3.516483516483516758e-01,5.494505494505494414e-02,3.296703296703296787e-02,6.593406593406593574e-02,4.395604395604395948e-02,3.296703296703296787e-02,6.593406593406593574e-02
0.000000000000000000e+00,0.000000000000000000e+00,0.000000000000000000e+00,0.000000000000000000e+00,0.000000000000000000e+00,0.000000000000000000e+00,0.000000000000000000e+00,0.000000000000000000e+00,3.703703703703703498e-02,1.851851851851851749e-02,1.851851851851851749e-02,3.703703703703703498e-02,7.407407407407406996e-02,7.407407407407406996e-02,3.703703703703703498e-02,9.259259259259258745e-02,4.259259259259259300e-01,5.555555555555555247e-02,0.000000000000000000e+00,1.851851851851851749e-02,0.000000000000000000e+00,1.111111111111111049e-01
0.000000000000000000e+00,0.000000000000000000e+00,0.000000000000000000e+00,0.000000000000000000e+00,0.000000000000000000e+00,0.000000000000000000e+00,0.000000000000000000e+00,2.272727272727272790e-02,2.272727272727272790e-02,0.000000000000000000e+00,4.545454545454545581e-02,4.545454545454545581e-02,6.818181818181817677e-02,6.818181818181817677e-02,9.090909090909091161e-02,4.545454545454545581e-02,1.136363636363636326e-01,3.409090909090908839e-01,2.272727272727272790e-02,4.545454545454545581e-02,2.272727272727272790e-02,4.545454545454545581e-02
0.000000000000000000e+00,0.000000000000000000e+00,0.000000000000000000e+00,0.000000000000000000e+00,2.222222222222222307e-02,0.000000000000000000e+00,0.000000000000000000e+00,0.000000000000000000e+00,0.000000000000000000e+00,4.444444444444444614e-02,8.888888888888889228e-02,2.222222222222222307e-02,4.444444444444444614e-02,2.222222222222222307e-02,0.000000000000000000e+00,8.888888888888889228e-02,2.222222222222222307e-02,2.222222222222222307e-02,3.111111111111111160e-01,4.444444444444444614e-02,6.666666666666666574e-02,2.000000000000000111e-01
0.000000000000000000e+00,0.000000000000000000e+00,0.000000000000000000e+00,0.000000000000000000e+00,0.000000000000000000e+00,0.000000000000000000e+00,0.000000000000000000e+00,0.000000000000000000e+00,0.000000000000000000e+00,0.000000000000000000e+00,3.125000000000000000e-02,9.375000000000000000e-02,6.250000000000000000e-02,1.250000000000000000e-01,0.000000000000000000e+00,6.250000000000000000e-02,3.125000000000000000e-02,3.125000000000000000e-02,3.125000000000000000e-02,2.500000000000000000e-01,9.375000000000000000e-02,1.875000000000000000e-01
0.000000000000000000e+00,0.000000000000000000e+00,0.000000000000000000e+00,0.000000000000000000e+00,0.000000000000000000e+00,2.702702702702702853e-02,0.000000000000000000e+00,0.000000000000000000e+00,0.000000000000000000e+00,0.000000000000000000e+00,2.702702702702702853e-02,2.702702702702702853e-02,1.081081081081081141e-01,5.405405405405405705e-02,8.108108108108108558e-02,8.108108108108108558e-02,0.000000000000000000e+00,0.000000000000000000e+00,2.702702702702702853e-02,8.108108108108108558e-02,2.162162162162162282e-01,2.702702702702702853e-01
0.000000000000000000e+00,0.000000000000000000e+00,0.000000000000000000e+00,0.000000000000000000e+00,0.000000000000000000e+00,0.000000000000000000e+00,0.000000000000000000e+00,5.434782608695652023e-03,5.434782608695652023e-03,2.717391304347826012e-02,7.065217391304347283e-02,2.173913043478260809e-02,4.891304347826087168e-02,5.978260869565217572e-02,2.717391304347826012e-02,4.891304347826087168e-02,1.630434782608695607e-02,3.804347826086956763e-02,5.978260869565217572e-02,5.434782608695652023e-02,4.347826086956521618e-02,4.728260869565217295e-01
