5.294117647058823595e-01,1.176470588235294101e-01,2.941176470588235392e-01,0.000000000000000000e+00,0.000000000000000000e+00,0.000000000000000000e+00,0.000000000000000000e+00,0.000000000000000000e+00,0.000000000000000000e+00,0.000000000000000000e+00,0.000000000000000000e+00,0.000000000000000000e+00,0.000000000000000000e+00,0.000000000000000000e+00,0.000000000000000000e+00,0.000000000000000000e+00,0.000000000000000000e+00,0.000000000000000000e+00,0.000000000000000000e+00,0.000000000000000000e+00,0.000000000000000000e+00,5.882352941176470507e-02
1.379310344827586188e-02,8.620689655172413257e-01,6.206896551724137845e-02,6.206896551724137845e-02,0.000000000000000000e+00,0.000000000000000000e+00,0.000000000000000000e+00,0.000000000000000000e+00,0.000000000000000000e+00,0.000000000000000000e+00,0.000000000000000000e+00,0.000000000000000000e+00,0.000000000000000000e+00,0.000000000000000000e+00,0.000000000000000000e+00,0.000000000000000000e+00,0.000000000000000000e+00,0.000000000000000000e+00,0.000000000000000000e+00,0.000000000000000000e+00,0.000000000000000000e+00,0.000000000000000000e+00
3.350083752093802394e-03,1.172529313232830751e-02,8.006700167504187116e-01,1.658291457286432125e-01,6.700167504187604789e-03,6.700167504187604789e-03,1.675041876046901197e-03,0.000000000000000000e+00,0.000000000000000000e+00,0.000000000000000000e+00,0.000000000000000000e+00,0.000000000000000000e+00,0.000000000000000000e+00,1.675041876046901197e-03,0.000000000000000000e+00,1.675041876046901197e-03,0.000000000000000000e+00,0.000000000000000000e+00,0.000000000000000000e+00,0.000000000000000000e+00,0.000000000000000000e+00,0.000000000000000000e+00
8.347245409015025290e-04,2.086811352253756160e-03,3.505843071786310383e-02,8.547579298831385897e-01,7.971619365609348973e-02,1.377295492487479178e-02,4.590984974958263638e-03,2.086811352253756160e-03,4.173622704507512645e-04,8.347245409015025290e-04,8.347245409015025290e-04,4.173622704507512645e-04,0.000000000000000000e+00,0.000000000000000000e+00,8.347245409015025290e-04,1.252086811352253739e-03,0.000000000000000000e+00,8.347245409015025290e-04,4.173622704507512645e-04,0.000000000000000000e+00,4.173622704507512645e-04,8.347245409015025290e-04
0.000000000000000000e+00,4.490345756623259784e-04,3.143242029636281794e-03,7.678491243825774637e-02,7.849124382577458148e-01,9.384822631342613908e-02,1.661427929950606147e-02,3.592276605298607827e-03,3.143242029636281794e-03,1.796138302649303914e-03,2.245172878311630163e-03,4.490345756623259784e-04,2.245172878311630163e-03,0.000000000000000000e+00,0.000000000000000000e+00,0.000000000000000000e+00,4.490345756623259784e-04,4.490345756623259784e-04,0.000000000000000000e+00,8.980691513246519568e-04,4.490345756623259784e-04,8.531656937584194619e-03
8.857395925597874500e-04,0.000000000000000000e+00,8.857395925597874500e-04,3.454384410983171033e-02,1.780336581045172673e-01,6.545615589016828828e-01,6.377325066430469813e-02,1.948627103631532173e-02,1.062887511071744853e-02,6.200177147918511933e-03,8.857395925597874500e-04,3.542958370239149800e-03,2.657218777679362133e-03,3.542958370239149800e-03,8.857395925597874500e-04,1.771479185119574900e-03,1.771479185119574900e-03,8.857395925597874500e-04,0.000000000000000000e+00,0.000000000000000000e+00,1.771479185119574900e-03,1.328609388839681153e-02
0.000000000000000000e+00,0.000000000000000000e+00,0.000000000000000000e+00,3.140096618357487990e-02,1.062801932367149760e-01,2.318840579710144956e-01,4.855072463768115854e-01,4.830917874396135209e-02,3.381642512077294438e-02,9.661835748792270070e-03,9.661835748792270070e-03,2.415458937198067518e-03,4.830917874396135035e-03,0.000000000000000000e+00,2.415458937198067518e-03,2.415458937198067518e-03,2.415458937198067518e-03,4.830917874396135035e-03,2.415458937198067518e-03,0.000000000000000000e+00,0.000000000000000000e+00,2.173913043478260809e-02
0.000000000000000000e+00,0.000000000000000000e+00,6.666666666666667095e-03,2.666666666666666838e-02,4.666666666666666879e-02,1.866666666666666752e-01,2.399999999999999911e-01,3.133333333333333526e-01,7.333333333333333370e-02,4.000000000000000083e-02,2.000000000000000042e-02,0.000000000000000000e+00,6.666666666666667095e-03,0.000000000000000000e+00,0.000000000000000000e+00,0.000000000000000000e+00,0.000000000000000000e+00,6.666666666666667095e-03,0.000000000000000000e+00,0.000000000000000000e+00,0.000000000000000000e+00,3.333333333333333287e-02
0.000000000000000000e+00,0.000000000000000000e+00,6.578947368421052266e-03,6.578947368421052266e-03,1.315789473684210453e-02,3.947368421052631360e-02,1.578947368421052544e-01,1.447368421052631637e-01,4.473684210526315819e-01,3.289473684210526133e-02,3.289473684210526133e-02,2.631578947368420907e-02,1.315789473684210453e-02,6.578947368421052266e-03,6.578947368421052266e-03,0.000000000000000000e+00,6.578947368421052266e-03,0.000000000000000000e+00,0.000000000000000000e+00,0.000000000000000000e+00,6.578947368421052266e-03,5.263157894736841813e-02
0.000000000000000000e+00,0.000000000000000000e+00,0.000000000000000000e+00,7.874015748031495954e-03,4.724409448818897572e-02,3.937007874015747977e-02,4.724409448818897572e-02,7.086614173228346358e-02,1.338582677165354451e-01,4.566929133858267931e-01,4.724409448818897572e-02,3.149606299212598381e-02,1.574803149606299191e-02,0.000000000000000000e+00,0.000000000000000000e+00,7.874015748031495954e-03,2.362204724409448786e-02,7.874015748031495954e-03,7.874015748031495954e-03,0.000000000000000000e+00,7.874015748031495954e-03,4.724409448818897572e-02
0.000000000000000000e+00,0.000000000000000000e+00,1.408450704225352144e-02,0.000000000000000000e+00,2.816901408450704289e-02,9.859154929577464144e-02,4.225352112676056260e-02,5.633802816901408578e-02,2.816901408450704289e-02,1.549295774647887203e-01,3.380281690140845008e-01,5.633802816901408578e-02,1.408450704225352144e-02,0.000000000000000000e+00,2.816901408450704289e-02,1.408450704225352144e-02,1.408450704225352144e-02,1.408450704225352144e-02,0.000000000000000000e+00,0.000000000000000000e+00,1.408450704225352144e-02,8.450704225352112520e-02
0.000000000000000000e+00,0.000000000000000000e+00,0.000000000000000000e+00,0.000000000000000000e+00,2.040816326530612082e-02,0.000000000000000000e+00,6.122448979591836593e-02,4.081632653061224164e-02,1.224489795918367319e-01,8.163265306122448328e-02,1.224489795918367319e-01,3.877551020408163129e-01,6.122448979591836593e-02,0.000000000000000000e+00,0.000000000000000000e+00,0.000000000000000000e+00,0.000000000000000000e+00,0.000000000000000000e+00,0.000000000000000000e+00,0.000000000000000000e+00,2.040816326530612082e-02,8.163265306122448328e-02
0.000000000000000000e+00,0.000000000000000000e+00,0.000000000000000000e+00,0.000000000000000000e+00,0.000000000000000000e+00,1.428571428571428527e-02,4.285714285714285754e-02,7.142857142857142461e-02,5.714285714285714107e-02,5.714285714285714107e-02,4.285714285714285754e-02,5.714285714285714107e-02,4.571428571428571286e-01,7.142857142857142461e-02,2.857142857142857054e-02,2.857142857142857054e-02,0.000000000000000000e+00,2.857142857142857054e-02,1.428571428571428527e-02,0.000000000000000000e+00,0.000000000000000000e+00,2.857142857142857054e-02
0.000000000000000000e+00,0.000000000000000000e+00,1.960784313725490169e-02,0.000000000000000000e+00,0.000000000000000000e+00,1.960784313725490169e-02,0.000000000000000000e+00,1.960784313725490169e-02,1.960784313725490169e-02,0.000000000000000000e+00,1.960784313725490169e-02,1.960784313725490169e-02,1.764705882352941291e-01,4.901960784313725283e-01,1.960784313725490169e-02,1.960784313725490169e-02,0.000000000000000000e+00,9.803921568627450844e-02,0.000000000000000000e+00,0.000000000000000000e+00,0.000000000000000000e+00,7.843137254901960675e-02
0.000000000000000000e+00,0.000000000000000000e+00,0.000000000000000000e+00,0.000000000000000000e+00,0.000000000000000000e+00,5.000000000000000278e-02,5.000000000000000278e-02,2.500000000000000139e-02,5.000000000000000278e-02,5.000000000000000278e-02,5.000000000000000278e-02,2.500000000000000139e-02,2.500000000000000139e-02,1.499999999999999944e-01,2.250000000000000056e-01,1.250000000000000000e-01,5.000000000000000278e-02,5.000000000000000278e-02,0.000000000000000000e+00,0.000000000000000000e+00,0.000000000000000000e+00,7.499999999999999722e-02
0.000000000000000000e+00,0.000000000000000000e+00,0.000000000000000000e+00,2.040816326530612082e-02,2.040816326530612082e-02,4.081632653061224164e-02,2.040816326530612082e-02,0.000000000000000000e+00,4.081632653061224164e-02,2.040816326530612082e-02,0.000000000000000000e+00,0.000000000000000000e+00,4.081632653061224164e-02,6.122448979591836593e-02,1.428571428571428492e-01,4.081632653061224580e-01,4.081632653061224164e-02,2.040816326530612082e-02,2.040816326530612082e-02,2.040816326530612082e-02,0.000000000000000000e+00,8.163265306122448328e-02
0.000000000000000000e+00,0.000000000000000000e+00,0.000000000000000000e+00,0.000000000000000000e+00,3.030303030303030387e-02,9.090909090909091161e-02,3.030303030303030387e-02,3.030303030303030387e-02,0.000000000000000000e+00,3.030303030303030387e-02,3.030303030303030387e-02,0.000000000000000000e+00,1.212121212121212155e-01,3.030303030303030387e-02,6.060606060606060774e-02,1.515151515151515194e-01,2.121212121212121271e-01,3.030303030303030387e-02,3.030303030303030387e-02,0.000000000000000000e+00,0.000000000000000000e+00,1.212121212121212155e-01
0.000000000000000000e+00,0.000000000000000000e+00,0.000000000000000000e+00,3.125000000000000000e-02,3.125000000000000000e-02,9.375000000000000000e-02,6.250000000000000000e-02,3.125000000000000000e-02,0.000000000000000000e+00,6.250000000000000000e-02,3.125000000000000000e-02,0.000000000000000000e+00,0.000000000000000000e+00,6.250000000000000000e-02,6.250000000000000000e-02,6.250000000000000000e-02,6.250000000000000000e-02,2.500000000000000000e-01,0.000000000000000000e+00,0.000000000000000000e+00,0.000000000000000000e+00,1.562500000000000000e-01
0.000000000000000000e+00,0.000000000000000000e+00,0.000000000000000000e+00,0.000000000000000000e+00,7.692307692307692735e-02,0.000000000000000000e+00,7.692307692307692735e-02,7.692307692307692735e-02,0.000000000000000000e+00,0.000000000000000000e+00,7.692307692307692735e-02,0.000000000000000000e+00,0.000000000000000000e+00,0.000000000000000000e+00,0.000000000000000000e+00,7.692307692307692735e-02,1.538461538461538547e-01,0.000000000000000000e+00,1.538461538461538547e-01,0.000000000000000000e+00,7.692307692307692735e-02,2.307692307692307820e-01
0.000000000000000000e+00,0.000000000000000000e+00,0.000000000000000000e+00,0.000000000000000000e+00,0.000000000000000000e+00,2.857142857142856984e-01,0.000000000000000000e+00,0.000000000000000000e+00,0.000000000000000000e+00,0.000000000000000000e+00,0.000000000000000000e+00,1.428571428571428492e-01,0.000000000000000000e+00,0.000000000000000000e+00,0.000000000000000000e+00,0.000000000000000000e+00,1.428571428571428492e-01,0.000000000000000000e+00,0.000000000000000000e+00,0.000000000000000000e+00,0.000000000000000000e+00,4.285714285714285476e-01
0.000000000000000000e+00,0.000000000000000000e+00,0.000000000000000000e+00,0.000000000000000000e+00,0.000000000000000000e+00,1.176470588235294101e-01,0.000000000000000000e+00,5.882352941176470507e-02,1.176470588235294101e-01,1.176470588235294101e-01,5.882352941176470507e-02,5.882352941176470507e-02,0.000000000000000000e+00,0.000000000000000000e+00,0.000000000000000000e+00,0.000000000000000000e+00,0.000000000000000000e+00,0.000000000000000000e+00,5.882352941176470507e-02,5.882352941176470507e-02,1.176470588235294101e-01,2.352941176470588203e-01
4.098360655737705131e-03,0.000000000000000000e+00,0.000000000000000000e+00,4.098360655737705131e-03,2.049180327868852305e-02,4.918032786885245811e-02,4.098360655737704611e-02,2.868852459016393505e-02,1.639344262295082053e-02,4.918032786885245811e-02,1.639344262295082053e-02,2.049180327868852305e-02,2.049180327868852305e-02,1.229508196721311453e-02,1.639344262295082053e-02,1.639344262295082053e-02,2.049180327868852305e-02,1.639344262295082053e-02,1.229508196721311453e-02,1.229508196721311453e-02,1.229508196721311453e-02,6.106557377049179891e-01
