8.125000000000000000e-01,4.166666666666666435e-02,2.083333333333333218e-02,6.250000000000000000e-02,0.000000000000000000e+00,0.000000000000000000e+00,0.000000000000000000e+00,2.083333333333333218e-02,0.000000000000000000e+00,0.000000000000000000e+00,0.000000000000000000e+00,0.000000000000000000e+00,0.000000000000000000e+00,0.000000000000000000e+00,0.000000000000000000e+00,0.000000000000000000e+00,0.000000000000000000e+00,0.000000000000000000e+00,0.000000000000000000e+00,0.000000000000000000e+00,0.000000000000000000e+00,4.166666666666666435e-02
0.000000000000000000e+00,7.931034482758620996e-01,0.000000000000000000e+00,3.448275862068965469e-02,3.448275862068965469e-02,6.896551724137930939e-02,0.000000000000000000e+00,0.000000000000000000e+00,3.448275862068965469e-02,0.000000000000000000e+00,0.000000000000000000e+00,0.000000000000000000e+00,0.000000000000000000e+00,0.000000000000000000e+00,0.000000000000000000e+00,0.000000000000000000e+00,0.000000000000000000e+00,0.000000000000000000e+00,0.000000000000000000e+00,0.000000000000000000e+00,0.000000000000000000e+00,3.448275862068965469e-02
1.499999999999999944e-01,0.000000000000000000e+00,4.500000000000000111e-01,1.499999999999999944e-01,5.000000000000000278e-02,5.000000000000000278e-02,0.000000000000000000e+00,0.000000000000000000e+00,0.000000000000000000e+00,0.000000000000000000e+00,5.000000000000000278e-02,0.000000000000000000e+00,0.000000000000000000e+00,0.000000000000000000e+00,0.000000000000000000e+00,0.000000000000000000e+00,0.000000000000000000e+00,0.000000000000000000e+00,0.000000000000000000e+00,0.000000000000000000e+00,0.000000000000000000e+00,1.000000000000000056e-01
2.631578947368420907e-02,0.000000000000000000e+00,1.315789473684210453e-01,5.000000000000000000e-01,7.894736842105262720e-02,1.052631578947368363e-01,0.000000000000000000e+00,2.631578947368420907e-02,0.000000000000000000e+00,5.263157894736841813e-02,0.000000000000000000e+00,0.000000000000000000e+00,0.000000000000000000e+00,0.000000000000000000e+00,0.000000000000000000e+00,0.000000000000000000e+00,0.000000000000000000e+00,0.000000000000000000e+00,0.000000000000000000e+00,0.000000000000000000e+00,0.000000000000000000e+00,7.894736842105262720e-02
3.571428571428571230e-02,0.000000000000000000e+00,0.000000000000000000e+00,5.357142857142856845e-02,5.892857142857143016e-01,1.785714285714285754e-01,7.142857142857142461e-02,3.571428571428571230e-02,0.000000000000000000e+00,0.000000000000000000e+00,0.000000000000000000e+00,0.000000000000000000e+00,0.000000000000000000e+00,0.000000000000000000e+00,0.000000000000000000e+00,0.000000000000000000e+00,1.785714285714285615e-02,0.000000000000000000e+00,0.000000000000000000e+00,0.000000000000000000e+00,0.000000000000000000e+00,1.785714285714285615e-02
0.000000000000000000e+00,0.000000000000000000e+00,8.333333333333333218e-03,1.666666666666666644e-02,4.166666666666666435e-02,7.083333333333333703e-01,1.166666666666666685e-01,5.833333333333333426e-02,8.333333333333333218e-03,8.333333333333333218e-03,0.000000000000000000e+00,0.000000000000000000e+00,0.000000000000000000e+00,8.333333333333333218e-03,8.333333333333333218e-03,0.000000000000000000e+00,8.333333333333333218e-03,0.000000000000000000e+00,8.333333333333333218e-03,0.000000000000000000e+00,0.000000000000000000e+00,0.000000000000000000e+00
0.000000000000000000e+00,0.000000000000000000e+00,0.000000000000000000e+00,5.586592178770949900e-03,1.675977653631284883e-02,6.703910614525139533e-02,6.312849162011172632e-01,1.787709497206703968e-01,2.234636871508379960e-02,5.027932960893854997e-02,5.586592178770949900e-03,0.000000000000000000e+00,0.000000000000000000e+00,0.000000000000000000e+00,0.000000000000000000e+00,5.586592178770949900e-03,0.000000000000000000e+00,5.586592178770949900e-03,0.000000000000000000e+00,0.000000000000000000e+00,0.000000000000000000e+00,1.117318435754189980e-02
2.421307506053268881e-03,0.000000000000000000e+00,4.842615012106537761e-03,0.000000000000000000e+00,4.842615012106537761e-03,7.263922518159806642e-03,5.811138014527845314e-02,7.433414043583534969e-01,1.186440677966101725e-01,2.663438256658595682e-02,9.685230024213075523e-03,2.421307506053268881e-03,0.000000000000000000e+00,4.842615012106537761e-03,0.000000000000000000e+00,2.421307506053268881e-03,2.421307506053268881e-03,0.000000000000000000e+00,2.421307506053268881e-03,0.000000000000000000e+00,0.000000000000000000e+00,9.685230024213075523e-03
0.000000000000000000e+00,0.000000000000000000e+00,0.000000000000000000e+00,0.000000000000000000e+00,0.000000000000000000e+00,0.000000000000000000e+00,6.185567010309278059e-03,5.154639175257731687e-02,7.360824742268041732e-01,1.525773195876288790e-01,1.855670103092783504e-02,1.237113402061855612e-02,8.247422680412371324e-03,2.061855670103092831e-03,0.000000000000000000e+00,0.000000000000000000e+00,0.000000000000000000e+00,0.000000000000000000e+00,0.000000000000000000e+00,0.000000000000000000e+00,2.061855670103092831e-03,1.030927835051546372e-02
0.000000000000000000e+00,0.000000000000000000e+00,0.000000000000000000e+00,0.000000000000000000e+00,1.652892561983471034e-03,4.958677685950413534e-03,1.322314049586776827e-02,1.983471074380165414e-02,7.272727272727272374e-02,7.239669421487603396e-01,1.074380165289256228e-01,2.314049586776859360e-02,1.157024793388429680e-02,1.652892561983471034e-03,1.652892561983471034e-03,1.652892561983471034e-03,0.000000000000000000e+00,0.000000000000000000e+00,1.652892561983471034e-03,1.652892561983471034e-03,0.000000000000000000e+00,1.322314049586776827e-02
0.000000000000000000e+00,0.000000000000000000e+00,2.710027100271002708e-03,2.710027100271002708e-03,0.000000000000000000e+00,0.000000000000000000e+00,2.710027100271002708e-03,8.130081300813008990e-03,5.420054200542005415e-03,1.219512195121951192e-01,6.558265582655826709e-01,1.056910569105691117e-01,4.065040650406503975e-02,1.355013550135501441e-02,2.710027100271002708e-03,5.420054200542005415e-03,2.710027100271002708e-03,0.000000000000000000e+00,0.000000000000000000e+00,0.000000000000000000e+00,0.000000000000000000e+00,2.981029810298102892e-02
0.000000000000000000e+00,0.000000000000000000e+00,0.000000000000000000e+00,0.000000000000000000e+00,0.000000000000000000e+00,0.000000000000000000e+00,0.000000000000000000e+00,1.544401544401544438e-02,1.158301158301158242e-02,3.474903474903474898e-02,1.544401544401544368e-01,5.598455598455598370e-01,1.081081081081081141e-01,3.088803088803088875e-02,1.930501930501930460e-02,3.861003861003861094e-03,7.722007722007722189e-03,1.158301158301158242e-02,0.000000000000000000e+00,3.861003861003861094e-03,0.000000000000000000e+00,3.861003861003860921e-02
0.000000000000000000e+00,0.000000000000000000e+00,0.000000000000000000e+00,5.586592178770949900e-03,0.000000000000000000e+00,5.586592178770949900e-03,0.000000000000000000e+00,5.586592178770949900e-03,1.117318435754189980e-02,2.793296089385474690e-02,7.262569832402235304e-02,1.452513966480447061e-01,4.748603351955307250e-01,1.173184357541899453e-01,3.910614525139664843e-02,1.117318435754189980e-02,1.675977653631284883e-02,5.586592178770949900e-03,0.000000000000000000e+00,5.586592178770949900e-03,0.000000000000000000e+00,5.586592178770949380e-02
0.000000000000000000e+00,0.000000000000000000e+00,0.000000000000000000e+00,0.000000000000000000e+00,0.000000000000000000e+00,0.000000000000000000e+00,1.136363636363636395e-02,0.000000000000000000e+00,1.136363636363636395e-02,3.409090909090908839e-02,6.818181818181817677e-02,6.818181818181817677e-02,1.250000000000000000e-01,4.886363636363636465e-01,5.681818181818181629e-02,4.545454545454545581e-02,2.272727272727272790e-02,2.272727272727272790e-02,0.000000000000000000e+00,0.000000000000000000e+00,0.000000000000000000e+00,4.545454545454545581e-02
0.000000000000000000e+00,0.000000000000000000e+00,0.000000000000000000e+00,0.000000000000000000e+00,0.000000000000000000e+00,2.439024390243902524e-02,0.000000000000000000e+00,0.000000000000000000e+00,2.439024390243902524e-02,4.878048780487805047e-02,7.317073170731706877e-02,7.317073170731706877e-02,9.756097560975610095e-02,4.878048780487805047e-02,2.682926829268292845e-01,7.317073170731706877e-02,7.317073170731706877e-02,4.878048780487805047e-02,0.000000000000000000e+00,7.317073170731706877e-02,0.000000000000000000e+00,7.317073170731706877e-02
0.000000000000000000e+00,0.000000000000000000e+00,3.571428571428571230e-02,0.000000000000000000e+00,0.000000000000000000e+00,7.142857142857142461e-02,0.000000000000000000e+00,0.000000000000000000e+00,0.000000000000000000e+00,3.571428571428571230e-02,1.071428571428571369e-01,1.071428571428571369e-01,7.142857142857142461e-02,7.142857142857142461e-02,7.142857142857142461e-02,2.142857142857142738e-01,1.071428571428571369e-01,3.571428571428571230e-02,3.571428571428571230e-02,0.000000000000000000e+00,0.000000000000000000e+00,3.571428571428571230e-02
0.000000000000000000e+00,0.000000000000000000e+00,0.000000000000000000e+00,0.000000000000000000e+00,3.333333333333333287e-02,0.000000000000000000e+00,0.000000000000000000e+00,0.000000000000000000e+00,0.000000000000000000e+00,3.333333333333333287e-02,3.333333333333333287e-02,6.666666666666666574e-02,2.333333333333333370e-01,3.333333333333333287e-02,3.333333333333333287e-02,1.000000000000000056e-01,2.333333333333333370e-01,0.000000000000000000e+00,0.000000000000000000e+00,0.000000000000000000e+00,0.000000000000000000e+00,2.000000000000000111e-01
0.000000000000000000e+00,0.000000000000000000e+00,0.000000000000000000e+00,6.666666666666666574e-02,0.000000000000000000e+00,0.000000000000000000e+00,0.000000000000000000e+00,0.000000000000000000e+00,0.000000000000000000e+00,6.666666666666666574e-02,6.666666666666666574e-02,0.000000000000000000e+00,3.333333333333333148e-01,6.666666666666666574e-02,0.000000000000000000e+00,6.666666666666666574e-02,1.333333333333333315e-01,6.666666666666666574e-02,0.000000000000000000e+00,6.666666666666666574e-02,0.000000000000000000e+00,6.666666666666666574e-02
0.000000000000000000e+00,0.000000000000000000e+00,0.000000000000000000e+00,0.000000000000000000e+00,0.000000000000000000e+00,0.000000000000000000e+00,6.666666666666666574e-02,6.666666666666666574e-02,0.000000000000000000e+00,0.000000000000000000e+00,6.666666666666666574e-02,6.666666666666666574e-02,0.000000000000000000e+00,0.000000000000000000e+00,0.000000000000000000e+00,6.666666666666666574e-02,6.666666666666666574e-02,0.000000000000000000e+00,4.000000000000000222e-01,0.000000000000000000e+00,0.000000000000000000e+00,2.000000000000000111e-01
0.000000000000000000e+00,0.000000000000000000e+00,0.000000000000000000e+00,0.000000000000000000e+00,0.000000000000000000e+00,0.000000000000000000e+00,0.000000000000000000e+00,0.000000000000000000e+00,8.333333333333332871e-02,0.000000000000000000e+00,0.000000000000000000e+00,8.333333333333332871e-02,1.666666666666666574e-01,8.333333333333332871e-02,8.333333333333332871e-02,0.000000000000000000e+00,0.000000000000000000e+00,8.333333333333332871e-02,0.000000000000000000e+00,2.500000000000000000e-01,0.000000000000000000e+00,1.666666666666666574e-01
0.000000000000000000e+00,0.000000000000000000e+00,0.000000000000000000e+00,0.000000000000000000e+00,0.000000000000000000e+00,0.000000000000000000e+00,0.000000000000000000e+00,0.000000000000000000e+00,0.000000000000000000e+00,0.000000000000000000e+00,0.000000000000000000e+00,0.000000000000000000e+00,0.000000000000000000e+00,0.000000000000000000e+00,1.666666666666666574e-01,0.000000000000000000e+00,0.000000000000000000e+00,1.666666666666666574e-01,0.000000000000000000e+00,0.000000000000000000e+00,1.666666666666666574e-01,5.000000000000000000e-01
0.000000000000000000e+00,0.000000000000000000e+00,0.000000000000000000e+00,6.024096385542168988e-03,0.000000000000000000e+00,1.204819277108433798e-02,6.024096385542168988e-03,3.614457831325301046e-02,1.807228915662650523e-02,4.216867469879517771e-02,1.807228915662650523e-02,6.626506024096386060e-02,4.819277108433735191e-02,3.012048192771084321e-02,2.409638554216867595e-02,6.024096385542168988e-03,1.807228915662650523e-02,1.807228915662650523e-02,2.409638554216867595e-02,1.204819277108433798e-02,3.012048192771084321e-02,5.843373493975904109e-01
