6.884561891515994514e-01,1.126564673157162688e-01,3.755215577190542525e-02,8.344923504867872086e-03,9.735744089012517144e-03,1.390820584144645275e-03,0.000000000000000000e+00,0.000000000000000000e+00,0.000000000000000000e+00,0.000000000000000000e+00,5.563282336578581101e-03,0.000000000000000000e+00,0.000000000000000000e+00,0.000000000000000000e+00,1.390820584144645275e-03,1.390820584144645275e-03,1.390820584144645275e-03,0.000000000000000000e+00,6.954102920723227027e-03,2.225312934631432440e-02,1.029207232267037586e-01
1.385869565217391353e-01,6.032608695652174058e-01,1.222826086956521757e-01,3.532608695652173642e-02,1.902173913043478382e-02,0.000000000000000000e+00,2.717391304347826012e-03,5.434782608695652023e-03,8.152173913043478035e-03,0.000000000000000000e+00,1.086956521739130405e-02,0.000000000000000000e+00,0.000000000000000000e+00,0.000000000000000000e+00,0.000000000000000000e+00,0.000000000000000000e+00,5.434782608695652023e-03,5.434782608695652023e-03,5.434782608695652023e-03,1.630434782608695607e-02,2.173913043478260809e-02
1.325966850828729227e-01,1.602209944751381288e-01,3.646408839779005651e-01,1.436464088397789995e-01,4.419889502762430755e-02,2.209944751381215378e-02,1.657458563535911533e-02,5.524861878453038444e-03,5.524861878453038444e-03,1.657458563535911533e-02,2.209944751381215378e-02,0.000000000000000000e+00,5.524861878453038444e-03,0.000000000000000000e+00,0.000000000000000000e+00,0.000000000000000000e+00,0.000000000000000000e+00,0.000000000000000000e+00,0.000000000000000000e+00,1.104972375690607689e-02,4.972375690607734600e-02
7.438016528925620041e-02,9.090909090909091161e-02,1.074380165289256228e-01,4.628099173553719137e-01,4.958677685950413361e-02,4.958677685950413361e-02,1.652892561983471120e-02,0.000000000000000000e+00,0.000000000000000000e+00,1.652892561983471120e-02,4.132231404958677801e-02,0.000000000000000000e+00,0.000000000000000000e+00,0.000000000000000000e+00,0.000000000000000000e+00,8.264462809917355601e-03,0.000000000000000000e+00,0.000000000000000000e+00,8.264462809917355601e-03,1.652892561983471120e-02,5.785123966942148921e-02
6.896551724137930939e-02,6.896551724137930939e-02,1.034482758620689641e-01,1.724137931034482873e-01,3.275862068965517127e-01,1.206896551724137984e-01,0.000000000000000000e+00,0.000000000000000000e+00,0.000000000000000000e+00,3.448275862068965469e-02,6.896551724137930939e-02,0.000000000000000000e+00,0.000000000000000000e+00,0.000000000000000000e+00,0.000000000000000000e+00,0.000000000000000000e+00,0.000000000000000000e+00,0.000000000000000000e+00,0.000000000000000000e+00,1.724137931034482735e-02,1.724137931034482735e-02
3.125000000000000000e-02,6.250000000000000000e-02,3.125000000000000000e-02,9.375000000000000000e-02,1.875000000000000000e-01,3.125000000000000000e-02,9.375000000000000000e-02,1.250000000000000000e-01,3.125000000000000000e-02,0.000000000000000000e+00,2.500000000000000000e-01,0.000000000000000000e+00,0.000000000000000000e+00,0.000000000000000000e+00,0.000000000000000000e+00,3.125000000000000000e-02,0.000000000000000000e+00,0.000000000000000000e+00,0.000000000000000000e+00,0.000000000000000000e+00,3.125000000000000000e-02
0.000000000000000000e+00,1.428571428571428492e-01,0.000000000000000000e+00,1.428571428571428492e-01,7.142857142857142461e-02,1.428571428571428492e-01,2.142857142857142738e-01,7.142857142857142461e-02,0.000000000000000000e+00,0.000000000000000000e+00,1.428571428571428492e-01,0.000000000000000000e+00,0.000000000000000000e+00,0.000000000000000000e+00,0.000000000000000000e+00,0.000000000000000000e+00,0.000000000000000000e+00,0.000000000000000000e+00,7.142857142857142461e-02,0.000000000000000000e+00,0.000000000000000000e+00
0.000000000000000000e+00,7.692307692307692735e-02,0.000000000000000000e+00,0.000000000000000000e+00,0.000000000000000000e+00,1.538461538461538547e-01,2.307692307692307820e-01,2.307692307692307820e-01,0.000000000000000000e+00,0.000000000000000000e+00,7.692307692307692735e-02,0.000000000000000000e+00,0.000000000000000000e+00,0.000000000000000000e+00,0.000000000000000000e+00,0.000000000000000000e+00,0.000000000000000000e+00,7.692307692307692735e-02,0.000000000000000000e+00,0.000000000000000000e+00,1.538461538461538547e-01
0.000000000000000000e+00,1.000000000000000056e-01,2.000000000000000111e-01,0.000000000000000000e+00,0.000000000000000000e+00,1.000000000000000056e-01,0.000000000000000000e+00,0.000000000000000000e+00,4.000000000000000222e-01,0.000000000000000000e+00,2.000000000000000111e-01,0.000000000000000000e+00,0.000000000000000000e+00,0.000000000000000000e+00,0.000000000000000000e+00,0.000000000000000000e+00,0.000000000000000000e+00,0.000000000000000000e+00,0.000000000000000000e+00,0.000000000000000000e+00,0.000000000000000000e+00
1.000000000000000056e-01,1.000000000000000056e-01,1.000000000000000056e-01,2.000000000000000111e-01,0.000000000000000000e+00,1.000000000000000056e-01,0.000000000000000000e+00,0.000000000000000000e+00,0.000000000000000000e+00,1.000000000000000056e-01,2.999999999999999889e-01,0.000000000000000000e+00,0.000000000000000000e+00,0.000000000000000000e+00,0.000000000000000000e+00,0.000000000000000000e+00,0.000000000000000000e+00,0.000000000000000000e+00,0.000000000000000000e+00,0.000000000000000000e+00,0.000000000000000000e+00
1.095890410958904049e-01,2.739726027397260122e-02,6.849315068493150305e-02,9.589041095890410427e-02,2.739726027397260122e-02,4.109589041095890183e-02,1.369863013698630061e-02,1.369863013698630061e-02,4.109589041095890183e-02,6.849315068493150305e-02,3.561643835616438158e-01,0.000000000000000000e+00,0.000000000000000000e+00,0.000000000000000000e+00,0.000000000000000000e+00,0.000000000000000000e+00,0.000000000000000000e+00,1.369863013698630061e-02,1.369863013698630061e-02,2.739726027397260122e-02,8.219178082191780366e-02
0.000000000000000000e+00,0.000000000000000000e+00,0.000000000000000000e+00,0.000000000000000000e+00,0.000000000000000000e+00,0.000000000000000000e+00,0.000000000000000000e+00,0.000000000000000000e+00,0.000000000000000000e+00,0.000000000000000000e+00,0.000000000000000000e+00,7.826086956521739468e-01,8.695652173913043237e-02,8.695652173913043237e-02,0.000000000000000000e+00,0.000000000000000000e+00,0.000000000000000000e+00,0.000000000000000000e+00,0.000000000000000000e+00,4.347826086956521618e-02,0.000000000000000000e+00
5.882352941176470507e-02,0.000000000000000000e+00,0.000000000000000000e+00,0.000000000000000000e+00,0.000000000000000000e+00,0.000000000000000000e+00,0.000000000000000000e+00,0.000000000000000000e+00,0.000000000000000000e+00,0.000000000000000000e+00,0.000000000000000000e+00,0.000000000000000000e+00,7.647058823529411242e-01,1.764705882352941291e-01,0.000000000000000000e+00,0.000000000000000000e+00,0.000000000000000000e+00,0.000000000000000000e+00,0.000000000000000000e+00,0.000000000000000000e+00,0.000000000000000000e+00
0.000000000000000000e+00,0.000000000000000000e+00,0.000000000000000000e+00,0.000000000000000000e+00,0.000000000000000000e+00,4.166666666666666435e-02,0.000000000000000000e+00,0.000000000000000000e+00,0.000000000000000000e+00,0.000000000000000000e+00,0.000000000000000000e+00,4.166666666666666435e-02,4.166666666666666435e-02,6.666666666666666297e-01,1.666666666666666574e-01,0.000000000000000000e+00,0.000000000000000000e+00,0.000000000000000000e+00,0.000000000000000000e+00,4.166666666666666435e-02,0.000000000000000000e+00
4.761904761904761640e-02,0.000000000000000000e+00,4.761904761904761640e-02,0.000000000000000000e+00,0.000000000000000000e+00,0.000000000000000000e+00,0.000000000000000000e+00,0.000000000000000000e+00,0.000000000000000000e+00,0.000000000000000000e+00,4.761904761904761640e-02,4.761904761904761640e-02,0.000000000000000000e+00,4.761904761904761640e-02,2.857142857142856984e-01,1.428571428571428492e-01,0.000000000000000000e+00,1.904761904761904656e-01,4.761904761904761640e-02,4.761904761904761640e-02,4.761904761904761640e-02
0.000000000000000000e+00,0.000000000000000000e+00,2.941176470588235253e-02,0.000000000000000000e+00,0.000000000000000000e+00,0.000000000000000000e+00,2.941176470588235253e-02,0.000000000000000000e+00,0.000000000000000000e+00,0.000000000000000000e+00,0.000000000000000000e+00,0.000000000000000000e+00,0.000000000000000000e+00,0.000000000000000000e+00,5.882352941176470507e-02,4.705882352941176405e-01,1.176470588235294101e-01,1.470588235294117696e-01,5.882352941176470507e-02,2.941176470588235253e-02,5.882352941176470507e-02
0.000000000000000000e+00,0.000000000000000000e+00,0.000000000000000000e+00,0.000000000000000000e+00,0.000000000000000000e+00,0.000000000000000000e+00,0.000000000000000000e+00,0.000000000000000000e+00,0.000000000000000000e+00,0.000000000000000000e+00,0.000000000000000000e+00,0.000000000000000000e+00,0.000000000000000000e+00,0.000000000000000000e+00,1.923076923076923184e-02,5.769230769230769551e-02,7.115384615384615641e-01,7.692307692307692735e-02,3.846153846153846367e-02,5.769230769230769551e-02,3.846153846153846367e-02
0.000000000000000000e+00,2.941176470588235253e-02,0.000000000000000000e+00,1.960784313725490169e-02,0.000000000000000000e+00,0.000000000000000000e+00,0.000000000000000000e+00,0.000000000000000000e+00,9.803921568627450844e-03,0.000000000000000000e+00,9.803921568627450844e-03,0.000000000000000000e+00,0.000000000000000000e+00,0.000000000000000000e+00,1.960784313725490169e-02,9.803921568627450844e-03,3.921568627450980338e-02,6.470588235294117974e-01,1.470588235294117696e-01,2.941176470588235253e-02,3.921568627450980338e-02
2.976190476190476025e-02,5.952380952380952051e-03,5.952380952380952051e-03,0.000000000000000000e+00,5.952380952380952051e-03,0.000000000000000000e+00,0.000000000000000000e+00,0.000000000000000000e+00,0.000000000000000000e+00,5.952380952380952051e-03,5.952380952380952051e-03,5.952380952380952051e-03,0.000000000000000000e+00,5.952380952380952051e-03,5.952380952380952051e-03,5.952380952380952051e-03,1.190476190476190410e-02,3.571428571428571230e-02,6.488095238095238360e-01,1.785714285714285754e-01,4.166666666666666435e-02
2.964959568733153625e-02,1.617250673854447526e-02,5.390835579514825088e-03,0.000000000000000000e+00,0.000000000000000000e+00,0.000000000000000000e+00,0.000000000000000000e+00,0.000000000000000000e+00,0.000000000000000000e+00,0.000000000000000000e+00,1.347708894878706272e-02,0.000000000000000000e+00,0.000000000000000000e+00,0.000000000000000000e+00,2.695417789757412544e-03,0.000000000000000000e+00,8.086253369272237632e-03,8.086253369272237632e-03,4.582210242587601151e-02,7.142857142857143016e-01,1.563342318059299241e-01
1.392405063291139167e-01,1.772151898734177292e-02,7.594936708860759202e-03,6.329113924050632813e-03,2.531645569620253212e-03,2.531645569620253212e-03,0.000000000000000000e+00,0.000000000000000000e+00,0.000000000000000000e+00,0.000000000000000000e+00,3.797468354430379601e-03,0.000000000000000000e+00,0.000000000000000000e+00,0.000000000000000000e+00,1.265822784810126606e-03,3.797468354430379601e-03,3.797468354430379601e-03,3.797468354430379601e-03,1.265822784810126563e-02,3.797468354430379861e-02,7.569620253164557333e-01
