8.040512608515916204e-01,6.531624638280281170e-02,1.074824307565109584e-02,4.547333608929309511e-03,3.307151715584952332e-03,4.133939644481190415e-04,4.133939644481190415e-04,4.133939644481190415e-04,8.267879288962380830e-04,4.133939644481190415e-04,7.027697395618023868e-03,0.000000000000000000e+00,0.000000000000000000e+00,4.133939644481190415e-04,4.133939644481190415e-04,8.267879288962380830e-04,8.267879288962380830e-04,2.480363786688714357e-03,5.787515502273667123e-03,9.921455146754857429e-03,8.185200496072757292e-02
1.107892831281679924e-01,7.356987690079652698e-01,7.458363504706734537e-02,1.375814627081824691e-02,8.689355539464156675e-03,3.620564808110065137e-03,2.896451846488051936e-03,1.448225923244025968e-03,7.241129616220129839e-04,0.000000000000000000e+00,1.375814627081824691e-02,0.000000000000000000e+00,7.241129616220129839e-04,7.241129616220129839e-04,0.000000000000000000e+00,7.241129616220129839e-04,7.241129616220129839e-04,7.241129616220129839e-04,3.620564808110065137e-03,5.792903692976103872e-03,2.099927588703837805e-02
5.299145299145299054e-02,1.743589743589743501e-01,5.760683760683760202e-01,7.692307692307692735e-02,2.222222222222222307e-02,8.547008547008547868e-03,1.367521367521367520e-02,3.418803418803418800e-03,3.418803418803418800e-03,1.709401709401709400e-03,3.076923076923077094e-02,0.000000000000000000e+00,0.000000000000000000e+00,0.000000000000000000e+00,1.709401709401709400e-03,0.000000000000000000e+00,0.000000000000000000e+00,6.837606837606837601e-03,5.128205128205128201e-03,6.837606837606837601e-03,1.538461538461538547e-02
4.040404040404040747e-02,8.754208754208754606e-02,1.515151515151515194e-01,5.050505050505050830e-01,1.010101010101010083e-01,3.367003367003366943e-02,6.734006734006733712e-03,0.000000000000000000e+00,0.000000000000000000e+00,0.000000000000000000e+00,5.050505050505050414e-02,0.000000000000000000e+00,0.000000000000000000e+00,0.000000000000000000e+00,3.367003367003366856e-03,0.000000000000000000e+00,3.367003367003366856e-03,3.367003367003366856e-03,0.000000000000000000e+00,3.367003367003366856e-03,1.010101010101010187e-02
4.733727810650887463e-02,7.692307692307692735e-02,6.508875739644970349e-02,1.715976331360946627e-01,4.082840236686390289e-01,5.917159763313609155e-02,3.550295857988165771e-02,5.917159763313609329e-03,0.000000000000000000e+00,5.917159763313609329e-03,7.100591715976331542e-02,0.000000000000000000e+00,0.000000000000000000e+00,0.000000000000000000e+00,0.000000000000000000e+00,0.000000000000000000e+00,5.917159763313609329e-03,5.917159763313609329e-03,1.775147928994082885e-02,5.917159763313609329e-03,1.775147928994082885e-02
2.272727272727272790e-02,4.545454545454545581e-02,5.681818181818181629e-02,6.818181818181817677e-02,6.818181818181817677e-02,3.522727272727272929e-01,1.250000000000000000e-01,2.272727272727272790e-02,1.136363636363636395e-02,1.136363636363636395e-02,1.363636363636363535e-01,0.000000000000000000e+00,0.000000000000000000e+00,1.136363636363636395e-02,1.136363636363636395e-02,0.000000000000000000e+00,0.000000000000000000e+00,0.000000000000000000e+00,0.000000000000000000e+00,3.409090909090908839e-02,2.272727272727272790e-02
1.492537313432835792e-02,8.955223880597014408e-02,8.955223880597014408e-02,7.462686567164178442e-02,7.462686567164178442e-02,7.462686567164178442e-02,2.835820895522387919e-01,2.985074626865671585e-02,1.492537313432835792e-02,4.477611940298507204e-02,1.044776119402985037e-01,0.000000000000000000e+00,0.000000000000000000e+00,0.000000000000000000e+00,1.492537313432835792e-02,0.000000000000000000e+00,1.492537313432835792e-02,0.000000000000000000e+00,1.492537313432835792e-02,2.985074626865671585e-02,2.985074626865671585e-02
2.439024390243902524e-02,4.878048780487805047e-02,9.756097560975610095e-02,2.439024390243902524e-02,4.878048780487805047e-02,2.439024390243902524e-02,2.439024390243902524e-02,3.170731707317073211e-01,9.756097560975610095e-02,0.000000000000000000e+00,1.951219512195122019e-01,0.000000000000000000e+00,0.000000000000000000e+00,0.000000000000000000e+00,0.000000000000000000e+00,4.878048780487805047e-02,0.000000000000000000e+00,0.000000000000000000e+00,2.439024390243902524e-02,0.000000000000000000e+00,2.439024390243902524e-02
0.000000000000000000e+00,5.405405405405405705e-02,8.108108108108108558e-02,2.702702702702702853e-02,2.702702702702702853e-02,2.702702702702702853e-02,5.405405405405405705e-02,1.081081081081081141e-01,1.351351351351351426e-01,8.108108108108108558e-02,2.162162162162162282e-01,0.000000000000000000e+00,0.000000000000000000e+00,0.000000000000000000e+00,0.000000000000000000e+00,0.000000000000000000e+00,0.000000000000000000e+00,1.081081081081081141e-01,0.000000000000000000e+00,2.702702702702702853e-02,5.405405405405405705e-02
0.000000000000000000e+00,0.000000000000000000e+00,2.941176470588235253e-02,0.000000000000000000e+00,2.941176470588235253e-02,1.176470588235294101e-01,5.882352941176470507e-02,2.941176470588235253e-02,1.176470588235294101e-01,2.647058823529411797e-01,3.235294117647058987e-01,0.000000000000000000e+00,0.000000000000000000e+00,0.000000000000000000e+00,0.000000000000000000e+00,0.000000000000000000e+00,0.000000000000000000e+00,0.000000000000000000e+00,2.941176470588235253e-02,0.000000000000000000e+00,0.000000000000000000e+00
5.035971223021582649e-02,3.117505995203836977e-02,3.357314148681055099e-02,1.438848920863309427e-02,2.637889688249400386e-02,2.877697841726618855e-02,2.877697841726618855e-02,1.918465227817745672e-02,2.398081534772182263e-02,3.117505995203836977e-02,5.203836930455635335e-01,9.592326139088728360e-03,4.796163069544364180e-03,4.796163069544364180e-03,0.000000000000000000e+00,1.678657074340527550e-02,1.199040767386091132e-02,1.678657074340527550e-02,2.637889688249400386e-02,3.597122302158273222e-02,6.474820143884892076e-02
0.000000000000000000e+00,0.000000000000000000e+00,0.000000000000000000e+00,0.000000000000000000e+00,5.649717514124293766e-03,5.649717514124293766e-03,0.000000000000000000e+00,0.000000000000000000e+00,0.000000000000000000e+00,0.000000000000000000e+00,5.649717514124293766e-03,8.813559322033898136e-01,3.954802259887005983e-02,1.129943502824858753e-02,2.259887005649717506e-02,0.000000000000000000e+00,5.649717514124293766e-03,1.129943502824858753e-02,5.649717514124293766e-03,5.649717514124293766e-03,0.000000000000000000e+00
0.000000000000000000e+00,1.136363636363636395e-02,0.000000000000000000e+00,0.000000000000000000e+00,0.000000000000000000e+00,0.000000000000000000e+00,0.000000000000000000e+00,0.000000000000000000e+00,0.000000000000000000e+00,0.000000000000000000e+00,1.136363636363636395e-02,7.954545454545454419e-02,8.181818181818182323e-01,4.545454545454545581e-02,1.136363636363636395e-02,0.000000000000000000e+00,1.136363636363636395e-02,1.136363636363636395e-02,0.000000000000000000e+00,0.000000000000000000e+00,0.000000000000000000e+00
2.564102564102564014e-02,1.282051282051282007e-02,0.000000000000000000e+00,0.000000000000000000e+00,0.000000000000000000e+00,0.000000000000000000e+00,0.000000000000000000e+00,0.000000000000000000e+00,0.000000000000000000e+00,0.000000000000000000e+00,1.282051282051282007e-02,0.000000000000000000e+00,5.128205128205128027e-02,7.179487179487179516e-01,5.128205128205128027e-02,5.128205128205128027e-02,1.282051282051282007e-02,1.282051282051282007e-02,0.000000000000000000e+00,1.282051282051282007e-02,3.846153846153846367e-02
7.874015748031495954e-03,0.000000000000000000e+00,0.000000000000000000e+00,0.000000000000000000e+00,0.000000000000000000e+00,0.000000000000000000e+00,0.000000000000000000e+00,0.000000000000000000e+00,0.000000000000000000e+00,0.000000000000000000e+00,2.362204724409448786e-02,2.362204724409448786e-02,2.362204724409448786e-02,4.724409448818897572e-02,7.086614173228346081e-01,1.023622047244094474e-01,1.574803149606299191e-02,2.362204724409448786e-02,1.574803149606299191e-02,0.000000000000000000e+00,7.874015748031495954e-03
1.474926253687315614e-02,0.000000000000000000e+00,0.000000000000000000e+00,5.899705014749262455e-03,5.899705014749262455e-03,0.000000000000000000e+00,0.000000000000000000e+00,0.000000000000000000e+00,0.000000000000000000e+00,0.000000000000000000e+00,8.849557522123893682e-03,2.949852507374631227e-03,2.949852507374631227e-03,0.000000000000000000e+00,5.604719764011799332e-02,7.433628318584071248e-01,1.002949852507374617e-01,1.769911504424778736e-02,5.899705014749262455e-03,2.064896755162241859e-02,1.474926253687315614e-02
6.976744186046511531e-03,2.325581395348837177e-03,4.651162790697674354e-03,2.325581395348837177e-03,0.000000000000000000e+00,0.000000000000000000e+00,2.325581395348837177e-03,0.000000000000000000e+00,0.000000000000000000e+00,0.000000000000000000e+00,1.162790697674418589e-02,6.976744186046511531e-03,0.000000000000000000e+00,2.325581395348837177e-03,4.651162790697674354e-03,7.441860465116278966e-02,7.209302325581394832e-01,1.023255813953488358e-01,3.255813953488372048e-02,1.627906976744186024e-02,9.302325581395348708e-03
6.462035541195476976e-03,0.000000000000000000e+00,3.231017770597738488e-03,4.846526655896607298e-03,0.000000000000000000e+00,0.000000000000000000e+00,0.000000000000000000e+00,1.615508885298869244e-03,3.231017770597738488e-03,0.000000000000000000e+00,1.130856219709208341e-02,3.231017770597738488e-03,0.000000000000000000e+00,1.615508885298869244e-03,1.615508885298869244e-03,1.130856219709208341e-02,6.462035541195476629e-02,7.302100161550888480e-01,1.130856219709208410e-01,2.746365105008077498e-02,1.615508885298869157e-02
8.849557522123893682e-03,4.424778761061946841e-03,7.079646017699114946e-03,3.539823008849557473e-03,3.539823008849557473e-03,0.000000000000000000e+00,0.000000000000000000e+00,0.000000000000000000e+00,8.849557522123893682e-04,8.849557522123893682e-04,3.539823008849557473e-03,0.000000000000000000e+00,0.000000000000000000e+00,0.000000000000000000e+00,1.769911504424778736e-03,3.539823008849557473e-03,4.424778761061946841e-03,6.106194690265486641e-02,7.831858407079645978e-01,1.000000000000000056e-01,1.327433628318584052e-02
1.497860199714693211e-02,4.279600570613409545e-03,2.853067047075606363e-03,0.000000000000000000e+00,2.139800285306704773e-03,1.426533523537803182e-03,0.000000000000000000e+00,0.000000000000000000e+00,7.132667617689015908e-04,0.000000000000000000e+00,1.426533523537803182e-02,7.132667617689015908e-04,0.000000000000000000e+00,0.000000000000000000e+00,2.139800285306704773e-03,4.279600570613409545e-03,9.272467902995721115e-03,1.355206847360912979e-02,8.416547788873038338e-02,7.631954350927246944e-01,8.202567760342367731e-02
8.869075551384326961e-02,1.220084467386203624e-02,3.754106053496011116e-03,4.223369310183012343e-03,4.692632566870013895e-04,9.385265133740027790e-04,9.385265133740027790e-04,0.000000000000000000e+00,4.692632566870013895e-04,9.385265133740027790e-04,8.916001877053027214e-03,0.000000000000000000e+00,0.000000000000000000e+00,4.692632566870013895e-04,0.000000000000000000e+00,9.385265133740027790e-04,1.877053026748005558e-03,3.754106053496011116e-03,7.977475363679023893e-03,5.396527451900515887e-02,8.094791177850774178e-01
