3.648648648648648574e-01,3.378378378378378288e-01,1.216216216216216284e-01,1.486486486486486569e-01,1.351351351351351426e-02,1.351351351351351426e-02,0.000000000000000000e+00,0.000000000000000000e+00,0.000000000000000000e+00,0.000000000000000000e+00,0.000000000000000000e+00,0.000000000000000000e+00,0.000000000000000000e+00,0.000000000000000000e+00,0.000000000000000000e+00,0.000000000000000000e+00,0.000000000000000000e+00,0.000000000000000000e+00,0.000000000000000000e+00,0.000000000000000000e+00,0.000000000000000000e+00,0.000000000000000000e+00
1.391941391941392027e-02,8.600732600732601263e-01,1.091575091575091583e-01,1.098901098901098987e-02,2.197802197802197800e-03,1.465201465201465200e-03,1.465201465201465200e-03,0.000000000000000000e+00,0.000000000000000000e+00,0.000000000000000000e+00,0.000000000000000000e+00,0.000000000000000000e+00,0.000000000000000000e+00,0.000000000000000000e+00,0.000000000000000000e+00,0.000000000000000000e+00,0.000000000000000000e+00,0.000000000000000000e+00,0.000000000000000000e+00,0.000000000000000000e+00,0.000000000000000000e+00,7.326007326007326001e-04
2.857959416976278786e-03,3.715347242069162725e-02,8.651043155187195799e-01,8.259502715061446676e-02,4.001143183766790387e-03,2.572163475278651211e-03,5.715918833952558006e-04,2.857959416976279003e-04,2.857959416976279003e-04,8.573878250928837009e-04,2.857959416976279003e-04,2.857959416976279003e-04,5.715918833952558006e-04,2.857959416976279003e-04,0.000000000000000000e+00,0.000000000000000000e+00,0.000000000000000000e+00,0.000000000000000000e+00,2.857959416976279003e-04,0.000000000000000000e+00,0.000000000000000000e+00,2.000571591883395194e-03
1.258125393164185365e-03,2.516250786328370730e-03,5.451876703711469596e-02,8.804780876494023856e-01,4.676032711260222352e-02,4.613126441602013149e-03,1.467812958691549520e-03,8.387502621094569460e-04,2.096875655273642365e-04,6.290626965820926824e-04,6.290626965820926824e-04,0.000000000000000000e+00,6.290626965820926824e-04,2.096875655273642365e-04,2.096875655273642365e-04,4.193751310547284730e-04,0.000000000000000000e+00,2.096875655273642365e-04,2.096875655273642365e-04,0.000000000000000000e+00,4.193751310547284730e-04,3.774376179492556094e-03
2.245508982035928063e-03,2.994011976047904373e-03,1.122754491017964075e-02,1.399700598802395279e-01,7.470059880239521277e-01,6.661676646706586602e-02,8.982035928143712253e-03,5.239520958083832003e-03,0.000000000000000000e+00,2.245508982035928063e-03,7.485029940119760933e-04,7.485029940119760933e-04,0.000000000000000000e+00,2.245508982035928063e-03,2.245508982035928063e-03,0.000000000000000000e+00,0.000000000000000000e+00,0.000000000000000000e+00,0.000000000000000000e+00,7.485029940119760933e-04,0.000000000000000000e+00,6.736526946107784623e-03
0.000000000000000000e+00,5.665722379603399701e-03,2.832861189801699764e-02,6.515580736543909179e-02,2.067988668555240661e-01,5.665722379603399528e-01,6.515580736543909179e-02,8.498583569405099986e-03,8.498583569405099986e-03,1.133144475920679940e-02,5.665722379603399701e-03,5.665722379603399701e-03,0.000000000000000000e+00,5.665722379603399701e-03,0.000000000000000000e+00,0.000000000000000000e+00,0.000000000000000000e+00,0.000000000000000000e+00,2.832861189801699851e-03,0.000000000000000000e+00,0.000000000000000000e+00,1.416430594900849882e-02
0.000000000000000000e+00,0.000000000000000000e+00,1.829268292682926719e-02,5.487804878048780505e-02,9.146341463414633943e-02,1.585365853658536606e-01,5.731707317073170271e-01,4.268292682926829590e-02,1.219512195121951262e-02,0.000000000000000000e+00,6.097560975609756309e-03,0.000000000000000000e+00,0.000000000000000000e+00,1.219512195121951262e-02,6.097560975609756309e-03,1.219512195121951262e-02,0.000000000000000000e+00,0.000000000000000000e+00,6.097560975609756309e-03,0.000000000000000000e+00,0.000000000000000000e+00,6.097560975609756309e-03
0.000000000000000000e+00,1.315789473684210453e-02,1.315789473684210453e-02,5.263157894736841813e-02,5.263157894736841813e-02,7.894736842105262720e-02,1.184210526315789408e-01,4.342105263157894912e-01,1.052631578947368363e-01,1.315789473684210453e-02,1.315789473684210453e-02,0.000000000000000000e+00,0.000000000000000000e+00,1.315789473684210453e-02,0.000000000000000000e+00,0.000000000000000000e+00,1.315789473684210453e-02,0.000000000000000000e+00,0.000000000000000000e+00,0.000000000000000000e+00,0.000000000000000000e+00,7.894736842105262720e-02
0.000000000000000000e+00,0.000000000000000000e+00,3.333333333333333287e-02,1.666666666666666644e-02,0.000000000000000000e+00,5.000000000000000278e-02,6.666666666666666574e-02,6.666666666666666574e-02,5.333333333333333259e-01,6.666666666666666574e-02,5.000000000000000278e-02,3.333333333333333287e-02,1.666666666666666644e-02,1.666666666666666644e-02,1.666666666666666644e-02,0.000000000000000000e+00,0.000000000000000000e+00,0.000000000000000000e+00,0.000000000000000000e+00,0.000000000000000000e+00,0.000000000000000000e+00,3.333333333333333287e-02
0.000000000000000000e+00,0.000000000000000000e+00,3.333333333333333287e-02,1.000000000000000056e-01,3.333333333333333287e-02,3.333333333333333287e-02,1.000000000000000056e-01,0.000000000000000000e+00,1.666666666666666574e-01,2.333333333333333370e-01,3.333333333333333287e-02,1.000000000000000056e-01,0.000000000000000000e+00,3.333333333333333287e-02,0.000000000000000000e+00,0.000000000000000000e+00,3.333333333333333287e-02,0.000000000000000000e+00,0.000000000000000000e+00,0.000000000000000000e+00,0.000000000000000000e+00,1.000000000000000056e-01
0.000000000000000000e+00,0.000000000000000000e+00,3.448275862068965469e-02,6.896551724137930939e-02,0.000000000000000000e+00,3.448275862068965469e-02,6.896551724137930939e-02,6.896551724137930939e-02,3.448275862068965469e-02,3.448275862068965469e-02,3.448275862068965747e-01,1.724137931034482873e-01,0.000000000000000000e+00,3.448275862068965469e-02,0.000000000000000000e+00,0.000000000000000000e+00,0.000000000000000000e+00,0.000000000000000000e+00,0.000000000000000000e+00,0.000000000000000000e+00,0.000000000000000000e+00,1.034482758620689641e-01
2.272727272727272790e-02,0.000000000000000000e+00,0.000000000000000000e+00,2.272727272727272790e-02,1.363636363636363535e-01,0.000000000000000000e+00,0.000000000000000000e+00,0.000000000000000000e+00,0.000000000000000000e+00,2.272727272727272790e-02,2.272727272727272790e-02,5.909090909090909394e-01,6.818181818181817677e-02,2.272727272727272790e-02,0.000000000000000000e+00,2.272727272727272790e-02,0.000000000000000000e+00,0.000000000000000000e+00,0.000000000000000000e+00,0.000000000000000000e+00,0.000000000000000000e+00,6.818181818181817677e-02
0.000000000000000000e+00,0.000000000000000000e+00,1.000000000000000056e-01,2.000000000000000111e-01,0.000000000000000000e+00,0.000000000000000000e+00,0.000000000000000000e+00,5.000000000000000278e-02,0.000000000000000000e+00,0.000000000000000000e+00,5.000000000000000278e-02,1.499999999999999944e-01,4.000000000000000222e-01,0.000000000000000000e+00,0.000000000000000000e+00,0.000000000000000000e+00,5.000000000000000278e-02,0.000000000000000000e+00,0.000000000000000000e+00,0.000000000000000000e+00,0.000000000000000000e+00,0.000000000000000000e+00
0.000000000000000000e+00,0.000000000000000000e+00,0.000000000000000000e+00,1.000000000000000056e-01,1.000000000000000056e-01,1.000000000000000056e-01,3.333333333333333287e-02,6.666666666666666574e-02,3.333333333333333287e-02,3.333333333333333287e-02,0.000000000000000000e+00,0.000000000000000000e+00,0.000000000000000000e+00,2.000000000000000111e-01,1.000000000000000056e-01,0.000000000000000000e+00,0.000000000000000000e+00,6.666666666666666574e-02,0.000000000000000000e+00,0.000000000000000000e+00,3.333333333333333287e-02,1.333333333333333315e-01
0.000000000000000000e+00,0.000000000000000000e+00,9.090909090909091161e-02,9.090909090909091161e-02,1.818181818181818232e-01,0.000000000000000000e+00,0.000000000000000000e+00,9.090909090909091161e-02,0.000000000000000000e+00,0.000000000000000000e+00,9.090909090909091161e-02,0.000000000000000000e+00,0.000000000000000000e+00,9.090909090909091161e-02,9.090909090909091161e-02,9.090909090909091161e-02,9.090909090909091161e-02,0.000000000000000000e+00,9.090909090909091161e-02,0.000000000000000000e+00,0.000000000000000000e+00,0.000000000000000000e+00
0.000000000000000000e+00,0.000000000000000000e+00,9.090909090909091161e-02,1.818181818181818232e-01,9.090909090909091161e-02,0.000000000000000000e+00,0.000000000000000000e+00,0.000000000000000000e+00,0.000000000000000000e+00,0.000000000000000000e+00,9.090909090909091161e-02,0.000000000000000000e+00,0.000000000000000000e+00,0.000000000000000000e+00,0.000000000000000000e+00,1.818181818181818232e-01,0.000000000000000000e+00,1.818181818181818232e-01,0.000000000000000000e+00,9.090909090909091161e-02,0.000000000000000000e+00,9.090909090909091161e-02
0.000000000000000000e+00,0.000000000000000000e+00,0.000000000000000000e+00,0.000000000000000000e+00,9.090909090909091161e-02,0.000000000000000000e+00,0.000000000000000000e+00,0.000000000000000000e+00,0.000000000000000000e+00,9.090909090909091161e-02,0.000000000000000000e+00,0.000000000000000000e+00,0.000000000000000000e+00,1.818181818181818232e-01,9.090909090909091161e-02,0.000000000000000000e+00,3.636363636363636465e-01,9.090909090909091161e-02,0.000000000000000000e+00,0.000000000000000000e+00,0.000000000000000000e+00,9.090909090909091161e-02
0.000000000000000000e+00,0.000000000000000000e+00,0.000000000000000000e+00,0.000000000000000000e+00,1.111111111111111049e-01,1.111111111111111049e-01,0.000000000000000000e+00,0.000000000000000000e+00,0.000000000000000000e+00,0.000000000000000000e+00,0.000000000000000000e+00,1.111111111111111049e-01,0.000000000000000000e+00,0.000000000000000000e+00,0.000000000000000000e+00,3.333333333333333148e-01,1.111111111111111049e-01,1.111111111111111049e-01,0.000000000000000000e+00,0.000000000000000000e+00,0.000000000000000000e+00,1.111111111111111049e-01
0.000000000000000000e+00,0.000000000000000000e+00,9.090909090909091161e-02,0.000000000000000000e+00,9.090909090909091161e-02,0.000000000000000000e+00,0.000000000000000000e+00,1.818181818181818232e-01,9.090909090909091161e-02,0.000000000000000000e+00,0.000000000000000000e+00,0.000000000000000000e+00,9.090909090909091161e-02,9.090909090909091161e-02,0.000000000000000000e+00,0.000000000000000000e+00,0.000000000000000000e+00,0.000000000000000000e+00,9.090909090909091161e-02,0.000000000000000000e+00,2.727272727272727071e-01,0.000000000000000000e+00
0.000000000000000000e+00,0.000000000000000000e+00,0.000000000000000000e+00,0.000000000000000000e+00,0.000000000000000000e+00,0.000000000000000000e+00,0.000000000000000000e+00,5.000000000000000000e-01,0.000000000000000000e+00,0.000000000000000000e+00,0.000000000000000000e+00,0.000000000000000000e+00,0.000000000000000000e+00,0.000000000000000000e+00,0.000000000000000000e+00,5.000000000000000000e-01,0.000000000000000000e+00,0.000000000000000000e+00,0.000000000000000000e+00,0.000000000000000000e+00,0.000000000000000000e+00,0.000000000000000000e+00
0.000000000000000000e+00,0.000000000000000000e+00,9.090909090909091161e-02,2.727272727272727071e-01,0.000000000000000000e+00,9.090909090909091161e-02,9.090909090909091161e-02,9.090909090909091161e-02,0.000000000000000000e+00,0.000000000000000000e+00,9.090909090909091161e-02,0.000000000000000000e+00,0.000000000000000000e+00,9.090909090909091161e-02,0.000000000000000000e+00,0.000000000000000000e+00,0.000000000000000000e+00,0.000000000000000000e+00,9.090909090909091161e-02,0.000000000000000000e+00,9.090909090909091161e-02,0.000000000000000000e+00
1.418439716312056703e-02,7.092198581560283516e-03,2.127659574468085055e-02,8.510638297872340219e-02,6.382978723404254817e-02,2.836879432624113406e-02,1.418439716312056703e-02,3.546099290780142105e-02,4.255319148936170109e-02,7.092198581560283516e-03,1.418439716312056703e-02,0.000000000000000000e+00,1.418439716312056703e-02,4.255319148936170109e-02,0.000000000000000000e+00,0.000000000000000000e+00,0.000000000000000000e+00,1.418439716312056703e-02,2.127659574468085055e-02,0.000000000000000000e+00,2.127659574468085055e-02,5.531914893617021489e-01
