7.408071748878923835e-01,8.968609865470851539e-02,2.421524663677130165e-02,7.623318385650224016e-03,5.381165919282511478e-03,2.242152466367712971e-03,0.000000000000000000e+00,1.793721973094170421e-03,4.484304932735426051e-04,4.484304932735426051e-04,7.623318385650224016e-03,4.484304932735426051e-04,8.968609865470852103e-04,0.000000000000000000e+00,1.793721973094170421e-03,1.345291479820627870e-03,1.345291479820627870e-03,2.242152466367712971e-03,6.278026905829596147e-03,1.524663677130044803e-02,9.013452914798206206e-02
1.349419124218051713e-01,6.452189454870419505e-01,1.000893655049151093e-01,2.144772117962466529e-02,1.429848078641644295e-02,4.468275245755138313e-03,1.787310098302055368e-03,2.680965147453083161e-03,2.680965147453083161e-03,2.680965147453083161e-03,1.340482573726541581e-02,0.000000000000000000e+00,0.000000000000000000e+00,0.000000000000000000e+00,8.936550491510276842e-04,8.936550491510276842e-04,2.680965147453083161e-03,2.680965147453083161e-03,7.149240393208221474e-03,1.429848078641644295e-02,2.770330652368185875e-02
9.640831758034026922e-02,1.474480151228733382e-01,4.725897920604915092e-01,1.001890359168241956e-01,3.591682419659735642e-02,1.701323251417769314e-02,1.323251417769376152e-02,5.671077504725898291e-03,3.780718336483932050e-03,5.671077504725898291e-03,3.213610586011342307e-02,1.890359168241966025e-03,1.890359168241966025e-03,1.890359168241966025e-03,0.000000000000000000e+00,5.671077504725898291e-03,1.890359168241966025e-03,3.780718336483932050e-03,3.780718336483932050e-03,1.890359168241965981e-02,3.024574669187145640e-02
6.481481481481481122e-02,8.641975308641974829e-02,1.172839506172839441e-01,4.475308641975308532e-01,7.407407407407406996e-02,2.777777777777777624e-02,2.469135802469135665e-02,9.259259259259258745e-03,6.172839506172839164e-03,6.172839506172839164e-03,4.629629629629629373e-02,6.172839506172839164e-03,3.086419753086419582e-03,0.000000000000000000e+00,0.000000000000000000e+00,6.172839506172839164e-03,3.086419753086419582e-03,0.000000000000000000e+00,6.172839506172839164e-03,1.851851851851851749e-02,4.629629629629629373e-02
5.789473684210526272e-02,5.263157894736841813e-02,7.368421052631578261e-02,1.105263157894736809e-01,4.052631578947368252e-01,8.947368421052631637e-02,4.736842105263158048e-02,5.263157894736841987e-03,0.000000000000000000e+00,2.105263157894736795e-02,8.421052631578947179e-02,1.052631578947368397e-02,0.000000000000000000e+00,1.052631578947368397e-02,0.000000000000000000e+00,0.000000000000000000e+00,0.000000000000000000e+00,0.000000000000000000e+00,0.000000000000000000e+00,5.263157894736841987e-03,2.631578947368420907e-02
2.970297029702970160e-02,3.960396039603960444e-02,4.950495049504950729e-02,1.089108910891089105e-01,1.584158415841584178e-01,2.475247524752475226e-01,4.950495049504950729e-02,3.960396039603960444e-02,3.960396039603960444e-02,0.000000000000000000e+00,1.386138613861386260e-01,9.900990099009901110e-03,0.000000000000000000e+00,0.000000000000000000e+00,0.000000000000000000e+00,9.900990099009901110e-03,1.980198019801980222e-02,0.000000000000000000e+00,1.980198019801980222e-02,9.900990099009901110e-03,2.970297029702970160e-02
2.702702702702702853e-02,6.756756756756757132e-02,6.756756756756757132e-02,9.459459459459459985e-02,9.459459459459459985e-02,6.756756756756757132e-02,3.108108108108108003e-01,4.054054054054054279e-02,2.702702702702702853e-02,0.000000000000000000e+00,1.081081081081081141e-01,1.351351351351351426e-02,0.000000000000000000e+00,0.000000000000000000e+00,0.000000000000000000e+00,1.351351351351351426e-02,0.000000000000000000e+00,1.351351351351351426e-02,4.054054054054054279e-02,0.000000000000000000e+00,1.351351351351351426e-02
1.886792452830188607e-02,7.547169811320754429e-02,0.000000000000000000e+00,1.886792452830188607e-02,1.886792452830188607e-02,3.773584905660377214e-02,1.132075471698113234e-01,3.018867924528301772e-01,5.660377358490566169e-02,1.886792452830188607e-02,1.886792452830188815e-01,0.000000000000000000e+00,0.000000000000000000e+00,0.000000000000000000e+00,0.000000000000000000e+00,0.000000000000000000e+00,3.773584905660377214e-02,1.886792452830188607e-02,0.000000000000000000e+00,1.886792452830188607e-02,7.547169811320754429e-02
7.547169811320754429e-02,1.886792452830188607e-02,5.660377358490566169e-02,3.773584905660377214e-02,5.660377358490566169e-02,3.773584905660377214e-02,0.000000000000000000e+00,0.000000000000000000e+00,2.452830188679245293e-01,3.773584905660377214e-02,1.886792452830188815e-01,0.000000000000000000e+00,0.000000000000000000e+00,0.000000000000000000e+00,0.000000000000000000e+00,3.773584905660377214e-02,1.886792452830188607e-02,3.773584905660377214e-02,5.660377358490566169e-02,7.547169811320754429e-02,1.886792452830188607e-02
2.857142857142857054e-02,5.714285714285714107e-02,2.857142857142857054e-02,8.571428571428571508e-02,2.857142857142857054e-02,2.857142857142857054e-02,5.714285714285714107e-02,2.857142857142857054e-02,1.142857142857142821e-01,1.428571428571428492e-01,2.571428571428571175e-01,0.000000000000000000e+00,0.000000000000000000e+00,0.000000000000000000e+00,0.000000000000000000e+00,2.857142857142857054e-02,0.000000000000000000e+00,2.857142857142857054e-02,0.000000000000000000e+00,0.000000000000000000e+00,8.571428571428571508e-02
4.089979550102249700e-02,3.885480572597137250e-02,3.476482617586912349e-02,5.112474437627811952e-02,2.249488752556237300e-02,2.249488752556237300e-02,1.840490797546012400e-02,2.658486707566462201e-02,2.249488752556237300e-02,3.067484662576687102e-02,4.867075664621676734e-01,2.453987730061349751e-02,4.089979550102249874e-03,8.179959100204499747e-03,6.134969325153374377e-03,1.022494887525562425e-02,4.089979550102249874e-03,1.840490797546012400e-02,3.680981595092024800e-02,3.885480572597137250e-02,5.316973415132924402e-02
3.766478342749529033e-03,0.000000000000000000e+00,3.766478342749529033e-03,1.883239171374764516e-03,1.883239171374764516e-03,1.883239171374764516e-03,0.000000000000000000e+00,0.000000000000000000e+00,0.000000000000000000e+00,0.000000000000000000e+00,1.129943502824858753e-02,9.058380414312617868e-01,3.013182674199623226e-02,1.506591337099811613e-02,5.649717514124293766e-03,7.532956685499058065e-03,5.649717514124293766e-03,0.000000000000000000e+00,0.000000000000000000e+00,3.766478342749529033e-03,1.883239171374764516e-03
6.329113924050632813e-03,0.000000000000000000e+00,0.000000000000000000e+00,0.000000000000000000e+00,0.000000000000000000e+00,6.329113924050632813e-03,0.000000000000000000e+00,0.000000000000000000e+00,0.000000000000000000e+00,0.000000000000000000e+00,1.265822784810126563e-02,8.227848101265822223e-02,7.531645569620253333e-01,8.227848101265822223e-02,1.898734177215189931e-02,1.265822784810126563e-02,0.000000000000000000e+00,0.000000000000000000e+00,6.329113924050632813e-03,6.329113924050632813e-03,1.265822784810126563e-02
9.900990099009901110e-03,0.000000000000000000e+00,0.000000000000000000e+00,4.950495049504950555e-03,0.000000000000000000e+00,4.950495049504950555e-03,0.000000000000000000e+00,0.000000000000000000e+00,0.000000000000000000e+00,0.000000000000000000e+00,9.900990099009901110e-03,2.970297029702970160e-02,5.445544554455445524e-02,7.128712871287128383e-01,1.039603960396039556e-01,1.485148514851485080e-02,1.485148514851485080e-02,1.980198019801980222e-02,4.950495049504950555e-03,4.950495049504950555e-03,9.900990099009901110e-03
5.813953488372092943e-03,0.000000000000000000e+00,5.813953488372092943e-03,0.000000000000000000e+00,0.000000000000000000e+00,0.000000000000000000e+00,5.813953488372092943e-03,0.000000000000000000e+00,5.813953488372092943e-03,0.000000000000000000e+00,2.325581395348837177e-02,4.069767441860465407e-02,1.162790697674418589e-02,9.883720930232557655e-02,5.465116279069767158e-01,1.279069767441860517e-01,2.906976744186046471e-02,3.488372093023255766e-02,2.906976744186046471e-02,2.906976744186046471e-02,5.813953488372092943e-03
6.578947368421052266e-03,0.000000000000000000e+00,6.578947368421052266e-03,9.868421052631578400e-03,0.000000000000000000e+00,3.289473684210526133e-03,9.868421052631578400e-03,3.289473684210526133e-03,9.868421052631578400e-03,0.000000000000000000e+00,2.631578947368420907e-02,6.578947368421052266e-03,3.289473684210526133e-03,9.868421052631578400e-03,8.223684210526316374e-02,6.480263157894736725e-01,8.552631578947368640e-02,4.276315789473684320e-02,2.631578947368420907e-02,6.578947368421052266e-03,1.315789473684210453e-02
5.263157894736841987e-03,0.000000000000000000e+00,2.631578947368420993e-03,0.000000000000000000e+00,0.000000000000000000e+00,5.263157894736841987e-03,0.000000000000000000e+00,2.631578947368420993e-03,2.631578947368420993e-03,0.000000000000000000e+00,7.894736842105263414e-03,5.263157894736841987e-03,5.263157894736841987e-03,7.894736842105263414e-03,2.105263157894736795e-02,7.105263157894736725e-02,6.815789473684210620e-01,1.052631578947368363e-01,3.157894736842105365e-02,3.157894736842105365e-02,1.315789473684210453e-02
7.485029940119760500e-03,5.988023952095808747e-03,2.994011976047904373e-03,4.491017964071856126e-03,2.994011976047904373e-03,0.000000000000000000e+00,0.000000000000000000e+00,1.497005988023952187e-03,2.994011976047904373e-03,0.000000000000000000e+00,1.796407185628742451e-02,0.000000000000000000e+00,0.000000000000000000e+00,1.497005988023952187e-03,8.982035928143712253e-03,1.347305389221556925e-02,4.491017964071856300e-02,7.290419161676646720e-01,9.880239520958083999e-02,3.443113772455089899e-02,2.245508982035928150e-02
1.653803748621830369e-02,5.512679162072767029e-03,5.512679162072767029e-03,2.205071664829106985e-03,1.102535832414553493e-03,1.102535832414553493e-03,3.307607497243660478e-03,2.205071664829106985e-03,1.102535832414553493e-03,2.205071664829106985e-03,1.433296582138919584e-02,3.307607497243660478e-03,1.102535832414553493e-03,2.205071664829106985e-03,4.410143329658213970e-03,6.615214994487320956e-03,1.323042998897464191e-02,5.843439911797133207e-02,6.990077177508269290e-01,1.334068357221609713e-01,2.315325248070562378e-02
2.293577981651376274e-02,1.376146788990825764e-02,5.242463958060288379e-03,2.621231979030144189e-03,0.000000000000000000e+00,1.310615989515072095e-03,0.000000000000000000e+00,0.000000000000000000e+00,0.000000000000000000e+00,0.000000000000000000e+00,1.441677588466579348e-02,1.310615989515072095e-03,0.000000000000000000e+00,1.310615989515072095e-03,1.310615989515072095e-03,1.965923984272607925e-03,7.208387942332896738e-03,1.507208387942332931e-02,5.832241153342070800e-02,7.273918741808650390e-01,1.258191349934469072e-01
1.263053207359522701e-01,2.287419194430631575e-02,4.972650422675285731e-03,4.475385380407757505e-03,2.486325211337642865e-03,1.989060169070114206e-03,4.972650422675285514e-04,4.972650422675285514e-04,4.972650422675285514e-04,1.491795126802585763e-03,8.950770760815515009e-03,0.000000000000000000e+00,4.972650422675285514e-04,0.000000000000000000e+00,1.491795126802585763e-03,3.480855295872700185e-03,2.983590253605171525e-03,4.972650422675285731e-03,1.442068622575832897e-02,6.414719045251118801e-02,7.329686723023371986e-01
