9.017094017094017255e-01,2.350427350427350404e-02,1.709401709401709574e-02,4.273504273504273934e-03,8.547008547008547868e-03,8.547008547008547868e-03,2.136752136752136967e-03,2.136752136752136967e-03,4.273504273504273934e-03,2.136752136752136967e-03,0.000000000000000000e+00,2.136752136752136967e-03,2.136752136752136967e-03,0.000000000000000000e+00,0.000000000000000000e+00,0.000000000000000000e+00,2.136752136752136967e-03,0.000000000000000000e+00,0.000000000000000000e+00,0.000000000000000000e+00,0.000000000000000000e+00,1.923076923076923184e-02
8.035714285714286309e-02,6.607142857142856984e-01,1.339285714285714246e-01,3.571428571428571230e-02,2.678571428571428423e-02,0.000000000000000000e+00,0.000000000000000000e+00,8.928571428571428076e-03,8.928571428571428076e-03,0.000000000000000000e+00,0.000000000000000000e+00,1.785714285714285615e-02,0.000000000000000000e+00,0.000000000000000000e+00,8.928571428571428076e-03,0.000000000000000000e+00,0.000000000000000000e+00,0.000000000000000000e+00,0.000000000000000000e+00,0.000000000000000000e+00,0.000000000000000000e+00,1.785714285714285615e-02
2.551020408163265363e-02,9.693877551020407823e-02,7.244897959183673741e-01,6.632653061224490221e-02,1.530612244897959148e-02,1.020408163265306041e-02,3.061224489795918297e-02,1.020408163265306041e-02,5.102040816326530205e-03,0.000000000000000000e+00,0.000000000000000000e+00,0.000000000000000000e+00,0.000000000000000000e+00,0.000000000000000000e+00,0.000000000000000000e+00,0.000000000000000000e+00,0.000000000000000000e+00,0.000000000000000000e+00,0.000000000000000000e+00,0.000000000000000000e+00,0.000000000000000000e+00,1.530612244897959148e-02
1.041666666666666609e-02,1.562500000000000000e-02,6.250000000000000000e-02,7.187500000000000000e-01,1.250000000000000000e-01,1.041666666666666609e-02,5.208333333333333044e-03,1.041666666666666609e-02,0.000000000000000000e+00,1.562500000000000000e-02,5.208333333333333044e-03,0.000000000000000000e+00,0.000000000000000000e+00,0.000000000000000000e+00,5.208333333333333044e-03,5.208333333333333044e-03,0.000000000000000000e+00,0.000000000000000000e+00,5.208333333333333044e-03,0.000000000000000000e+00,0.000000000000000000e+00,5.208333333333333044e-03
1.127819548872180389e-02,3.759398496240601295e-03,7.518796992481202590e-03,6.015037593984962072e-02,7.180451127819549306e-01,9.022556390977443108e-02,1.879699248120300648e-02,2.255639097744360777e-02,3.759398496240601295e-03,7.518796992481202590e-03,7.518796992481202590e-03,7.518796992481202590e-03,3.759398496240601295e-03,3.759398496240601295e-03,0.000000000000000000e+00,3.759398496240601295e-03,0.000000000000000000e+00,3.759398496240601295e-03,3.759398496240601295e-03,0.000000000000000000e+00,7.518796992481202590e-03,1.503759398496240518e-02
1.408450704225352144e-02,0.000000000000000000e+00,1.056338028169014065e-02,1.408450704225352144e-02,7.042253521126760896e-02,7.288732394366197465e-01,7.042253521126760896e-02,1.760563380281690224e-02,2.112676056338028130e-02,3.521126760563380361e-03,7.042253521126760722e-03,0.000000000000000000e+00,3.521126760563380361e-03,0.000000000000000000e+00,3.521126760563380361e-03,3.521126760563380361e-03,3.521126760563380361e-03,0.000000000000000000e+00,3.521126760563380361e-03,0.000000000000000000e+00,0.000000000000000000e+00,2.464788732394366036e-02
3.278688524590163932e-03,3.278688524590163932e-03,1.639344262295081966e-03,3.278688524590163932e-03,8.196721311475410263e-03,4.098360655737704611e-02,7.704918032786884918e-01,8.524590163934425702e-02,1.475409836065573813e-02,1.147540983606557333e-02,4.918032786885246331e-03,1.311475409836065573e-02,4.918032786885246331e-03,8.196721311475410263e-03,1.639344262295081966e-03,3.278688524590163932e-03,3.278688524590163932e-03,0.000000000000000000e+00,6.557377049180327863e-03,0.000000000000000000e+00,1.639344262295081966e-03,9.836065573770492662e-03
4.410143329658213970e-03,0.000000000000000000e+00,0.000000000000000000e+00,0.000000000000000000e+00,2.205071664829106985e-03,9.922822491730981867e-03,6.284454244762954778e-02,7.805953693495039092e-01,9.261300992282249511e-02,1.874310915104740807e-02,6.615214994487320956e-03,4.410143329658213970e-03,1.102535832414553493e-03,1.102535832414553493e-03,0.000000000000000000e+00,2.205071664829106985e-03,1.102535832414553493e-03,0.000000000000000000e+00,0.000000000000000000e+00,0.000000000000000000e+00,1.102535832414553493e-03,1.102535832414553406e-02
1.689189189189189283e-03,8.445945945945946415e-04,8.445945945945946415e-04,8.445945945945946415e-04,2.533783783783783924e-03,2.533783783783783924e-03,5.912162162162162490e-03,6.925675675675675713e-02,7.787162162162162282e-01,8.530405405405405705e-02,2.449324324324324287e-02,5.067567567567567849e-03,3.378378378378378566e-03,8.445945945945946415e-04,8.445945945945946415e-04,1.689189189189189283e-03,8.445945945945946415e-04,3.378378378378378566e-03,0.000000000000000000e+00,1.689189189189189283e-03,0.000000000000000000e+00,9.290540540540541056e-03
5.282620179609086308e-04,5.282620179609086308e-04,5.282620179609086308e-04,5.282620179609086308e-04,1.056524035921817262e-03,1.056524035921817262e-03,4.226096143687269047e-03,7.923930269413629462e-03,6.339144215530903570e-02,8.188061278394083153e-01,7.290015847860538412e-02,8.980454305335446724e-03,5.282620179609086308e-03,1.584786053882725892e-03,1.056524035921817262e-03,1.056524035921817262e-03,0.000000000000000000e+00,0.000000000000000000e+00,0.000000000000000000e+00,1.056524035921817262e-03,1.056524035921817262e-03,8.452192287374538093e-03
4.151100041511000382e-04,0.000000000000000000e+00,0.000000000000000000e+00,4.151100041511000382e-04,4.151100041511000382e-04,8.302200083022000764e-04,2.905770029057700484e-03,4.566210045662100203e-03,9.547530095475301529e-03,6.392694063926940284e-02,8.277293482772934974e-01,5.728518057285180570e-02,1.203819012038190132e-02,8.302200083022001631e-03,2.490660024906600229e-03,8.302200083022000764e-04,0.000000000000000000e+00,1.245330012453300115e-03,0.000000000000000000e+00,1.660440016604400153e-03,4.151100041511000382e-04,4.981320049813200458e-03
1.154068090017310944e-03,0.000000000000000000e+00,0.000000000000000000e+00,0.000000000000000000e+00,1.731102135025966524e-03,1.731102135025966524e-03,1.154068090017310944e-03,4.039238315060588412e-03,2.885170225043277685e-03,1.557991921523369828e-02,9.924985574148874334e-02,7.801500288517022597e-01,5.770340450086555023e-02,9.232544720138487551e-03,5.770340450086555370e-03,5.770340450086555370e-03,0.000000000000000000e+00,5.770340450086554719e-04,1.154068090017310944e-03,0.000000000000000000e+00,0.000000000000000000e+00,1.211771494518176610e-02
2.812939521800281346e-03,0.000000000000000000e+00,0.000000000000000000e+00,0.000000000000000000e+00,0.000000000000000000e+00,0.000000000000000000e+00,4.219409282700421586e-03,2.812939521800281346e-03,2.812939521800281346e-03,1.406469760900140586e-02,4.078762306610407562e-02,1.758087201125175802e-01,6.624472573839662592e-01,4.641350210970464352e-02,1.969057665260197029e-02,5.625879043600562693e-03,7.032348804500702932e-03,1.406469760900140673e-03,0.000000000000000000e+00,1.406469760900140673e-03,1.406469760900140673e-03,1.125175808720112539e-02
0.000000000000000000e+00,0.000000000000000000e+00,0.000000000000000000e+00,0.000000000000000000e+00,6.872852233676975814e-03,0.000000000000000000e+00,1.030927835051546372e-02,6.872852233676975814e-03,1.030927835051546372e-02,1.718213058419244127e-02,3.780068728522336524e-02,5.841924398625429615e-02,1.271477663230240474e-01,5.567010309278350721e-01,9.278350515463917869e-02,6.872852233676975814e-03,1.030927835051546372e-02,3.436426116838487907e-03,3.436426116838487907e-03,0.000000000000000000e+00,3.436426116838487907e-03,4.810996563573883417e-02
0.000000000000000000e+00,0.000000000000000000e+00,0.000000000000000000e+00,0.000000000000000000e+00,0.000000000000000000e+00,0.000000000000000000e+00,6.329113924050632813e-03,6.329113924050632813e-03,3.164556962025316666e-02,1.898734177215189931e-02,4.430379746835443056e-02,4.430379746835443056e-02,1.265822784810126667e-01,1.772151898734177222e-01,3.417721518987341667e-01,5.063291139240506250e-02,2.531645569620253125e-02,1.898734177215189931e-02,6.329113924050632813e-03,6.329113924050632813e-03,6.329113924050632813e-03,8.860759493670886111e-02
0.000000000000000000e+00,0.000000000000000000e+00,0.000000000000000000e+00,3.174603174603174427e-02,1.587301587301587213e-02,0.000000000000000000e+00,3.174603174603174427e-02,0.000000000000000000e+00,3.174603174603174427e-02,3.174603174603174427e-02,4.761904761904761640e-02,1.111111111111111049e-01,1.111111111111111049e-01,1.269841269841269771e-01,9.523809523809523281e-02,1.904761904761904656e-01,6.349206349206348854e-02,4.761904761904761640e-02,0.000000000000000000e+00,0.000000000000000000e+00,0.000000000000000000e+00,6.349206349206348854e-02
0.000000000000000000e+00,0.000000000000000000e+00,0.000000000000000000e+00,3.225806451612903136e-02,0.000000000000000000e+00,1.612903225806451568e-02,3.225806451612903136e-02,3.225806451612903136e-02,3.225806451612903136e-02,3.225806451612903136e-02,1.612903225806451568e-02,1.612903225806451568e-02,6.451612903225806273e-02,3.225806451612903136e-02,1.451612903225806550e-01,4.838709677419354704e-02,3.225806451612903136e-01,8.064516129032257841e-02,3.225806451612903136e-02,1.612903225806451568e-02,0.000000000000000000e+00,4.838709677419354704e-02
0.000000000000000000e+00,1.666666666666666644e-02,0.000000000000000000e+00,0.000000000000000000e+00,0.000000000000000000e+00,3.333333333333333287e-02,1.666666666666666644e-02,1.666666666666666644e-02,6.666666666666666574e-02,0.000000000000000000e+00,1.666666666666666644e-02,3.333333333333333287e-02,3.333333333333333287e-02,1.666666666666666644e-02,5.000000000000000278e-02,3.333333333333333287e-02,8.333333333333332871e-02,3.666666666666666408e-01,3.333333333333333287e-02,1.666666666666666644e-02,6.666666666666666574e-02,1.000000000000000056e-01
0.000000000000000000e+00,0.000000000000000000e+00,0.000000000000000000e+00,0.000000000000000000e+00,3.333333333333333287e-02,3.333333333333333287e-02,6.666666666666666574e-02,3.333333333333333287e-02,0.000000000000000000e+00,3.333333333333333287e-02,0.000000000000000000e+00,3.333333333333333287e-02,3.333333333333333287e-02,0.000000000000000000e+00,3.333333333333333287e-02,3.333333333333333287e-02,1.000000000000000056e-01,1.000000000000000056e-01,2.666666666666666630e-01,3.333333333333333287e-02,0.000000000000000000e+00,1.666666666666666574e-01
4.166666666666666435e-02,0.000000000000000000e+00,0.000000000000000000e+00,0.000000000000000000e+00,0.000000000000000000e+00,0.000000000000000000e+00,8.333333333333332871e-02,8.333333333333332871e-02,0.000000000000000000e+00,8.333333333333332871e-02,4.166666666666666435e-02,4.166666666666666435e-02,8.333333333333332871e-02,0.000000000000000000e+00,4.166666666666666435e-02,8.333333333333332871e-02,0.000000000000000000e+00,8.333333333333332871e-02,8.333333333333332871e-02,4.166666666666666435e-02,0.000000000000000000e+00,2.083333333333333426e-01
4.166666666666666435e-02,4.166666666666666435e-02,0.000000000000000000e+00,4.166666666666666435e-02,0.000000000000000000e+00,0.000000000000000000e+00,4.166666666666666435e-02,4.166666666666666435e-02,4.166666666666666435e-02,0.000000000000000000e+00,0.000000000000000000e+00,8.333333333333332871e-02,0.000000000000000000e+00,4.166666666666666435e-02,4.166666666666666435e-02,0.000000000000000000e+00,4.166666666666666435e-02,4.166666666666666435e-02,0.000000000000000000e+00,8.333333333333332871e-02,2.083333333333333426e-01,2.083333333333333426e-01
2.110817941952506521e-02,7.915567282321900322e-03,0.000000000000000000e+00,5.277044854881266303e-03,1.319261213720316663e-02,7.915567282321900322e-03,3.430079155672823010e-02,3.430079155672823010e-02,3.430079155672823010e-02,4.485488126649076618e-02,3.693931398416886586e-02,3.430079155672823010e-02,3.430079155672823010e-02,3.166226912928760129e-02,3.693931398416886586e-02,2.110817941952506521e-02,2.902374670184696553e-02,2.638522427440633325e-02,1.319261213720316663e-02,1.319261213720316663e-02,1.583113456464380064e-02,5.039577836411609502e-01
