7.384305835010059882e-01,1.146881287726358167e-01,1.945003353454057698e-02,9.389671361502347630e-03,6.706908115358819859e-03,0.000000000000000000e+00,6.706908115358819426e-04,6.706908115358819426e-04,6.706908115358819426e-04,0.000000000000000000e+00,6.706908115358819859e-03,1.341381623071763885e-03,2.012072434607646045e-03,1.341381623071763885e-03,2.012072434607646045e-03,6.706908115358819426e-04,2.012072434607646045e-03,3.353454057679409930e-03,5.365526492287055541e-03,1.341381623071763972e-02,7.109322602280349068e-02
1.274900398406374480e-01,6.583665338645418030e-01,1.055776892430278918e-01,3.386454183266932039e-02,1.095617529880478155e-02,5.976095617529880374e-03,1.992031872509960125e-03,9.960159362549800624e-04,1.992031872509960125e-03,0.000000000000000000e+00,1.992031872509960125e-03,9.960159362549800624e-04,2.988047808764940187e-03,0.000000000000000000e+00,1.992031872509960125e-03,9.960159362549800624e-04,1.992031872509960125e-03,2.988047808764940187e-03,2.988047808764940187e-03,1.593625498007968100e-02,1.992031872509960125e-02
4.938271604938271331e-02,9.413580246913580418e-02,6.064814814814815103e-01,1.234567901234567833e-01,3.395061728395061540e-02,1.234567901234567833e-02,1.543209876543209791e-03,4.629629629629629373e-03,1.543209876543209791e-03,6.172839506172839164e-03,1.388888888888888812e-02,3.086419753086419582e-03,0.000000000000000000e+00,1.543209876543209791e-03,4.629629629629629373e-03,6.172839506172839164e-03,3.086419753086419582e-03,0.000000000000000000e+00,6.172839506172839164e-03,6.172839506172839164e-03,2.160493827160493707e-02
3.962703962703962440e-02,6.526806526806526454e-02,1.188811188811188801e-01,5.524475524475523924e-01,1.118881118881118880e-01,3.030303030303030387e-02,1.398601398601398600e-02,4.662004662004662001e-03,0.000000000000000000e+00,4.662004662004662001e-03,1.631701631701631613e-02,0.000000000000000000e+00,0.000000000000000000e+00,0.000000000000000000e+00,4.662004662004662001e-03,2.331002331002331000e-03,6.993006993006993001e-03,0.000000000000000000e+00,2.331002331002331000e-03,1.631701631701631613e-02,9.324009324009324001e-03
4.545454545454545581e-02,4.132231404958677801e-02,6.611570247933884481e-02,1.322314049586776896e-01,4.917355371900826722e-01,1.115702479338843006e-01,4.132231404958677801e-02,1.652892561983471120e-02,4.132231404958677801e-03,4.132231404958677801e-03,2.479338842975206680e-02,0.000000000000000000e+00,0.000000000000000000e+00,0.000000000000000000e+00,0.000000000000000000e+00,0.000000000000000000e+00,8.264462809917355601e-03,4.132231404958677801e-03,0.000000000000000000e+00,8.264462809917355601e-03,0.000000000000000000e+00
2.083333333333333218e-02,5.555555555555555247e-02,6.250000000000000000e-02,6.250000000000000000e-02,1.458333333333333426e-01,4.722222222222222099e-01,6.250000000000000000e-02,1.388888888888888812e-02,1.388888888888888812e-02,6.944444444444444059e-03,6.944444444444444753e-02,0.000000000000000000e+00,0.000000000000000000e+00,0.000000000000000000e+00,0.000000000000000000e+00,0.000000000000000000e+00,6.944444444444444059e-03,0.000000000000000000e+00,6.944444444444444059e-03,0.000000000000000000e+00,0.000000000000000000e+00
1.754385964912280604e-02,1.052631578947368363e-01,1.754385964912280604e-02,1.754385964912280604e-02,1.754385964912280604e-01,1.228070175438596423e-01,2.280701754385964786e-01,7.017543859649122417e-02,8.771929824561403022e-02,1.754385964912280604e-02,1.403508771929824483e-01,0.000000000000000000e+00,0.000000000000000000e+00,0.000000000000000000e+00,0.000000000000000000e+00,0.000000000000000000e+00,0.000000000000000000e+00,0.000000000000000000e+00,0.000000000000000000e+00,0.000000000000000000e+00,0.000000000000000000e+00
0.000000000000000000e+00,9.090909090909091161e-02,0.000000000000000000e+00,1.363636363636363535e-01,1.363636363636363535e-01,4.545454545454545581e-02,1.363636363636363535e-01,1.363636363636363535e-01,9.090909090909091161e-02,4.545454545454545581e-02,1.363636363636363535e-01,0.000000000000000000e+00,0.000000000000000000e+00,0.000000000000000000e+00,0.000000000000000000e+00,0.000000000000000000e+00,0.000000000000000000e+00,0.000000000000000000e+00,0.000000000000000000e+00,0.000000000000000000e+00,4.545454545454545581e-02
8.695652173913043237e-02,0.000000000000000000e+00,4.347826086956521618e-02,4.347826086956521618e-02,4.347826086956521618e-02,4.347826086956521618e-02,8.695652173913043237e-02,4.347826086956521618e-02,8.695652173913043237e-02,4.347826086956521618e-02,3.913043478260869734e-01,0.000000000000000000e+00,0.000000000000000000e+00,0.000000000000000000e+00,0.000000000000000000e+00,0.000000000000000000e+00,0.000000000000000000e+00,0.000000000000000000e+00,0.000000000000000000e+00,8.695652173913043237e-02,0.000000000000000000e+00
8.695652173913043237e-02,0.000000000000000000e+00,8.695652173913043237e-02,4.347826086956521618e-02,0.000000000000000000e+00,0.000000000000000000e+00,8.695652173913043237e-02,4.347826086956521618e-02,8.695652173913043237e-02,3.043478260869565410e-01,2.173913043478260809e-01,0.000000000000000000e+00,0.000000000000000000e+00,0.000000000000000000e+00,0.000000000000000000e+00,0.000000000000000000e+00,0.000000000000000000e+00,0.000000000000000000e+00,0.000000000000000000e+00,0.000000000000000000e+00,4.347826086956521618e-02
5.649717514124293766e-02,2.259887005649717506e-02,5.649717514124293766e-02,6.779661016949152519e-02,1.694915254237288130e-02,4.519774011299435013e-02,3.389830508474576259e-02,5.649717514124293766e-03,2.259887005649717506e-02,3.389830508474576259e-02,6.045197740112994156e-01,0.000000000000000000e+00,0.000000000000000000e+00,0.000000000000000000e+00,0.000000000000000000e+00,0.000000000000000000e+00,0.000000000000000000e+00,0.000000000000000000e+00,0.000000000000000000e+00,0.000000000000000000e+00,3.389830508474576259e-02
1.052631578947368397e-02,2.105263157894736795e-02,4.210526315789473589e-02,0.000000000000000000e+00,0.000000000000000000e+00,0.000000000000000000e+00,0.000000000000000000e+00,0.000000000000000000e+00,0.000000000000000000e+00,1.052631578947368397e-02,1.052631578947368397e-02,7.894736842105263275e-01,3.157894736842105365e-02,2.105263157894736795e-02,2.105263157894736795e-02,0.000000000000000000e+00,1.052631578947368397e-02,0.000000000000000000e+00,1.052631578947368397e-02,1.052631578947368397e-02,1.052631578947368397e-02
6.818181818181817677e-02,6.818181818181817677e-02,0.000000000000000000e+00,0.000000000000000000e+00,0.000000000000000000e+00,0.000000000000000000e+00,0.000000000000000000e+00,0.000000000000000000e+00,0.000000000000000000e+00,0.000000000000000000e+00,0.000000000000000000e+00,9.090909090909091161e-02,5.681818181818182323e-01,6.818181818181817677e-02,2.272727272727272790e-02,2.272727272727272790e-02,0.000000000000000000e+00,0.000000000000000000e+00,0.000000000000000000e+00,4.545454545454545581e-02,4.545454545454545581e-02
0.000000000000000000e+00,2.380952380952380820e-02,2.380952380952380820e-02,0.000000000000000000e+00,0.000000000000000000e+00,0.000000000000000000e+00,0.000000000000000000e+00,2.380952380952380820e-02,0.000000000000000000e+00,0.000000000000000000e+00,0.000000000000000000e+00,4.761904761904761640e-02,2.380952380952380820e-02,4.047619047619047672e-01,4.761904761904761640e-02,7.142857142857142461e-02,9.523809523809523281e-02,1.428571428571428492e-01,0.000000000000000000e+00,7.142857142857142461e-02,2.380952380952380820e-02
0.000000000000000000e+00,3.149606299212598381e-02,1.574803149606299191e-02,1.574803149606299191e-02,7.874015748031495954e-03,0.000000000000000000e+00,0.000000000000000000e+00,0.000000000000000000e+00,0.000000000000000000e+00,0.000000000000000000e+00,0.000000000000000000e+00,1.574803149606299191e-02,0.000000000000000000e+00,7.874015748031495954e-03,8.188976377952755792e-01,2.362204724409448786e-02,7.874015748031495954e-03,2.362204724409448786e-02,1.574803149606299191e-02,7.874015748031495954e-03,7.874015748031495954e-03
2.564102564102564014e-02,0.000000000000000000e+00,3.846153846153846367e-02,0.000000000000000000e+00,2.564102564102564014e-02,0.000000000000000000e+00,0.000000000000000000e+00,0.000000000000000000e+00,1.282051282051282007e-02,0.000000000000000000e+00,0.000000000000000000e+00,0.000000000000000000e+00,0.000000000000000000e+00,1.282051282051282007e-02,3.846153846153846367e-02,5.897435897435897578e-01,1.153846153846153910e-01,3.846153846153846367e-02,3.846153846153846367e-02,3.846153846153846367e-02,2.564102564102564014e-02
1.680672268907562952e-02,1.680672268907562952e-02,8.403361344537814762e-03,0.000000000000000000e+00,8.403361344537814762e-03,0.000000000000000000e+00,8.403361344537814762e-03,8.403361344537814762e-03,0.000000000000000000e+00,0.000000000000000000e+00,0.000000000000000000e+00,8.403361344537814762e-03,8.403361344537814762e-03,0.000000000000000000e+00,0.000000000000000000e+00,6.722689075630251809e-02,6.890756302521008347e-01,4.201680672268907901e-02,6.722689075630251809e-02,3.361344537815125905e-02,1.680672268907562952e-02
5.806451612903226062e-02,1.290322580645161289e-02,6.451612903225806446e-03,1.290322580645161289e-02,0.000000000000000000e+00,6.451612903225806446e-03,0.000000000000000000e+00,6.451612903225806446e-03,0.000000000000000000e+00,0.000000000000000000e+00,0.000000000000000000e+00,0.000000000000000000e+00,6.451612903225806446e-03,0.000000000000000000e+00,0.000000000000000000e+00,1.935483870967742021e-02,3.225806451612903136e-02,6.322580645161289814e-01,1.354838709677419484e-01,6.451612903225806273e-02,6.451612903225806446e-03
2.222222222222222307e-02,1.333333333333333419e-02,1.333333333333333419e-02,0.000000000000000000e+00,4.444444444444444441e-03,0.000000000000000000e+00,0.000000000000000000e+00,0.000000000000000000e+00,4.444444444444444441e-03,0.000000000000000000e+00,0.000000000000000000e+00,8.888888888888888881e-03,8.888888888888888881e-03,8.888888888888888881e-03,8.888888888888888881e-03,8.888888888888888881e-03,1.777777777777777776e-02,7.555555555555555636e-02,5.333333333333333259e-01,2.044444444444444564e-01,6.666666666666666574e-02
2.920962199312714808e-02,2.405498281786941708e-02,1.718213058419244127e-02,5.154639175257731860e-03,3.436426116838487907e-03,1.718213058419243953e-03,0.000000000000000000e+00,0.000000000000000000e+00,0.000000000000000000e+00,0.000000000000000000e+00,5.154639175257731860e-03,1.718213058419243953e-03,0.000000000000000000e+00,5.154639175257731860e-03,1.718213058419243953e-03,1.718213058419243953e-03,8.591065292096220635e-03,1.030927835051546372e-02,4.982817869415807899e-02,6.597938144329896781e-01,1.752577319587628746e-01
1.496062992125984370e-01,3.149606299212598381e-02,8.858267716535432948e-03,3.937007874015747977e-03,9.842519685039369942e-04,9.842519685039369942e-04,9.842519685039369942e-04,0.000000000000000000e+00,0.000000000000000000e+00,9.842519685039369942e-04,2.952755905511810983e-03,0.000000000000000000e+00,3.937007874015747977e-03,3.937007874015747977e-03,9.842519685039369942e-04,1.968503937007873988e-03,2.952755905511810983e-03,3.937007874015747977e-03,1.771653543307086590e-02,6.003937007874015491e-02,7.037401574803149318e-01
