7.047047047047046986e-01,1.241241241241241300e-01,2.002002002002001985e-02,1.401401401401401389e-02,3.003003003003002977e-03,4.004004004004003969e-03,2.002002002002001985e-03,0.000000000000000000e+00,1.001001001001000992e-03,1.001001001001000992e-03,1.501501501501501488e-02,1.001001001001000992e-03,4.004004004004003969e-03,2.002002002002001985e-03,0.000000000000000000e+00,2.002002002002001985e-03,6.006006006006005954e-03,5.005005005005004962e-03,4.004004004004003969e-03,1.401401401401401389e-02,7.307307307307307764e-02
1.359353970390309585e-01,6.312247644683715020e-01,1.157469717362045736e-01,2.691790040376850629e-02,1.076716016150740252e-02,2.691790040376850629e-03,1.345895020188425315e-03,1.345895020188425315e-03,1.345895020188425315e-03,1.345895020188425315e-03,1.615074024226110377e-02,0.000000000000000000e+00,0.000000000000000000e+00,0.000000000000000000e+00,4.037685060565275944e-03,0.000000000000000000e+00,2.691790040376850629e-03,1.345895020188425315e-03,1.076716016150740252e-02,1.480484522207267846e-02,2.153432032301480503e-02
4.195804195804195974e-02,1.083916083916083850e-01,6.433566433566433318e-01,1.083916083916083850e-01,2.622377622377622397e-02,8.741258741258741902e-03,6.993006993006993001e-03,6.993006993006993001e-03,1.748251748251748250e-03,0.000000000000000000e+00,2.272727272727272790e-02,0.000000000000000000e+00,0.000000000000000000e+00,0.000000000000000000e+00,0.000000000000000000e+00,0.000000000000000000e+00,1.748251748251748250e-03,1.748251748251748250e-03,1.748251748251748250e-03,5.244755244755244968e-03,1.398601398601398600e-02
2.465753424657534179e-02,5.479452054794520244e-02,1.178082191780821936e-01,5.561643835616438825e-01,1.178082191780821936e-01,2.739726027397260122e-02,2.191780821917808236e-02,1.095890410958904118e-02,2.739726027397260295e-03,2.739726027397260295e-03,1.917808219178082293e-02,2.739726027397260295e-03,0.000000000000000000e+00,0.000000000000000000e+00,5.479452054794520591e-03,8.219178082191780019e-03,0.000000000000000000e+00,0.000000000000000000e+00,2.739726027397260295e-03,1.095890410958904118e-02,1.369863013698630061e-02
1.546391752577319645e-02,6.701030927835051332e-02,4.123711340206185488e-02,1.597938144329896781e-01,4.845360824742268036e-01,9.278350515463917869e-02,2.577319587628865843e-02,5.154639175257731860e-03,1.030927835051546372e-02,5.154639175257731860e-03,4.639175257731958935e-02,0.000000000000000000e+00,0.000000000000000000e+00,0.000000000000000000e+00,0.000000000000000000e+00,1.030927835051546372e-02,0.000000000000000000e+00,1.030927835051546372e-02,0.000000000000000000e+00,1.030927835051546372e-02,1.546391752577319645e-02
2.020202020202020374e-02,4.040404040404040747e-02,4.040404040404040747e-02,6.060606060606060774e-02,1.515151515151515194e-01,4.040404040404040331e-01,6.060606060606060774e-02,4.040404040404040747e-02,1.010101010101010187e-02,2.020202020202020374e-02,1.111111111111111049e-01,0.000000000000000000e+00,0.000000000000000000e+00,0.000000000000000000e+00,0.000000000000000000e+00,0.000000000000000000e+00,0.000000000000000000e+00,1.010101010101010187e-02,1.010101010101010187e-02,1.010101010101010187e-02,1.010101010101010187e-02
1.162790697674418589e-02,4.651162790697674354e-02,3.488372093023255766e-02,8.139534883720930813e-02,8.139534883720930813e-02,9.302325581395348708e-02,5.348837209302325091e-01,1.162790697674418589e-02,0.000000000000000000e+00,1.162790697674418589e-02,5.813953488372092943e-02,0.000000000000000000e+00,0.000000000000000000e+00,0.000000000000000000e+00,1.162790697674418589e-02,0.000000000000000000e+00,0.000000000000000000e+00,0.000000000000000000e+00,1.162790697674418589e-02,0.000000000000000000e+00,1.162790697674418589e-02
4.444444444444444614e-02,2.222222222222222307e-02,4.444444444444444614e-02,8.888888888888889228e-02,2.222222222222222307e-02,4.444444444444444614e-02,2.222222222222222307e-02,4.000000000000000222e-01,2.222222222222222307e-02,0.000000000000000000e+00,2.000000000000000111e-01,0.000000000000000000e+00,0.000000000000000000e+00,2.222222222222222307e-02,0.000000000000000000e+00,2.222222222222222307e-02,0.000000000000000000e+00,0.000000000000000000e+00,2.222222222222222307e-02,0.000000000000000000e+00,2.222222222222222307e-02
1.071428571428571369e-01,0.000000000000000000e+00,1.071428571428571369e-01,7.142857142857142461e-02,0.000000000000000000e+00,0.000000000000000000e+00,3.571428571428571230e-02,7.142857142857142461e-02,2.857142857142856984e-01,3.571428571428571230e-02,2.142857142857142738e-01,0.000000000000000000e+00,0.000000000000000000e+00,0.000000000000000000e+00,0.000000000000000000e+00,0.000000000000000000e+00,0.000000000000000000e+00,3.571428571428571230e-02,0.000000000000000000e+00,3.571428571428571230e-02,0.000000000000000000e+00
2.941176470588235253e-02,0.000000000000000000e+00,0.000000000000000000e+00,2.941176470588235253e-02,5.882352941176470507e-02,8.823529411764706454e-02,2.941176470588235253e-02,0.000000000000000000e+00,5.882352941176470507e-02,3.823529411764705621e-01,2.647058823529411797e-01,0.000000000000000000e+00,0.000000000000000000e+00,0.000000000000000000e+00,2.941176470588235253e-02,0.000000000000000000e+00,0.000000000000000000e+00,0.000000000000000000e+00,2.941176470588235253e-02,0.000000000000000000e+00,0.000000000000000000e+00
3.180212014134275317e-02,4.240282685512367783e-02,3.533568904593639703e-02,2.826855123674911624e-02,2.120141342756183891e-02,2.120141342756183891e-02,2.473498233215547584e-02,3.180212014134275317e-02,3.886925795053003396e-02,2.473498233215547584e-02,6.042402826855123310e-01,7.067137809187279060e-03,3.533568904593639530e-03,0.000000000000000000e+00,3.533568904593639530e-03,3.533568904593639530e-03,3.533568904593639530e-03,3.533568904593639530e-03,1.060070671378091946e-02,2.473498233215547584e-02,3.533568904593639703e-02
1.834862385321101019e-02,0.000000000000000000e+00,9.174311926605505096e-03,0.000000000000000000e+00,9.174311926605505096e-03,0.000000000000000000e+00,0.000000000000000000e+00,0.000000000000000000e+00,0.000000000000000000e+00,0.000000000000000000e+00,1.834862385321101019e-02,7.522935779816514179e-01,5.504587155963303058e-02,3.669724770642202039e-02,2.752293577981651529e-02,3.669724770642202039e-02,9.174311926605505096e-03,0.000000000000000000e+00,1.834862385321101019e-02,0.000000000000000000e+00,9.174311926605505096e-03
6.153846153846154188e-02,0.000000000000000000e+00,0.000000000000000000e+00,0.000000000000000000e+00,0.000000000000000000e+00,0.000000000000000000e+00,0.000000000000000000e+00,0.000000000000000000e+00,0.000000000000000000e+00,0.000000000000000000e+00,3.076923076923077094e-02,3.076923076923077094e-02,6.769230769230769607e-01,4.615384615384615641e-02,1.538461538461538547e-02,0.000000000000000000e+00,4.615384615384615641e-02,3.076923076923077094e-02,1.538461538461538547e-02,1.538461538461538547e-02,3.076923076923077094e-02
2.272727272727272790e-02,0.000000000000000000e+00,0.000000000000000000e+00,0.000000000000000000e+00,0.000000000000000000e+00,0.000000000000000000e+00,0.000000000000000000e+00,0.000000000000000000e+00,0.000000000000000000e+00,0.000000000000000000e+00,2.272727272727272790e-02,6.818181818181817677e-02,4.545454545454545581e-02,6.136363636363636465e-01,2.272727272727272790e-02,9.090909090909091161e-02,0.000000000000000000e+00,4.545454545454545581e-02,4.545454545454545581e-02,2.272727272727272790e-02,0.000000000000000000e+00
1.000000000000000021e-02,0.000000000000000000e+00,2.000000000000000042e-02,1.000000000000000021e-02,0.000000000000000000e+00,0.000000000000000000e+00,1.000000000000000021e-02,0.000000000000000000e+00,0.000000000000000000e+00,0.000000000000000000e+00,2.000000000000000042e-02,2.999999999999999889e-02,2.000000000000000042e-02,1.000000000000000021e-02,6.300000000000000044e-01,1.499999999999999944e-01,1.000000000000000021e-02,2.000000000000000042e-02,4.000000000000000083e-02,1.000000000000000021e-02,1.000000000000000021e-02
2.758620689655172376e-02,6.896551724137930939e-03,6.896551724137930939e-03,1.379310344827586188e-02,0.000000000000000000e+00,0.000000000000000000e+00,6.896551724137930939e-03,0.000000000000000000e+00,0.000000000000000000e+00,0.000000000000000000e+00,6.896551724137930939e-03,2.068965517241379282e-02,6.896551724137930939e-03,6.896551724137930939e-03,8.275862068965517127e-02,5.931034482758620330e-01,1.310344827586207017e-01,3.448275862068965469e-02,1.379310344827586188e-02,2.758620689655172376e-02,1.379310344827586188e-02
2.857142857142857054e-02,5.714285714285714281e-03,0.000000000000000000e+00,1.714285714285714371e-02,5.714285714285714281e-03,0.000000000000000000e+00,5.714285714285714281e-03,0.000000000000000000e+00,0.000000000000000000e+00,0.000000000000000000e+00,5.714285714285714281e-03,5.714285714285714281e-03,1.142857142857142856e-02,0.000000000000000000e+00,5.714285714285714281e-03,8.000000000000000167e-02,6.400000000000000133e-01,1.028571428571428553e-01,2.285714285714285712e-02,3.428571428571428742e-02,2.857142857142857054e-02
2.040816326530612082e-02,8.163265306122449716e-03,1.224489795918367284e-02,0.000000000000000000e+00,0.000000000000000000e+00,4.081632653061224858e-03,8.163265306122449716e-03,0.000000000000000000e+00,4.081632653061224858e-03,0.000000000000000000e+00,8.163265306122449716e-03,0.000000000000000000e+00,8.163265306122449716e-03,1.224489795918367284e-02,1.224489795918367284e-02,8.163265306122449716e-03,6.122448979591836593e-02,6.163265306122448495e-01,1.306122448979591955e-01,3.265306122448979886e-02,5.306122448979591621e-02
1.923076923076923184e-02,1.346153846153846229e-02,5.769230769230769551e-03,0.000000000000000000e+00,3.846153846153846367e-03,3.846153846153846367e-03,1.923076923076923184e-03,1.923076923076923184e-03,0.000000000000000000e+00,3.846153846153846367e-03,3.846153846153846367e-03,3.846153846153846367e-03,7.692307692307692735e-03,0.000000000000000000e+00,1.923076923076923184e-03,3.846153846153846367e-03,1.153846153846153910e-02,5.576923076923077233e-02,6.750000000000000444e-01,1.461538461538461620e-01,3.653846153846154049e-02
2.706027060270602830e-02,2.460024600246002446e-02,8.610086100861008215e-03,3.690036900369003583e-03,1.230012300123001267e-03,0.000000000000000000e+00,0.000000000000000000e+00,1.230012300123001267e-03,0.000000000000000000e+00,0.000000000000000000e+00,1.230012300123001223e-02,0.000000000000000000e+00,0.000000000000000000e+00,0.000000000000000000e+00,1.230012300123001267e-03,1.230012300123001267e-03,6.150061500615006116e-03,1.476014760147601433e-02,7.995079950799507951e-02,6.801968019680196820e-01,1.377613776137761314e-01
9.823911028730306083e-02,2.502316960148285446e-02,1.112140871177015773e-02,4.633920296570898621e-03,1.853568118628359622e-03,9.267840593141798110e-04,9.267840593141798110e-04,1.853568118628359622e-03,0.000000000000000000e+00,9.267840593141798110e-04,8.341056533827618732e-03,0.000000000000000000e+00,9.267840593141798110e-04,0.000000000000000000e+00,9.267840593141798110e-04,5.560704355885078866e-03,4.633920296570898621e-03,6.487488415199258243e-03,1.482854494902687698e-02,7.692307692307692735e-02,7.358665430954587361e-01
