8.719512195121951192e-01,1.829268292682926719e-02,3.048780487804877981e-02,6.097560975609756309e-03,6.097560975609756309e-03,6.097560975609756309e-03,1.219512195121951262e-02,6.097560975609756309e-03,1.829268292682926719e-02,6.097560975609756309e-03,0.000000000000000000e+00,0.000000000000000000e+00,1.829268292682926719e-02,0.000000000000000000e+00,0.000000000000000000e+00,0.000000000000000000e+00,0.000000000000000000e+00,0.000000000000000000e+00,0.000000000000000000e+00,0.000000000000000000e+00,0.000000000000000000e+00,0.000000000000000000e+00
3.125000000000000000e-02,5.937500000000000000e-01,6.250000000000000000e-02,3.125000000000000000e-02,9.375000000000000000e-02,0.000000000000000000e+00,3.125000000000000000e-02,3.125000000000000000e-02,9.375000000000000000e-02,0.000000000000000000e+00,0.000000000000000000e+00,0.000000000000000000e+00,0.000000000000000000e+00,0.000000000000000000e+00,3.125000000000000000e-02,0.000000000000000000e+00,0.000000000000000000e+00,0.000000000000000000e+00,0.000000000000000000e+00,0.000000000000000000e+00,0.000000000000000000e+00,0.000000000000000000e+00
1.020408163265306145e-01,8.163265306122448328e-02,5.306122448979592177e-01,4.081632653061224164e-02,4.081632653061224164e-02,2.040816326530612082e-02,4.081632653061224164e-02,4.081632653061224164e-02,0.000000000000000000e+00,4.081632653061224164e-02,2.040816326530612082e-02,0.000000000000000000e+00,0.000000000000000000e+00,2.040816326530612082e-02,0.000000000000000000e+00,0.000000000000000000e+00,2.040816326530612082e-02,0.000000000000000000e+00,0.000000000000000000e+00,0.000000000000000000e+00,0.000000000000000000e+00,0.000000000000000000e+00
3.947368421052631360e-02,1.315789473684210453e-02,0.000000000000000000e+00,6.578947368421053099e-01,6.578947368421052266e-02,5.263157894736841813e-02,1.315789473684210453e-02,2.631578947368420907e-02,2.631578947368420907e-02,3.947368421052631360e-02,0.000000000000000000e+00,2.631578947368420907e-02,0.000000000000000000e+00,0.000000000000000000e+00,2.631578947368420907e-02,1.315789473684210453e-02,0.000000000000000000e+00,0.000000000000000000e+00,0.000000000000000000e+00,0.000000000000000000e+00,0.000000000000000000e+00,0.000000000000000000e+00
2.816901408450704289e-02,1.408450704225352144e-02,2.816901408450704289e-02,8.450704225352112520e-02,5.211267605633802535e-01,1.830985915492957805e-01,4.225352112676056260e-02,0.000000000000000000e+00,2.816901408450704289e-02,4.225352112676056260e-02,1.408450704225352144e-02,0.000000000000000000e+00,1.408450704225352144e-02,0.000000000000000000e+00,0.000000000000000000e+00,0.000000000000000000e+00,0.000000000000000000e+00,0.000000000000000000e+00,0.000000000000000000e+00,0.000000000000000000e+00,0.000000000000000000e+00,0.000000000000000000e+00
0.000000000000000000e+00,0.000000000000000000e+00,1.769911504424778736e-02,1.769911504424778736e-02,8.849557522123893682e-02,6.283185840707964376e-01,4.424778761061946841e-02,5.309734513274336209e-02,5.309734513274336209e-02,3.539823008849557473e-02,1.769911504424778736e-02,8.849557522123893682e-03,8.849557522123893682e-03,0.000000000000000000e+00,0.000000000000000000e+00,8.849557522123893682e-03,0.000000000000000000e+00,0.000000000000000000e+00,0.000000000000000000e+00,0.000000000000000000e+00,0.000000000000000000e+00,1.769911504424778736e-02
0.000000000000000000e+00,0.000000000000000000e+00,1.898734177215189931e-02,2.531645569620253125e-02,2.531645569620253125e-02,6.329113924050633333e-02,5.379746835443037778e-01,1.518987341772151944e-01,5.063291139240506250e-02,4.430379746835443056e-02,6.329113924050632813e-03,3.797468354430379861e-02,1.898734177215189931e-02,6.329113924050632813e-03,0.000000000000000000e+00,0.000000000000000000e+00,0.000000000000000000e+00,6.329113924050632813e-03,0.000000000000000000e+00,0.000000000000000000e+00,0.000000000000000000e+00,6.329113924050632813e-03
9.966777408637873120e-03,6.644518272425249325e-03,9.966777408637873120e-03,3.322259136212624663e-03,1.328903654485049865e-02,1.328903654485049865e-02,7.641196013289036637e-02,6.146179401993355773e-01,1.561461794019933513e-01,4.318936877076411801e-02,1.993355481727574624e-02,2.657807308970099730e-02,3.322259136212624663e-03,0.000000000000000000e+00,0.000000000000000000e+00,0.000000000000000000e+00,0.000000000000000000e+00,0.000000000000000000e+00,0.000000000000000000e+00,3.322259136212624663e-03,0.000000000000000000e+00,0.000000000000000000e+00
2.460024600246002533e-03,1.230012300123001267e-03,0.000000000000000000e+00,1.230012300123001267e-03,1.230012300123001267e-03,4.920049200492005066e-03,1.107011070110701031e-02,5.043050430504304738e-02,7.011070110701107527e-01,1.476014760147601468e-01,3.321033210332103441e-02,1.353013530135301415e-02,1.722017220172201643e-02,3.690036900369003583e-03,1.230012300123001267e-03,1.230012300123001267e-03,0.000000000000000000e+00,0.000000000000000000e+00,0.000000000000000000e+00,0.000000000000000000e+00,0.000000000000000000e+00,8.610086100861008215e-03
1.577287066246056734e-03,0.000000000000000000e+00,7.886435331230283669e-04,0.000000000000000000e+00,0.000000000000000000e+00,1.577287066246056734e-03,3.154574132492113468e-03,1.340694006309148256e-02,8.911671924290220925e-02,7.421135646687697651e-01,9.936908517350158399e-02,2.050473186119873906e-02,1.104100946372239822e-02,6.309148264984226935e-03,2.365930599369085209e-03,2.365930599369085209e-03,1.577287066246056734e-03,7.886435331230283669e-04,0.000000000000000000e+00,0.000000000000000000e+00,0.000000000000000000e+00,3.943217665615141726e-03
2.489626556016597339e-03,8.298755186721991492e-04,0.000000000000000000e+00,2.489626556016597339e-03,8.298755186721991492e-04,1.659751037344398298e-03,3.319502074688796597e-03,2.489626556016597339e-03,1.244813278008298670e-02,9.792531120331950112e-02,7.087136929460581269e-01,8.381742738589210984e-02,3.070539419087136776e-02,1.493775933609958577e-02,7.468879668049792885e-03,2.489626556016597339e-03,2.489626556016597339e-03,1.659751037344398298e-03,8.298755186721991492e-04,1.659751037344398298e-03,8.298755186721991492e-04,1.991701244813277871e-02
0.000000000000000000e+00,0.000000000000000000e+00,0.000000000000000000e+00,1.336898395721925056e-03,1.336898395721925056e-03,0.000000000000000000e+00,4.010695187165775819e-03,5.347593582887700224e-03,1.470588235294117627e-02,4.278074866310160179e-02,1.483957219251337001e-01,5.882352941176470784e-01,1.229946524064171182e-01,3.074866310160427954e-02,9.358288770053475175e-03,8.021390374331551637e-03,0.000000000000000000e+00,4.010695187165775819e-03,2.673796791443850112e-03,1.336898395721925056e-03,1.336898395721925056e-03,1.336898395721925099e-02
3.257328990228013175e-03,0.000000000000000000e+00,1.628664495114006587e-03,0.000000000000000000e+00,0.000000000000000000e+00,0.000000000000000000e+00,1.628664495114006587e-03,1.628664495114006587e-03,9.771986970684038223e-03,2.768729641693810917e-02,6.351791530944625452e-02,1.807817589576547201e-01,5.423452768729641882e-01,9.771986970684039264e-02,2.280130293159609092e-02,1.628664495114006544e-02,4.885993485342019112e-03,4.885993485342019112e-03,1.628664495114006587e-03,1.628664495114006587e-03,0.000000000000000000e+00,1.791530944625407268e-02
0.000000000000000000e+00,2.688172043010752903e-03,0.000000000000000000e+00,0.000000000000000000e+00,0.000000000000000000e+00,0.000000000000000000e+00,2.688172043010752903e-03,0.000000000000000000e+00,5.376344086021505805e-03,1.344086021505376365e-02,5.376344086021505458e-02,6.182795698924731242e-02,1.559139784946236562e-01,5.483870967741935054e-01,6.989247311827956333e-02,1.612903225806451568e-02,1.612903225806451568e-02,1.612903225806451568e-02,5.376344086021505805e-03,2.688172043010752903e-03,5.376344086021505805e-03,2.419354838709677352e-02
0.000000000000000000e+00,0.000000000000000000e+00,0.000000000000000000e+00,0.000000000000000000e+00,0.000000000000000000e+00,0.000000000000000000e+00,6.535947712418300852e-03,0.000000000000000000e+00,1.307189542483660170e-02,1.960784313725490169e-02,4.575163398692810163e-02,5.882352941176470507e-02,1.111111111111111049e-01,1.633986928104575187e-01,3.529411764705882582e-01,1.176470588235294101e-01,1.960784313725490169e-02,6.535947712418300852e-03,6.535947712418300852e-03,0.000000000000000000e+00,6.535947712418300852e-03,7.189542483660130157e-02
0.000000000000000000e+00,0.000000000000000000e+00,0.000000000000000000e+00,0.000000000000000000e+00,0.000000000000000000e+00,0.000000000000000000e+00,0.000000000000000000e+00,6.993006993006993001e-03,6.993006993006993001e-03,1.398601398601398600e-02,1.398601398601398600e-02,3.496503496503496761e-02,6.993006993006993521e-02,4.895104895104895187e-02,1.608391608391608329e-01,4.405594405594405738e-01,8.391608391608391948e-02,2.097902097902097987e-02,1.398601398601398600e-02,1.398601398601398600e-02,6.993006993006993001e-03,6.293706293706294308e-02
0.000000000000000000e+00,0.000000000000000000e+00,0.000000000000000000e+00,0.000000000000000000e+00,0.000000000000000000e+00,0.000000000000000000e+00,0.000000000000000000e+00,0.000000000000000000e+00,2.531645569620253125e-02,0.000000000000000000e+00,2.531645569620253125e-02,2.531645569620253125e-02,6.329113924050633333e-02,1.012658227848101250e-01,5.063291139240506250e-02,2.025316455696202500e-01,3.544303797468354444e-01,6.329113924050633333e-02,0.000000000000000000e+00,1.265822784810126563e-02,1.265822784810126563e-02,6.329113924050633333e-02
0.000000000000000000e+00,0.000000000000000000e+00,0.000000000000000000e+00,0.000000000000000000e+00,0.000000000000000000e+00,0.000000000000000000e+00,0.000000000000000000e+00,0.000000000000000000e+00,0.000000000000000000e+00,0.000000000000000000e+00,2.083333333333333218e-02,0.000000000000000000e+00,8.333333333333332871e-02,6.250000000000000000e-02,8.333333333333332871e-02,6.250000000000000000e-02,6.250000000000000000e-02,3.750000000000000000e-01,1.041666666666666713e-01,4.166666666666666435e-02,0.000000000000000000e+00,1.041666666666666713e-01
0.000000000000000000e+00,0.000000000000000000e+00,0.000000000000000000e+00,0.000000000000000000e+00,0.000000000000000000e+00,0.000000000000000000e+00,0.000000000000000000e+00,0.000000000000000000e+00,0.000000000000000000e+00,5.714285714285714107e-02,0.000000000000000000e+00,0.000000000000000000e+00,1.428571428571428492e-01,2.857142857142857054e-02,8.571428571428571508e-02,2.857142857142857054e-02,0.000000000000000000e+00,1.142857142857142821e-01,3.428571428571428603e-01,2.857142857142857054e-02,8.571428571428571508e-02,8.571428571428571508e-02
0.000000000000000000e+00,0.000000000000000000e+00,0.000000000000000000e+00,0.000000000000000000e+00,0.000000000000000000e+00,0.000000000000000000e+00,0.000000000000000000e+00,0.000000000000000000e+00,0.000000000000000000e+00,3.703703703703703498e-02,7.407407407407406996e-02,0.000000000000000000e+00,0.000000000000000000e+00,3.703703703703703498e-02,0.000000000000000000e+00,1.851851851851851749e-01,7.407407407407406996e-02,7.407407407407406996e-02,0.000000000000000000e+00,2.592592592592592449e-01,0.000000000000000000e+00,2.592592592592592449e-01
0.000000000000000000e+00,0.000000000000000000e+00,0.000000000000000000e+00,0.000000000000000000e+00,0.000000000000000000e+00,0.000000000000000000e+00,0.000000000000000000e+00,0.000000000000000000e+00,0.000000000000000000e+00,0.000000000000000000e+00,5.555555555555555247e-02,1.111111111111111049e-01,0.000000000000000000e+00,5.555555555555555247e-02,5.555555555555555247e-02,0.000000000000000000e+00,5.555555555555555247e-02,1.666666666666666574e-01,1.666666666666666574e-01,0.000000000000000000e+00,2.222222222222222099e-01,1.111111111111111049e-01
0.000000000000000000e+00,0.000000000000000000e+00,3.906250000000000000e-03,3.906250000000000000e-03,0.000000000000000000e+00,0.000000000000000000e+00,0.000000000000000000e+00,3.906250000000000000e-03,1.562500000000000000e-02,1.953125000000000000e-02,4.687500000000000000e-02,2.343750000000000000e-02,6.250000000000000000e-02,5.078125000000000000e-02,3.906250000000000000e-02,3.515625000000000000e-02,4.687500000000000000e-02,1.953125000000000000e-02,1.953125000000000000e-02,3.515625000000000000e-02,1.562500000000000000e-02,5.585937500000000000e-01
