7.108333333333333171e-01,8.416666666666666741e-02,2.999999999999999889e-02,1.499999999999999944e-02,7.499999999999999722e-03,2.500000000000000052e-03,2.500000000000000052e-03,1.666666666666666774e-03,0.000000000000000000e+00,1.666666666666666774e-03,2.083333333333333218e-02,2.500000000000000052e-03,8.333333333333333868e-04,0.000000000000000000e+00,2.500000000000000052e-03,8.333333333333333868e-04,1.666666666666666774e-03,3.333333333333333547e-03,2.500000000000000052e-03,1.166666666666666720e-02,9.750000000000000333e-02
1.449468085106382920e-01,5.904255319148936643e-01,1.223404255319148898e-01,3.058510638297872244e-02,9.308510638297871898e-03,7.978723404255318521e-03,0.000000000000000000e+00,3.989361702127659261e-03,3.989361702127659261e-03,1.329787234042553159e-03,1.462765957446808540e-02,0.000000000000000000e+00,0.000000000000000000e+00,0.000000000000000000e+00,1.329787234042553159e-03,1.329787234042553159e-03,0.000000000000000000e+00,3.989361702127659261e-03,5.319148936170212637e-03,1.595744680851063704e-02,4.255319148936170109e-02
6.168831168831168804e-02,1.818181818181818232e-01,5.438311688311687764e-01,9.740259740259740728e-02,2.272727272727272790e-02,1.623376623376623223e-02,4.870129870129870017e-03,4.870129870129870017e-03,1.623376623376623484e-03,1.623376623376623484e-03,1.785714285714285615e-02,3.246753246753246967e-03,0.000000000000000000e+00,1.623376623376623484e-03,0.000000000000000000e+00,0.000000000000000000e+00,0.000000000000000000e+00,1.623376623376623484e-03,1.623376623376623484e-03,8.116883116883116117e-03,2.922077922077922010e-02
5.390835579514825088e-02,6.199460916442048330e-02,1.563342318059299241e-01,5.471698113207547065e-01,7.008086253369272267e-02,1.617250673854447526e-02,1.617250673854447526e-02,1.617250673854447526e-02,5.390835579514825088e-03,2.695417789757412544e-03,2.964959568733153625e-02,0.000000000000000000e+00,2.695417789757412544e-03,0.000000000000000000e+00,0.000000000000000000e+00,0.000000000000000000e+00,0.000000000000000000e+00,2.695417789757412544e-03,0.000000000000000000e+00,5.390835579514825088e-03,1.347708894878706272e-02
4.545454545454545581e-02,5.844155844155844021e-02,1.103896103896103847e-01,1.623376623376623362e-01,3.571428571428571508e-01,1.168831168831168804e-01,1.948051948051948007e-02,6.493506493506493935e-03,6.493506493506493935e-03,0.000000000000000000e+00,7.792207792207792028e-02,0.000000000000000000e+00,0.000000000000000000e+00,0.000000000000000000e+00,0.000000000000000000e+00,0.000000000000000000e+00,0.000000000000000000e+00,6.493506493506493935e-03,0.000000000000000000e+00,1.298701298701298787e-02,1.948051948051948007e-02
1.398601398601398600e-02,3.496503496503496761e-02,6.993006993006993521e-02,4.895104895104895187e-02,1.608391608391608329e-01,4.405594405594405738e-01,8.391608391608391948e-02,2.097902097902097987e-02,1.398601398601398600e-02,1.398601398601398600e-02,6.993006993006993521e-02,0.000000000000000000e+00,0.000000000000000000e+00,0.000000000000000000e+00,0.000000000000000000e+00,0.000000000000000000e+00,0.000000000000000000e+00,0.000000000000000000e+00,6.993006993006993001e-03,6.993006993006993001e-03,1.398601398601398600e-02
2.531645569620253125e-02,2.531645569620253125e-02,6.329113924050633333e-02,1.012658227848101250e-01,5.063291139240506250e-02,2.025316455696202500e-01,3.544303797468354444e-01,6.329113924050633333e-02,0.000000000000000000e+00,1.265822784810126563e-02,7.594936708860759722e-02,0.000000000000000000e+00,0.000000000000000000e+00,0.000000000000000000e+00,0.000000000000000000e+00,0.000000000000000000e+00,0.000000000000000000e+00,0.000000000000000000e+00,0.000000000000000000e+00,2.531645569620253125e-02,0.000000000000000000e+00
2.083333333333333218e-02,0.000000000000000000e+00,8.333333333333332871e-02,6.250000000000000000e-02,8.333333333333332871e-02,6.250000000000000000e-02,6.250000000000000000e-02,3.750000000000000000e-01,1.041666666666666713e-01,4.166666666666666435e-02,1.041666666666666713e-01,0.000000000000000000e+00,0.000000000000000000e+00,0.000000000000000000e+00,0.000000000000000000e+00,0.000000000000000000e+00,0.000000000000000000e+00,0.000000000000000000e+00,0.000000000000000000e+00,0.000000000000000000e+00,0.000000000000000000e+00
0.000000000000000000e+00,0.000000000000000000e+00,1.428571428571428492e-01,2.857142857142857054e-02,8.571428571428571508e-02,2.857142857142857054e-02,0.000000000000000000e+00,1.142857142857142821e-01,3.428571428571428603e-01,2.857142857142857054e-02,1.714285714285714302e-01,0.000000000000000000e+00,0.000000000000000000e+00,0.000000000000000000e+00,0.000000000000000000e+00,0.000000000000000000e+00,0.000000000000000000e+00,0.000000000000000000e+00,0.000000000000000000e+00,0.000000000000000000e+00,5.714285714285714107e-02
7.407407407407406996e-02,0.000000000000000000e+00,0.000000000000000000e+00,3.703703703703703498e-02,0.000000000000000000e+00,1.851851851851851749e-01,7.407407407407406996e-02,7.407407407407406996e-02,0.000000000000000000e+00,2.592592592592592449e-01,2.592592592592592449e-01,0.000000000000000000e+00,0.000000000000000000e+00,0.000000000000000000e+00,0.000000000000000000e+00,0.000000000000000000e+00,0.000000000000000000e+00,0.000000000000000000e+00,0.000000000000000000e+00,0.000000000000000000e+00,3.703703703703703498e-02
4.744525547445255231e-02,2.554744525547445258e-02,6.204379562043795676e-02,5.109489051094890516e-02,4.014598540145985356e-02,3.284671532846715480e-02,4.744525547445255231e-02,2.919708029197080196e-02,2.919708029197080196e-02,3.284671532846715480e-02,5.583941605839416455e-01,0.000000000000000000e+00,0.000000000000000000e+00,3.649635036496350245e-03,3.649635036496350245e-03,0.000000000000000000e+00,0.000000000000000000e+00,0.000000000000000000e+00,3.649635036496350245e-03,1.459854014598540098e-02,1.824817518248175036e-02
0.000000000000000000e+00,0.000000000000000000e+00,1.829268292682926719e-02,0.000000000000000000e+00,0.000000000000000000e+00,0.000000000000000000e+00,0.000000000000000000e+00,0.000000000000000000e+00,0.000000000000000000e+00,0.000000000000000000e+00,0.000000000000000000e+00,8.719512195121951192e-01,1.829268292682926719e-02,3.048780487804877981e-02,6.097560975609756309e-03,6.097560975609756309e-03,6.097560975609756309e-03,1.219512195121951262e-02,6.097560975609756309e-03,1.829268292682926719e-02,6.097560975609756309e-03
0.000000000000000000e+00,0.000000000000000000e+00,0.000000000000000000e+00,0.000000000000000000e+00,3.125000000000000000e-02,0.000000000000000000e+00,0.000000000000000000e+00,0.000000000000000000e+00,0.000000000000000000e+00,0.000000000000000000e+00,0.000000000000000000e+00,3.125000000000000000e-02,5.937500000000000000e-01,6.250000000000000000e-02,3.125000000000000000e-02,9.375000000000000000e-02,0.000000000000000000e+00,3.125000000000000000e-02,3.125000000000000000e-02,9.375000000000000000e-02,0.000000000000000000e+00
2.040816326530612082e-02,0.000000000000000000e+00,0.000000000000000000e+00,2.040816326530612082e-02,0.000000000000000000e+00,0.000000000000000000e+00,2.040816326530612082e-02,0.000000000000000000e+00,0.000000000000000000e+00,0.000000000000000000e+00,0.000000000000000000e+00,1.020408163265306145e-01,8.163265306122448328e-02,5.306122448979592177e-01,4.081632653061224164e-02,4.081632653061224164e-02,2.040816326530612082e-02,4.081632653061224164e-02,4.081632653061224164e-02,0.000000000000000000e+00,4.081632653061224164e-02
0.000000000000000000e+00,2.631578947368420907e-02,0.000000000000000000e+00,0.000000000000000000e+00,2.631578947368420907e-02,1.315789473684210453e-02,0.000000000000000000e+00,0.000000000000000000e+00,0.000000000000000000e+00,0.000000000000000000e+00,0.000000000000000000e+00,3.947368421052631360e-02,1.315789473684210453e-02,0.000000000000000000e+00,6.578947368421053099e-01,6.578947368421052266e-02,5.263157894736841813e-02,1.315789473684210453e-02,2.631578947368420907e-02,2.631578947368420907e-02,3.947368421052631360e-02
1.408450704225352144e-02,0.000000000000000000e+00,1.408450704225352144e-02,0.000000000000000000e+00,0.000000000000000000e+00,0.000000000000000000e+00,0.000000000000000000e+00,0.000000000000000000e+00,0.000000000000000000e+00,0.000000000000000000e+00,0.000000000000000000e+00,2.816901408450704289e-02,1.408450704225352144e-02,2.816901408450704289e-02,8.450704225352112520e-02,5.211267605633802535e-01,1.830985915492957805e-01,4.225352112676056260e-02,0.000000000000000000e+00,2.816901408450704289e-02,4.225352112676056260e-02
1.769911504424778736e-02,8.849557522123893682e-03,8.849557522123893682e-03,0.000000000000000000e+00,0.000000000000000000e+00,8.849557522123893682e-03,0.000000000000000000e+00,0.000000000000000000e+00,0.000000000000000000e+00,0.000000000000000000e+00,1.769911504424778736e-02,0.000000000000000000e+00,0.000000000000000000e+00,1.769911504424778736e-02,1.769911504424778736e-02,8.849557522123893682e-02,6.283185840707964376e-01,4.424778761061946841e-02,5.309734513274336209e-02,5.309734513274336209e-02,3.539823008849557473e-02
6.369426751592357008e-03,3.821656050955413858e-02,1.910828025477706929e-02,6.369426751592357008e-03,0.000000000000000000e+00,0.000000000000000000e+00,0.000000000000000000e+00,6.369426751592357008e-03,0.000000000000000000e+00,0.000000000000000000e+00,6.369426751592357008e-03,0.000000000000000000e+00,0.000000000000000000e+00,1.910828025477706929e-02,2.547770700636942803e-02,2.547770700636942803e-02,6.369426751592356661e-02,5.414012738853503093e-01,1.528662420382165543e-01,4.458598726114649385e-02,4.458598726114649385e-02
1.986754966887417304e-02,2.649006622516556289e-02,3.311258278145695361e-03,0.000000000000000000e+00,0.000000000000000000e+00,0.000000000000000000e+00,0.000000000000000000e+00,0.000000000000000000e+00,0.000000000000000000e+00,3.311258278145695361e-03,0.000000000000000000e+00,9.933774834437086518e-03,6.622516556291390723e-03,9.933774834437086518e-03,3.311258278145695361e-03,1.324503311258278145e-02,1.324503311258278145e-02,7.615894039735099375e-02,6.125827814569536622e-01,1.589403973509933843e-01,4.304635761589403753e-02
3.201970443349753948e-02,1.354679802955665105e-02,1.724137931034482735e-02,3.694581280788177165e-03,1.231527093596059127e-03,1.231527093596059127e-03,0.000000000000000000e+00,0.000000000000000000e+00,0.000000000000000000e+00,0.000000000000000000e+00,8.620689655172413673e-03,2.463054187192118254e-03,1.231527093596059127e-03,0.000000000000000000e+00,1.231527093596059127e-03,1.231527093596059127e-03,4.926108374384236509e-03,9.852216748768473017e-03,5.172413793103448204e-02,7.019704433497536700e-01,1.477832512315271074e-01
1.001577287066246075e-01,2.050473186119873906e-02,1.104100946372239822e-02,6.309148264984226935e-03,2.365930599369085209e-03,2.365930599369085209e-03,1.577287066246056734e-03,7.886435331230283669e-04,0.000000000000000000e+00,0.000000000000000000e+00,3.943217665615141726e-03,1.577287066246056734e-03,0.000000000000000000e+00,7.886435331230283669e-04,0.000000000000000000e+00,0.000000000000000000e+00,1.577287066246056734e-03,3.154574132492113468e-03,1.340694006309148256e-02,8.911671924290220925e-02,7.413249211356467416e-01
