7.806841046277666063e-01,8.786049631120053383e-02,1.945003353454057698e-02,6.036217303822937266e-03,2.682763246143527770e-03,1.341381623071763885e-03,0.000000000000000000e+00,6.706908115358819426e-04,2.012072434607646045e-03,6.706908115358819426e-04,6.706908115358819426e-04,6.706908115358819426e-04,6.706908115358819426e-04,6.706908115358819426e-04,6.706908115358819426e-04,0.000000000000000000e+00,6.706908115358819426e-04,3.353454057679409930e-03,4.024144869215292089e-03,8.718980549966465904e-03,7.847082494969818967e-02
1.173520561685055114e-01,7.081243731193580526e-01,8.826479438314945025e-02,1.404212637913741270e-02,7.021063189568706349e-03,4.012036108324974933e-03,5.015045135406218449e-03,2.006018054162487466e-03,0.000000000000000000e+00,0.000000000000000000e+00,1.303911735205616831e-02,2.006018054162487466e-03,0.000000000000000000e+00,0.000000000000000000e+00,0.000000000000000000e+00,1.003009027081243733e-03,3.009027081243730983e-03,4.012036108324974933e-03,3.009027081243730983e-03,3.009027081243730983e-03,2.507522567703109398e-02
4.423380726698262350e-02,1.406003159557661919e-01,6.524486571879937191e-01,7.898894154818325575e-02,2.843601895734597026e-02,6.319115323854660252e-03,4.739336492890995622e-03,1.579778830963665063e-03,1.579778830963665063e-03,0.000000000000000000e+00,9.478672985781991245e-03,1.579778830963665063e-03,0.000000000000000000e+00,3.159557661927330126e-03,0.000000000000000000e+00,0.000000000000000000e+00,1.579778830963665063e-03,3.159557661927330126e-03,0.000000000000000000e+00,6.319115323854660252e-03,1.579778830963664976e-02
3.385416666666666435e-02,4.687500000000000000e-02,1.093750000000000000e-01,6.328125000000000000e-01,8.333333333333332871e-02,3.125000000000000000e-02,5.208333333333333044e-03,7.812500000000000000e-03,5.208333333333333044e-03,7.812500000000000000e-03,1.822916666666666782e-02,2.604166666666666522e-03,0.000000000000000000e+00,0.000000000000000000e+00,5.208333333333333044e-03,2.604166666666666522e-03,0.000000000000000000e+00,0.000000000000000000e+00,0.000000000000000000e+00,0.000000000000000000e+00,7.812500000000000000e-03
7.604562737642585508e-03,4.942965779467680537e-02,7.604562737642585335e-02,9.125475285171102957e-02,6.007604562737642873e-01,7.604562737642585335e-02,1.520912547528517102e-02,7.604562737642585508e-03,3.802281368821292754e-03,0.000000000000000000e+00,3.422053231939163609e-02,3.802281368821292754e-03,0.000000000000000000e+00,0.000000000000000000e+00,0.000000000000000000e+00,3.802281368821292754e-03,1.140684410646387870e-02,3.802281368821292754e-03,7.604562737642585508e-03,0.000000000000000000e+00,7.604562737642585508e-03
1.834862385321101019e-02,8.256880733944954587e-02,6.422018348623853568e-02,3.669724770642202039e-02,1.192660550458715663e-01,4.128440366972477293e-01,8.256880733944954587e-02,3.669724770642202039e-02,9.174311926605505096e-03,9.174311926605505096e-03,9.174311926605505096e-02,0.000000000000000000e+00,0.000000000000000000e+00,9.174311926605505096e-03,0.000000000000000000e+00,0.000000000000000000e+00,0.000000000000000000e+00,9.174311926605505096e-03,0.000000000000000000e+00,9.174311926605505096e-03,9.174311926605505096e-03
1.333333333333333419e-02,5.333333333333333676e-02,6.666666666666666574e-02,6.666666666666666574e-02,5.333333333333333676e-02,1.333333333333333315e-01,4.933333333333333459e-01,6.666666666666666574e-02,2.666666666666666838e-02,0.000000000000000000e+00,1.333333333333333419e-02,0.000000000000000000e+00,0.000000000000000000e+00,0.000000000000000000e+00,0.000000000000000000e+00,0.000000000000000000e+00,0.000000000000000000e+00,0.000000000000000000e+00,1.333333333333333419e-02,0.000000000000000000e+00,0.000000000000000000e+00
2.325581395348837177e-02,4.651162790697674354e-02,6.976744186046511531e-02,9.302325581395348708e-02,2.325581395348837177e-02,6.976744186046511531e-02,1.395348837209302306e-01,3.255813953488372325e-01,4.651162790697674354e-02,2.325581395348837177e-02,1.162790697674418589e-01,0.000000000000000000e+00,0.000000000000000000e+00,0.000000000000000000e+00,0.000000000000000000e+00,0.000000000000000000e+00,0.000000000000000000e+00,0.000000000000000000e+00,0.000000000000000000e+00,0.000000000000000000e+00,2.325581395348837177e-02
0.000000000000000000e+00,0.000000000000000000e+00,2.564102564102564014e-02,5.128205128205128027e-02,0.000000000000000000e+00,2.564102564102564014e-02,7.692307692307692735e-02,7.692307692307692735e-02,4.615384615384615641e-01,2.564102564102564014e-02,2.564102564102563875e-01,0.000000000000000000e+00,0.000000000000000000e+00,0.000000000000000000e+00,0.000000000000000000e+00,0.000000000000000000e+00,0.000000000000000000e+00,0.000000000000000000e+00,0.000000000000000000e+00,0.000000000000000000e+00,0.000000000000000000e+00
5.000000000000000278e-02,0.000000000000000000e+00,0.000000000000000000e+00,0.000000000000000000e+00,1.000000000000000056e-01,1.000000000000000056e-01,0.000000000000000000e+00,1.499999999999999944e-01,5.000000000000000278e-02,3.499999999999999778e-01,2.000000000000000111e-01,0.000000000000000000e+00,0.000000000000000000e+00,0.000000000000000000e+00,0.000000000000000000e+00,0.000000000000000000e+00,0.000000000000000000e+00,0.000000000000000000e+00,0.000000000000000000e+00,0.000000000000000000e+00,0.000000000000000000e+00
2.000000000000000042e-02,1.000000000000000021e-02,2.500000000000000139e-02,4.499999999999999833e-02,7.499999999999999722e-02,3.500000000000000333e-02,2.500000000000000139e-02,2.000000000000000042e-02,2.999999999999999889e-02,3.500000000000000333e-02,6.450000000000000178e-01,0.000000000000000000e+00,0.000000000000000000e+00,0.000000000000000000e+00,0.000000000000000000e+00,5.000000000000000104e-03,5.000000000000000104e-03,0.000000000000000000e+00,0.000000000000000000e+00,0.000000000000000000e+00,2.500000000000000139e-02
9.433962264150943036e-03,0.000000000000000000e+00,9.433962264150943036e-03,9.433962264150943036e-03,9.433962264150943036e-03,0.000000000000000000e+00,0.000000000000000000e+00,0.000000000000000000e+00,0.000000000000000000e+00,0.000000000000000000e+00,0.000000000000000000e+00,8.301886792452830566e-01,3.773584905660377214e-02,0.000000000000000000e+00,2.830188679245283084e-02,1.886792452830188607e-02,1.886792452830188607e-02,9.433962264150943036e-03,0.000000000000000000e+00,9.433962264150943036e-03,9.433962264150943036e-03
0.000000000000000000e+00,4.347826086956521618e-02,0.000000000000000000e+00,0.000000000000000000e+00,0.000000000000000000e+00,0.000000000000000000e+00,0.000000000000000000e+00,0.000000000000000000e+00,0.000000000000000000e+00,0.000000000000000000e+00,0.000000000000000000e+00,1.304347826086956486e-01,6.956521739130434590e-01,4.347826086956521618e-02,0.000000000000000000e+00,8.695652173913043237e-02,0.000000000000000000e+00,0.000000000000000000e+00,0.000000000000000000e+00,0.000000000000000000e+00,0.000000000000000000e+00
2.173913043478260809e-02,0.000000000000000000e+00,2.173913043478260809e-02,0.000000000000000000e+00,0.000000000000000000e+00,0.000000000000000000e+00,0.000000000000000000e+00,0.000000000000000000e+00,0.000000000000000000e+00,0.000000000000000000e+00,2.173913043478260809e-02,2.173913043478260809e-02,0.000000000000000000e+00,7.391304347826086474e-01,6.521739130434782428e-02,2.173913043478260809e-02,2.173913043478260809e-02,0.000000000000000000e+00,0.000000000000000000e+00,2.173913043478260809e-02,4.347826086956521618e-02
0.000000000000000000e+00,1.612903225806451568e-02,0.000000000000000000e+00,0.000000000000000000e+00,1.612903225806451568e-02,0.000000000000000000e+00,0.000000000000000000e+00,0.000000000000000000e+00,0.000000000000000000e+00,1.612903225806451568e-02,0.000000000000000000e+00,4.838709677419354704e-02,1.612903225806451568e-02,3.225806451612903136e-02,7.419354838709677491e-01,1.612903225806451568e-02,1.612903225806451568e-02,0.000000000000000000e+00,4.838709677419354704e-02,1.612903225806451568e-02,1.612903225806451568e-02
1.724137931034482735e-02,1.724137931034482735e-02,0.000000000000000000e+00,8.620689655172413673e-03,8.620689655172413673e-03,0.000000000000000000e+00,0.000000000000000000e+00,0.000000000000000000e+00,0.000000000000000000e+00,0.000000000000000000e+00,8.620689655172413673e-03,8.620689655172413673e-03,8.620689655172413673e-03,8.620689655172413673e-03,2.586206896551724102e-02,8.103448275862068506e-01,1.724137931034482735e-02,1.724137931034482735e-02,8.620689655172413673e-03,0.000000000000000000e+00,3.448275862068965469e-02
1.694915254237288130e-02,3.389830508474576259e-02,0.000000000000000000e+00,0.000000000000000000e+00,1.694915254237288130e-02,1.694915254237288130e-02,0.000000000000000000e+00,0.000000000000000000e+00,0.000000000000000000e+00,0.000000000000000000e+00,1.694915254237288130e-02,0.000000000000000000e+00,0.000000000000000000e+00,0.000000000000000000e+00,0.000000000000000000e+00,5.084745762711864736e-02,3.728813559322033955e-01,2.711864406779661008e-01,6.779661016949152519e-02,6.779661016949152519e-02,6.779661016949152519e-02
2.312138728323699308e-02,1.156069364161849654e-02,1.156069364161849654e-02,2.890173410404624221e-02,1.156069364161849654e-02,5.780346820809248269e-03,0.000000000000000000e+00,0.000000000000000000e+00,0.000000000000000000e+00,0.000000000000000000e+00,0.000000000000000000e+00,5.780346820809248269e-03,0.000000000000000000e+00,0.000000000000000000e+00,0.000000000000000000e+00,1.156069364161849654e-02,4.624277456647398615e-02,6.416184971098265466e-01,1.560693641618497163e-01,2.890173410404624221e-02,1.734104046242774394e-02
1.501501501501501488e-02,1.201201201201201191e-02,0.000000000000000000e+00,9.009009009009008931e-03,3.003003003003002977e-03,3.003003003003002977e-03,3.003003003003002977e-03,0.000000000000000000e+00,0.000000000000000000e+00,0.000000000000000000e+00,6.006006006006005954e-03,0.000000000000000000e+00,3.003003003003002977e-03,6.006006006006005954e-03,6.006006006006005954e-03,6.006006006006005954e-03,6.006006006006005954e-03,5.105105105105105234e-02,6.846846846846846857e-01,1.261261261261261146e-01,6.006006006006005954e-02
2.165354330708661387e-02,1.181102362204724393e-02,1.377952755905511792e-02,1.968503937007873988e-03,1.968503937007873988e-03,0.000000000000000000e+00,0.000000000000000000e+00,0.000000000000000000e+00,0.000000000000000000e+00,0.000000000000000000e+00,3.937007874015747977e-03,0.000000000000000000e+00,0.000000000000000000e+00,1.968503937007873988e-03,0.000000000000000000e+00,1.968503937007873988e-03,3.937007874015747977e-03,1.377952755905511792e-02,6.692913385826772255e-02,7.125984251968503491e-01,1.437007874015747977e-01
1.298212605832549382e-01,2.351834430856067706e-02,1.222953904045155291e-02,7.525870178739416973e-03,0.000000000000000000e+00,0.000000000000000000e+00,0.000000000000000000e+00,0.000000000000000000e+00,0.000000000000000000e+00,0.000000000000000000e+00,1.881467544684854243e-03,0.000000000000000000e+00,0.000000000000000000e+00,2.822201317027281473e-03,9.407337723424271216e-04,2.822201317027281473e-03,1.881467544684854243e-03,5.644402634054562946e-03,6.585136406396989960e-03,5.926622765757290356e-02,7.450611476952022638e-01
