9.310344827586206629e-01,1.724137931034482735e-02,1.724137931034482735e-02,1.724137931034482735e-02,0.000000000000000000e+00,0.000000000000000000e+00,0.000000000000000000e+00,0.000000000000000000e+00,1.724137931034482735e-02,0.000000000000000000e+00,0.000000000000000000e+00,0.000000000000000000e+00,0.000000000000000000e+00,0.000000000000000000e+00,0.000000000000000000e+00,0.000000000000000000e+00,0.000000000000000000e+00,0.000000000000000000e+00,0.000000000000000000e+00,0.000000000000000000e+00,0.000000000000000000e+00,0.000000000000000000e+00
1.818181818181818232e-01,7.272727272727272929e-01,0.000000000000000000e+00,0.000000000000000000e+00,9.090909090909091161e-02,0.000000000000000000e+00,0.000000000000000000e+00,0.000000000000000000e+00,0.000000000000000000e+00,0.000000000000000000e+00,0.000000000000000000e+00,0.000000000000000000e+00,0.000000000000000000e+00,0.000000000000000000e+00,0.000000000000000000e+00,0.000000000000000000e+00,0.000000000000000000e+00,0.000000000000000000e+00,0.000000000000000000e+00,0.000000000000000000e+00,0.000000000000000000e+00,0.000000000000000000e+00
2.777777777777777624e-02,2.777777777777777624e-02,6.111111111111111605e-01,1.944444444444444475e-01,0.000000000000000000e+00,2.777777777777777624e-02,2.777777777777777624e-02,5.555555555555555247e-02,0.000000000000000000e+00,0.000000000000000000e+00,2.777777777777777624e-02,0.000000000000000000e+00,0.000000000000000000e+00,0.000000000000000000e+00,0.000000000000000000e+00,0.000000000000000000e+00,0.000000000000000000e+00,0.000000000000000000e+00,0.000000000000000000e+00,0.000000000000000000e+00,0.000000000000000000e+00,0.000000000000000000e+00
1.492537313432835792e-02,0.000000000000000000e+00,2.985074626865671585e-02,6.567164179104477695e-01,1.194029850746268634e-01,2.985074626865671585e-02,5.970149253731343170e-02,0.000000000000000000e+00,2.985074626865671585e-02,0.000000000000000000e+00,1.492537313432835792e-02,0.000000000000000000e+00,1.492537313432835792e-02,0.000000000000000000e+00,1.492537313432835792e-02,0.000000000000000000e+00,0.000000000000000000e+00,0.000000000000000000e+00,0.000000000000000000e+00,0.000000000000000000e+00,0.000000000000000000e+00,1.492537313432835792e-02
8.333333333333333218e-03,0.000000000000000000e+00,0.000000000000000000e+00,3.333333333333333287e-02,7.166666666666666741e-01,1.083333333333333370e-01,8.333333333333332871e-02,8.333333333333333218e-03,0.000000000000000000e+00,8.333333333333333218e-03,0.000000000000000000e+00,0.000000000000000000e+00,0.000000000000000000e+00,0.000000000000000000e+00,8.333333333333333218e-03,0.000000000000000000e+00,0.000000000000000000e+00,0.000000000000000000e+00,0.000000000000000000e+00,0.000000000000000000e+00,0.000000000000000000e+00,2.500000000000000139e-02
5.291005291005290712e-03,5.291005291005290712e-03,0.000000000000000000e+00,1.058201058201058142e-02,4.761904761904761640e-02,7.407407407407406996e-01,1.428571428571428492e-01,1.058201058201058142e-02,2.116402116402116285e-02,1.058201058201058142e-02,0.000000000000000000e+00,5.291005291005290712e-03,0.000000000000000000e+00,0.000000000000000000e+00,0.000000000000000000e+00,0.000000000000000000e+00,0.000000000000000000e+00,0.000000000000000000e+00,0.000000000000000000e+00,0.000000000000000000e+00,0.000000000000000000e+00,0.000000000000000000e+00
4.524886877828054703e-03,0.000000000000000000e+00,9.049773755656109406e-03,4.524886877828054703e-03,1.809954751131221881e-02,6.334841628959275717e-02,6.425339366515837591e-01,1.266968325791855143e-01,5.429864253393665297e-02,4.072398190045248972e-02,9.049773755656109406e-03,9.049773755656109406e-03,0.000000000000000000e+00,0.000000000000000000e+00,0.000000000000000000e+00,0.000000000000000000e+00,0.000000000000000000e+00,0.000000000000000000e+00,4.524886877828054703e-03,0.000000000000000000e+00,0.000000000000000000e+00,1.357466063348416324e-02
1.992031872509960125e-03,0.000000000000000000e+00,0.000000000000000000e+00,0.000000000000000000e+00,9.960159362549800624e-03,7.968127490039840499e-03,4.382470119521912622e-02,7.390438247011952289e-01,1.115537848605577670e-01,3.784860557768924411e-02,2.191235059760956311e-02,9.960159362549800624e-03,7.968127490039840499e-03,1.992031872509960125e-03,0.000000000000000000e+00,0.000000000000000000e+00,0.000000000000000000e+00,0.000000000000000000e+00,0.000000000000000000e+00,0.000000000000000000e+00,0.000000000000000000e+00,5.976095617529880374e-03
0.000000000000000000e+00,0.000000000000000000e+00,0.000000000000000000e+00,2.392344497607655409e-03,0.000000000000000000e+00,7.177033492822966661e-03,9.569377990430621636e-03,6.459330143540670255e-02,7.045454545454545858e-01,1.566985645933014482e-01,2.751196172248803959e-02,4.784688995215310818e-03,5.980861244019138739e-03,3.588516746411483330e-03,0.000000000000000000e+00,0.000000000000000000e+00,1.196172248803827705e-03,0.000000000000000000e+00,1.196172248803827705e-03,2.392344497607655409e-03,1.196172248803827705e-03,7.177033492822966661e-03
0.000000000000000000e+00,6.116207951070336008e-04,0.000000000000000000e+00,6.116207951070336008e-04,0.000000000000000000e+00,1.834862385321101019e-03,3.058103975535168221e-03,8.562691131498470845e-03,6.299694189602446370e-02,7.657492354740060847e-01,1.247706422018348693e-01,1.223241590214067288e-02,6.116207951070336442e-03,1.834862385321101019e-03,1.223241590214067202e-03,2.446483180428134403e-03,6.116207951070336008e-04,6.116207951070336008e-04,1.834862385321101019e-03,0.000000000000000000e+00,6.116207951070336008e-04,4.281345565749235423e-03
0.000000000000000000e+00,0.000000000000000000e+00,4.389815627743634779e-04,4.389815627743634779e-04,0.000000000000000000e+00,4.389815627743634779e-04,2.194907813871817444e-03,3.072870939420544508e-03,1.009657594381035972e-02,6.716417910447761153e-02,7.958735733099210341e-01,9.877085162423178410e-02,9.218612818261633091e-03,1.755926251097453912e-03,8.779631255487269558e-04,4.389815627743634779e-04,0.000000000000000000e+00,4.389815627743634779e-04,1.316944688323090380e-03,4.389815627743634779e-04,4.389815627743634779e-04,6.584723441615452331e-03
0.000000000000000000e+00,0.000000000000000000e+00,0.000000000000000000e+00,6.901311249137336229e-04,0.000000000000000000e+00,1.380262249827467246e-03,1.380262249827467246e-03,2.760524499654934492e-03,4.830917874396135035e-03,2.001380262249827582e-02,1.207729468599033767e-01,7.501725327812284183e-01,7.384403036576950297e-02,8.971704623878536122e-03,3.450655624568668006e-03,3.450655624568668006e-03,2.070393374741200977e-03,0.000000000000000000e+00,0.000000000000000000e+00,6.901311249137336229e-04,1.380262249827467246e-03,4.140786749482401954e-03
0.000000000000000000e+00,0.000000000000000000e+00,0.000000000000000000e+00,0.000000000000000000e+00,0.000000000000000000e+00,2.028397565922920864e-03,0.000000000000000000e+00,6.085192697768762593e-03,1.014198782961460432e-02,2.231237322515212951e-02,5.273833671399594247e-02,1.926977687626774960e-01,5.963488843813387064e-01,6.288032454361054679e-02,2.231237322515212951e-02,8.113590263691683457e-03,6.085192697768762593e-03,0.000000000000000000e+00,6.085192697768762593e-03,0.000000000000000000e+00,0.000000000000000000e+00,1.217038539553752519e-02
5.076142131979695035e-03,0.000000000000000000e+00,5.076142131979695035e-03,0.000000000000000000e+00,0.000000000000000000e+00,0.000000000000000000e+00,5.076142131979695035e-03,0.000000000000000000e+00,1.522842639593908684e-02,1.522842639593908684e-02,4.060913705583756028e-02,1.015228426395939076e-01,1.421319796954314818e-01,5.177664974619289318e-01,1.015228426395939076e-01,1.522842639593908684e-02,5.076142131979695035e-03,1.015228426395939007e-02,5.076142131979695035e-03,0.000000000000000000e+00,5.076142131979695035e-03,1.015228426395939007e-02
0.000000000000000000e+00,0.000000000000000000e+00,0.000000000000000000e+00,0.000000000000000000e+00,0.000000000000000000e+00,0.000000000000000000e+00,8.403361344537814762e-03,8.403361344537814762e-03,8.403361344537814762e-03,3.361344537815125905e-02,4.201680672268907901e-02,4.201680672268907901e-02,7.563025210084033112e-02,1.344537815126050362e-01,4.789915966386554813e-01,3.361344537815125905e-02,1.680672268907562952e-02,1.680672268907562952e-02,3.361344537815125905e-02,8.403361344537814762e-03,0.000000000000000000e+00,5.882352941176470507e-02
0.000000000000000000e+00,0.000000000000000000e+00,0.000000000000000000e+00,0.000000000000000000e+00,0.000000000000000000e+00,0.000000000000000000e+00,0.000000000000000000e+00,0.000000000000000000e+00,1.754385964912280604e-02,1.754385964912280604e-02,3.508771929824561209e-02,7.017543859649122417e-02,8.771929824561403022e-02,1.052631578947368363e-01,8.771929824561403022e-02,3.508771929824561209e-01,3.508771929824561209e-02,1.754385964912280604e-02,5.263157894736841813e-02,0.000000000000000000e+00,1.754385964912280604e-02,1.052631578947368363e-01
0.000000000000000000e+00,0.000000000000000000e+00,0.000000000000000000e+00,3.703703703703703498e-02,3.703703703703703498e-02,0.000000000000000000e+00,0.000000000000000000e+00,0.000000000000000000e+00,3.703703703703703498e-02,0.000000000000000000e+00,3.703703703703703498e-02,3.703703703703703498e-02,7.407407407407406996e-02,1.481481481481481399e-01,1.481481481481481399e-01,1.851851851851851749e-01,1.481481481481481399e-01,3.703703703703703498e-02,0.000000000000000000e+00,0.000000000000000000e+00,0.000000000000000000e+00,7.407407407407406996e-02
0.000000000000000000e+00,0.000000000000000000e+00,0.000000000000000000e+00,0.000000000000000000e+00,0.000000000000000000e+00,5.555555555555555247e-02,5.555555555555555247e-02,0.000000000000000000e+00,5.555555555555555247e-02,0.000000000000000000e+00,5.555555555555555247e-02,0.000000000000000000e+00,1.666666666666666574e-01,5.555555555555555247e-02,5.555555555555555247e-02,5.555555555555555247e-02,1.666666666666666574e-01,0.000000000000000000e+00,5.555555555555555247e-02,5.555555555555555247e-02,0.000000000000000000e+00,1.666666666666666574e-01
0.000000000000000000e+00,0.000000000000000000e+00,0.000000000000000000e+00,0.000000000000000000e+00,0.000000000000000000e+00,0.000000000000000000e+00,5.128205128205128027e-02,2.564102564102564014e-02,2.564102564102564014e-02,5.128205128205128027e-02,5.128205128205128027e-02,0.000000000000000000e+00,5.128205128205128027e-02,5.128205128205128027e-02,5.128205128205128027e-02,5.128205128205128027e-02,0.000000000000000000e+00,7.692307692307692735e-02,2.564102564102563875e-01,2.564102564102564014e-02,7.692307692307692735e-02,1.538461538461538547e-01
0.000000000000000000e+00,0.000000000000000000e+00,0.000000000000000000e+00,0.000000000000000000e+00,0.000000000000000000e+00,0.000000000000000000e+00,0.000000000000000000e+00,4.166666666666666435e-02,4.166666666666666435e-02,4.166666666666666435e-02,0.000000000000000000e+00,0.000000000000000000e+00,4.166666666666666435e-02,4.166666666666666435e-02,8.333333333333332871e-02,0.000000000000000000e+00,4.166666666666666435e-02,4.166666666666666435e-02,2.083333333333333426e-01,2.083333333333333426e-01,8.333333333333332871e-02,1.250000000000000000e-01
0.000000000000000000e+00,0.000000000000000000e+00,0.000000000000000000e+00,0.000000000000000000e+00,0.000000000000000000e+00,0.000000000000000000e+00,0.000000000000000000e+00,1.000000000000000056e-01,0.000000000000000000e+00,0.000000000000000000e+00,0.000000000000000000e+00,5.000000000000000278e-02,1.000000000000000056e-01,5.000000000000000278e-02,0.000000000000000000e+00,0.000000000000000000e+00,5.000000000000000278e-02,0.000000000000000000e+00,0.000000000000000000e+00,1.499999999999999944e-01,2.999999999999999889e-01,2.000000000000000111e-01
0.000000000000000000e+00,0.000000000000000000e+00,4.854368932038834530e-03,4.854368932038834530e-03,4.854368932038834530e-03,4.854368932038834530e-03,4.854368932038834530e-03,1.456310679611650533e-02,1.456310679611650533e-02,4.368932038834951598e-02,5.339805825242718157e-02,2.427184466019417439e-02,2.912621359223301065e-02,2.912621359223301065e-02,9.708737864077669061e-03,2.427184466019417439e-02,1.941747572815533812e-02,1.941747572815533812e-02,3.398058252427184345e-02,4.368932038834951598e-02,2.427184466019417439e-02,5.922330097087378231e-01
