5.714285714285713969e-01,4.761904761904761640e-02,0.000000000000000000e+00,9.523809523809523281e-02,4.761904761904761640e-02,0.000000000000000000e+00,0.000000000000000000e+00,0.000000000000000000e+00,0.000000000000000000e+00,0.000000000000000000e+00,1.428571428571428492e-01,4.761904761904761640e-02,4.761904761904761640e-02,0.000000000000000000e+00,0.000000000000000000e+00,0.000000000000000000e+00,0.000000000000000000e+00,0.000000000000000000e+00,0.000000000000000000e+00,0.000000000000000000e+00,0.000000000000000000e+00,0.000000000000000000e+00
0.000000000000000000e+00,1.818181818181818232e-01,0.000000000000000000e+00,0.000000000000000000e+00,9.090909090909091161e-02,0.000000000000000000e+00,2.727272727272727071e-01,0.000000000000000000e+00,0.000000000000000000e+00,2.727272727272727071e-01,1.818181818181818232e-01,0.000000000000000000e+00,0.000000000000000000e+00,0.000000000000000000e+00,0.000000000000000000e+00,0.000000000000000000e+00,0.000000000000000000e+00,0.000000000000000000e+00,0.000000000000000000e+00,0.000000000000000000e+00,0.000000000000000000e+00,0.000000000000000000e+00
0.000000000000000000e+00,0.000000000000000000e+00,0.000000000000000000e+00,0.000000000000000000e+00,1.111111111111111049e-01,0.000000000000000000e+00,0.000000000000000000e+00,1.111111111111111049e-01,1.111111111111111049e-01,2.222222222222222099e-01,3.333333333333333148e-01,0.000000000000000000e+00,0.000000000000000000e+00,1.111111111111111049e-01,0.000000000000000000e+00,0.000000000000000000e+00,0.000000000000000000e+00,0.000000000000000000e+00,0.000000000000000000e+00,0.000000000000000000e+00,0.000000000000000000e+00,0.000000000000000000e+00
0.000000000000000000e+00,0.000000000000000000e+00,0.000000000000000000e+00,8.333333333333332871e-02,2.500000000000000000e-01,0.000000000000000000e+00,0.000000000000000000e+00,1.666666666666666574e-01,8.333333333333332871e-02,8.333333333333332871e-02,2.500000000000000000e-01,8.333333333333332871e-02,0.000000000000000000e+00,0.000000000000000000e+00,0.000000000000000000e+00,0.000000000000000000e+00,0.000000000000000000e+00,0.000000000000000000e+00,0.000000000000000000e+00,0.000000000000000000e+00,0.000000000000000000e+00,0.000000000000000000e+00
0.000000000000000000e+00,2.941176470588235253e-02,0.000000000000000000e+00,0.000000000000000000e+00,1.470588235294117696e-01,0.000000000000000000e+00,8.823529411764706454e-02,0.000000000000000000e+00,2.941176470588235392e-01,1.470588235294117696e-01,5.882352941176470507e-02,8.823529411764706454e-02,5.882352941176470507e-02,2.941176470588235253e-02,2.941176470588235253e-02,0.000000000000000000e+00,0.000000000000000000e+00,2.941176470588235253e-02,0.000000000000000000e+00,0.000000000000000000e+00,0.000000000000000000e+00,0.000000000000000000e+00
0.000000000000000000e+00,0.000000000000000000e+00,1.149425287356321823e-02,0.000000000000000000e+00,1.149425287356321823e-02,6.666666666666666297e-01,6.896551724137930939e-02,1.149425287356321823e-02,1.149425287356321823e-02,9.195402298850574585e-02,3.448275862068965469e-02,4.597701149425287293e-02,3.448275862068965469e-02,1.149425287356321823e-02,0.000000000000000000e+00,0.000000000000000000e+00,0.000000000000000000e+00,0.000000000000000000e+00,0.000000000000000000e+00,0.000000000000000000e+00,0.000000000000000000e+00,0.000000000000000000e+00
0.000000000000000000e+00,7.352941176470588133e-03,0.000000000000000000e+00,1.470588235294117627e-02,0.000000000000000000e+00,5.147058823529411520e-02,4.705882352941176405e-01,5.147058823529411520e-02,1.029411764705882304e-01,1.029411764705882304e-01,6.617647058823529493e-02,3.676470588235294240e-02,6.617647058823529493e-02,7.352941176470588133e-03,7.352941176470588133e-03,0.000000000000000000e+00,0.000000000000000000e+00,0.000000000000000000e+00,7.352941176470588133e-03,0.000000000000000000e+00,0.000000000000000000e+00,7.352941176470588133e-03
4.464285714285714038e-03,0.000000000000000000e+00,4.464285714285714038e-03,0.000000000000000000e+00,8.928571428571428076e-03,0.000000000000000000e+00,4.910714285714285615e-02,5.892857142857143016e-01,1.205357142857142877e-01,9.375000000000000000e-02,4.910714285714285615e-02,3.125000000000000000e-02,1.785714285714285615e-02,1.785714285714285615e-02,8.928571428571428076e-03,0.000000000000000000e+00,0.000000000000000000e+00,4.464285714285714038e-03,0.000000000000000000e+00,0.000000000000000000e+00,0.000000000000000000e+00,0.000000000000000000e+00
1.795332136445242435e-03,0.000000000000000000e+00,0.000000000000000000e+00,0.000000000000000000e+00,7.181328545780969741e-03,0.000000000000000000e+00,1.436265709156193948e-02,5.026929982046678819e-02,6.965888689407540024e-01,9.515260323159784039e-02,6.104129263913823933e-02,4.129263913824057775e-02,1.974865350089766505e-02,5.385996409335727306e-03,0.000000000000000000e+00,1.795332136445242435e-03,0.000000000000000000e+00,1.795332136445242435e-03,0.000000000000000000e+00,0.000000000000000000e+00,3.590664272890484870e-03,0.000000000000000000e+00
1.773049645390070879e-03,0.000000000000000000e+00,0.000000000000000000e+00,0.000000000000000000e+00,0.000000000000000000e+00,5.319148936170212637e-03,1.152482269503546028e-02,1.595744680851063704e-02,5.762411347517730487e-02,7.225177304964538472e-01,1.338652482269503674e-01,2.925531914893617080e-02,1.152482269503546028e-02,6.205673758865248510e-03,3.546099290780141758e-03,0.000000000000000000e+00,0.000000000000000000e+00,0.000000000000000000e+00,0.000000000000000000e+00,0.000000000000000000e+00,0.000000000000000000e+00,8.865248226950354395e-04
4.840271055179090186e-04,4.840271055179090186e-04,0.000000000000000000e+00,0.000000000000000000e+00,1.936108422071636075e-03,4.840271055179090186e-04,4.840271055179089753e-03,7.260406582768635063e-03,1.839303000968054227e-02,7.889641819941917156e-02,7.424975798644724012e-01,1.161665053242981610e-01,1.694094869312681370e-02,8.228460793804452666e-03,1.936108422071636075e-03,0.000000000000000000e+00,0.000000000000000000e+00,0.000000000000000000e+00,0.000000000000000000e+00,0.000000000000000000e+00,0.000000000000000000e+00,1.452081316553727056e-03
4.255319148936170174e-04,0.000000000000000000e+00,0.000000000000000000e+00,4.255319148936170174e-04,4.255319148936170174e-04,2.553191489361701996e-03,2.978723404255319285e-03,3.404255319148936140e-03,1.021276595744680799e-02,1.617021276595744655e-02,1.191489361702127714e-01,7.642553191489361852e-01,6.723404255319148648e-02,7.659574468085105989e-03,1.702127659574468070e-03,1.276595744680850998e-03,4.255319148936170174e-04,0.000000000000000000e+00,8.510638297872340349e-04,0.000000000000000000e+00,0.000000000000000000e+00,8.510638297872340349e-04
0.000000000000000000e+00,0.000000000000000000e+00,0.000000000000000000e+00,0.000000000000000000e+00,0.000000000000000000e+00,2.601908065915004356e-03,4.336513443191673638e-03,4.336513443191673638e-03,1.040763226366001742e-02,9.540329575021683217e-03,2.168256721595836906e-02,1.960104076322636557e-01,6.955767562879444643e-01,4.249783174327840390e-02,5.203816131830008712e-03,2.601908065915004356e-03,2.601908065915004356e-03,8.673026886383347492e-04,0.000000000000000000e+00,0.000000000000000000e+00,0.000000000000000000e+00,1.734605377276669498e-03
0.000000000000000000e+00,0.000000000000000000e+00,0.000000000000000000e+00,0.000000000000000000e+00,3.891050583657587603e-03,0.000000000000000000e+00,0.000000000000000000e+00,3.891050583657587603e-03,1.945525291828793801e-03,1.167315175097276281e-02,2.334630350194552562e-02,2.723735408560311322e-02,1.828793774319066034e-01,7.062256809338521846e-01,2.334630350194552562e-02,3.891050583657587603e-03,3.891050583657587603e-03,1.945525291828793801e-03,0.000000000000000000e+00,0.000000000000000000e+00,0.000000000000000000e+00,5.836575875486381404e-03
0.000000000000000000e+00,0.000000000000000000e+00,0.000000000000000000e+00,0.000000000000000000e+00,0.000000000000000000e+00,2.040816326530612082e-02,0.000000000000000000e+00,0.000000000000000000e+00,2.040816326530612082e-02,2.040816326530612082e-02,3.061224489795918297e-02,3.061224489795918297e-02,4.081632653061224164e-02,2.244897959183673464e-01,5.408163265306122902e-01,4.081632653061224164e-02,1.020408163265306041e-02,1.020408163265306041e-02,0.000000000000000000e+00,0.000000000000000000e+00,0.000000000000000000e+00,1.020408163265306041e-02
0.000000000000000000e+00,0.000000000000000000e+00,0.000000000000000000e+00,0.000000000000000000e+00,0.000000000000000000e+00,0.000000000000000000e+00,0.000000000000000000e+00,0.000000000000000000e+00,2.500000000000000139e-02,0.000000000000000000e+00,5.000000000000000278e-02,2.500000000000000139e-02,5.000000000000000278e-02,1.250000000000000000e-01,1.749999999999999889e-01,3.750000000000000000e-01,1.000000000000000056e-01,5.000000000000000278e-02,0.000000000000000000e+00,0.000000000000000000e+00,0.000000000000000000e+00,2.500000000000000139e-02
0.000000000000000000e+00,0.000000000000000000e+00,0.000000000000000000e+00,0.000000000000000000e+00,0.000000000000000000e+00,0.000000000000000000e+00,2.777777777777777624e-02,2.777777777777777624e-02,0.000000000000000000e+00,0.000000000000000000e+00,0.000000000000000000e+00,0.000000000000000000e+00,8.333333333333332871e-02,8.333333333333332871e-02,5.555555555555555247e-02,1.111111111111111049e-01,4.444444444444444198e-01,1.111111111111111049e-01,2.777777777777777624e-02,0.000000000000000000e+00,0.000000000000000000e+00,2.777777777777777624e-02
0.000000000000000000e+00,0.000000000000000000e+00,0.000000000000000000e+00,0.000000000000000000e+00,0.000000000000000000e+00,0.000000000000000000e+00,2.857142857142857054e-02,2.857142857142857054e-02,2.857142857142857054e-02,0.000000000000000000e+00,0.000000000000000000e+00,0.000000000000000000e+00,0.000000000000000000e+00,8.571428571428571508e-02,5.714285714285714107e-02,0.000000000000000000e+00,1.428571428571428492e-01,4.285714285714285476e-01,5.714285714285714107e-02,1.142857142857142821e-01,0.000000000000000000e+00,2.857142857142857054e-02
0.000000000000000000e+00,0.000000000000000000e+00,0.000000000000000000e+00,0.000000000000000000e+00,0.000000000000000000e+00,0.000000000000000000e+00,0.000000000000000000e+00,0.000000000000000000e+00,0.000000000000000000e+00,0.000000000000000000e+00,5.882352941176470507e-02,0.000000000000000000e+00,5.882352941176470507e-02,5.882352941176470507e-02,0.000000000000000000e+00,1.176470588235294101e-01,0.000000000000000000e+00,1.764705882352941291e-01,3.529411764705882582e-01,5.882352941176470507e-02,0.000000000000000000e+00,1.176470588235294101e-01
0.000000000000000000e+00,0.000000000000000000e+00,0.000000000000000000e+00,0.000000000000000000e+00,0.000000000000000000e+00,0.000000000000000000e+00,0.000000000000000000e+00,0.000000000000000000e+00,0.000000000000000000e+00,0.000000000000000000e+00,0.000000000000000000e+00,0.000000000000000000e+00,0.000000000000000000e+00,0.000000000000000000e+00,0.000000000000000000e+00,0.000000000000000000e+00,5.882352941176470507e-02,3.529411764705882582e-01,1.176470588235294101e-01,4.117647058823529216e-01,0.000000000000000000e+00,5.882352941176470507e-02
0.000000000000000000e+00,0.000000000000000000e+00,0.000000000000000000e+00,0.000000000000000000e+00,0.000000000000000000e+00,0.000000000000000000e+00,0.000000000000000000e+00,0.000000000000000000e+00,0.000000000000000000e+00,0.000000000000000000e+00,0.000000000000000000e+00,0.000000000000000000e+00,0.000000000000000000e+00,0.000000000000000000e+00,3.333333333333333148e-01,0.000000000000000000e+00,0.000000000000000000e+00,0.000000000000000000e+00,0.000000000000000000e+00,6.666666666666666297e-01,0.000000000000000000e+00,0.000000000000000000e+00
0.000000000000000000e+00,0.000000000000000000e+00,0.000000000000000000e+00,0.000000000000000000e+00,0.000000000000000000e+00,0.000000000000000000e+00,0.000000000000000000e+00,0.000000000000000000e+00,0.000000000000000000e+00,1.851851851851851749e-02,0.000000000000000000e+00,5.555555555555555247e-02,1.851851851851851749e-02,3.703703703703703498e-02,1.851851851851851749e-02,1.851851851851851749e-02,1.851851851851851749e-02,0.000000000000000000e+00,5.555555555555555247e-02,5.555555555555555247e-02,1.851851851851851749e-02,6.851851851851852304e-01
