7.312454479242534999e-01,8.375819373634377230e-02,2.112163146394755928e-02,9.468317552804078954e-03,5.826656955571741028e-03,2.913328477785870514e-03,2.184996358339402669e-03,0.000000000000000000e+00,7.283321194464676285e-04,7.283321194464676285e-04,1.383831026948288342e-02,7.283321194464676285e-04,0.000000000000000000e+00,0.000000000000000000e+00,0.000000000000000000e+00,1.456664238892935257e-03,0.000000000000000000e+00,2.184996358339402669e-03,6.554989075018208440e-03,1.092498179169701378e-02,1.063364894391842647e-01
1.791666666666666685e-01,5.888888888888889062e-01,7.222222222222221544e-02,2.777777777777777624e-02,8.333333333333333218e-03,9.722222222222222376e-03,1.388888888888888942e-03,1.111111111111111154e-02,1.388888888888888942e-03,1.388888888888888942e-03,1.805555555555555386e-02,1.388888888888888942e-03,0.000000000000000000e+00,0.000000000000000000e+00,0.000000000000000000e+00,0.000000000000000000e+00,1.388888888888888942e-03,2.777777777777777884e-03,4.166666666666666609e-03,2.222222222222222307e-02,4.861111111111111188e-02
9.912536443148688148e-02,2.128279883381924142e-01,4.373177842565597606e-01,8.746355685131194935e-02,3.206997084548104948e-02,1.457725947521865822e-02,1.166180758017492693e-02,1.166180758017492693e-02,5.830903790087463463e-03,2.915451895043731732e-03,2.332361516034985385e-02,0.000000000000000000e+00,0.000000000000000000e+00,0.000000000000000000e+00,0.000000000000000000e+00,2.915451895043731732e-03,0.000000000000000000e+00,5.830903790087463463e-03,2.915451895043731732e-03,1.166180758017492693e-02,3.790087463556851555e-02
1.270718232044198981e-01,1.381215469613259750e-01,1.878453038674033071e-01,3.425414364640884113e-01,5.524861878453038444e-02,1.657458563535911533e-02,5.524861878453038444e-03,1.657458563535911533e-02,5.524861878453038444e-03,0.000000000000000000e+00,4.419889502762430755e-02,0.000000000000000000e+00,0.000000000000000000e+00,0.000000000000000000e+00,0.000000000000000000e+00,0.000000000000000000e+00,0.000000000000000000e+00,0.000000000000000000e+00,5.524861878453038444e-03,2.209944751381215378e-02,3.314917127071823066e-02
5.504587155963303058e-02,9.174311926605505096e-02,1.192660550458715663e-01,1.651376146788990917e-01,3.119266055045871733e-01,4.587155963302752548e-02,9.174311926605505096e-03,1.834862385321101019e-02,9.174311926605505096e-03,0.000000000000000000e+00,5.504587155963303058e-02,0.000000000000000000e+00,0.000000000000000000e+00,0.000000000000000000e+00,0.000000000000000000e+00,0.000000000000000000e+00,0.000000000000000000e+00,9.174311926605505096e-03,0.000000000000000000e+00,3.669724770642202039e-02,7.339449541284404077e-02
4.255319148936170109e-02,8.510638297872340219e-02,4.255319148936170109e-02,8.510638297872340219e-02,1.276595744680850963e-01,8.510638297872340219e-02,6.382978723404254817e-02,6.382978723404254817e-02,0.000000000000000000e+00,4.255319148936170109e-02,2.553191489361701927e-01,0.000000000000000000e+00,0.000000000000000000e+00,0.000000000000000000e+00,2.127659574468085055e-02,0.000000000000000000e+00,0.000000000000000000e+00,0.000000000000000000e+00,0.000000000000000000e+00,8.510638297872340219e-02,0.000000000000000000e+00
4.878048780487805047e-02,9.756097560975610095e-02,1.219512195121951192e-01,2.439024390243902524e-02,1.463414634146341375e-01,7.317073170731706877e-02,1.951219512195122019e-01,4.878048780487805047e-02,4.878048780487805047e-02,2.439024390243902524e-02,9.756097560975610095e-02,0.000000000000000000e+00,0.000000000000000000e+00,0.000000000000000000e+00,0.000000000000000000e+00,0.000000000000000000e+00,0.000000000000000000e+00,2.439024390243902524e-02,0.000000000000000000e+00,0.000000000000000000e+00,4.878048780487805047e-02
1.886792452830188607e-02,0.000000000000000000e+00,1.886792452830188815e-01,1.132075471698113234e-01,7.547169811320754429e-02,3.773584905660377214e-02,9.433962264150944077e-02,1.886792452830188815e-01,5.660377358490566169e-02,1.886792452830188607e-02,1.509433962264150886e-01,0.000000000000000000e+00,0.000000000000000000e+00,0.000000000000000000e+00,0.000000000000000000e+00,0.000000000000000000e+00,0.000000000000000000e+00,0.000000000000000000e+00,1.886792452830188607e-02,1.886792452830188607e-02,1.886792452830188607e-02
4.000000000000000083e-02,0.000000000000000000e+00,0.000000000000000000e+00,8.000000000000000167e-02,1.199999999999999956e-01,0.000000000000000000e+00,1.600000000000000033e-01,2.399999999999999911e-01,1.199999999999999956e-01,4.000000000000000083e-02,8.000000000000000167e-02,0.000000000000000000e+00,0.000000000000000000e+00,0.000000000000000000e+00,0.000000000000000000e+00,0.000000000000000000e+00,0.000000000000000000e+00,4.000000000000000083e-02,0.000000000000000000e+00,4.000000000000000083e-02,4.000000000000000083e-02
0.000000000000000000e+00,4.000000000000000083e-02,0.000000000000000000e+00,4.000000000000000083e-02,1.199999999999999956e-01,8.000000000000000167e-02,8.000000000000000167e-02,4.000000000000000083e-02,4.000000000000000083e-02,2.800000000000000266e-01,2.399999999999999911e-01,0.000000000000000000e+00,0.000000000000000000e+00,0.000000000000000000e+00,0.000000000000000000e+00,0.000000000000000000e+00,0.000000000000000000e+00,0.000000000000000000e+00,0.000000000000000000e+00,4.000000000000000083e-02,0.000000000000000000e+00
3.816793893129771104e-02,6.106870229007633349e-02,5.725190839694656308e-02,4.198473282442748145e-02,5.343511450381679267e-02,3.435114503816794063e-02,2.671755725190839634e-02,4.961832061068702227e-02,2.671755725190839634e-02,1.526717557251908337e-02,4.923664122137404453e-01,7.633587786259541687e-03,0.000000000000000000e+00,0.000000000000000000e+00,0.000000000000000000e+00,0.000000000000000000e+00,3.816793893129770843e-03,1.145038167938931296e-02,1.908396946564885552e-02,1.908396946564885552e-02,4.198473282442748145e-02
6.711409395973154217e-03,6.711409395973154217e-03,0.000000000000000000e+00,0.000000000000000000e+00,0.000000000000000000e+00,0.000000000000000000e+00,0.000000000000000000e+00,0.000000000000000000e+00,0.000000000000000000e+00,0.000000000000000000e+00,1.342281879194630843e-02,8.255033557046980164e-01,6.711409395973154390e-02,2.684563758389261687e-02,2.684563758389261687e-02,0.000000000000000000e+00,6.711409395973154217e-03,1.342281879194630843e-02,6.711409395973154217e-03,0.000000000000000000e+00,0.000000000000000000e+00
0.000000000000000000e+00,1.030927835051546372e-02,0.000000000000000000e+00,0.000000000000000000e+00,1.030927835051546372e-02,0.000000000000000000e+00,0.000000000000000000e+00,0.000000000000000000e+00,0.000000000000000000e+00,0.000000000000000000e+00,0.000000000000000000e+00,7.216494845360824084e-02,7.216494845360824639e-01,8.247422680412370977e-02,3.092783505154639290e-02,1.030927835051546372e-02,2.061855670103092744e-02,1.030927835051546372e-02,2.061855670103092744e-02,1.030927835051546372e-02,0.000000000000000000e+00
0.000000000000000000e+00,0.000000000000000000e+00,0.000000000000000000e+00,0.000000000000000000e+00,0.000000000000000000e+00,0.000000000000000000e+00,0.000000000000000000e+00,0.000000000000000000e+00,0.000000000000000000e+00,0.000000000000000000e+00,0.000000000000000000e+00,2.255639097744360777e-02,4.511278195488721554e-02,7.894736842105263275e-01,7.518796992481202590e-02,1.503759398496240518e-02,1.503759398496240518e-02,2.255639097744360777e-02,7.518796992481202590e-03,7.518796992481202590e-03,0.000000000000000000e+00
8.695652173913043584e-03,0.000000000000000000e+00,0.000000000000000000e+00,0.000000000000000000e+00,0.000000000000000000e+00,0.000000000000000000e+00,0.000000000000000000e+00,0.000000000000000000e+00,0.000000000000000000e+00,0.000000000000000000e+00,0.000000000000000000e+00,1.739130434782608717e-02,1.739130434782608717e-02,9.565217391304348116e-02,5.739130434782608869e-01,1.391304347826086973e-01,4.347826086956521618e-02,4.347826086956521618e-02,1.739130434782608717e-02,8.695652173913043584e-03,3.478260869565217434e-02
6.289308176100629269e-03,0.000000000000000000e+00,0.000000000000000000e+00,0.000000000000000000e+00,0.000000000000000000e+00,0.000000000000000000e+00,0.000000000000000000e+00,6.289308176100629269e-03,0.000000000000000000e+00,0.000000000000000000e+00,0.000000000000000000e+00,0.000000000000000000e+00,1.257861635220125854e-02,0.000000000000000000e+00,8.176100628930817182e-02,6.666666666666666297e-01,1.320754716981132060e-01,3.773584905660377214e-02,1.886792452830188607e-02,2.515723270440251708e-02,1.257861635220125854e-02
4.132231404958677801e-03,4.132231404958677801e-03,4.132231404958677801e-03,0.000000000000000000e+00,0.000000000000000000e+00,0.000000000000000000e+00,0.000000000000000000e+00,0.000000000000000000e+00,0.000000000000000000e+00,0.000000000000000000e+00,8.264462809917355601e-03,4.132231404958677801e-03,8.264462809917355601e-03,8.264462809917355601e-03,2.066115702479338900e-02,8.677685950413223381e-02,6.652892561983471120e-01,1.074380165289256228e-01,3.305785123966942241e-02,2.479338842975206680e-02,2.066115702479338900e-02
4.914004914004913883e-03,1.228501228501228427e-02,9.828009828009827767e-03,0.000000000000000000e+00,0.000000000000000000e+00,0.000000000000000000e+00,4.914004914004913883e-03,0.000000000000000000e+00,2.457002457002456942e-03,0.000000000000000000e+00,1.228501228501228427e-02,2.457002457002456942e-03,4.914004914004913883e-03,2.457002457002456942e-03,1.719901719901719903e-02,4.914004914004913883e-03,6.633906633906633266e-02,6.805896805896806123e-01,1.277641277641277662e-01,3.439803439803439805e-02,1.228501228501228427e-02
2.005730659025788121e-02,7.163323782234957450e-03,2.865329512893982720e-03,1.432664756446991360e-03,4.297994269340974297e-03,1.432664756446991360e-03,2.865329512893982720e-03,0.000000000000000000e+00,1.432664756446991360e-03,0.000000000000000000e+00,7.163323782234957450e-03,2.865329512893982720e-03,1.432664756446991360e-03,0.000000000000000000e+00,4.297994269340974297e-03,2.865329512893982720e-03,1.146131805157593088e-02,7.020057306590257729e-02,6.833810888252148663e-01,1.504297994269341021e-01,2.435530085959885377e-02
1.494476933073424219e-02,1.429499675113710122e-02,3.248862897985704823e-03,6.497725795971409646e-04,1.299545159194281929e-03,6.497725795971409646e-04,0.000000000000000000e+00,0.000000000000000000e+00,0.000000000000000000e+00,6.497725795971409646e-04,7.797270955165691575e-03,1.949317738791422894e-03,6.497725795971409646e-04,0.000000000000000000e+00,0.000000000000000000e+00,3.248862897985704823e-03,2.599090318388563858e-03,8.447043534762832540e-03,7.017543859649122417e-02,7.556855100714749973e-01,1.137102014294996688e-01
7.059447983014861816e-02,1.433121019108280284e-02,7.961783439490445827e-03,6.369426751592357008e-03,1.592356687898089252e-03,1.592356687898089252e-03,1.061571125265392762e-03,1.061571125265392762e-03,0.000000000000000000e+00,0.000000000000000000e+00,8.492569002123142100e-03,0.000000000000000000e+00,5.307855626326963812e-04,0.000000000000000000e+00,0.000000000000000000e+00,1.061571125265392762e-03,5.307855626326963812e-04,3.184713375796178504e-03,6.900212314225053281e-03,9.978768577494692704e-02,7.749469214437367803e-01
