8.149350649350649567e-01,5.519480519480519237e-02,1.363636363636363570e-02,8.441558441558440901e-03,2.597402597402597400e-03,1.298701298701298700e-03,0.000000000000000000e+00,1.948051948051948050e-03,0.000000000000000000e+00,1.948051948051948050e-03,7.792207792207792201e-03,6.493506493506493501e-04,0.000000000000000000e+00,0.000000000000000000e+00,6.493506493506493501e-04,6.493506493506493501e-04,6.493506493506493501e-04,3.896103896103896101e-03,6.493506493506493935e-03,9.740259740259740034e-03,6.948051948051947591e-02
1.109022556390977382e-01,7.556390977443608881e-01,5.263157894736841813e-02,1.409774436090225486e-02,7.518796992481202590e-03,6.578947368421052266e-03,0.000000000000000000e+00,9.398496240601503238e-04,9.398496240601503238e-04,0.000000000000000000e+00,1.785714285714285615e-02,1.879699248120300648e-03,0.000000000000000000e+00,0.000000000000000000e+00,0.000000000000000000e+00,1.879699248120300648e-03,1.879699248120300648e-03,1.879699248120300648e-03,5.639097744360901943e-03,3.759398496240601295e-03,1.597744360902255550e-02
5.357142857142856845e-02,1.696428571428571508e-01,6.406250000000000000e-01,5.357142857142856845e-02,1.785714285714285615e-02,6.696428571428571057e-03,6.696428571428571057e-03,0.000000000000000000e+00,0.000000000000000000e+00,2.232142857142857019e-03,2.008928571428571577e-02,4.464285714285714038e-03,0.000000000000000000e+00,0.000000000000000000e+00,0.000000000000000000e+00,0.000000000000000000e+00,0.000000000000000000e+00,6.696428571428571057e-03,2.232142857142857019e-03,0.000000000000000000e+00,1.562500000000000000e-02
3.428571428571428742e-02,6.857142857142857484e-02,1.542857142857142760e-01,4.514285714285714013e-01,1.085714285714285687e-01,1.142857142857142856e-02,1.714285714285714371e-02,5.714285714285714281e-03,5.714285714285714281e-03,0.000000000000000000e+00,8.000000000000000167e-02,0.000000000000000000e+00,0.000000000000000000e+00,0.000000000000000000e+00,0.000000000000000000e+00,5.714285714285714281e-03,0.000000000000000000e+00,1.714285714285714371e-02,5.714285714285714281e-03,1.142857142857142856e-02,2.285714285714285712e-02
4.040404040404040747e-02,5.050505050505050414e-02,1.111111111111111049e-01,1.818181818181818232e-01,3.434343434343434254e-01,4.040404040404040747e-02,3.030303030303030387e-02,3.030303030303030387e-02,1.010101010101010187e-02,0.000000000000000000e+00,1.111111111111111049e-01,0.000000000000000000e+00,0.000000000000000000e+00,0.000000000000000000e+00,0.000000000000000000e+00,0.000000000000000000e+00,0.000000000000000000e+00,1.010101010101010187e-02,0.000000000000000000e+00,2.020202020202020374e-02,2.020202020202020374e-02
6.521739130434782428e-02,1.521739130434782705e-01,1.086956521739130405e-01,1.304347826086956486e-01,6.521739130434782428e-02,1.304347826086956486e-01,6.521739130434782428e-02,4.347826086956521618e-02,0.000000000000000000e+00,0.000000000000000000e+00,8.695652173913043237e-02,0.000000000000000000e+00,0.000000000000000000e+00,0.000000000000000000e+00,2.173913043478260809e-02,2.173913043478260809e-02,0.000000000000000000e+00,4.347826086956521618e-02,0.000000000000000000e+00,2.173913043478260809e-02,4.347826086956521618e-02
1.886792452830188607e-02,1.886792452830188607e-02,5.660377358490566169e-02,3.773584905660377214e-02,1.132075471698113234e-01,5.660377358490566169e-02,3.207547169811320598e-01,7.547169811320754429e-02,1.886792452830188607e-02,1.886792452830188607e-02,5.660377358490566169e-02,0.000000000000000000e+00,0.000000000000000000e+00,0.000000000000000000e+00,3.773584905660377214e-02,0.000000000000000000e+00,1.886792452830188607e-02,3.773584905660377214e-02,3.773584905660377214e-02,3.773584905660377214e-02,3.773584905660377214e-02
1.851851851851851749e-02,3.703703703703703498e-02,1.851851851851851749e-02,1.851851851851851749e-02,5.555555555555555247e-02,1.851851851851851749e-02,7.407407407407406996e-02,3.888888888888888951e-01,3.703703703703703498e-02,1.851851851851851749e-02,1.666666666666666574e-01,0.000000000000000000e+00,1.851851851851851749e-02,0.000000000000000000e+00,0.000000000000000000e+00,0.000000000000000000e+00,3.703703703703703498e-02,1.851851851851851749e-02,1.851851851851851749e-02,5.555555555555555247e-02,0.000000000000000000e+00
0.000000000000000000e+00,4.761904761904761640e-02,0.000000000000000000e+00,0.000000000000000000e+00,4.761904761904761640e-02,4.761904761904761640e-02,1.428571428571428492e-01,1.428571428571428492e-01,1.428571428571428492e-01,0.000000000000000000e+00,1.428571428571428492e-01,0.000000000000000000e+00,0.000000000000000000e+00,0.000000000000000000e+00,0.000000000000000000e+00,4.761904761904761640e-02,4.761904761904761640e-02,9.523809523809523281e-02,4.761904761904761640e-02,0.000000000000000000e+00,4.761904761904761640e-02
5.263157894736841813e-02,5.263157894736841813e-02,1.052631578947368363e-01,0.000000000000000000e+00,0.000000000000000000e+00,1.052631578947368363e-01,0.000000000000000000e+00,5.263157894736841813e-02,5.263157894736841813e-02,5.263157894736841813e-02,2.105263157894736725e-01,5.263157894736841813e-02,0.000000000000000000e+00,0.000000000000000000e+00,0.000000000000000000e+00,0.000000000000000000e+00,0.000000000000000000e+00,1.052631578947368363e-01,1.052631578947368363e-01,0.000000000000000000e+00,5.263157894736841813e-02
3.954802259887005983e-02,3.672316384180791121e-02,2.824858757062146883e-02,3.389830508474576259e-02,2.542372881355932368e-02,1.694915254237288130e-02,3.107344632768361745e-02,2.542372881355932368e-02,1.412429378531073441e-02,1.694915254237288130e-02,5.197740112994350126e-01,2.259887005649717506e-02,8.474576271186440649e-03,0.000000000000000000e+00,5.649717514124293766e-03,1.694915254237288130e-02,8.474576271186440649e-03,3.954802259887005983e-02,3.672316384180791121e-02,3.389830508474576259e-02,3.954802259887005983e-02
0.000000000000000000e+00,2.272727272727272617e-03,2.272727272727272617e-03,0.000000000000000000e+00,0.000000000000000000e+00,0.000000000000000000e+00,2.272727272727272617e-03,0.000000000000000000e+00,0.000000000000000000e+00,0.000000000000000000e+00,2.045454545454545442e-02,9.000000000000000222e-01,2.500000000000000139e-02,1.818181818181818094e-02,2.272727272727272617e-03,6.818181818181817851e-03,9.090909090909090468e-03,2.272727272727272617e-03,2.272727272727272617e-03,4.545454545454545234e-03,2.272727272727272617e-03
0.000000000000000000e+00,1.818181818181818094e-02,0.000000000000000000e+00,0.000000000000000000e+00,0.000000000000000000e+00,0.000000000000000000e+00,0.000000000000000000e+00,0.000000000000000000e+00,0.000000000000000000e+00,0.000000000000000000e+00,1.818181818181818094e-02,8.181818181818181768e-02,6.727272727272727293e-01,1.272727272727272596e-01,3.636363636363636187e-02,2.727272727272727140e-02,0.000000000000000000e+00,0.000000000000000000e+00,9.090909090909090468e-03,9.090909090909090468e-03,0.000000000000000000e+00
0.000000000000000000e+00,0.000000000000000000e+00,0.000000000000000000e+00,0.000000000000000000e+00,0.000000000000000000e+00,0.000000000000000000e+00,0.000000000000000000e+00,0.000000000000000000e+00,0.000000000000000000e+00,0.000000000000000000e+00,1.554404145077720178e-02,2.590673575129533515e-02,9.844559585492228260e-02,7.253886010362694536e-01,6.217616580310880714e-02,1.554404145077720178e-02,1.036269430051813510e-02,3.108808290155440357e-02,1.036269430051813510e-02,5.181347150259067551e-03,0.000000000000000000e+00
5.847953216374268681e-03,0.000000000000000000e+00,0.000000000000000000e+00,0.000000000000000000e+00,5.847953216374268681e-03,0.000000000000000000e+00,0.000000000000000000e+00,0.000000000000000000e+00,5.847953216374268681e-03,0.000000000000000000e+00,5.847953216374268681e-03,5.847953216374268681e-03,1.754385964912280604e-02,7.017543859649122417e-02,7.251461988304093165e-01,1.111111111111111049e-01,1.169590643274853736e-02,5.847953216374268681e-03,1.169590643274853736e-02,0.000000000000000000e+00,1.754385964912280604e-02
4.166666666666666609e-03,4.166666666666666609e-03,4.166666666666666609e-03,4.166666666666666609e-03,0.000000000000000000e+00,4.166666666666666609e-03,0.000000000000000000e+00,4.166666666666666609e-03,4.166666666666666609e-03,0.000000000000000000e+00,2.083333333333333218e-02,1.250000000000000069e-02,4.166666666666666609e-03,8.333333333333333218e-03,5.833333333333333426e-02,7.291666666666666297e-01,8.749999999999999445e-02,2.083333333333333218e-02,2.500000000000000139e-02,0.000000000000000000e+00,4.166666666666666609e-03
8.097165991902834092e-03,0.000000000000000000e+00,4.048582995951417046e-03,0.000000000000000000e+00,4.048582995951417046e-03,4.048582995951417046e-03,4.048582995951417046e-03,0.000000000000000000e+00,4.048582995951417046e-03,0.000000000000000000e+00,2.834008097165991932e-02,1.619433198380566818e-02,0.000000000000000000e+00,1.214574898785425114e-02,1.619433198380566818e-02,7.287449392712549989e-02,7.206477732793522550e-01,6.882591093117408632e-02,1.214574898785425114e-02,2.024291497975708523e-02,4.048582995951417046e-03
5.976095617529880374e-03,1.593625498007968100e-02,5.976095617529880374e-03,9.960159362549800624e-03,1.992031872509960125e-03,3.984063745019920250e-03,3.984063745019920250e-03,0.000000000000000000e+00,7.968127490039840499e-03,0.000000000000000000e+00,1.195219123505976075e-02,3.984063745019920250e-03,3.984063745019920250e-03,1.992031872509960125e-03,3.984063745019920250e-03,7.968127490039840499e-03,4.382470119521912622e-02,7.609561752988047711e-01,7.968127490039840499e-02,1.593625498007968100e-02,9.960159362549800624e-03
6.802721088435373896e-03,5.442176870748298943e-03,1.360544217687074736e-03,1.360544217687074736e-03,0.000000000000000000e+00,2.721088435374149472e-03,1.360544217687074736e-03,0.000000000000000000e+00,0.000000000000000000e+00,0.000000000000000000e+00,1.360544217687074779e-02,4.081632653061224858e-03,0.000000000000000000e+00,0.000000000000000000e+00,0.000000000000000000e+00,1.360544217687074736e-03,9.523809523809524669e-03,6.122448979591836593e-02,7.782312925170068452e-01,9.251700680272108290e-02,2.040816326530612082e-02
2.142857142857142877e-02,5.952380952380952051e-03,4.761904761904762334e-03,0.000000000000000000e+00,0.000000000000000000e+00,2.380952380952381167e-03,1.190476190476190584e-03,4.761904761904762334e-03,0.000000000000000000e+00,2.380952380952381167e-03,9.523809523809524669e-03,2.380952380952381167e-03,1.190476190476190584e-03,1.190476190476190584e-03,1.190476190476190584e-03,2.380952380952381167e-03,3.571428571428571317e-03,8.333333333333333218e-03,7.738095238095238360e-02,7.630952380952380487e-01,8.690476190476190133e-02
7.354116706634691858e-02,1.119104716227018424e-02,4.796163069544364180e-03,1.598721023181454799e-03,0.000000000000000000e+00,1.598721023181454799e-03,0.000000000000000000e+00,0.000000000000000000e+00,0.000000000000000000e+00,7.993605115907273994e-04,1.119104716227018424e-02,7.993605115907273994e-04,7.993605115907273994e-04,7.993605115907273994e-04,7.993605115907273994e-04,1.598721023181454799e-03,1.598721023181454799e-03,3.996802557953637106e-03,1.039168665067945717e-02,6.954436450839328321e-02,8.049560351718625384e-01
