8.691588785046728827e-01,6.542056074766354479e-02,9.345794392523363789e-03,0.000000000000000000e+00,1.869158878504672758e-02,1.869158878504672758e-02,9.345794392523363789e-03,0.000000000000000000e+00,0.000000000000000000e+00,9.345794392523363789e-03,0.000000000000000000e+00,0.000000000000000000e+00,0.000000000000000000e+00,0.000000000000000000e+00,0.000000000000000000e+00,0.000000000000000000e+00,0.000000000000000000e+00,0.000000000000000000e+00,0.000000000000000000e+00,0.000000000000000000e+00,0.000000000000000000e+00,0.000000000000000000e+00
5.084745762711864736e-02,8.305084745762711940e-01,5.084745762711864736e-02,3.389830508474576259e-02,3.389830508474576259e-02,0.000000000000000000e+00,0.000000000000000000e+00,0.000000000000000000e+00,0.000000000000000000e+00,0.000000000000000000e+00,0.000000000000000000e+00,0.000000000000000000e+00,0.000000000000000000e+00,0.000000000000000000e+00,0.000000000000000000e+00,0.000000000000000000e+00,0.000000000000000000e+00,0.000000000000000000e+00,0.000000000000000000e+00,0.000000000000000000e+00,0.000000000000000000e+00,0.000000000000000000e+00
5.000000000000000278e-02,7.499999999999999722e-02,6.250000000000000000e-01,1.749999999999999889e-01,0.000000000000000000e+00,0.000000000000000000e+00,2.500000000000000139e-02,0.000000000000000000e+00,0.000000000000000000e+00,0.000000000000000000e+00,0.000000000000000000e+00,0.000000000000000000e+00,0.000000000000000000e+00,0.000000000000000000e+00,0.000000000000000000e+00,0.000000000000000000e+00,0.000000000000000000e+00,0.000000000000000000e+00,0.000000000000000000e+00,0.000000000000000000e+00,0.000000000000000000e+00,5.000000000000000278e-02
0.000000000000000000e+00,1.219512195121951262e-02,3.658536585365853439e-02,7.560975609756097615e-01,1.463414634146341375e-01,1.219512195121951262e-02,1.219512195121951262e-02,0.000000000000000000e+00,0.000000000000000000e+00,0.000000000000000000e+00,1.219512195121951262e-02,0.000000000000000000e+00,0.000000000000000000e+00,0.000000000000000000e+00,0.000000000000000000e+00,0.000000000000000000e+00,0.000000000000000000e+00,0.000000000000000000e+00,0.000000000000000000e+00,0.000000000000000000e+00,0.000000000000000000e+00,1.219512195121951262e-02
0.000000000000000000e+00,4.739336492890995622e-03,1.895734597156398249e-02,5.213270142180094491e-02,7.962085308056872091e-01,5.687203791469194053e-02,3.317535545023696936e-02,1.421800947867298513e-02,9.478672985781991245e-03,0.000000000000000000e+00,0.000000000000000000e+00,0.000000000000000000e+00,4.739336492890995622e-03,0.000000000000000000e+00,0.000000000000000000e+00,4.739336492890995622e-03,0.000000000000000000e+00,0.000000000000000000e+00,0.000000000000000000e+00,4.739336492890995622e-03,0.000000000000000000e+00,0.000000000000000000e+00
1.648351648351648394e-02,5.494505494505494934e-03,5.494505494505494934e-03,0.000000000000000000e+00,4.395604395604395948e-02,6.538461538461538547e-01,1.043956043956043994e-01,7.142857142857142461e-02,3.846153846153846367e-02,1.098901098901098987e-02,5.494505494505494934e-03,0.000000000000000000e+00,0.000000000000000000e+00,1.098901098901098987e-02,0.000000000000000000e+00,0.000000000000000000e+00,0.000000000000000000e+00,1.098901098901098987e-02,0.000000000000000000e+00,0.000000000000000000e+00,0.000000000000000000e+00,2.197802197802197974e-02
0.000000000000000000e+00,0.000000000000000000e+00,0.000000000000000000e+00,2.590673575129533775e-03,1.295336787564766758e-02,5.181347150259067030e-02,7.409326424870465999e-01,1.165803108808290134e-01,3.367875647668393951e-02,1.554404145077720178e-02,5.181347150259067551e-03,5.181347150259067551e-03,0.000000000000000000e+00,2.590673575129533775e-03,2.590673575129533775e-03,0.000000000000000000e+00,0.000000000000000000e+00,0.000000000000000000e+00,0.000000000000000000e+00,0.000000000000000000e+00,0.000000000000000000e+00,1.036269430051813510e-02
0.000000000000000000e+00,0.000000000000000000e+00,0.000000000000000000e+00,0.000000000000000000e+00,3.680981595092024539e-03,4.907975460122699675e-03,5.030674846625766972e-02,7.533742331288343363e-01,1.337423312883435633e-01,2.208588957055214810e-02,1.104294478527607405e-02,6.134969325153374377e-03,3.680981595092024539e-03,3.680981595092024539e-03,0.000000000000000000e+00,0.000000000000000000e+00,1.226993865030674919e-03,0.000000000000000000e+00,0.000000000000000000e+00,1.226993865030674919e-03,0.000000000000000000e+00,4.907975460122699675e-03
0.000000000000000000e+00,0.000000000000000000e+00,0.000000000000000000e+00,8.460236886632825420e-04,8.460236886632825420e-04,7.614213197969543420e-03,1.184433164128595624e-02,6.937394247038916606e-02,7.690355329949238872e-01,1.049069373942470434e-01,1.522842639593908684e-02,2.538071065989847518e-03,4.230118443316412818e-03,8.460236886632825420e-04,1.692047377326565084e-03,0.000000000000000000e+00,0.000000000000000000e+00,8.460236886632825420e-04,0.000000000000000000e+00,0.000000000000000000e+00,2.538071065989847518e-03,7.614213197969543420e-03
0.000000000000000000e+00,0.000000000000000000e+00,0.000000000000000000e+00,0.000000000000000000e+00,0.000000000000000000e+00,1.032524522457408441e-03,2.581311306143520886e-03,5.162622612287041772e-03,5.833763551884357107e-02,7.986577181208053267e-01,1.022199277232834214e-01,1.290655653071760486e-02,5.678884873515746209e-03,2.581311306143520886e-03,1.032524522457408441e-03,5.162622612287042206e-04,5.162622612287042206e-04,5.162622612287042206e-04,1.032524522457408441e-03,5.162622612287042206e-04,5.162622612287042206e-04,6.195147134744449779e-03
0.000000000000000000e+00,0.000000000000000000e+00,0.000000000000000000e+00,0.000000000000000000e+00,5.561735261401557244e-04,2.224694104560622897e-03,1.668520578420467282e-03,3.893214682981089962e-03,1.334816462736373825e-02,9.566184649610678936e-02,7.797552836484983318e-01,7.508342602892102702e-02,9.454949944382647423e-03,7.230255839822024092e-03,1.112347052280311449e-03,2.224694104560622897e-03,1.668520578420467282e-03,5.561735261401557244e-04,1.668520578420467282e-03,0.000000000000000000e+00,0.000000000000000000e+00,3.893214682981089962e-03
2.478314745972738566e-03,0.000000000000000000e+00,0.000000000000000000e+00,0.000000000000000000e+00,0.000000000000000000e+00,0.000000000000000000e+00,1.239157372986369283e-03,3.717472118959107633e-03,3.717472118959107633e-03,3.469640644361834253e-02,1.511771995043370564e-01,6.840148698884758183e-01,6.691449814126393392e-02,1.734820322180917126e-02,6.195786864931846633e-03,4.956629491945477133e-03,2.478314745972738566e-03,0.000000000000000000e+00,1.239157372986369283e-03,1.239157372986369283e-03,1.239157372986369283e-03,1.734820322180917126e-02
0.000000000000000000e+00,0.000000000000000000e+00,3.076923076923076920e-03,0.000000000000000000e+00,3.076923076923076920e-03,3.076923076923076920e-03,6.153846153846153841e-03,6.153846153846153841e-03,1.230769230769230768e-02,4.307692307692307515e-02,6.461538461538461620e-02,1.661538461538461520e-01,5.138461538461538414e-01,8.923076923076922462e-02,1.846153846153846326e-02,1.538461538461538547e-02,6.153846153846153841e-03,1.230769230769230768e-02,0.000000000000000000e+00,3.076923076923076920e-03,3.076923076923076920e-03,3.076923076923077094e-02
5.319148936170212637e-03,0.000000000000000000e+00,0.000000000000000000e+00,0.000000000000000000e+00,0.000000000000000000e+00,1.595744680851063704e-02,1.063829787234042527e-02,1.595744680851063704e-02,5.319148936170212637e-03,1.595744680851063704e-02,5.319148936170212810e-02,8.510638297872340219e-02,1.170212765957446832e-01,4.521276595744680993e-01,5.319148936170212810e-02,5.319148936170212810e-02,5.319148936170212637e-03,1.063829787234042527e-02,1.063829787234042527e-02,1.063829787234042527e-02,5.319148936170212637e-03,7.446808510638297518e-02
0.000000000000000000e+00,0.000000000000000000e+00,0.000000000000000000e+00,0.000000000000000000e+00,0.000000000000000000e+00,0.000000000000000000e+00,1.315789473684210453e-02,0.000000000000000000e+00,2.631578947368420907e-02,1.315789473684210453e-02,6.578947368421052266e-02,7.894736842105262720e-02,1.578947368421052544e-01,1.710526315789473728e-01,2.763157894736842368e-01,7.894736842105262720e-02,3.947368421052631360e-02,0.000000000000000000e+00,2.631578947368420907e-02,0.000000000000000000e+00,2.631578947368420907e-02,2.631578947368420907e-02
0.000000000000000000e+00,0.000000000000000000e+00,0.000000000000000000e+00,0.000000000000000000e+00,0.000000000000000000e+00,0.000000000000000000e+00,0.000000000000000000e+00,0.000000000000000000e+00,4.347826086956521618e-02,2.898550724637681195e-02,8.695652173913043237e-02,1.014492753623188470e-01,1.304347826086956486e-01,4.347826086956521618e-02,1.594202898550724501e-01,2.173913043478260809e-01,2.898550724637681195e-02,1.449275362318840597e-02,1.449275362318840597e-02,1.449275362318840597e-02,2.898550724637681195e-02,8.695652173913043237e-02
0.000000000000000000e+00,0.000000000000000000e+00,0.000000000000000000e+00,0.000000000000000000e+00,0.000000000000000000e+00,2.857142857142857054e-02,0.000000000000000000e+00,0.000000000000000000e+00,5.714285714285714107e-02,5.714285714285714107e-02,2.857142857142857054e-02,2.857142857142857054e-02,8.571428571428571508e-02,1.714285714285714302e-01,5.714285714285714107e-02,8.571428571428571508e-02,2.571428571428571175e-01,2.857142857142857054e-02,5.714285714285714107e-02,2.857142857142857054e-02,0.000000000000000000e+00,2.857142857142857054e-02
0.000000000000000000e+00,0.000000000000000000e+00,0.000000000000000000e+00,0.000000000000000000e+00,0.000000000000000000e+00,4.166666666666666435e-02,0.000000000000000000e+00,4.166666666666666435e-02,8.333333333333332871e-02,4.166666666666666435e-02,4.166666666666666435e-02,0.000000000000000000e+00,4.166666666666666435e-02,8.333333333333332871e-02,4.166666666666666435e-02,8.333333333333332871e-02,1.666666666666666574e-01,1.666666666666666574e-01,0.000000000000000000e+00,4.166666666666666435e-02,4.166666666666666435e-02,8.333333333333332871e-02
0.000000000000000000e+00,0.000000000000000000e+00,0.000000000000000000e+00,0.000000000000000000e+00,0.000000000000000000e+00,0.000000000000000000e+00,2.941176470588235253e-02,0.000000000000000000e+00,0.000000000000000000e+00,8.823529411764706454e-02,0.000000000000000000e+00,0.000000000000000000e+00,2.941176470588235253e-02,2.941176470588235253e-02,5.882352941176470507e-02,5.882352941176470507e-02,1.470588235294117696e-01,8.823529411764706454e-02,2.647058823529411797e-01,0.000000000000000000e+00,2.941176470588235253e-02,1.764705882352941291e-01
0.000000000000000000e+00,0.000000000000000000e+00,0.000000000000000000e+00,0.000000000000000000e+00,6.250000000000000000e-02,0.000000000000000000e+00,0.000000000000000000e+00,0.000000000000000000e+00,6.250000000000000000e-02,0.000000000000000000e+00,0.000000000000000000e+00,1.250000000000000000e-01,1.875000000000000000e-01,0.000000000000000000e+00,0.000000000000000000e+00,1.250000000000000000e-01,0.000000000000000000e+00,6.250000000000000000e-02,0.000000000000000000e+00,1.250000000000000000e-01,0.000000000000000000e+00,2.500000000000000000e-01
0.000000000000000000e+00,0.000000000000000000e+00,0.000000000000000000e+00,0.000000000000000000e+00,0.000000000000000000e+00,0.000000000000000000e+00,0.000000000000000000e+00,0.000000000000000000e+00,4.545454545454545581e-02,4.545454545454545581e-02,4.545454545454545581e-02,4.545454545454545581e-02,4.545454545454545581e-02,9.090909090909091161e-02,0.000000000000000000e+00,1.818181818181818232e-01,0.000000000000000000e+00,4.545454545454545581e-02,4.545454545454545581e-02,9.090909090909091161e-02,1.818181818181818232e-01,1.363636363636363535e-01
0.000000000000000000e+00,0.000000000000000000e+00,0.000000000000000000e+00,0.000000000000000000e+00,0.000000000000000000e+00,0.000000000000000000e+00,1.449275362318840597e-02,4.830917874396135035e-03,1.449275362318840597e-02,4.830917874396135209e-02,3.864734299516908028e-02,5.314009661835748799e-02,5.314009661835748799e-02,6.280193236714975979e-02,2.898550724637681195e-02,2.898550724637681195e-02,1.449275362318840597e-02,9.661835748792270070e-03,4.830917874396135209e-02,9.661835748792270070e-03,2.415458937198067604e-02,5.458937198067632668e-01
