9.100000000000000311e-01,2.000000000000000042e-02,2.500000000000000139e-02,1.250000000000000069e-02,0.000000000000000000e+00,2.500000000000000052e-03,1.000000000000000021e-02,5.000000000000000104e-03,0.000000000000000000e+00,2.500000000000000052e-03,0.000000000000000000e+00,0.000000000000000000e+00,0.000000000000000000e+00,0.000000000000000000e+00,0.000000000000000000e+00,2.500000000000000052e-03,0.000000000000000000e+00,2.500000000000000052e-03,0.000000000000000000e+00,0.000000000000000000e+00,0.000000000000000000e+00,7.499999999999999722e-03
8.791208791208791895e-02,7.362637362637363125e-01,5.494505494505494414e-02,2.197802197802197974e-02,2.197802197802197974e-02,2.197802197802197974e-02,0.000000000000000000e+00,1.098901098901098987e-02,1.098901098901098987e-02,0.000000000000000000e+00,0.000000000000000000e+00,0.000000000000000000e+00,0.000000000000000000e+00,0.000000000000000000e+00,1.098901098901098987e-02,0.000000000000000000e+00,0.000000000000000000e+00,0.000000000000000000e+00,0.000000000000000000e+00,0.000000000000000000e+00,0.000000000000000000e+00,2.197802197802197974e-02
6.034482758620689918e-02,7.758620689655172653e-02,6.120689655172413257e-01,1.379310344827586188e-01,2.586206896551724102e-02,1.724137931034482735e-02,2.586206896551724102e-02,0.000000000000000000e+00,8.620689655172413673e-03,0.000000000000000000e+00,1.724137931034482735e-02,0.000000000000000000e+00,0.000000000000000000e+00,0.000000000000000000e+00,0.000000000000000000e+00,0.000000000000000000e+00,0.000000000000000000e+00,0.000000000000000000e+00,0.000000000000000000e+00,0.000000000000000000e+00,0.000000000000000000e+00,1.724137931034482735e-02
1.492537313432835792e-02,4.975124378109452641e-03,7.960199004975124226e-02,6.915422885572138911e-01,6.467661691542288260e-02,4.477611940298507204e-02,2.487562189054726494e-02,9.950248756218905283e-03,4.975124378109452641e-03,1.990049751243781057e-02,4.975124378109452641e-03,4.975124378109452641e-03,9.950248756218905283e-03,4.975124378109452641e-03,0.000000000000000000e+00,0.000000000000000000e+00,0.000000000000000000e+00,0.000000000000000000e+00,0.000000000000000000e+00,0.000000000000000000e+00,0.000000000000000000e+00,1.492537313432835792e-02
1.363636363636363570e-02,4.545454545454545234e-03,4.545454545454545234e-03,5.909090909090908977e-02,6.318181818181818343e-01,1.409090909090909005e-01,6.363636363636362980e-02,3.636363636363636187e-02,9.090909090909090468e-03,4.545454545454545234e-03,4.545454545454545234e-03,4.545454545454545234e-03,0.000000000000000000e+00,0.000000000000000000e+00,0.000000000000000000e+00,0.000000000000000000e+00,4.545454545454545234e-03,0.000000000000000000e+00,0.000000000000000000e+00,0.000000000000000000e+00,0.000000000000000000e+00,1.818181818181818094e-02
2.262443438914027351e-03,0.000000000000000000e+00,2.262443438914027351e-03,6.787330316742081621e-03,6.561085972850679016e-02,7.104072398190045545e-01,1.063348416289592729e-01,4.977375565610859393e-02,9.049773755656109406e-03,9.049773755656109406e-03,4.524886877828054703e-03,0.000000000000000000e+00,0.000000000000000000e+00,6.787330316742081621e-03,4.524886877828054703e-03,0.000000000000000000e+00,2.262443438914027351e-03,2.262443438914027351e-03,2.262443438914027351e-03,0.000000000000000000e+00,0.000000000000000000e+00,1.583710407239818929e-02
1.572327044025157317e-03,1.572327044025157317e-03,3.144654088050314635e-03,4.716981132075471518e-03,2.044025157232704296e-02,7.389937106918238741e-02,6.965408805031446660e-01,1.147798742138364803e-01,2.515723270440251708e-02,2.987421383647798773e-02,3.144654088050314635e-03,3.144654088050314635e-03,1.572327044025157317e-03,1.572327044025157317e-03,0.000000000000000000e+00,3.144654088050314635e-03,0.000000000000000000e+00,3.144654088050314635e-03,0.000000000000000000e+00,0.000000000000000000e+00,0.000000000000000000e+00,1.257861635220125854e-02
2.909796314258002083e-03,0.000000000000000000e+00,2.909796314258002083e-03,1.939864209505334650e-03,4.849660523763336950e-03,1.066925315227934025e-02,6.304558680892337341e-02,7.235693501454898424e-01,1.134820562560620721e-01,2.812803103782735362e-02,1.648884578079534355e-02,8.729388942774005816e-03,3.879728419010669300e-03,2.909796314258002083e-03,0.000000000000000000e+00,1.939864209505334650e-03,1.939864209505334650e-03,9.699321047526673250e-04,9.699321047526673250e-04,0.000000000000000000e+00,0.000000000000000000e+00,1.066925315227934025e-02
0.000000000000000000e+00,0.000000000000000000e+00,7.727975270479134308e-04,0.000000000000000000e+00,2.318392581143740184e-03,5.409582689335393907e-03,8.500772797527048064e-03,7.032457496136011732e-02,7.372488408037094487e-01,1.221020092735703305e-01,2.086553323029366469e-02,1.159196290571870222e-02,6.182380216383307446e-03,3.091190108191653723e-03,7.727975270479134308e-04,1.545595054095826862e-03,0.000000000000000000e+00,0.000000000000000000e+00,0.000000000000000000e+00,0.000000000000000000e+00,7.727975270479134308e-04,8.500772797527048064e-03
7.092198581560284166e-04,0.000000000000000000e+00,0.000000000000000000e+00,7.092198581560284166e-04,2.836879432624113666e-03,3.546099290780141758e-03,1.063829787234042527e-02,1.914893617021276584e-02,8.297872340425531401e-02,7.191489361702128047e-01,1.049645390070921974e-01,1.985815602836879523e-02,9.219858156028368223e-03,3.546099290780141758e-03,1.418439716312056833e-03,2.127659574468085141e-03,0.000000000000000000e+00,0.000000000000000000e+00,7.092198581560284166e-04,1.418439716312056833e-03,7.092198581560284166e-04,1.631205673758865174e-02
0.000000000000000000e+00,0.000000000000000000e+00,1.121076233183856486e-03,1.121076233183856486e-03,1.121076233183856486e-03,2.242152466367712971e-03,3.363228699551569674e-03,1.121076233183856442e-02,1.793721973094170377e-02,1.412556053811659107e-01,6.524663677130044803e-01,9.192825112107623486e-02,2.466367713004484138e-02,1.681614349775784750e-02,2.242152466367712971e-03,2.242152466367712971e-03,2.242152466367712971e-03,1.121076233183856486e-03,1.121076233183856486e-03,0.000000000000000000e+00,0.000000000000000000e+00,2.578475336322870112e-02
1.893939393939393992e-03,0.000000000000000000e+00,0.000000000000000000e+00,0.000000000000000000e+00,0.000000000000000000e+00,0.000000000000000000e+00,3.787878787878787984e-03,1.136363636363636395e-02,2.651515151515151589e-02,3.787878787878787984e-02,1.477272727272727348e-01,5.625000000000000000e-01,8.901515151515151936e-02,3.030303030303030387e-02,1.325757575757575794e-02,1.136363636363636395e-02,9.469696969696969960e-03,5.681818181818181976e-03,7.575757575757575968e-03,1.893939393939393992e-03,0.000000000000000000e+00,3.977272727272727210e-02
6.369426751592357008e-03,3.184713375796178504e-03,0.000000000000000000e+00,3.184713375796178504e-03,3.184713375796178504e-03,3.184713375796178504e-03,9.554140127388534645e-03,9.554140127388534645e-03,1.273885350318471402e-02,4.140127388535031622e-02,6.369426751592356661e-02,1.592356687898089096e-01,4.426751592356688025e-01,9.872611464968153450e-02,4.458598726114649385e-02,1.910828025477706929e-02,9.554140127388534645e-03,3.184713375796178504e-03,9.554140127388534645e-03,3.184713375796178504e-03,6.369426751592357008e-03,4.777070063694267843e-02
0.000000000000000000e+00,0.000000000000000000e+00,4.901960784313725422e-03,0.000000000000000000e+00,4.901960784313725422e-03,9.803921568627450844e-03,4.901960784313725422e-03,4.901960784313725422e-03,3.431372549019608142e-02,2.941176470588235253e-02,5.882352941176470507e-02,5.882352941176470507e-02,1.470588235294117696e-01,4.313725490196078649e-01,5.882352941176470507e-02,4.901960784313725422e-02,2.450980392156862711e-02,9.803921568627450844e-03,0.000000000000000000e+00,0.000000000000000000e+00,4.901960784313725422e-03,6.372549019607842702e-02
0.000000000000000000e+00,0.000000000000000000e+00,2.105263157894736795e-02,1.052631578947368397e-02,0.000000000000000000e+00,1.052631578947368397e-02,0.000000000000000000e+00,0.000000000000000000e+00,1.052631578947368397e-02,3.157894736842105365e-02,8.421052631578947179e-02,6.315789473684210731e-02,1.157894736842105254e-01,1.263157894736842146e-01,2.315789473684210509e-01,5.263157894736841813e-02,3.157894736842105365e-02,3.157894736842105365e-02,2.105263157894736795e-02,5.263157894736841813e-02,1.052631578947368397e-02,9.473684210526316096e-02
0.000000000000000000e+00,1.123595505617977497e-02,1.123595505617977497e-02,0.000000000000000000e+00,0.000000000000000000e+00,2.247191011235954994e-02,1.123595505617977497e-02,4.494382022471909988e-02,4.494382022471909988e-02,2.247191011235954994e-02,6.741573033707864981e-02,3.370786516853932491e-02,4.494382022471909988e-02,6.741573033707864981e-02,8.988764044943819975e-02,3.146067415730336991e-01,8.988764044943819975e-02,1.123595505617977497e-02,2.247191011235954994e-02,0.000000000000000000e+00,2.247191011235954994e-02,6.741573033707864981e-02
0.000000000000000000e+00,0.000000000000000000e+00,0.000000000000000000e+00,0.000000000000000000e+00,3.125000000000000000e-02,0.000000000000000000e+00,0.000000000000000000e+00,0.000000000000000000e+00,1.562500000000000000e-02,3.125000000000000000e-02,3.125000000000000000e-02,4.687500000000000000e-02,1.562500000000000000e-01,4.687500000000000000e-02,3.125000000000000000e-02,7.812500000000000000e-02,3.125000000000000000e-01,0.000000000000000000e+00,0.000000000000000000e+00,1.562500000000000000e-02,1.562500000000000000e-02,1.875000000000000000e-01
0.000000000000000000e+00,0.000000000000000000e+00,0.000000000000000000e+00,2.777777777777777624e-02,2.777777777777777624e-02,5.555555555555555247e-02,2.777777777777777624e-02,2.777777777777777624e-02,0.000000000000000000e+00,8.333333333333332871e-02,5.555555555555555247e-02,0.000000000000000000e+00,1.666666666666666574e-01,8.333333333333332871e-02,0.000000000000000000e+00,5.555555555555555247e-02,8.333333333333332871e-02,5.555555555555555247e-02,0.000000000000000000e+00,5.555555555555555247e-02,0.000000000000000000e+00,1.944444444444444475e-01
0.000000000000000000e+00,0.000000000000000000e+00,0.000000000000000000e+00,0.000000000000000000e+00,0.000000000000000000e+00,0.000000000000000000e+00,2.702702702702702853e-02,2.702702702702702853e-02,0.000000000000000000e+00,0.000000000000000000e+00,5.405405405405405705e-02,2.702702702702702853e-02,5.405405405405405705e-02,5.405405405405405705e-02,8.108108108108108558e-02,2.702702702702702853e-02,5.405405405405405705e-02,2.702702702702702853e-02,2.972972972972973138e-01,2.702702702702702853e-02,2.702702702702702853e-02,2.162162162162162282e-01
0.000000000000000000e+00,0.000000000000000000e+00,0.000000000000000000e+00,0.000000000000000000e+00,0.000000000000000000e+00,0.000000000000000000e+00,0.000000000000000000e+00,0.000000000000000000e+00,1.304347826086956486e-01,4.347826086956521618e-02,0.000000000000000000e+00,4.347826086956521618e-02,8.695652173913043237e-02,8.695652173913043237e-02,8.695652173913043237e-02,0.000000000000000000e+00,4.347826086956521618e-02,4.347826086956521618e-02,0.000000000000000000e+00,1.739130434782608647e-01,0.000000000000000000e+00,2.608695652173912971e-01
0.000000000000000000e+00,0.000000000000000000e+00,0.000000000000000000e+00,0.000000000000000000e+00,0.000000000000000000e+00,0.000000000000000000e+00,0.000000000000000000e+00,0.000000000000000000e+00,1.250000000000000000e-01,0.000000000000000000e+00,6.250000000000000000e-02,6.250000000000000000e-02,0.000000000000000000e+00,0.000000000000000000e+00,1.875000000000000000e-01,0.000000000000000000e+00,6.250000000000000000e-02,6.250000000000000000e-02,0.000000000000000000e+00,0.000000000000000000e+00,6.250000000000000000e-02,3.750000000000000000e-01
8.639308855291577202e-03,2.159827213822894301e-03,0.000000000000000000e+00,8.639308855291577202e-03,2.159827213822894301e-03,1.079913606911447020e-02,1.511879049676025967e-02,2.375809935205183687e-02,2.591792656587472987e-02,4.535637149028078074e-02,2.591792656587472987e-02,4.103671706263498781e-02,3.887688984881209481e-02,2.807775377969762287e-02,2.159827213822894040e-02,1.943844492440604740e-02,2.159827213822894040e-02,2.807775377969762287e-02,2.159827213822894040e-02,1.079913606911447020e-02,1.511879049676025967e-02,5.853131749460043221e-01
