7.885148514851485491e-01,7.207920792079207384e-02,7.920792079207920888e-03,5.148514851485148751e-03,2.376237623762376180e-03,1.980198019801980222e-03,7.920792079207921322e-04,3.960396039603960661e-04,7.920792079207921322e-04,0.000000000000000000e+00,6.732673267326732582e-03,0.000000000000000000e+00,3.960396039603960661e-04,0.000000000000000000e+00,3.960396039603960661e-04,0.000000000000000000e+00,1.188118811881188090e-03,1.980198019801980222e-03,1.980198019801980222e-03,7.128712871287128973e-03,1.001980198019802037e-01
1.653386454183266852e-01,7.071713147410358946e-01,6.175298804780876560e-02,1.660026560424966713e-02,7.968127490039840499e-03,1.992031872509960125e-03,1.992031872509960125e-03,0.000000000000000000e+00,0.000000000000000000e+00,0.000000000000000000e+00,8.632138114209826629e-03,6.640106241699866721e-04,0.000000000000000000e+00,0.000000000000000000e+00,1.328021248339973344e-03,6.640106241699866721e-04,6.640106241699866721e-04,1.992031872509960125e-03,1.992031872509960125e-03,6.640106241699867372e-03,1.460823373173970700e-02
3.913894324853228746e-02,2.407045009784735679e-01,5.988258317025439981e-01,5.675146771037181681e-02,1.565557729941291498e-02,1.369863013698630061e-02,3.913894324853228746e-03,0.000000000000000000e+00,1.956947162426614373e-03,0.000000000000000000e+00,7.827788649706457491e-03,0.000000000000000000e+00,0.000000000000000000e+00,0.000000000000000000e+00,0.000000000000000000e+00,1.956947162426614373e-03,0.000000000000000000e+00,1.956947162426614373e-03,7.827788649706457491e-03,3.913894324853228746e-03,5.870841487279843118e-03
6.493506493506492894e-02,1.428571428571428492e-01,2.467532467532467522e-01,3.376623376623376638e-01,5.844155844155844021e-02,2.597402597402597574e-02,6.493506493506493935e-03,1.948051948051948007e-02,6.493506493506493935e-03,0.000000000000000000e+00,5.194805194805195148e-02,0.000000000000000000e+00,0.000000000000000000e+00,0.000000000000000000e+00,0.000000000000000000e+00,0.000000000000000000e+00,0.000000000000000000e+00,0.000000000000000000e+00,0.000000000000000000e+00,1.298701298701298787e-02,2.597402597402597574e-02
9.859154929577464144e-02,7.042253521126760896e-02,2.535211267605633756e-01,1.971830985915492829e-01,1.830985915492957805e-01,2.816901408450704289e-02,2.816901408450704289e-02,0.000000000000000000e+00,0.000000000000000000e+00,0.000000000000000000e+00,8.450704225352112520e-02,0.000000000000000000e+00,0.000000000000000000e+00,0.000000000000000000e+00,0.000000000000000000e+00,0.000000000000000000e+00,0.000000000000000000e+00,0.000000000000000000e+00,0.000000000000000000e+00,1.408450704225352144e-02,4.225352112676056260e-02
2.272727272727272790e-02,9.090909090909091161e-02,1.363636363636363535e-01,1.136363636363636326e-01,2.727272727272727071e-01,9.090909090909091161e-02,6.818181818181817677e-02,0.000000000000000000e+00,4.545454545454545581e-02,0.000000000000000000e+00,6.818181818181817677e-02,0.000000000000000000e+00,0.000000000000000000e+00,0.000000000000000000e+00,0.000000000000000000e+00,0.000000000000000000e+00,0.000000000000000000e+00,0.000000000000000000e+00,2.272727272727272790e-02,2.272727272727272790e-02,4.545454545454545581e-02
3.448275862068965469e-02,0.000000000000000000e+00,6.896551724137930939e-02,6.896551724137930939e-02,6.896551724137930939e-02,2.068965517241379282e-01,3.103448275862069061e-01,1.034482758620689641e-01,0.000000000000000000e+00,0.000000000000000000e+00,1.379310344827586188e-01,0.000000000000000000e+00,0.000000000000000000e+00,0.000000000000000000e+00,0.000000000000000000e+00,0.000000000000000000e+00,0.000000000000000000e+00,0.000000000000000000e+00,0.000000000000000000e+00,0.000000000000000000e+00,0.000000000000000000e+00
0.000000000000000000e+00,1.428571428571428492e-01,0.000000000000000000e+00,7.142857142857142461e-02,1.428571428571428492e-01,0.000000000000000000e+00,1.428571428571428492e-01,2.857142857142856984e-01,1.428571428571428492e-01,0.000000000000000000e+00,7.142857142857142461e-02,0.000000000000000000e+00,0.000000000000000000e+00,0.000000000000000000e+00,0.000000000000000000e+00,0.000000000000000000e+00,0.000000000000000000e+00,0.000000000000000000e+00,0.000000000000000000e+00,0.000000000000000000e+00,0.000000000000000000e+00
0.000000000000000000e+00,7.692307692307692735e-02,0.000000000000000000e+00,7.692307692307692735e-02,7.692307692307692735e-02,1.538461538461538547e-01,7.692307692307692735e-02,7.692307692307692735e-02,7.692307692307692735e-02,0.000000000000000000e+00,1.538461538461538547e-01,0.000000000000000000e+00,0.000000000000000000e+00,0.000000000000000000e+00,0.000000000000000000e+00,0.000000000000000000e+00,0.000000000000000000e+00,0.000000000000000000e+00,0.000000000000000000e+00,0.000000000000000000e+00,2.307692307692307820e-01
0.000000000000000000e+00,0.000000000000000000e+00,0.000000000000000000e+00,0.000000000000000000e+00,0.000000000000000000e+00,0.000000000000000000e+00,0.000000000000000000e+00,2.500000000000000000e-01,2.500000000000000000e-01,0.000000000000000000e+00,0.000000000000000000e+00,0.000000000000000000e+00,0.000000000000000000e+00,0.000000000000000000e+00,0.000000000000000000e+00,0.000000000000000000e+00,0.000000000000000000e+00,0.000000000000000000e+00,2.500000000000000000e-01,0.000000000000000000e+00,2.500000000000000000e-01
7.751937984496123923e-02,1.162790697674418589e-01,6.201550387596899139e-02,6.976744186046511531e-02,2.325581395348837177e-02,3.875968992248061962e-02,2.325581395348837177e-02,0.000000000000000000e+00,2.325581395348837177e-02,1.550387596899224785e-02,4.418604651162790775e-01,0.000000000000000000e+00,0.000000000000000000e+00,0.000000000000000000e+00,0.000000000000000000e+00,7.751937984496123923e-03,0.000000000000000000e+00,3.100775193798449569e-02,1.550387596899224785e-02,3.100775193798449569e-02,2.325581395348837177e-02
0.000000000000000000e+00,2.500000000000000139e-02,0.000000000000000000e+00,0.000000000000000000e+00,0.000000000000000000e+00,0.000000000000000000e+00,0.000000000000000000e+00,0.000000000000000000e+00,0.000000000000000000e+00,0.000000000000000000e+00,2.500000000000000139e-02,6.999999999999999556e-01,7.499999999999999722e-02,2.500000000000000139e-02,0.000000000000000000e+00,5.000000000000000278e-02,7.499999999999999722e-02,2.500000000000000139e-02,0.000000000000000000e+00,0.000000000000000000e+00,0.000000000000000000e+00
0.000000000000000000e+00,0.000000000000000000e+00,0.000000000000000000e+00,0.000000000000000000e+00,0.000000000000000000e+00,0.000000000000000000e+00,0.000000000000000000e+00,0.000000000000000000e+00,0.000000000000000000e+00,0.000000000000000000e+00,0.000000000000000000e+00,4.878048780487805047e-02,6.341463414634146423e-01,1.219512195121951192e-01,2.439024390243902524e-02,0.000000000000000000e+00,2.439024390243902524e-02,7.317073170731706877e-02,4.878048780487805047e-02,0.000000000000000000e+00,2.439024390243902524e-02
0.000000000000000000e+00,2.439024390243902524e-02,0.000000000000000000e+00,0.000000000000000000e+00,0.000000000000000000e+00,0.000000000000000000e+00,0.000000000000000000e+00,0.000000000000000000e+00,0.000000000000000000e+00,0.000000000000000000e+00,0.000000000000000000e+00,0.000000000000000000e+00,1.219512195121951192e-01,6.097560975609755962e-01,1.219512195121951192e-01,4.878048780487805047e-02,0.000000000000000000e+00,2.439024390243902524e-02,4.878048780487805047e-02,0.000000000000000000e+00,0.000000000000000000e+00
0.000000000000000000e+00,0.000000000000000000e+00,0.000000000000000000e+00,0.000000000000000000e+00,1.428571428571428527e-02,0.000000000000000000e+00,0.000000000000000000e+00,0.000000000000000000e+00,0.000000000000000000e+00,0.000000000000000000e+00,0.000000000000000000e+00,1.428571428571428527e-02,1.428571428571428527e-02,7.142857142857142461e-02,7.285714285714285365e-01,7.142857142857142461e-02,2.857142857142857054e-02,1.428571428571428527e-02,1.428571428571428527e-02,1.428571428571428527e-02,1.428571428571428527e-02
6.172839506172839164e-02,0.000000000000000000e+00,1.234567901234567833e-02,0.000000000000000000e+00,0.000000000000000000e+00,0.000000000000000000e+00,0.000000000000000000e+00,0.000000000000000000e+00,0.000000000000000000e+00,0.000000000000000000e+00,1.234567901234567833e-02,1.234567901234567833e-02,0.000000000000000000e+00,7.407407407407406996e-02,3.703703703703703498e-02,5.432098765432098464e-01,1.358024691358024616e-01,2.469135802469135665e-02,1.234567901234567833e-02,4.938271604938271331e-02,2.469135802469135665e-02
6.756756756756757132e-03,0.000000000000000000e+00,0.000000000000000000e+00,0.000000000000000000e+00,0.000000000000000000e+00,0.000000000000000000e+00,0.000000000000000000e+00,0.000000000000000000e+00,0.000000000000000000e+00,0.000000000000000000e+00,6.756756756756757132e-03,1.351351351351351426e-02,0.000000000000000000e+00,0.000000000000000000e+00,2.702702702702702853e-02,8.783783783783784271e-02,7.364864864864865135e-01,4.054054054054054279e-02,3.378378378378378566e-02,3.378378378378378566e-02,1.351351351351351426e-02
2.439024390243902524e-02,1.626016260162601798e-02,0.000000000000000000e+00,0.000000000000000000e+00,4.065040650406504495e-03,0.000000000000000000e+00,0.000000000000000000e+00,0.000000000000000000e+00,0.000000000000000000e+00,0.000000000000000000e+00,8.130081300813008990e-03,0.000000000000000000e+00,4.065040650406504495e-03,0.000000000000000000e+00,8.130081300813008990e-03,2.032520325203251987e-02,5.691056910569105426e-02,6.829268292682927344e-01,1.300813008130081438e-01,3.252032520325203596e-02,1.219512195121951262e-02
2.179836512261580303e-02,1.089918256130790152e-02,5.449591280653950758e-03,2.724795640326975379e-03,0.000000000000000000e+00,2.724795640326975379e-03,0.000000000000000000e+00,0.000000000000000000e+00,0.000000000000000000e+00,0.000000000000000000e+00,2.724795640326975379e-03,2.724795640326975379e-03,5.449591280653950758e-03,0.000000000000000000e+00,0.000000000000000000e+00,1.089918256130790152e-02,5.449591280653950758e-03,9.536784741144414823e-02,6.539509536784741117e-01,1.389645776566757474e-01,4.087193460490463198e-02
2.655889145496535819e-02,1.616628175519630589e-02,4.618937644341801312e-03,0.000000000000000000e+00,0.000000000000000000e+00,1.154734411085450328e-03,0.000000000000000000e+00,0.000000000000000000e+00,1.154734411085450328e-03,0.000000000000000000e+00,3.464203233256351201e-03,0.000000000000000000e+00,2.309468822170900656e-03,0.000000000000000000e+00,1.154734411085450328e-03,2.309468822170900656e-03,4.618937644341801312e-03,1.039260969976905230e-02,7.390300230946882099e-02,7.263279445727482964e-01,1.258660508083140894e-01
1.110458284371327875e-01,1.821386603995299794e-02,5.287896592244418700e-03,1.762632197414806161e-03,1.762632197414806161e-03,2.350176263219741404e-03,5.875440658049353509e-04,5.875440658049353509e-04,0.000000000000000000e+00,0.000000000000000000e+00,4.700352526439482807e-03,0.000000000000000000e+00,5.875440658049353509e-04,0.000000000000000000e+00,0.000000000000000000e+00,5.875440658049353509e-04,0.000000000000000000e+00,2.350176263219741404e-03,5.875440658049353726e-03,8.401880141010575898e-02,7.602820211515863846e-01
