9.069767441860464574e-01,2.959830866807610858e-02,1.479915433403805429e-02,6.342494714587737677e-03,6.342494714587737677e-03,4.228329809725158740e-03,0.000000000000000000e+00,0.000000000000000000e+00,4.228329809725158740e-03,2.114164904862579370e-03,4.228329809725158740e-03,0.000000000000000000e+00,2.114164904862579370e-03,2.114164904862579370e-03,2.114164904862579370e-03,2.114164904862579370e-03,0.000000000000000000e+00,0.000000000000000000e+00,0.000000000000000000e+00,0.000000000000000000e+00,2.114164904862579370e-03,1.057082452431289642e-02
8.108108108108108558e-02,7.702702702702702853e-01,6.081081081081081419e-02,2.027027027027027140e-02,1.351351351351351426e-02,0.000000000000000000e+00,0.000000000000000000e+00,6.756756756756757132e-03,6.756756756756757132e-03,1.351351351351351426e-02,6.756756756756757132e-03,0.000000000000000000e+00,0.000000000000000000e+00,0.000000000000000000e+00,0.000000000000000000e+00,6.756756756756757132e-03,0.000000000000000000e+00,0.000000000000000000e+00,0.000000000000000000e+00,0.000000000000000000e+00,0.000000000000000000e+00,1.351351351351351426e-02
3.012048192771084321e-02,4.819277108433735191e-02,6.987951807228915957e-01,1.204819277108433728e-01,1.807228915662650523e-02,1.807228915662650523e-02,2.409638554216867595e-02,6.024096385542168988e-03,6.024096385542168988e-03,6.024096385542168988e-03,6.024096385542168988e-03,0.000000000000000000e+00,0.000000000000000000e+00,0.000000000000000000e+00,0.000000000000000000e+00,6.024096385542168988e-03,0.000000000000000000e+00,0.000000000000000000e+00,0.000000000000000000e+00,0.000000000000000000e+00,0.000000000000000000e+00,1.204819277108433798e-02
3.726708074534161586e-02,1.242236024844720413e-02,8.695652173913043237e-02,5.527950310559006653e-01,1.366459627329192628e-01,3.105590062111801206e-02,3.726708074534161586e-02,2.484472049689440826e-02,2.484472049689440826e-02,6.211180124223602064e-03,6.211180124223602064e-03,0.000000000000000000e+00,6.211180124223602064e-03,0.000000000000000000e+00,0.000000000000000000e+00,0.000000000000000000e+00,6.211180124223602064e-03,0.000000000000000000e+00,6.211180124223602064e-03,0.000000000000000000e+00,0.000000000000000000e+00,2.484472049689440826e-02
3.690036900369003583e-03,3.690036900369003583e-03,1.107011070110701031e-02,8.856088560885608252e-02,6.494464944649446236e-01,8.856088560885608252e-02,4.428044280442804126e-02,2.583025830258302638e-02,7.380073800738007166e-03,7.380073800738007166e-03,3.690036900369003583e-03,0.000000000000000000e+00,7.380073800738007166e-03,7.380073800738007166e-03,0.000000000000000000e+00,0.000000000000000000e+00,1.107011070110701031e-02,3.690036900369003583e-03,1.107011070110701031e-02,0.000000000000000000e+00,0.000000000000000000e+00,2.583025830258302638e-02
5.988023952095808747e-03,5.988023952095808747e-03,8.982035928143712253e-03,2.395209580838323499e-02,7.485029940119759806e-02,6.856287425149700798e-01,1.077844311377245540e-01,2.994011976047904200e-02,2.095808383233532801e-02,1.497005988023952100e-02,0.000000000000000000e+00,0.000000000000000000e+00,2.994011976047904373e-03,0.000000000000000000e+00,0.000000000000000000e+00,5.988023952095808747e-03,0.000000000000000000e+00,0.000000000000000000e+00,2.994011976047904373e-03,0.000000000000000000e+00,0.000000000000000000e+00,8.982035928143712253e-03
0.000000000000000000e+00,0.000000000000000000e+00,1.712328767123287576e-03,1.027397260273972546e-02,1.369863013698630061e-02,4.794520547945205213e-02,7.277397260273972268e-01,1.044520547945205491e-01,2.568493150684931364e-02,2.397260273972602607e-02,5.136986301369862729e-03,5.136986301369862729e-03,3.424657534246575152e-03,5.136986301369862729e-03,3.424657534246575152e-03,0.000000000000000000e+00,0.000000000000000000e+00,1.712328767123287576e-03,3.424657534246575152e-03,0.000000000000000000e+00,0.000000000000000000e+00,1.712328767123287576e-02
4.178272980501392987e-03,1.392757660167130923e-03,2.785515320334261847e-03,2.785515320334261847e-03,8.356545961002785974e-03,1.253481894150417809e-02,6.963788300835654921e-02,6.894150417827298316e-01,1.267409470752089151e-01,2.506963788300835619e-02,1.810584958217270266e-02,5.571030640668523694e-03,4.178272980501392987e-03,2.785515320334261847e-03,1.392757660167130923e-03,1.392757660167130923e-03,2.785515320334261847e-03,2.785515320334261847e-03,0.000000000000000000e+00,2.785515320334261847e-03,1.392757660167130923e-03,1.392757660167130880e-02
1.788908765652951708e-03,0.000000000000000000e+00,1.788908765652951708e-03,1.788908765652951708e-03,2.683363148479427345e-03,6.261180679785331195e-03,1.431127012522361366e-02,6.976744186046511531e-02,7.343470483005366534e-01,1.091234347048300468e-01,2.057245080500894399e-02,1.162790697674418589e-02,6.261180679785331195e-03,3.577817531305903416e-03,0.000000000000000000e+00,8.944543828264758540e-04,0.000000000000000000e+00,0.000000000000000000e+00,0.000000000000000000e+00,0.000000000000000000e+00,0.000000000000000000e+00,1.520572450805009017e-02
0.000000000000000000e+00,7.347538574577516021e-04,0.000000000000000000e+00,7.347538574577516021e-04,2.939015429831006408e-03,3.673769287288758227e-03,7.347538574577516454e-03,1.689933872152828837e-02,6.024981631153563527e-02,7.274063188831740856e-01,1.285819250551065440e-01,1.910360029390154382e-02,6.612784717119764635e-03,5.143277002204261865e-03,3.673769287288758227e-03,2.939015429831006408e-03,7.347538574577516021e-04,7.347538574577516021e-04,0.000000000000000000e+00,0.000000000000000000e+00,7.347538574577516021e-04,1.175606171932402563e-02
7.485029940119760933e-04,1.497005988023952187e-03,0.000000000000000000e+00,2.994011976047904373e-03,2.245508982035928063e-03,1.497005988023952187e-03,2.245508982035928063e-03,8.233532934131737244e-03,1.571856287425149601e-02,9.955089820359280806e-02,7.073353293413173759e-01,9.580838323353293995e-02,3.293413173652694897e-02,7.485029940119760500e-03,6.736526946107784623e-03,2.245508982035928063e-03,0.000000000000000000e+00,2.994011976047904373e-03,0.000000000000000000e+00,0.000000000000000000e+00,0.000000000000000000e+00,9.730538922155688997e-03
0.000000000000000000e+00,0.000000000000000000e+00,0.000000000000000000e+00,1.550387596899224785e-03,0.000000000000000000e+00,4.651162790697674354e-03,4.651162790697674354e-03,7.751937984496123923e-03,1.705426356589147263e-02,3.100775193798449569e-02,1.488372093023255793e-01,6.031007751937984551e-01,1.085271317829457349e-01,2.480620155038759655e-02,1.395348837209302306e-02,4.651162790697674354e-03,1.550387596899224785e-03,3.100775193798449569e-03,4.651162790697674354e-03,1.550387596899224785e-03,0.000000000000000000e+00,1.860465116279069742e-02
2.994011976047904373e-03,2.994011976047904373e-03,2.994011976047904373e-03,0.000000000000000000e+00,5.988023952095808747e-03,2.994011976047904373e-03,5.988023952095808747e-03,5.988023952095808747e-03,2.395209580838323499e-02,4.191616766467065602e-02,1.257485029940119681e-01,1.437125748502993960e-01,3.802395209580838320e-01,1.047904191616766401e-01,4.790419161676646997e-02,2.395209580838323499e-02,1.197604790419161749e-02,8.982035928143712253e-03,5.988023952095808747e-03,8.982035928143712253e-03,1.197604790419161749e-02,2.994011976047904200e-02
4.629629629629629373e-03,4.629629629629629373e-03,0.000000000000000000e+00,0.000000000000000000e+00,9.259259259259258745e-03,4.629629629629629373e-03,0.000000000000000000e+00,9.259259259259258745e-03,3.240740740740740561e-02,5.555555555555555247e-02,5.555555555555555247e-02,9.259259259259258745e-02,1.064814814814814825e-01,4.212962962962962798e-01,6.018518518518518184e-02,4.166666666666666435e-02,1.851851851851851749e-02,4.629629629629629373e-03,4.629629629629629373e-03,9.259259259259258745e-03,0.000000000000000000e+00,6.481481481481481122e-02
1.666666666666666644e-02,0.000000000000000000e+00,1.666666666666666644e-02,0.000000000000000000e+00,0.000000000000000000e+00,0.000000000000000000e+00,0.000000000000000000e+00,0.000000000000000000e+00,8.333333333333333218e-03,4.166666666666666435e-02,6.666666666666666574e-02,5.000000000000000278e-02,8.333333333333332871e-02,1.166666666666666685e-01,3.333333333333333148e-01,1.000000000000000056e-01,4.166666666666666435e-02,0.000000000000000000e+00,0.000000000000000000e+00,1.666666666666666644e-02,8.333333333333333218e-03,1.000000000000000056e-01
1.176470588235294101e-02,0.000000000000000000e+00,0.000000000000000000e+00,0.000000000000000000e+00,1.176470588235294101e-02,1.176470588235294101e-02,0.000000000000000000e+00,2.352941176470588203e-02,1.176470588235294101e-02,2.352941176470588203e-02,2.352941176470588203e-02,4.705882352941176405e-02,4.705882352941176405e-02,1.176470588235294101e-01,1.176470588235294101e-01,2.588235294117647300e-01,5.882352941176470507e-02,4.705882352941176405e-02,3.529411764705882304e-02,0.000000000000000000e+00,3.529411764705882304e-02,1.176470588235294101e-01
0.000000000000000000e+00,0.000000000000000000e+00,0.000000000000000000e+00,0.000000000000000000e+00,2.127659574468085055e-02,0.000000000000000000e+00,2.127659574468085055e-02,4.255319148936170109e-02,0.000000000000000000e+00,2.127659574468085055e-02,4.255319148936170109e-02,1.063829787234042562e-01,6.382978723404254817e-02,1.489361702127659504e-01,6.382978723404254817e-02,8.510638297872340219e-02,2.340425531914893664e-01,4.255319148936170109e-02,2.127659574468085055e-02,0.000000000000000000e+00,0.000000000000000000e+00,8.510638297872340219e-02
0.000000000000000000e+00,0.000000000000000000e+00,0.000000000000000000e+00,0.000000000000000000e+00,0.000000000000000000e+00,2.777777777777777624e-02,2.777777777777777624e-02,0.000000000000000000e+00,2.777777777777777624e-02,1.111111111111111049e-01,2.777777777777777624e-02,8.333333333333332871e-02,0.000000000000000000e+00,0.000000000000000000e+00,0.000000000000000000e+00,5.555555555555555247e-02,1.388888888888888951e-01,2.777777777777777901e-01,2.777777777777777624e-02,2.777777777777777624e-02,0.000000000000000000e+00,1.666666666666666574e-01
0.000000000000000000e+00,0.000000000000000000e+00,0.000000000000000000e+00,0.000000000000000000e+00,4.878048780487805047e-02,2.439024390243902524e-02,4.878048780487805047e-02,4.878048780487805047e-02,7.317073170731706877e-02,0.000000000000000000e+00,7.317073170731706877e-02,2.439024390243902524e-02,4.878048780487805047e-02,2.439024390243902524e-02,7.317073170731706877e-02,4.878048780487805047e-02,0.000000000000000000e+00,0.000000000000000000e+00,2.926829268292682751e-01,4.878048780487805047e-02,2.439024390243902524e-02,9.756097560975610095e-02
0.000000000000000000e+00,0.000000000000000000e+00,0.000000000000000000e+00,0.000000000000000000e+00,5.000000000000000278e-02,0.000000000000000000e+00,5.000000000000000278e-02,0.000000000000000000e+00,0.000000000000000000e+00,0.000000000000000000e+00,5.000000000000000278e-02,5.000000000000000278e-02,5.000000000000000278e-02,1.000000000000000056e-01,5.000000000000000278e-02,5.000000000000000278e-02,1.000000000000000056e-01,0.000000000000000000e+00,5.000000000000000278e-02,1.000000000000000056e-01,1.000000000000000056e-01,2.000000000000000111e-01
1.304347826086956486e-01,4.347826086956521618e-02,0.000000000000000000e+00,0.000000000000000000e+00,4.347826086956521618e-02,0.000000000000000000e+00,0.000000000000000000e+00,0.000000000000000000e+00,4.347826086956521618e-02,4.347826086956521618e-02,0.000000000000000000e+00,8.695652173913043237e-02,0.000000000000000000e+00,0.000000000000000000e+00,8.695652173913043237e-02,0.000000000000000000e+00,8.695652173913043237e-02,0.000000000000000000e+00,4.347826086956521618e-02,8.695652173913043237e-02,8.695652173913043237e-02,2.173913043478260809e-01
2.465753424657534179e-02,2.739726027397260295e-03,8.219178082191780019e-03,8.219178082191780019e-03,8.219178082191780019e-03,5.479452054794520591e-03,1.917808219178082293e-02,3.835616438356164587e-02,3.561643835616438297e-02,6.027397260273972823e-02,4.931506849315068358e-02,3.561643835616438297e-02,4.383561643835616473e-02,5.479452054794520244e-02,1.369863013698630061e-02,2.465753424657534179e-02,1.643835616438356004e-02,2.465753424657534179e-02,2.465753424657534179e-02,1.917808219178082293e-02,1.369863013698630061e-02,4.684931506849315253e-01
