8.275862068965517127e-01,3.448275862068965469e-02,0.000000000000000000e+00,0.000000000000000000e+00,0.000000000000000000e+00,0.000000000000000000e+00,0.000000000000000000e+00,0.000000000000000000e+00,6.896551724137930939e-02,6.896551724137930939e-02,0.000000000000000000e+00,0.000000000000000000e+00,0.000000000000000000e+00,0.000000000000000000e+00,0.000000000000000000e+00,0.000000000000000000e+00,0.000000000000000000e+00,0.000000000000000000e+00,0.000000000000000000e+00,0.000000000000000000e+00,0.000000000000000000e+00,0.000000000000000000e+00
2.857142857142857054e-02,9.142857142857142572e-01,2.857142857142857054e-02,0.000000000000000000e+00,0.000000000000000000e+00,0.000000000000000000e+00,0.000000000000000000e+00,0.000000000000000000e+00,2.857142857142857054e-02,0.000000000000000000e+00,0.000000000000000000e+00,0.000000000000000000e+00,0.000000000000000000e+00,0.000000000000000000e+00,0.000000000000000000e+00,0.000000000000000000e+00,0.000000000000000000e+00,0.000000000000000000e+00,0.000000000000000000e+00,0.000000000000000000e+00,0.000000000000000000e+00,0.000000000000000000e+00
4.347826086956521618e-02,4.347826086956521618e-02,7.826086956521739468e-01,4.347826086956521618e-02,0.000000000000000000e+00,0.000000000000000000e+00,4.347826086956521618e-02,0.000000000000000000e+00,0.000000000000000000e+00,0.000000000000000000e+00,0.000000000000000000e+00,0.000000000000000000e+00,0.000000000000000000e+00,4.347826086956521618e-02,0.000000000000000000e+00,0.000000000000000000e+00,0.000000000000000000e+00,0.000000000000000000e+00,0.000000000000000000e+00,0.000000000000000000e+00,0.000000000000000000e+00,0.000000000000000000e+00
0.000000000000000000e+00,0.000000000000000000e+00,3.225806451612903136e-02,8.709677419354838745e-01,6.451612903225806273e-02,0.000000000000000000e+00,0.000000000000000000e+00,3.225806451612903136e-02,0.000000000000000000e+00,0.000000000000000000e+00,0.000000000000000000e+00,0.000000000000000000e+00,0.000000000000000000e+00,0.000000000000000000e+00,0.000000000000000000e+00,0.000000000000000000e+00,0.000000000000000000e+00,0.000000000000000000e+00,0.000000000000000000e+00,0.000000000000000000e+00,0.000000000000000000e+00,0.000000000000000000e+00
0.000000000000000000e+00,0.000000000000000000e+00,0.000000000000000000e+00,7.142857142857142461e-02,8.571428571428570953e-01,7.142857142857142461e-02,0.000000000000000000e+00,0.000000000000000000e+00,0.000000000000000000e+00,0.000000000000000000e+00,0.000000000000000000e+00,0.000000000000000000e+00,0.000000000000000000e+00,0.000000000000000000e+00,0.000000000000000000e+00,0.000000000000000000e+00,0.000000000000000000e+00,0.000000000000000000e+00,0.000000000000000000e+00,0.000000000000000000e+00,0.000000000000000000e+00,0.000000000000000000e+00
0.000000000000000000e+00,0.000000000000000000e+00,0.000000000000000000e+00,0.000000000000000000e+00,2.941176470588235253e-02,5.588235294117647189e-01,1.764705882352941291e-01,2.941176470588235253e-02,2.941176470588235253e-02,0.000000000000000000e+00,5.882352941176470507e-02,2.941176470588235253e-02,0.000000000000000000e+00,2.941176470588235253e-02,2.941176470588235253e-02,0.000000000000000000e+00,0.000000000000000000e+00,0.000000000000000000e+00,0.000000000000000000e+00,0.000000000000000000e+00,2.941176470588235253e-02,0.000000000000000000e+00
0.000000000000000000e+00,0.000000000000000000e+00,0.000000000000000000e+00,2.272727272727272790e-02,0.000000000000000000e+00,5.303030303030303177e-02,7.196969696969697239e-01,1.363636363636363535e-01,0.000000000000000000e+00,6.060606060606060774e-02,7.575757575757575968e-03,0.000000000000000000e+00,0.000000000000000000e+00,0.000000000000000000e+00,0.000000000000000000e+00,0.000000000000000000e+00,0.000000000000000000e+00,0.000000000000000000e+00,0.000000000000000000e+00,0.000000000000000000e+00,0.000000000000000000e+00,0.000000000000000000e+00
0.000000000000000000e+00,0.000000000000000000e+00,0.000000000000000000e+00,0.000000000000000000e+00,3.401360544217686948e-03,6.802721088435373896e-03,5.102040816326530726e-02,7.857142857142856984e-01,1.020408163265306145e-01,1.700680272108843691e-02,1.020408163265306041e-02,3.401360544217686948e-03,0.000000000000000000e+00,6.802721088435373896e-03,0.000000000000000000e+00,0.000000000000000000e+00,0.000000000000000000e+00,0.000000000000000000e+00,0.000000000000000000e+00,0.000000000000000000e+00,0.000000000000000000e+00,1.360544217687074779e-02
0.000000000000000000e+00,1.457725947521865866e-03,1.457725947521865866e-03,0.000000000000000000e+00,0.000000000000000000e+00,1.457725947521865866e-03,4.373177842565597814e-03,4.810495626822157422e-02,7.755102040816326259e-01,1.384839650145772705e-01,1.166180758017492693e-02,4.373177842565597814e-03,1.457725947521865866e-03,1.457725947521865866e-03,1.457725947521865866e-03,1.457725947521865866e-03,0.000000000000000000e+00,0.000000000000000000e+00,1.457725947521865866e-03,1.457725947521865866e-03,0.000000000000000000e+00,4.373177842565597814e-03
1.277955271565495241e-03,0.000000000000000000e+00,0.000000000000000000e+00,0.000000000000000000e+00,0.000000000000000000e+00,0.000000000000000000e+00,1.277955271565495241e-03,5.750798722044728369e-03,5.303514376996805446e-02,8.191693290734823885e-01,9.584664536741213658e-02,8.306709265175718851e-03,3.833865814696485724e-03,3.833865814696485724e-03,2.555910543130990482e-03,6.389776357827476206e-04,6.389776357827476206e-04,0.000000000000000000e+00,0.000000000000000000e+00,6.389776357827476206e-04,0.000000000000000000e+00,3.194888178913737886e-03
0.000000000000000000e+00,0.000000000000000000e+00,0.000000000000000000e+00,0.000000000000000000e+00,7.812500000000000434e-04,7.812500000000000434e-04,0.000000000000000000e+00,2.343749999999999913e-03,9.374999999999999653e-03,1.000000000000000056e-01,7.710937500000000222e-01,7.812500000000000000e-02,1.171875000000000000e-02,5.468749999999999653e-03,3.125000000000000173e-03,2.343749999999999913e-03,3.125000000000000173e-03,7.812500000000000434e-04,0.000000000000000000e+00,0.000000000000000000e+00,7.812500000000000434e-04,1.015625000000000035e-02
0.000000000000000000e+00,0.000000000000000000e+00,0.000000000000000000e+00,0.000000000000000000e+00,0.000000000000000000e+00,0.000000000000000000e+00,0.000000000000000000e+00,4.123711340206185662e-03,6.185567010309278059e-03,2.886597938144330050e-02,1.670103092783505050e-01,6.268041237113401998e-01,1.010309278350515483e-01,2.268041237113401984e-02,1.030927835051546372e-02,0.000000000000000000e+00,1.030927835051546372e-02,2.061855670103092831e-03,2.061855670103092831e-03,4.123711340206185662e-03,2.061855670103092831e-03,1.237113402061855612e-02
0.000000000000000000e+00,0.000000000000000000e+00,0.000000000000000000e+00,0.000000000000000000e+00,0.000000000000000000e+00,0.000000000000000000e+00,0.000000000000000000e+00,4.629629629629629373e-03,1.851851851851851749e-02,3.703703703703703498e-02,6.481481481481481122e-02,1.620370370370370350e-01,5.370370370370370905e-01,6.944444444444444753e-02,3.240740740740740561e-02,1.388888888888888812e-02,1.851851851851851749e-02,1.388888888888888812e-02,4.629629629629629373e-03,4.629629629629629373e-03,0.000000000000000000e+00,1.851851851851851749e-02
0.000000000000000000e+00,0.000000000000000000e+00,8.849557522123893682e-03,0.000000000000000000e+00,0.000000000000000000e+00,0.000000000000000000e+00,0.000000000000000000e+00,8.849557522123893682e-03,8.849557522123893682e-03,5.309734513274336209e-02,5.309734513274336209e-02,1.415929203539822989e-01,1.238938053097345116e-01,3.716814159292035624e-01,7.964601769911504314e-02,3.539823008849557473e-02,1.769911504424778736e-02,6.194690265486725578e-02,8.849557522123893682e-03,8.849557522123893682e-03,0.000000000000000000e+00,1.769911504424778736e-02
0.000000000000000000e+00,0.000000000000000000e+00,0.000000000000000000e+00,0.000000000000000000e+00,0.000000000000000000e+00,0.000000000000000000e+00,0.000000000000000000e+00,0.000000000000000000e+00,2.777777777777777624e-02,9.722222222222222376e-02,5.555555555555555247e-02,5.555555555555555247e-02,9.722222222222222376e-02,5.555555555555555247e-02,4.166666666666666852e-01,1.388888888888888812e-02,4.166666666666666435e-02,4.166666666666666435e-02,0.000000000000000000e+00,0.000000000000000000e+00,1.388888888888888812e-02,8.333333333333332871e-02
0.000000000000000000e+00,0.000000000000000000e+00,0.000000000000000000e+00,0.000000000000000000e+00,0.000000000000000000e+00,0.000000000000000000e+00,0.000000000000000000e+00,0.000000000000000000e+00,7.692307692307692735e-02,7.692307692307692735e-02,7.692307692307692735e-02,0.000000000000000000e+00,1.153846153846153910e-01,7.692307692307692735e-02,7.692307692307692735e-02,3.076923076923077094e-01,7.692307692307692735e-02,3.846153846153846367e-02,0.000000000000000000e+00,0.000000000000000000e+00,0.000000000000000000e+00,7.692307692307692735e-02
0.000000000000000000e+00,0.000000000000000000e+00,0.000000000000000000e+00,0.000000000000000000e+00,0.000000000000000000e+00,0.000000000000000000e+00,0.000000000000000000e+00,2.439024390243902524e-02,0.000000000000000000e+00,2.439024390243902524e-02,9.756097560975610095e-02,4.878048780487805047e-02,2.439024390243902524e-02,1.219512195121951192e-01,4.878048780487805047e-02,2.439024390243902524e-02,2.439024390243902385e-01,0.000000000000000000e+00,9.756097560975610095e-02,2.439024390243902524e-02,0.000000000000000000e+00,2.195121951219512202e-01
0.000000000000000000e+00,0.000000000000000000e+00,0.000000000000000000e+00,0.000000000000000000e+00,0.000000000000000000e+00,0.000000000000000000e+00,0.000000000000000000e+00,0.000000000000000000e+00,3.333333333333333287e-02,0.000000000000000000e+00,0.000000000000000000e+00,1.000000000000000056e-01,3.333333333333333287e-02,6.666666666666666574e-02,0.000000000000000000e+00,3.333333333333333287e-02,1.333333333333333315e-01,3.333333333333333148e-01,3.333333333333333287e-02,6.666666666666666574e-02,3.333333333333333287e-02,1.333333333333333315e-01
0.000000000000000000e+00,0.000000000000000000e+00,0.000000000000000000e+00,0.000000000000000000e+00,0.000000000000000000e+00,0.000000000000000000e+00,0.000000000000000000e+00,0.000000000000000000e+00,0.000000000000000000e+00,0.000000000000000000e+00,1.333333333333333315e-01,6.666666666666666574e-02,6.666666666666666574e-02,1.333333333333333315e-01,0.000000000000000000e+00,0.000000000000000000e+00,6.666666666666666574e-02,1.333333333333333315e-01,6.666666666666666574e-02,1.333333333333333315e-01,6.666666666666666574e-02,1.333333333333333315e-01
0.000000000000000000e+00,0.000000000000000000e+00,0.000000000000000000e+00,0.000000000000000000e+00,0.000000000000000000e+00,0.000000000000000000e+00,5.555555555555555247e-02,0.000000000000000000e+00,0.000000000000000000e+00,0.000000000000000000e+00,0.000000000000000000e+00,5.555555555555555247e-02,5.555555555555555247e-02,5.555555555555555247e-02,5.555555555555555247e-02,5.555555555555555247e-02,1.111111111111111049e-01,0.000000000000000000e+00,0.000000000000000000e+00,2.222222222222222099e-01,5.555555555555555247e-02,2.777777777777777901e-01
0.000000000000000000e+00,0.000000000000000000e+00,0.000000000000000000e+00,0.000000000000000000e+00,0.000000000000000000e+00,0.000000000000000000e+00,0.000000000000000000e+00,0.000000000000000000e+00,0.000000000000000000e+00,7.142857142857142461e-02,0.000000000000000000e+00,7.142857142857142461e-02,0.000000000000000000e+00,7.142857142857142461e-02,7.142857142857142461e-02,0.000000000000000000e+00,0.000000000000000000e+00,0.000000000000000000e+00,7.142857142857142461e-02,0.000000000000000000e+00,4.285714285714285476e-01,2.142857142857142738e-01
0.000000000000000000e+00,0.000000000000000000e+00,0.000000000000000000e+00,0.000000000000000000e+00,0.000000000000000000e+00,0.000000000000000000e+00,0.000000000000000000e+00,6.250000000000000347e-03,2.500000000000000139e-02,5.625000000000000139e-02,3.125000000000000000e-02,5.625000000000000139e-02,5.000000000000000278e-02,5.000000000000000278e-02,3.125000000000000000e-02,1.250000000000000069e-02,3.125000000000000000e-02,1.874999999999999931e-02,3.125000000000000000e-02,1.874999999999999931e-02,1.874999999999999931e-02,5.625000000000000000e-01
