7.057057057057056770e-01,8.558558558558558571e-02,1.801801801801801786e-02,7.507507507507507442e-03,4.504504504504504465e-03,9.009009009009008931e-03,1.501501501501501488e-03,3.003003003003002977e-03,3.003003003003002977e-03,3.003003003003002977e-03,9.009009009009008931e-03,0.000000000000000000e+00,0.000000000000000000e+00,0.000000000000000000e+00,0.000000000000000000e+00,0.000000000000000000e+00,0.000000000000000000e+00,4.504504504504504465e-03,6.006006006006005954e-03,2.102102102102102257e-02,1.186186186186186237e-01
1.606557377049180335e-01,5.803278688524590168e-01,1.049180327868852458e-01,2.622950819672131145e-02,1.639344262295082053e-02,6.557377049180327863e-03,3.278688524590163932e-03,0.000000000000000000e+00,0.000000000000000000e+00,0.000000000000000000e+00,3.278688524590164105e-02,0.000000000000000000e+00,0.000000000000000000e+00,0.000000000000000000e+00,0.000000000000000000e+00,0.000000000000000000e+00,0.000000000000000000e+00,9.836065573770492662e-03,9.836065573770492662e-03,6.557377049180327863e-03,4.262295081967212851e-02
7.281553398058251969e-02,1.407766990291262066e-01,4.563106796116505048e-01,9.223300970873786475e-02,1.456310679611650533e-02,5.339805825242718157e-02,2.427184466019417439e-02,2.427184466019417439e-02,4.854368932038834530e-03,4.854368932038834530e-03,3.883495145631067624e-02,0.000000000000000000e+00,0.000000000000000000e+00,0.000000000000000000e+00,0.000000000000000000e+00,0.000000000000000000e+00,0.000000000000000000e+00,9.708737864077669061e-03,1.941747572815533812e-02,1.941747572815533812e-02,2.427184466019417439e-02
5.042016806722689204e-02,1.008403361344537841e-01,1.680672268907563160e-01,3.529411764705882582e-01,7.563025210084033112e-02,1.680672268907562952e-02,2.521008403361344602e-02,1.680672268907562952e-02,0.000000000000000000e+00,8.403361344537814762e-03,9.243697478991597105e-02,0.000000000000000000e+00,0.000000000000000000e+00,0.000000000000000000e+00,0.000000000000000000e+00,0.000000000000000000e+00,0.000000000000000000e+00,0.000000000000000000e+00,1.680672268907562952e-02,1.680672268907562952e-02,5.882352941176470507e-02
1.333333333333333419e-02,5.333333333333333676e-02,6.666666666666666574e-02,1.199999999999999956e-01,3.466666666666666785e-01,1.199999999999999956e-01,2.666666666666666838e-02,4.000000000000000083e-02,1.333333333333333419e-02,4.000000000000000083e-02,1.066666666666666735e-01,0.000000000000000000e+00,0.000000000000000000e+00,0.000000000000000000e+00,0.000000000000000000e+00,0.000000000000000000e+00,0.000000000000000000e+00,0.000000000000000000e+00,0.000000000000000000e+00,1.333333333333333419e-02,4.000000000000000083e-02
2.631578947368420907e-02,2.631578947368420907e-02,1.052631578947368363e-01,3.947368421052631360e-02,1.052631578947368363e-01,3.157894736842105088e-01,1.052631578947368363e-01,7.894736842105262720e-02,1.315789473684210453e-02,0.000000000000000000e+00,1.447368421052631637e-01,0.000000000000000000e+00,0.000000000000000000e+00,0.000000000000000000e+00,1.315789473684210453e-02,0.000000000000000000e+00,0.000000000000000000e+00,0.000000000000000000e+00,0.000000000000000000e+00,1.315789473684210453e-02,1.315789473684210453e-02
1.234567901234567833e-02,2.469135802469135665e-02,4.938271604938271331e-02,3.703703703703703498e-02,3.703703703703703498e-02,8.641975308641974829e-02,4.567901234567900981e-01,9.876543209876542662e-02,1.234567901234567833e-02,2.469135802469135665e-02,1.234567901234567833e-01,0.000000000000000000e+00,0.000000000000000000e+00,0.000000000000000000e+00,0.000000000000000000e+00,0.000000000000000000e+00,0.000000000000000000e+00,0.000000000000000000e+00,0.000000000000000000e+00,1.234567901234567833e-02,2.469135802469135665e-02
1.666666666666666644e-02,1.666666666666666644e-02,3.333333333333333287e-02,5.000000000000000278e-02,3.333333333333333287e-02,8.333333333333332871e-02,1.499999999999999944e-01,2.500000000000000000e-01,1.000000000000000056e-01,0.000000000000000000e+00,2.333333333333333370e-01,0.000000000000000000e+00,0.000000000000000000e+00,1.666666666666666644e-02,0.000000000000000000e+00,0.000000000000000000e+00,0.000000000000000000e+00,0.000000000000000000e+00,0.000000000000000000e+00,0.000000000000000000e+00,1.666666666666666644e-02
0.000000000000000000e+00,1.886792452830188607e-02,1.886792452830188607e-02,3.773584905660377214e-02,3.773584905660377214e-02,1.886792452830188607e-02,7.547169811320754429e-02,1.132075471698113234e-01,3.584905660377358250e-01,1.132075471698113234e-01,1.509433962264150886e-01,0.000000000000000000e+00,0.000000000000000000e+00,0.000000000000000000e+00,0.000000000000000000e+00,0.000000000000000000e+00,0.000000000000000000e+00,0.000000000000000000e+00,0.000000000000000000e+00,1.886792452830188607e-02,3.773584905660377214e-02
0.000000000000000000e+00,4.166666666666666435e-02,8.333333333333332871e-02,1.250000000000000000e-01,4.166666666666666435e-02,0.000000000000000000e+00,8.333333333333332871e-02,4.166666666666666435e-02,2.500000000000000000e-01,4.166666666666666435e-02,2.916666666666666852e-01,0.000000000000000000e+00,0.000000000000000000e+00,0.000000000000000000e+00,0.000000000000000000e+00,0.000000000000000000e+00,0.000000000000000000e+00,0.000000000000000000e+00,0.000000000000000000e+00,0.000000000000000000e+00,0.000000000000000000e+00
3.823529411764706176e-02,1.470588235294117627e-02,4.705882352941176405e-02,4.705882352941176405e-02,3.823529411764706176e-02,1.764705882352941152e-02,3.235294117647059126e-02,2.647058823529411728e-02,4.117647058823529355e-02,2.058823529411764677e-02,6.529411764705882470e-01,0.000000000000000000e+00,0.000000000000000000e+00,0.000000000000000000e+00,0.000000000000000000e+00,0.000000000000000000e+00,0.000000000000000000e+00,2.941176470588235253e-03,5.882352941176470507e-03,2.941176470588235253e-03,1.176470588235294101e-02
0.000000000000000000e+00,0.000000000000000000e+00,0.000000000000000000e+00,0.000000000000000000e+00,0.000000000000000000e+00,0.000000000000000000e+00,0.000000000000000000e+00,0.000000000000000000e+00,0.000000000000000000e+00,0.000000000000000000e+00,0.000000000000000000e+00,8.989898989898990056e-01,5.050505050505050414e-02,0.000000000000000000e+00,2.020202020202020374e-02,0.000000000000000000e+00,0.000000000000000000e+00,1.010101010101010187e-02,2.020202020202020374e-02,0.000000000000000000e+00,0.000000000000000000e+00
0.000000000000000000e+00,0.000000000000000000e+00,0.000000000000000000e+00,0.000000000000000000e+00,0.000000000000000000e+00,0.000000000000000000e+00,0.000000000000000000e+00,0.000000000000000000e+00,0.000000000000000000e+00,0.000000000000000000e+00,0.000000000000000000e+00,8.571428571428571508e-02,5.714285714285713969e-01,2.857142857142856984e-01,0.000000000000000000e+00,0.000000000000000000e+00,0.000000000000000000e+00,0.000000000000000000e+00,5.714285714285714107e-02,0.000000000000000000e+00,0.000000000000000000e+00
0.000000000000000000e+00,0.000000000000000000e+00,0.000000000000000000e+00,0.000000000000000000e+00,0.000000000000000000e+00,0.000000000000000000e+00,0.000000000000000000e+00,0.000000000000000000e+00,0.000000000000000000e+00,0.000000000000000000e+00,0.000000000000000000e+00,1.075268817204301161e-02,1.182795698924731242e-01,6.881720430107527431e-01,8.602150537634409289e-02,5.376344086021505458e-02,1.075268817204301161e-02,0.000000000000000000e+00,0.000000000000000000e+00,3.225806451612903136e-02,0.000000000000000000e+00
0.000000000000000000e+00,0.000000000000000000e+00,0.000000000000000000e+00,0.000000000000000000e+00,0.000000000000000000e+00,0.000000000000000000e+00,0.000000000000000000e+00,0.000000000000000000e+00,0.000000000000000000e+00,0.000000000000000000e+00,0.000000000000000000e+00,2.020202020202020374e-02,0.000000000000000000e+00,9.090909090909091161e-02,7.878787878787878451e-01,6.060606060606060774e-02,1.010101010101010187e-02,0.000000000000000000e+00,2.020202020202020374e-02,1.010101010101010187e-02,0.000000000000000000e+00
0.000000000000000000e+00,0.000000000000000000e+00,0.000000000000000000e+00,0.000000000000000000e+00,0.000000000000000000e+00,0.000000000000000000e+00,0.000000000000000000e+00,0.000000000000000000e+00,0.000000000000000000e+00,0.000000000000000000e+00,0.000000000000000000e+00,0.000000000000000000e+00,0.000000000000000000e+00,2.419354838709677352e-02,5.645161290322580488e-02,7.258064516129032473e-01,1.370967741935483764e-01,8.064516129032257841e-03,2.419354838709677352e-02,1.612903225806451568e-02,8.064516129032257841e-03
7.633587786259541687e-03,0.000000000000000000e+00,0.000000000000000000e+00,0.000000000000000000e+00,0.000000000000000000e+00,0.000000000000000000e+00,0.000000000000000000e+00,0.000000000000000000e+00,0.000000000000000000e+00,0.000000000000000000e+00,0.000000000000000000e+00,0.000000000000000000e+00,7.633587786259541687e-03,1.526717557251908337e-02,1.526717557251908337e-02,7.633587786259542207e-02,6.870229007633588125e-01,1.526717557251908441e-01,1.526717557251908337e-02,2.290076335877862593e-02,0.000000000000000000e+00
3.412969283276450546e-03,1.023890784982935120e-02,3.412969283276450546e-03,3.412969283276450546e-03,0.000000000000000000e+00,3.412969283276450546e-03,0.000000000000000000e+00,3.412969283276450546e-03,0.000000000000000000e+00,0.000000000000000000e+00,1.365187713310580218e-02,3.412969283276450546e-03,0.000000000000000000e+00,0.000000000000000000e+00,0.000000000000000000e+00,6.825938566552901092e-03,5.802047781569966145e-02,7.201365187713311133e-01,1.365187713310580253e-01,2.730375426621160437e-02,6.825938566552901092e-03
1.318681318681318680e-02,2.197802197802197800e-03,4.395604395604395601e-03,4.395604395604395601e-03,0.000000000000000000e+00,2.197802197802197800e-03,0.000000000000000000e+00,2.197802197802197800e-03,0.000000000000000000e+00,0.000000000000000000e+00,2.197802197802197800e-03,4.395604395604395601e-03,2.197802197802197800e-03,2.197802197802197800e-03,2.197802197802197800e-03,4.395604395604395601e-03,4.395604395604395601e-03,8.131868131868132121e-02,7.208791208791208716e-01,1.318681318681318715e-01,1.538461538461538547e-02
1.502890173410404567e-02,1.040462427745664740e-02,3.468208092485549135e-03,2.312138728323699568e-03,1.156069364161849784e-03,0.000000000000000000e+00,1.156069364161849784e-03,1.156069364161849784e-03,1.156069364161849784e-03,0.000000000000000000e+00,4.624277456647399136e-03,0.000000000000000000e+00,0.000000000000000000e+00,1.156069364161849784e-03,0.000000000000000000e+00,2.312138728323699568e-03,3.468208092485549135e-03,1.502890173410404567e-02,6.127167630057803183e-02,7.676300578034681577e-01,1.086705202312138741e-01
8.886894075403949100e-02,8.078994614003590091e-03,6.283662477558348523e-03,3.590664272890484870e-03,2.692998204667863653e-03,8.976660682226212176e-04,8.976660682226212176e-04,0.000000000000000000e+00,8.976660682226212176e-04,8.976660682226212176e-04,6.283662477558348523e-03,0.000000000000000000e+00,0.000000000000000000e+00,0.000000000000000000e+00,0.000000000000000000e+00,0.000000000000000000e+00,0.000000000000000000e+00,1.795332136445242435e-03,2.692998204667863653e-03,9.066427289048474558e-02,7.854578096947935073e-01
