4.000000000000000222e-01,0.000000000000000000e+00,1.000000000000000056e-01,1.000000000000000056e-01,1.000000000000000056e-01,1.000000000000000056e-01,0.000000000000000000e+00,0.000000000000000000e+00,0.000000000000000000e+00,0.000000000000000000e+00,0.000000000000000000e+00,0.000000000000000000e+00,0.000000000000000000e+00,0.000000000000000000e+00,1.000000000000000056e-01,0.000000000000000000e+00,0.000000000000000000e+00,0.000000000000000000e+00,0.000000000000000000e+00,0.000000000000000000e+00,0.000000000000000000e+00,1.000000000000000056e-01
0.000000000000000000e+00,9.166666666666666297e-01,0.000000000000000000e+00,0.000000000000000000e+00,8.333333333333332871e-02,0.000000000000000000e+00,0.000000000000000000e+00,0.000000000000000000e+00,0.000000000000000000e+00,0.000000000000000000e+00,0.000000000000000000e+00,0.000000000000000000e+00,0.000000000000000000e+00,0.000000000000000000e+00,0.000000000000000000e+00,0.000000000000000000e+00,0.000000000000000000e+00,0.000000000000000000e+00,0.000000000000000000e+00,0.000000000000000000e+00,0.000000000000000000e+00,0.000000000000000000e+00
0.000000000000000000e+00,3.703703703703703498e-02,7.037037037037037202e-01,2.592592592592592449e-01,0.000000000000000000e+00,0.000000000000000000e+00,0.000000000000000000e+00,0.000000000000000000e+00,0.000000000000000000e+00,0.000000000000000000e+00,0.000000000000000000e+00,0.000000000000000000e+00,0.000000000000000000e+00,0.000000000000000000e+00,0.000000000000000000e+00,0.000000000000000000e+00,0.000000000000000000e+00,0.000000000000000000e+00,0.000000000000000000e+00,0.000000000000000000e+00,0.000000000000000000e+00,0.000000000000000000e+00
3.571428571428571230e-02,0.000000000000000000e+00,1.071428571428571369e-01,4.285714285714285476e-01,2.142857142857142738e-01,7.142857142857142461e-02,7.142857142857142461e-02,3.571428571428571230e-02,0.000000000000000000e+00,0.000000000000000000e+00,0.000000000000000000e+00,0.000000000000000000e+00,0.000000000000000000e+00,0.000000000000000000e+00,0.000000000000000000e+00,0.000000000000000000e+00,0.000000000000000000e+00,0.000000000000000000e+00,0.000000000000000000e+00,0.000000000000000000e+00,0.000000000000000000e+00,3.571428571428571230e-02
0.000000000000000000e+00,2.173913043478260809e-02,0.000000000000000000e+00,1.086956521739130405e-01,5.652173913043477826e-01,1.304347826086956486e-01,1.086956521739130405e-01,2.173913043478260809e-02,0.000000000000000000e+00,0.000000000000000000e+00,0.000000000000000000e+00,2.173913043478260809e-02,0.000000000000000000e+00,2.173913043478260809e-02,0.000000000000000000e+00,0.000000000000000000e+00,0.000000000000000000e+00,0.000000000000000000e+00,0.000000000000000000e+00,0.000000000000000000e+00,0.000000000000000000e+00,0.000000000000000000e+00
1.470588235294117627e-02,0.000000000000000000e+00,2.941176470588235253e-02,0.000000000000000000e+00,1.470588235294117627e-02,5.000000000000000000e-01,1.470588235294117696e-01,1.029411764705882304e-01,5.882352941176470507e-02,4.411764705882353227e-02,4.411764705882353227e-02,0.000000000000000000e+00,1.470588235294117627e-02,0.000000000000000000e+00,1.470588235294117627e-02,0.000000000000000000e+00,0.000000000000000000e+00,0.000000000000000000e+00,0.000000000000000000e+00,0.000000000000000000e+00,0.000000000000000000e+00,1.470588235294117627e-02
9.803921568627450844e-03,0.000000000000000000e+00,0.000000000000000000e+00,0.000000000000000000e+00,4.901960784313725422e-02,6.862745098039216285e-02,5.000000000000000000e-01,1.666666666666666574e-01,1.078431372549019662e-01,3.921568627450980338e-02,9.803921568627450844e-03,0.000000000000000000e+00,0.000000000000000000e+00,2.941176470588235253e-02,0.000000000000000000e+00,0.000000000000000000e+00,0.000000000000000000e+00,0.000000000000000000e+00,9.803921568627450844e-03,0.000000000000000000e+00,0.000000000000000000e+00,9.803921568627450844e-03
0.000000000000000000e+00,0.000000000000000000e+00,5.747126436781609116e-03,0.000000000000000000e+00,0.000000000000000000e+00,1.149425287356321823e-02,6.321839080459770721e-02,6.091954022988506079e-01,2.356321839080459668e-01,1.724137931034482735e-02,1.724137931034482735e-02,1.149425287356321823e-02,5.747126436781609116e-03,0.000000000000000000e+00,0.000000000000000000e+00,0.000000000000000000e+00,5.747126436781609116e-03,5.747126436781609116e-03,5.747126436781609116e-03,0.000000000000000000e+00,5.747126436781609116e-03,0.000000000000000000e+00
0.000000000000000000e+00,0.000000000000000000e+00,0.000000000000000000e+00,0.000000000000000000e+00,6.920415224913495020e-03,1.384083044982699004e-02,2.422145328719723170e-02,8.304498269896193330e-02,6.124567474048442373e-01,1.591695501730103768e-01,4.844290657439446340e-02,1.038062283737024166e-02,2.422145328719723170e-02,3.460207612456747510e-03,0.000000000000000000e+00,3.460207612456747510e-03,0.000000000000000000e+00,0.000000000000000000e+00,3.460207612456747510e-03,0.000000000000000000e+00,3.460207612456747510e-03,3.460207612456747510e-03
0.000000000000000000e+00,0.000000000000000000e+00,0.000000000000000000e+00,0.000000000000000000e+00,0.000000000000000000e+00,9.493670886075949653e-03,1.898734177215189931e-02,6.329113924050632813e-03,1.139240506329113889e-01,6.487341772151898889e-01,1.297468354430379722e-01,2.848101265822784722e-02,1.898734177215189931e-02,9.493670886075949653e-03,6.329113924050632813e-03,0.000000000000000000e+00,0.000000000000000000e+00,0.000000000000000000e+00,0.000000000000000000e+00,0.000000000000000000e+00,0.000000000000000000e+00,9.493670886075949653e-03
0.000000000000000000e+00,0.000000000000000000e+00,0.000000000000000000e+00,0.000000000000000000e+00,0.000000000000000000e+00,0.000000000000000000e+00,1.465201465201465200e-02,1.465201465201465200e-02,2.930402930402930400e-02,1.318681318681318715e-01,6.263736263736263687e-01,8.791208791208791895e-02,4.395604395604395948e-02,1.098901098901098987e-02,1.098901098901098987e-02,1.098901098901098987e-02,7.326007326007326001e-03,3.663003663003663000e-03,0.000000000000000000e+00,0.000000000000000000e+00,0.000000000000000000e+00,7.326007326007326001e-03
0.000000000000000000e+00,0.000000000000000000e+00,0.000000000000000000e+00,0.000000000000000000e+00,0.000000000000000000e+00,1.183431952662721866e-02,0.000000000000000000e+00,2.366863905325443732e-02,2.958579881656804578e-02,2.366863905325443732e-02,1.183431952662721831e-01,5.325443786982249073e-01,1.360946745562130189e-01,1.775147928994082885e-02,2.366863905325443732e-02,2.958579881656804578e-02,5.917159763313609329e-03,1.183431952662721866e-02,0.000000000000000000e+00,0.000000000000000000e+00,5.917159763313609329e-03,2.958579881656804578e-02
0.000000000000000000e+00,0.000000000000000000e+00,0.000000000000000000e+00,0.000000000000000000e+00,0.000000000000000000e+00,0.000000000000000000e+00,8.333333333333333218e-03,8.333333333333333218e-03,8.333333333333333218e-03,5.000000000000000278e-02,5.000000000000000278e-02,1.666666666666666574e-01,4.916666666666666408e-01,6.666666666666666574e-02,5.000000000000000278e-02,2.500000000000000139e-02,2.500000000000000139e-02,1.666666666666666644e-02,0.000000000000000000e+00,0.000000000000000000e+00,0.000000000000000000e+00,3.333333333333333287e-02
1.369863013698630061e-02,0.000000000000000000e+00,0.000000000000000000e+00,0.000000000000000000e+00,0.000000000000000000e+00,0.000000000000000000e+00,1.369863013698630061e-02,0.000000000000000000e+00,1.369863013698630061e-02,0.000000000000000000e+00,2.739726027397260122e-02,5.479452054794520244e-02,1.095890410958904049e-01,5.205479452054794232e-01,1.232876712328767055e-01,2.739726027397260122e-02,4.109589041095890183e-02,1.369863013698630061e-02,0.000000000000000000e+00,1.369863013698630061e-02,0.000000000000000000e+00,2.739726027397260122e-02
0.000000000000000000e+00,0.000000000000000000e+00,0.000000000000000000e+00,0.000000000000000000e+00,1.754385964912280604e-02,0.000000000000000000e+00,1.754385964912280604e-02,0.000000000000000000e+00,3.508771929824561209e-02,5.263157894736841813e-02,1.754385964912280604e-02,7.017543859649122417e-02,3.508771929824561209e-02,1.228070175438596423e-01,4.210526315789473450e-01,7.017543859649122417e-02,1.754385964912280604e-02,1.754385964912280604e-02,1.754385964912280604e-02,1.754385964912280604e-02,1.754385964912280604e-02,5.263157894736841813e-02
0.000000000000000000e+00,0.000000000000000000e+00,0.000000000000000000e+00,0.000000000000000000e+00,0.000000000000000000e+00,0.000000000000000000e+00,3.846153846153846367e-02,3.846153846153846367e-02,3.846153846153846367e-02,3.846153846153846367e-02,0.000000000000000000e+00,7.692307692307692735e-02,1.153846153846153910e-01,3.846153846153846367e-02,1.538461538461538547e-01,2.307692307692307820e-01,1.538461538461538547e-01,0.000000000000000000e+00,0.000000000000000000e+00,0.000000000000000000e+00,3.846153846153846367e-02,3.846153846153846367e-02
0.000000000000000000e+00,0.000000000000000000e+00,0.000000000000000000e+00,0.000000000000000000e+00,0.000000000000000000e+00,0.000000000000000000e+00,3.703703703703703498e-02,0.000000000000000000e+00,0.000000000000000000e+00,0.000000000000000000e+00,7.407407407407406996e-02,7.407407407407406996e-02,3.703703703703703498e-02,1.111111111111111049e-01,0.000000000000000000e+00,0.000000000000000000e+00,2.592592592592592449e-01,1.481481481481481399e-01,1.481481481481481399e-01,0.000000000000000000e+00,0.000000000000000000e+00,1.111111111111111049e-01
0.000000000000000000e+00,0.000000000000000000e+00,0.000000000000000000e+00,0.000000000000000000e+00,0.000000000000000000e+00,0.000000000000000000e+00,0.000000000000000000e+00,1.052631578947368363e-01,0.000000000000000000e+00,5.263157894736841813e-02,5.263157894736841813e-02,5.263157894736841813e-02,1.052631578947368363e-01,0.000000000000000000e+00,0.000000000000000000e+00,5.263157894736841813e-02,5.263157894736841813e-02,2.105263157894736725e-01,1.052631578947368363e-01,0.000000000000000000e+00,5.263157894736841813e-02,1.578947368421052544e-01
0.000000000000000000e+00,0.000000000000000000e+00,0.000000000000000000e+00,0.000000000000000000e+00,0.000000000000000000e+00,0.000000000000000000e+00,7.142857142857142461e-02,7.142857142857142461e-02,0.000000000000000000e+00,0.000000000000000000e+00,7.142857142857142461e-02,0.000000000000000000e+00,0.000000000000000000e+00,1.428571428571428492e-01,0.000000000000000000e+00,1.428571428571428492e-01,0.000000000000000000e+00,0.000000000000000000e+00,2.142857142857142738e-01,7.142857142857142461e-02,7.142857142857142461e-02,1.428571428571428492e-01
0.000000000000000000e+00,0.000000000000000000e+00,0.000000000000000000e+00,0.000000000000000000e+00,0.000000000000000000e+00,0.000000000000000000e+00,0.000000000000000000e+00,0.000000000000000000e+00,0.000000000000000000e+00,0.000000000000000000e+00,0.000000000000000000e+00,1.428571428571428492e-01,0.000000000000000000e+00,1.428571428571428492e-01,0.000000000000000000e+00,0.000000000000000000e+00,0.000000000000000000e+00,0.000000000000000000e+00,1.428571428571428492e-01,4.285714285714285476e-01,1.428571428571428492e-01,0.000000000000000000e+00
0.000000000000000000e+00,0.000000000000000000e+00,0.000000000000000000e+00,0.000000000000000000e+00,0.000000000000000000e+00,8.333333333333332871e-02,0.000000000000000000e+00,0.000000000000000000e+00,1.666666666666666574e-01,0.000000000000000000e+00,0.000000000000000000e+00,0.000000000000000000e+00,0.000000000000000000e+00,8.333333333333332871e-02,8.333333333333332871e-02,0.000000000000000000e+00,0.000000000000000000e+00,0.000000000000000000e+00,0.000000000000000000e+00,8.333333333333332871e-02,3.333333333333333148e-01,1.666666666666666574e-01
1.492537313432835792e-02,0.000000000000000000e+00,0.000000000000000000e+00,1.492537313432835792e-02,0.000000000000000000e+00,0.000000000000000000e+00,1.492537313432835792e-02,0.000000000000000000e+00,2.985074626865671585e-02,4.477611940298507204e-02,1.492537313432835792e-02,4.477611940298507204e-02,4.477611940298507204e-02,4.477611940298507204e-02,8.955223880597014408e-02,2.985074626865671585e-02,2.985074626865671585e-02,2.985074626865671585e-02,1.492537313432835792e-02,1.492537313432835792e-02,2.985074626865671585e-02,4.925373134328357994e-01
