8.461538461538461453e-01,0.000000000000000000e+00,0.000000000000000000e+00,7.692307692307692735e-02,0.000000000000000000e+00,0.000000000000000000e+00,0.000000000000000000e+00,0.000000000000000000e+00,0.000000000000000000e+00,0.000000000000000000e+00,0.000000000000000000e+00,0.000000000000000000e+00,0.000000000000000000e+00,7.692307692307692735e-02,0.000000000000000000e+00,0.000000000000000000e+00,0.000000000000000000e+00,0.000000000000000000e+00,0.000000000000000000e+00,0.000000000000000000e+00,0.000000000000000000e+00,0.000000000000000000e+00
8.333333333333332871e-02,9.166666666666666297e-01,0.000000000000000000e+00,0.000000000000000000e+00,0.000000000000000000e+00,0.000000000000000000e+00,0.000000000000000000e+00,0.000000000000000000e+00,0.000000000000000000e+00,0.000000000000000000e+00,0.000000000000000000e+00,0.000000000000000000e+00,0.000000000000000000e+00,0.000000000000000000e+00,0.000000000000000000e+00,0.000000000000000000e+00,0.000000000000000000e+00,0.000000000000000000e+00,0.000000000000000000e+00,0.000000000000000000e+00,0.000000000000000000e+00,0.000000000000000000e+00
0.000000000000000000e+00,0.000000000000000000e+00,7.142857142857143016e-01,7.142857142857142461e-02,2.142857142857142738e-01,0.000000000000000000e+00,0.000000000000000000e+00,0.000000000000000000e+00,0.000000000000000000e+00,0.000000000000000000e+00,0.000000000000000000e+00,0.000000000000000000e+00,0.000000000000000000e+00,0.000000000000000000e+00,0.000000000000000000e+00,0.000000000000000000e+00,0.000000000000000000e+00,0.000000000000000000e+00,0.000000000000000000e+00,0.000000000000000000e+00,0.000000000000000000e+00,0.000000000000000000e+00
0.000000000000000000e+00,0.000000000000000000e+00,0.000000000000000000e+00,4.545454545454545303e-01,2.727272727272727071e-01,9.090909090909091161e-02,0.000000000000000000e+00,9.090909090909091161e-02,0.000000000000000000e+00,9.090909090909091161e-02,0.000000000000000000e+00,0.000000000000000000e+00,0.000000000000000000e+00,0.000000000000000000e+00,0.000000000000000000e+00,0.000000000000000000e+00,0.000000000000000000e+00,0.000000000000000000e+00,0.000000000000000000e+00,0.000000000000000000e+00,0.000000000000000000e+00,0.000000000000000000e+00
0.000000000000000000e+00,1.923076923076923184e-02,3.846153846153846367e-02,5.769230769230769551e-02,6.730769230769231282e-01,9.615384615384615918e-02,3.846153846153846367e-02,1.923076923076923184e-02,0.000000000000000000e+00,1.923076923076923184e-02,1.923076923076923184e-02,0.000000000000000000e+00,0.000000000000000000e+00,0.000000000000000000e+00,0.000000000000000000e+00,0.000000000000000000e+00,0.000000000000000000e+00,1.923076923076923184e-02,0.000000000000000000e+00,0.000000000000000000e+00,0.000000000000000000e+00,0.000000000000000000e+00
0.000000000000000000e+00,0.000000000000000000e+00,0.000000000000000000e+00,5.660377358490566169e-02,1.132075471698113234e-01,5.283018867924528239e-01,1.698113207547169712e-01,5.660377358490566169e-02,0.000000000000000000e+00,0.000000000000000000e+00,0.000000000000000000e+00,0.000000000000000000e+00,0.000000000000000000e+00,1.886792452830188607e-02,3.773584905660377214e-02,1.886792452830188607e-02,0.000000000000000000e+00,0.000000000000000000e+00,0.000000000000000000e+00,0.000000000000000000e+00,0.000000000000000000e+00,0.000000000000000000e+00
0.000000000000000000e+00,0.000000000000000000e+00,8.474576271186440649e-03,0.000000000000000000e+00,2.542372881355932368e-02,1.271186440677966045e-01,6.610169491525423879e-01,1.186440677966101725e-01,2.542372881355932368e-02,0.000000000000000000e+00,8.474576271186440649e-03,8.474576271186440649e-03,8.474576271186440649e-03,0.000000000000000000e+00,0.000000000000000000e+00,0.000000000000000000e+00,0.000000000000000000e+00,0.000000000000000000e+00,8.474576271186440649e-03,0.000000000000000000e+00,0.000000000000000000e+00,0.000000000000000000e+00
0.000000000000000000e+00,0.000000000000000000e+00,0.000000000000000000e+00,0.000000000000000000e+00,6.493506493506493935e-03,2.597402597402597574e-02,1.103896103896103847e-01,6.428571428571429047e-01,1.168831168831168804e-01,2.597402597402597574e-02,1.298701298701298787e-02,0.000000000000000000e+00,6.493506493506493935e-03,1.298701298701298787e-02,1.298701298701298787e-02,0.000000000000000000e+00,6.493506493506493935e-03,6.493506493506493935e-03,0.000000000000000000e+00,0.000000000000000000e+00,0.000000000000000000e+00,1.298701298701298787e-02
0.000000000000000000e+00,0.000000000000000000e+00,0.000000000000000000e+00,0.000000000000000000e+00,2.785515320334261847e-03,2.785515320334261847e-03,1.114206128133704739e-02,8.077994428969359486e-02,7.270194986072423537e-01,9.749303621169916334e-02,3.064066852367687901e-02,8.356545961002785974e-03,1.949860724233983336e-02,2.785515320334261847e-03,2.785515320334261847e-03,0.000000000000000000e+00,0.000000000000000000e+00,2.785515320334261847e-03,0.000000000000000000e+00,2.785515320334261847e-03,0.000000000000000000e+00,8.356545961002785974e-03
0.000000000000000000e+00,0.000000000000000000e+00,2.915451895043731732e-03,0.000000000000000000e+00,0.000000000000000000e+00,2.915451895043731732e-03,5.830903790087463463e-03,1.749271137026239126e-02,1.428571428571428492e-01,6.501457725947521471e-01,1.049562682215743475e-01,2.040816326530612082e-02,8.746355685131195629e-03,8.746355685131195629e-03,8.746355685131195629e-03,8.746355685131195629e-03,0.000000000000000000e+00,2.915451895043731732e-03,0.000000000000000000e+00,2.915451895043731732e-03,0.000000000000000000e+00,1.166180758017492693e-02
6.993006993006993001e-03,0.000000000000000000e+00,0.000000000000000000e+00,0.000000000000000000e+00,0.000000000000000000e+00,3.496503496503496500e-03,1.048951048951048994e-02,3.496503496503496500e-03,2.797202797202797200e-02,1.608391608391608329e-01,6.468531468531468764e-01,7.342657342657342434e-02,2.797202797202797200e-02,6.993006993006993001e-03,6.993006993006993001e-03,6.993006993006993001e-03,3.496503496503496500e-03,0.000000000000000000e+00,0.000000000000000000e+00,0.000000000000000000e+00,0.000000000000000000e+00,1.398601398601398600e-02
0.000000000000000000e+00,0.000000000000000000e+00,0.000000000000000000e+00,0.000000000000000000e+00,0.000000000000000000e+00,0.000000000000000000e+00,0.000000000000000000e+00,7.751937984496123923e-03,3.100775193798449569e-02,1.162790697674418589e-01,2.170542635658914699e-01,4.186046511627907196e-01,1.240310077519379828e-01,3.100775193798449569e-02,1.550387596899224785e-02,0.000000000000000000e+00,7.751937984496123923e-03,7.751937984496123923e-03,2.325581395348837177e-02,0.000000000000000000e+00,0.000000000000000000e+00,0.000000000000000000e+00
0.000000000000000000e+00,0.000000000000000000e+00,0.000000000000000000e+00,0.000000000000000000e+00,0.000000000000000000e+00,0.000000000000000000e+00,3.225806451612903136e-02,1.075268817204301161e-02,4.301075268817204644e-02,4.301075268817204644e-02,9.677419354838709409e-02,2.365591397849462485e-01,3.440860215053763715e-01,9.677419354838709409e-02,3.225806451612903136e-02,0.000000000000000000e+00,2.150537634408602322e-02,0.000000000000000000e+00,1.075268817204301161e-02,0.000000000000000000e+00,1.075268817204301161e-02,2.150537634408602322e-02
0.000000000000000000e+00,0.000000000000000000e+00,0.000000000000000000e+00,0.000000000000000000e+00,0.000000000000000000e+00,0.000000000000000000e+00,0.000000000000000000e+00,3.125000000000000000e-02,1.562500000000000000e-02,6.250000000000000000e-02,3.125000000000000000e-02,1.250000000000000000e-01,2.343750000000000000e-01,3.281250000000000000e-01,4.687500000000000000e-02,3.125000000000000000e-02,3.125000000000000000e-02,0.000000000000000000e+00,0.000000000000000000e+00,1.562500000000000000e-02,0.000000000000000000e+00,4.687500000000000000e-02
0.000000000000000000e+00,0.000000000000000000e+00,0.000000000000000000e+00,0.000000000000000000e+00,2.941176470588235253e-02,0.000000000000000000e+00,0.000000000000000000e+00,0.000000000000000000e+00,0.000000000000000000e+00,5.882352941176470507e-02,0.000000000000000000e+00,5.882352941176470507e-02,8.823529411764706454e-02,1.470588235294117696e-01,2.647058823529411797e-01,5.882352941176470507e-02,0.000000000000000000e+00,2.941176470588235253e-02,2.941176470588235253e-02,2.941176470588235253e-02,5.882352941176470507e-02,1.470588235294117696e-01
2.000000000000000042e-02,0.000000000000000000e+00,0.000000000000000000e+00,0.000000000000000000e+00,0.000000000000000000e+00,0.000000000000000000e+00,0.000000000000000000e+00,0.000000000000000000e+00,2.000000000000000042e-02,8.000000000000000167e-02,2.000000000000000042e-02,2.000000000000000042e-02,0.000000000000000000e+00,1.000000000000000056e-01,8.000000000000000167e-02,5.400000000000000355e-01,5.999999999999999778e-02,2.000000000000000042e-02,0.000000000000000000e+00,0.000000000000000000e+00,0.000000000000000000e+00,4.000000000000000083e-02
0.000000000000000000e+00,0.000000000000000000e+00,0.000000000000000000e+00,0.000000000000000000e+00,0.000000000000000000e+00,0.000000000000000000e+00,0.000000000000000000e+00,0.000000000000000000e+00,7.692307692307692735e-02,0.000000000000000000e+00,0.000000000000000000e+00,3.846153846153846367e-02,7.692307692307692735e-02,7.692307692307692735e-02,0.000000000000000000e+00,1.153846153846153910e-01,5.000000000000000000e-01,0.000000000000000000e+00,0.000000000000000000e+00,0.000000000000000000e+00,0.000000000000000000e+00,1.153846153846153910e-01
0.000000000000000000e+00,0.000000000000000000e+00,0.000000000000000000e+00,0.000000000000000000e+00,0.000000000000000000e+00,0.000000000000000000e+00,1.000000000000000056e-01,0.000000000000000000e+00,0.000000000000000000e+00,0.000000000000000000e+00,0.000000000000000000e+00,1.000000000000000056e-01,0.000000000000000000e+00,1.000000000000000056e-01,0.000000000000000000e+00,1.000000000000000056e-01,1.000000000000000056e-01,1.000000000000000056e-01,1.000000000000000056e-01,1.000000000000000056e-01,1.000000000000000056e-01,1.000000000000000056e-01
0.000000000000000000e+00,0.000000000000000000e+00,0.000000000000000000e+00,0.000000000000000000e+00,0.000000000000000000e+00,0.000000000000000000e+00,1.000000000000000056e-01,0.000000000000000000e+00,0.000000000000000000e+00,1.000000000000000056e-01,1.000000000000000056e-01,1.000000000000000056e-01,0.000000000000000000e+00,0.000000000000000000e+00,1.000000000000000056e-01,0.000000000000000000e+00,0.000000000000000000e+00,2.000000000000000111e-01,1.000000000000000056e-01,0.000000000000000000e+00,1.000000000000000056e-01,1.000000000000000056e-01
0.000000000000000000e+00,0.000000000000000000e+00,0.000000000000000000e+00,0.000000000000000000e+00,0.000000000000000000e+00,0.000000000000000000e+00,0.000000000000000000e+00,0.000000000000000000e+00,0.000000000000000000e+00,7.692307692307692735e-02,0.000000000000000000e+00,0.000000000000000000e+00,1.538461538461538547e-01,0.000000000000000000e+00,7.692307692307692735e-02,7.692307692307692735e-02,0.000000000000000000e+00,0.000000000000000000e+00,7.692307692307692735e-02,5.384615384615384359e-01,0.000000000000000000e+00,0.000000000000000000e+00
0.000000000000000000e+00,0.000000000000000000e+00,0.000000000000000000e+00,0.000000000000000000e+00,0.000000000000000000e+00,0.000000000000000000e+00,0.000000000000000000e+00,0.000000000000000000e+00,0.000000000000000000e+00,8.333333333333332871e-02,0.000000000000000000e+00,8.333333333333332871e-02,0.000000000000000000e+00,8.333333333333332871e-02,0.000000000000000000e+00,0.000000000000000000e+00,8.333333333333332871e-02,0.000000000000000000e+00,8.333333333333332871e-02,1.666666666666666574e-01,2.500000000000000000e-01,1.666666666666666574e-01
0.000000000000000000e+00,0.000000000000000000e+00,0.000000000000000000e+00,1.250000000000000069e-02,0.000000000000000000e+00,0.000000000000000000e+00,1.250000000000000069e-02,1.250000000000000069e-02,1.250000000000000069e-02,5.000000000000000278e-02,3.749999999999999861e-02,3.749999999999999861e-02,6.250000000000000000e-02,7.499999999999999722e-02,3.749999999999999861e-02,6.250000000000000000e-02,2.500000000000000139e-02,0.000000000000000000e+00,0.000000000000000000e+00,0.000000000000000000e+00,5.000000000000000278e-02,5.124999999999999556e-01
