6.456140350877193068e-01,7.368421052631578261e-02,2.807017543859649175e-02,7.017543859649122938e-03,7.017543859649122938e-03,7.017543859649122938e-03,3.508771929824561469e-03,0.000000000000000000e+00,0.000000000000000000e+00,0.000000000000000000e+00,1.403508771929824588e-02,7.017543859649122938e-03,0.000000000000000000e+00,0.000000000000000000e+00,0.000000000000000000e+00,0.000000000000000000e+00,3.508771929824561469e-03,1.052631578947368397e-02,3.508771929824561469e-03,2.807017543859649175e-02,1.614035087719298267e-01
2.170542635658914699e-01,4.263565891472868019e-01,1.240310077519379828e-01,2.325581395348837177e-02,1.550387596899224785e-02,0.000000000000000000e+00,7.751937984496123923e-03,7.751937984496123923e-03,2.325581395348837177e-02,0.000000000000000000e+00,0.000000000000000000e+00,0.000000000000000000e+00,0.000000000000000000e+00,0.000000000000000000e+00,0.000000000000000000e+00,0.000000000000000000e+00,0.000000000000000000e+00,0.000000000000000000e+00,7.751937984496123923e-03,3.100775193798449569e-02,1.162790697674418589e-01
9.574468085106382920e-02,2.234042553191489255e-01,3.510638297872340496e-01,1.063829787234042562e-01,3.191489361702127409e-02,0.000000000000000000e+00,2.127659574468085055e-02,0.000000000000000000e+00,1.063829787234042527e-02,0.000000000000000000e+00,3.191489361702127409e-02,0.000000000000000000e+00,0.000000000000000000e+00,0.000000000000000000e+00,0.000000000000000000e+00,0.000000000000000000e+00,0.000000000000000000e+00,3.191489361702127409e-02,1.063829787234042527e-02,4.255319148936170109e-02,4.255319148936170109e-02
3.125000000000000000e-02,1.250000000000000000e-01,2.343750000000000000e-01,3.281250000000000000e-01,4.687500000000000000e-02,3.125000000000000000e-02,3.125000000000000000e-02,0.000000000000000000e+00,0.000000000000000000e+00,1.562500000000000000e-02,4.687500000000000000e-02,0.000000000000000000e+00,0.000000000000000000e+00,0.000000000000000000e+00,0.000000000000000000e+00,0.000000000000000000e+00,0.000000000000000000e+00,0.000000000000000000e+00,3.125000000000000000e-02,1.562500000000000000e-02,6.250000000000000000e-02
0.000000000000000000e+00,5.882352941176470507e-02,8.823529411764706454e-02,1.470588235294117696e-01,2.647058823529411797e-01,5.882352941176470507e-02,0.000000000000000000e+00,2.941176470588235253e-02,2.941176470588235253e-02,2.941176470588235253e-02,2.058823529411764608e-01,0.000000000000000000e+00,0.000000000000000000e+00,0.000000000000000000e+00,0.000000000000000000e+00,2.941176470588235253e-02,0.000000000000000000e+00,0.000000000000000000e+00,0.000000000000000000e+00,0.000000000000000000e+00,5.882352941176470507e-02
2.000000000000000042e-02,2.000000000000000042e-02,0.000000000000000000e+00,1.000000000000000056e-01,8.000000000000000167e-02,5.400000000000000355e-01,5.999999999999999778e-02,2.000000000000000042e-02,0.000000000000000000e+00,0.000000000000000000e+00,4.000000000000000083e-02,2.000000000000000042e-02,0.000000000000000000e+00,0.000000000000000000e+00,0.000000000000000000e+00,0.000000000000000000e+00,0.000000000000000000e+00,0.000000000000000000e+00,0.000000000000000000e+00,2.000000000000000042e-02,8.000000000000000167e-02
0.000000000000000000e+00,3.846153846153846367e-02,7.692307692307692735e-02,7.692307692307692735e-02,0.000000000000000000e+00,1.153846153846153910e-01,5.000000000000000000e-01,0.000000000000000000e+00,0.000000000000000000e+00,0.000000000000000000e+00,1.153846153846153910e-01,0.000000000000000000e+00,0.000000000000000000e+00,0.000000000000000000e+00,0.000000000000000000e+00,0.000000000000000000e+00,0.000000000000000000e+00,0.000000000000000000e+00,0.000000000000000000e+00,7.692307692307692735e-02,0.000000000000000000e+00
0.000000000000000000e+00,1.000000000000000056e-01,0.000000000000000000e+00,1.000000000000000056e-01,0.000000000000000000e+00,1.000000000000000056e-01,1.000000000000000056e-01,1.000000000000000056e-01,1.000000000000000056e-01,1.000000000000000056e-01,2.000000000000000111e-01,0.000000000000000000e+00,0.000000000000000000e+00,0.000000000000000000e+00,0.000000000000000000e+00,0.000000000000000000e+00,0.000000000000000000e+00,1.000000000000000056e-01,0.000000000000000000e+00,0.000000000000000000e+00,0.000000000000000000e+00
1.000000000000000056e-01,1.000000000000000056e-01,0.000000000000000000e+00,0.000000000000000000e+00,1.000000000000000056e-01,0.000000000000000000e+00,0.000000000000000000e+00,2.000000000000000111e-01,1.000000000000000056e-01,0.000000000000000000e+00,2.000000000000000111e-01,0.000000000000000000e+00,0.000000000000000000e+00,0.000000000000000000e+00,0.000000000000000000e+00,0.000000000000000000e+00,0.000000000000000000e+00,1.000000000000000056e-01,0.000000000000000000e+00,0.000000000000000000e+00,1.000000000000000056e-01
0.000000000000000000e+00,0.000000000000000000e+00,1.538461538461538547e-01,0.000000000000000000e+00,7.692307692307692735e-02,7.692307692307692735e-02,0.000000000000000000e+00,0.000000000000000000e+00,7.692307692307692735e-02,5.384615384615384359e-01,0.000000000000000000e+00,0.000000000000000000e+00,0.000000000000000000e+00,0.000000000000000000e+00,0.000000000000000000e+00,0.000000000000000000e+00,0.000000000000000000e+00,0.000000000000000000e+00,0.000000000000000000e+00,0.000000000000000000e+00,7.692307692307692735e-02
3.260869565217391214e-02,4.347826086956521618e-02,5.434782608695652023e-02,7.608695652173913526e-02,3.260869565217391214e-02,5.434782608695652023e-02,3.260869565217391214e-02,0.000000000000000000e+00,1.086956521739130405e-02,2.173913043478260809e-02,5.434782608695651884e-01,0.000000000000000000e+00,0.000000000000000000e+00,0.000000000000000000e+00,1.086956521739130405e-02,0.000000000000000000e+00,0.000000000000000000e+00,1.086956521739130405e-02,1.086956521739130405e-02,1.086956521739130405e-02,5.434782608695652023e-02
0.000000000000000000e+00,0.000000000000000000e+00,0.000000000000000000e+00,7.692307692307692735e-02,0.000000000000000000e+00,0.000000000000000000e+00,0.000000000000000000e+00,0.000000000000000000e+00,0.000000000000000000e+00,0.000000000000000000e+00,0.000000000000000000e+00,8.461538461538461453e-01,0.000000000000000000e+00,0.000000000000000000e+00,7.692307692307692735e-02,0.000000000000000000e+00,0.000000000000000000e+00,0.000000000000000000e+00,0.000000000000000000e+00,0.000000000000000000e+00,0.000000000000000000e+00
0.000000000000000000e+00,0.000000000000000000e+00,0.000000000000000000e+00,0.000000000000000000e+00,0.000000000000000000e+00,0.000000000000000000e+00,0.000000000000000000e+00,0.000000000000000000e+00,0.000000000000000000e+00,0.000000000000000000e+00,0.000000000000000000e+00,8.333333333333332871e-02,9.166666666666666297e-01,0.000000000000000000e+00,0.000000000000000000e+00,0.000000000000000000e+00,0.000000000000000000e+00,0.000000000000000000e+00,0.000000000000000000e+00,0.000000000000000000e+00,0.000000000000000000e+00
0.000000000000000000e+00,0.000000000000000000e+00,0.000000000000000000e+00,0.000000000000000000e+00,0.000000000000000000e+00,0.000000000000000000e+00,0.000000000000000000e+00,0.000000000000000000e+00,0.000000000000000000e+00,0.000000000000000000e+00,0.000000000000000000e+00,0.000000000000000000e+00,0.000000000000000000e+00,7.142857142857143016e-01,7.142857142857142461e-02,2.142857142857142738e-01,0.000000000000000000e+00,0.000000000000000000e+00,0.000000000000000000e+00,0.000000000000000000e+00,0.000000000000000000e+00
0.000000000000000000e+00,0.000000000000000000e+00,0.000000000000000000e+00,0.000000000000000000e+00,0.000000000000000000e+00,0.000000000000000000e+00,0.000000000000000000e+00,0.000000000000000000e+00,0.000000000000000000e+00,0.000000000000000000e+00,0.000000000000000000e+00,0.000000000000000000e+00,0.000000000000000000e+00,0.000000000000000000e+00,4.545454545454545303e-01,2.727272727272727071e-01,9.090909090909091161e-02,0.000000000000000000e+00,9.090909090909091161e-02,0.000000000000000000e+00,9.090909090909091161e-02
1.923076923076923184e-02,0.000000000000000000e+00,0.000000000000000000e+00,0.000000000000000000e+00,0.000000000000000000e+00,0.000000000000000000e+00,0.000000000000000000e+00,1.923076923076923184e-02,0.000000000000000000e+00,0.000000000000000000e+00,0.000000000000000000e+00,0.000000000000000000e+00,1.923076923076923184e-02,3.846153846153846367e-02,5.769230769230769551e-02,6.730769230769231282e-01,9.615384615384615918e-02,3.846153846153846367e-02,1.923076923076923184e-02,0.000000000000000000e+00,1.923076923076923184e-02
0.000000000000000000e+00,0.000000000000000000e+00,0.000000000000000000e+00,1.886792452830188607e-02,3.773584905660377214e-02,1.886792452830188607e-02,0.000000000000000000e+00,0.000000000000000000e+00,0.000000000000000000e+00,0.000000000000000000e+00,0.000000000000000000e+00,0.000000000000000000e+00,0.000000000000000000e+00,0.000000000000000000e+00,5.660377358490566169e-02,1.132075471698113234e-01,5.283018867924528239e-01,1.698113207547169712e-01,5.660377358490566169e-02,0.000000000000000000e+00,0.000000000000000000e+00
8.474576271186440649e-03,8.474576271186440649e-03,8.474576271186440649e-03,0.000000000000000000e+00,0.000000000000000000e+00,0.000000000000000000e+00,0.000000000000000000e+00,0.000000000000000000e+00,8.474576271186440649e-03,0.000000000000000000e+00,0.000000000000000000e+00,0.000000000000000000e+00,0.000000000000000000e+00,8.474576271186440649e-03,0.000000000000000000e+00,2.542372881355932368e-02,1.271186440677966045e-01,6.610169491525423879e-01,1.186440677966101725e-01,2.542372881355932368e-02,0.000000000000000000e+00
1.298701298701298787e-02,0.000000000000000000e+00,6.493506493506493935e-03,1.298701298701298787e-02,1.298701298701298787e-02,0.000000000000000000e+00,6.493506493506493935e-03,6.493506493506493935e-03,0.000000000000000000e+00,0.000000000000000000e+00,1.298701298701298787e-02,0.000000000000000000e+00,0.000000000000000000e+00,0.000000000000000000e+00,0.000000000000000000e+00,6.493506493506493935e-03,2.597402597402597574e-02,1.103896103896103847e-01,6.428571428571429047e-01,1.168831168831168804e-01,2.597402597402597574e-02
3.072625698324022228e-02,8.379888268156424416e-03,1.955307262569832422e-02,2.793296089385474950e-03,2.793296089385474950e-03,0.000000000000000000e+00,0.000000000000000000e+00,2.793296089385474950e-03,0.000000000000000000e+00,2.793296089385474950e-03,8.379888268156424416e-03,0.000000000000000000e+00,0.000000000000000000e+00,0.000000000000000000e+00,0.000000000000000000e+00,2.793296089385474950e-03,2.793296089385474950e-03,1.117318435754189980e-02,8.100558659217876878e-02,7.290502793296089745e-01,9.497206703910614223e-02
1.046511627906976799e-01,2.034883720930232703e-02,8.720930232558139414e-03,8.720930232558139414e-03,8.720930232558139414e-03,8.720930232558139414e-03,0.000000000000000000e+00,2.906976744186046471e-03,0.000000000000000000e+00,2.906976744186046471e-03,1.162790697674418589e-02,0.000000000000000000e+00,0.000000000000000000e+00,2.906976744186046471e-03,0.000000000000000000e+00,0.000000000000000000e+00,2.906976744186046471e-03,5.813953488372092943e-03,1.744186046511627883e-02,1.424418604651162823e-01,6.511627906976744651e-01
