0.000000000000000000e+00,0.000000000000000000e+00,3.333333333333333148e-01,0.000000000000000000e+00,3.333333333333333148e-01,0.000000000000000000e+00,0.000000000000000000e+00,3.333333333333333148e-01,0.000000000000000000e+00,0.000000000000000000e+00,0.000000000000000000e+00,0.000000000000000000e+00,0.000000000000000000e+00,0.000000000000000000e+00,0.000000000000000000e+00,0.000000000000000000e+00,0.000000000000000000e+00,0.000000000000000000e+00,0.000000000000000000e+00,0.000000000000000000e+00,0.000000000000000000e+00,0.000000000000000000e+00
0.000000000000000000e+00,0.000000000000000000e+00,5.000000000000000000e-01,0.000000000000000000e+00,0.000000000000000000e+00,0.000000000000000000e+00,5.000000000000000000e-01,0.000000000000000000e+00,0.000000000000000000e+00,0.000000000000000000e+00,0.000000000000000000e+00,0.000000000000000000e+00,0.000000000000000000e+00,0.000000000000000000e+00,0.000000000000000000e+00,0.000000000000000000e+00,0.000000000000000000e+00,0.000000000000000000e+00,0.000000000000000000e+00,0.000000000000000000e+00,0.000000000000000000e+00,0.000000000000000000e+00
6.666666666666666574e-02,6.666666666666666574e-02,8.666666666666666963e-01,0.000000000000000000e+00,0.000000000000000000e+00,0.000000000000000000e+00,0.000000000000000000e+00,0.000000000000000000e+00,0.000000000000000000e+00,0.000000000000000000e+00,0.000000000000000000e+00,0.000000000000000000e+00,0.000000000000000000e+00,0.000000000000000000e+00,0.000000000000000000e+00,0.000000000000000000e+00,0.000000000000000000e+00,0.000000000000000000e+00,0.000000000000000000e+00,0.000000000000000000e+00,0.000000000000000000e+00,0.000000000000000000e+00
0.000000000000000000e+00,5.000000000000000278e-02,0.000000000000000000e+00,5.500000000000000444e-01,2.999999999999999889e-01,0.000000000000000000e+00,0.000000000000000000e+00,5.000000000000000278e-02,0.000000000000000000e+00,5.000000000000000278e-02,0.000000000000000000e+00,0.000000000000000000e+00,0.000000000000000000e+00,0.000000000000000000e+00,0.000000000000000000e+00,0.000000000000000000e+00,0.000000000000000000e+00,0.000000000000000000e+00,0.000000000000000000e+00,0.000000000000000000e+00,0.000000000000000000e+00,0.000000000000000000e+00
0.000000000000000000e+00,0.000000000000000000e+00,0.000000000000000000e+00,1.851851851851851749e-01,5.925925925925925597e-01,7.407407407407406996e-02,3.703703703703703498e-02,7.407407407407406996e-02,3.703703703703703498e-02,0.000000000000000000e+00,0.000000000000000000e+00,0.000000000000000000e+00,0.000000000000000000e+00,0.000000000000000000e+00,0.000000000000000000e+00,0.000000000000000000e+00,0.000000000000000000e+00,0.000000000000000000e+00,0.000000000000000000e+00,0.000000000000000000e+00,0.000000000000000000e+00,0.000000000000000000e+00
0.000000000000000000e+00,0.000000000000000000e+00,0.000000000000000000e+00,2.631578947368420907e-02,5.263157894736841813e-02,6.052631578947368363e-01,1.578947368421052544e-01,5.263157894736841813e-02,7.894736842105262720e-02,2.631578947368420907e-02,0.000000000000000000e+00,0.000000000000000000e+00,0.000000000000000000e+00,0.000000000000000000e+00,0.000000000000000000e+00,0.000000000000000000e+00,0.000000000000000000e+00,0.000000000000000000e+00,0.000000000000000000e+00,0.000000000000000000e+00,0.000000000000000000e+00,0.000000000000000000e+00
0.000000000000000000e+00,0.000000000000000000e+00,0.000000000000000000e+00,2.061855670103092744e-02,0.000000000000000000e+00,5.154639175257731687e-02,7.422680412371134295e-01,1.340206185567010266e-01,3.092783505154639290e-02,2.061855670103092744e-02,0.000000000000000000e+00,0.000000000000000000e+00,0.000000000000000000e+00,0.000000000000000000e+00,0.000000000000000000e+00,0.000000000000000000e+00,0.000000000000000000e+00,0.000000000000000000e+00,0.000000000000000000e+00,0.000000000000000000e+00,0.000000000000000000e+00,0.000000000000000000e+00
5.524861878453038444e-03,0.000000000000000000e+00,0.000000000000000000e+00,1.104972375690607689e-02,1.104972375690607689e-02,1.657458563535911533e-02,8.287292817679557666e-02,7.127071823204419454e-01,7.182320441988949977e-02,4.419889502762430755e-02,3.314917127071823066e-02,1.104972375690607689e-02,0.000000000000000000e+00,0.000000000000000000e+00,0.000000000000000000e+00,0.000000000000000000e+00,0.000000000000000000e+00,0.000000000000000000e+00,0.000000000000000000e+00,0.000000000000000000e+00,0.000000000000000000e+00,0.000000000000000000e+00
0.000000000000000000e+00,0.000000000000000000e+00,0.000000000000000000e+00,0.000000000000000000e+00,0.000000000000000000e+00,2.185792349726775954e-02,2.185792349726775954e-02,6.557377049180328210e-02,7.431693989071038731e-01,7.650273224043716014e-02,6.010928961748633614e-02,5.464480874316939886e-03,0.000000000000000000e+00,0.000000000000000000e+00,5.464480874316939886e-03,0.000000000000000000e+00,0.000000000000000000e+00,0.000000000000000000e+00,0.000000000000000000e+00,0.000000000000000000e+00,0.000000000000000000e+00,0.000000000000000000e+00
0.000000000000000000e+00,0.000000000000000000e+00,0.000000000000000000e+00,0.000000000000000000e+00,0.000000000000000000e+00,3.448275862068965469e-03,3.448275862068965469e-03,3.103448275862068922e-02,8.275862068965517127e-02,7.172413793103448176e-01,1.137931034482758674e-01,2.068965517241379282e-02,6.896551724137930939e-03,1.379310344827586188e-02,0.000000000000000000e+00,0.000000000000000000e+00,0.000000000000000000e+00,0.000000000000000000e+00,3.448275862068965469e-03,0.000000000000000000e+00,0.000000000000000000e+00,3.448275862068965469e-03
0.000000000000000000e+00,0.000000000000000000e+00,0.000000000000000000e+00,0.000000000000000000e+00,0.000000000000000000e+00,0.000000000000000000e+00,0.000000000000000000e+00,2.203856749311294827e-02,1.928374655647382974e-02,1.074380165289256228e-01,7.410468319559229133e-01,5.785123966942148921e-02,2.203856749311294827e-02,1.377410468319559267e-02,0.000000000000000000e+00,5.509641873278237068e-03,0.000000000000000000e+00,0.000000000000000000e+00,2.754820936639118534e-03,5.509641873278237068e-03,0.000000000000000000e+00,2.754820936639118534e-03
0.000000000000000000e+00,0.000000000000000000e+00,0.000000000000000000e+00,0.000000000000000000e+00,0.000000000000000000e+00,4.926108374384236509e-03,4.926108374384236509e-03,0.000000000000000000e+00,4.926108374384236509e-03,3.448275862068965469e-02,1.330049261083743883e-01,6.502463054187191949e-01,9.359605911330048933e-02,1.970443349753694603e-02,2.955665024630541732e-02,4.926108374384236509e-03,1.477832512315270866e-02,0.000000000000000000e+00,0.000000000000000000e+00,4.926108374384236509e-03,0.000000000000000000e+00,0.000000000000000000e+00
0.000000000000000000e+00,0.000000000000000000e+00,0.000000000000000000e+00,0.000000000000000000e+00,0.000000000000000000e+00,0.000000000000000000e+00,0.000000000000000000e+00,6.578947368421052266e-03,0.000000000000000000e+00,1.315789473684210453e-02,4.605263157894736586e-02,1.447368421052631637e-01,6.644736842105263275e-01,5.263157894736841813e-02,3.947368421052631360e-02,1.315789473684210453e-02,6.578947368421052266e-03,0.000000000000000000e+00,6.578947368421052266e-03,0.000000000000000000e+00,0.000000000000000000e+00,6.578947368421052266e-03
0.000000000000000000e+00,0.000000000000000000e+00,0.000000000000000000e+00,0.000000000000000000e+00,0.000000000000000000e+00,0.000000000000000000e+00,0.000000000000000000e+00,1.030927835051546372e-02,1.030927835051546372e-02,2.061855670103092744e-02,1.030927835051546372e-02,4.123711340206185488e-02,1.752577319587628746e-01,5.979381443298968923e-01,5.154639175257731687e-02,1.030927835051546372e-02,2.061855670103092744e-02,1.030927835051546372e-02,0.000000000000000000e+00,0.000000000000000000e+00,0.000000000000000000e+00,4.123711340206185488e-02
0.000000000000000000e+00,0.000000000000000000e+00,0.000000000000000000e+00,0.000000000000000000e+00,0.000000000000000000e+00,0.000000000000000000e+00,0.000000000000000000e+00,1.388888888888888812e-02,1.388888888888888812e-02,1.388888888888888812e-02,2.777777777777777624e-02,4.166666666666666435e-02,6.944444444444444753e-02,8.333333333333332871e-02,5.694444444444444198e-01,5.555555555555555247e-02,2.777777777777777624e-02,2.777777777777777624e-02,0.000000000000000000e+00,0.000000000000000000e+00,0.000000000000000000e+00,5.555555555555555247e-02
0.000000000000000000e+00,0.000000000000000000e+00,0.000000000000000000e+00,0.000000000000000000e+00,0.000000000000000000e+00,0.000000000000000000e+00,0.000000000000000000e+00,0.000000000000000000e+00,0.000000000000000000e+00,0.000000000000000000e+00,0.000000000000000000e+00,1.219512195121951192e-01,0.000000000000000000e+00,2.439024390243902524e-02,2.439024390243902524e-02,6.341463414634146423e-01,9.756097560975610095e-02,9.756097560975610095e-02,0.000000000000000000e+00,0.000000000000000000e+00,0.000000000000000000e+00,0.000000000000000000e+00
0.000000000000000000e+00,0.000000000000000000e+00,0.000000000000000000e+00,0.000000000000000000e+00,0.000000000000000000e+00,0.000000000000000000e+00,0.000000000000000000e+00,0.000000000000000000e+00,0.000000000000000000e+00,0.000000000000000000e+00,3.846153846153846367e-02,0.000000000000000000e+00,7.692307692307692735e-02,1.538461538461538547e-01,7.692307692307692735e-02,1.538461538461538547e-01,3.846153846153846367e-01,3.846153846153846367e-02,3.846153846153846367e-02,0.000000000000000000e+00,3.846153846153846367e-02,0.000000000000000000e+00
0.000000000000000000e+00,0.000000000000000000e+00,0.000000000000000000e+00,0.000000000000000000e+00,0.000000000000000000e+00,0.000000000000000000e+00,0.000000000000000000e+00,0.000000000000000000e+00,0.000000000000000000e+00,0.000000000000000000e+00,0.000000000000000000e+00,0.000000000000000000e+00,3.703703703703703498e-02,3.703703703703703498e-02,1.111111111111111049e-01,3.703703703703703498e-02,7.407407407407406996e-02,5.185185185185184897e-01,7.407407407407406996e-02,0.000000000000000000e+00,3.703703703703703498e-02,7.407407407407406996e-02
0.000000000000000000e+00,0.000000000000000000e+00,0.000000000000000000e+00,0.000000000000000000e+00,0.000000000000000000e+00,0.000000000000000000e+00,0.000000000000000000e+00,0.000000000000000000e+00,0.000000000000000000e+00,0.000000000000000000e+00,5.263157894736841813e-02,5.263157894736841813e-02,0.000000000000000000e+00,0.000000000000000000e+00,0.000000000000000000e+00,0.000000000000000000e+00,5.263157894736841813e-02,5.263157894736841813e-02,5.263157894736841813e-01,1.578947368421052544e-01,5.263157894736841813e-02,5.263157894736841813e-02
0.000000000000000000e+00,0.000000000000000000e+00,0.000000000000000000e+00,0.000000000000000000e+00,0.000000000000000000e+00,0.000000000000000000e+00,0.000000000000000000e+00,1.250000000000000000e-01,0.000000000000000000e+00,0.000000000000000000e+00,0.000000000000000000e+00,2.500000000000000000e-01,0.000000000000000000e+00,2.500000000000000000e-01,0.000000000000000000e+00,0.000000000000000000e+00,0.000000000000000000e+00,0.000000000000000000e+00,0.000000000000000000e+00,2.500000000000000000e-01,1.250000000000000000e-01,0.000000000000000000e+00
0.000000000000000000e+00,0.000000000000000000e+00,0.000000000000000000e+00,0.000000000000000000e+00,0.000000000000000000e+00,0.000000000000000000e+00,0.000000000000000000e+00,0.000000000000000000e+00,0.000000000000000000e+00,0.000000000000000000e+00,6.666666666666666574e-02,6.666666666666666574e-02,0.000000000000000000e+00,0.000000000000000000e+00,0.000000000000000000e+00,0.000000000000000000e+00,0.000000000000000000e+00,1.333333333333333315e-01,6.666666666666666574e-02,6.666666666666666574e-02,4.666666666666666741e-01,1.333333333333333315e-01
0.000000000000000000e+00,0.000000000000000000e+00,0.000000000000000000e+00,0.000000000000000000e+00,0.000000000000000000e+00,0.000000000000000000e+00,1.754385964912280604e-02,0.000000000000000000e+00,0.000000000000000000e+00,3.508771929824561209e-02,3.508771929824561209e-02,3.508771929824561209e-02,3.508771929824561209e-02,1.754385964912280604e-02,7.017543859649122417e-02,0.000000000000000000e+00,5.263157894736841813e-02,7.017543859649122417e-02,0.000000000000000000e+00,0.000000000000000000e+00,3.508771929824561209e-02,5.964912280701754055e-01
