7.057823129251700189e-01,1.105442176870748278e-01,1.870748299319727886e-02,6.802721088435373896e-03,1.700680272108843474e-03,1.700680272108843474e-03,3.401360544217686948e-03,3.401360544217686948e-03,0.000000000000000000e+00,1.700680272108843474e-03,8.503401360544218454e-03,1.700680272108843474e-03,0.000000000000000000e+00,0.000000000000000000e+00,0.000000000000000000e+00,0.000000000000000000e+00,0.000000000000000000e+00,0.000000000000000000e+00,5.102040816326530205e-03,2.721088435374149558e-02,1.037414965986394599e-01
1.883561643835616473e-01,6.198630136986301720e-01,7.876712328767122850e-02,3.424657534246575152e-02,1.369863013698630061e-02,0.000000000000000000e+00,0.000000000000000000e+00,3.424657534246575152e-03,6.849315068493150305e-03,0.000000000000000000e+00,1.369863013698630061e-02,0.000000000000000000e+00,0.000000000000000000e+00,0.000000000000000000e+00,0.000000000000000000e+00,0.000000000000000000e+00,0.000000000000000000e+00,3.424657534246575152e-03,3.424657534246575152e-03,6.849315068493150305e-03,2.739726027397260122e-02
5.555555555555555247e-02,1.222222222222222182e-01,6.500000000000000222e-01,5.000000000000000278e-02,2.222222222222222307e-02,1.666666666666666644e-02,1.666666666666666644e-02,0.000000000000000000e+00,1.111111111111111154e-02,5.555555555555555768e-03,1.666666666666666644e-02,0.000000000000000000e+00,0.000000000000000000e+00,0.000000000000000000e+00,0.000000000000000000e+00,5.555555555555555768e-03,0.000000000000000000e+00,0.000000000000000000e+00,0.000000000000000000e+00,2.222222222222222307e-02,5.555555555555555768e-03
5.714285714285714107e-02,1.047619047619047644e-01,9.523809523809523281e-02,5.428571428571428159e-01,2.857142857142857054e-02,1.904761904761904934e-02,1.904761904761904934e-02,2.857142857142857054e-02,9.523809523809524669e-03,1.904761904761904934e-02,9.523809523809524669e-03,0.000000000000000000e+00,0.000000000000000000e+00,9.523809523809524669e-03,0.000000000000000000e+00,0.000000000000000000e+00,0.000000000000000000e+00,0.000000000000000000e+00,9.523809523809524669e-03,9.523809523809524669e-03,3.809523809523809867e-02
7.499999999999999722e-02,7.499999999999999722e-02,1.000000000000000056e-01,5.000000000000000278e-02,4.749999999999999778e-01,2.500000000000000139e-02,5.000000000000000278e-02,2.500000000000000139e-02,2.500000000000000139e-02,0.000000000000000000e+00,7.499999999999999722e-02,0.000000000000000000e+00,0.000000000000000000e+00,0.000000000000000000e+00,0.000000000000000000e+00,0.000000000000000000e+00,0.000000000000000000e+00,0.000000000000000000e+00,0.000000000000000000e+00,2.500000000000000139e-02,0.000000000000000000e+00
0.000000000000000000e+00,4.347826086956521618e-02,8.695652173913043237e-02,1.304347826086956486e-01,0.000000000000000000e+00,3.478260869565217295e-01,1.304347826086956486e-01,4.347826086956521618e-02,0.000000000000000000e+00,0.000000000000000000e+00,1.739130434782608647e-01,0.000000000000000000e+00,0.000000000000000000e+00,0.000000000000000000e+00,0.000000000000000000e+00,0.000000000000000000e+00,0.000000000000000000e+00,0.000000000000000000e+00,0.000000000000000000e+00,0.000000000000000000e+00,4.347826086956521618e-02
5.263157894736841813e-02,0.000000000000000000e+00,5.263157894736841813e-02,5.263157894736841813e-02,5.263157894736841813e-02,5.263157894736841813e-02,3.157894736842105088e-01,5.263157894736841813e-02,1.578947368421052544e-01,0.000000000000000000e+00,1.578947368421052544e-01,0.000000000000000000e+00,0.000000000000000000e+00,0.000000000000000000e+00,0.000000000000000000e+00,0.000000000000000000e+00,5.263157894736841813e-02,0.000000000000000000e+00,0.000000000000000000e+00,0.000000000000000000e+00,0.000000000000000000e+00
3.333333333333333287e-02,3.333333333333333287e-02,1.333333333333333315e-01,0.000000000000000000e+00,0.000000000000000000e+00,0.000000000000000000e+00,0.000000000000000000e+00,4.666666666666666741e-01,3.333333333333333287e-02,1.666666666666666574e-01,1.333333333333333315e-01,0.000000000000000000e+00,0.000000000000000000e+00,0.000000000000000000e+00,0.000000000000000000e+00,0.000000000000000000e+00,0.000000000000000000e+00,0.000000000000000000e+00,0.000000000000000000e+00,0.000000000000000000e+00,0.000000000000000000e+00
1.071428571428571369e-01,0.000000000000000000e+00,0.000000000000000000e+00,1.071428571428571369e-01,3.571428571428571230e-02,0.000000000000000000e+00,3.571428571428571230e-02,1.071428571428571369e-01,4.285714285714285476e-01,3.571428571428571230e-02,1.428571428571428492e-01,0.000000000000000000e+00,0.000000000000000000e+00,0.000000000000000000e+00,0.000000000000000000e+00,0.000000000000000000e+00,0.000000000000000000e+00,0.000000000000000000e+00,0.000000000000000000e+00,0.000000000000000000e+00,0.000000000000000000e+00
6.250000000000000000e-02,6.250000000000000000e-02,6.250000000000000000e-02,0.000000000000000000e+00,0.000000000000000000e+00,0.000000000000000000e+00,0.000000000000000000e+00,1.250000000000000000e-01,1.250000000000000000e-01,2.500000000000000000e-01,2.500000000000000000e-01,0.000000000000000000e+00,0.000000000000000000e+00,0.000000000000000000e+00,0.000000000000000000e+00,0.000000000000000000e+00,0.000000000000000000e+00,0.000000000000000000e+00,0.000000000000000000e+00,0.000000000000000000e+00,6.250000000000000000e-02
2.290076335877862593e-02,3.053435114503816675e-02,4.580152671755725186e-02,4.580152671755725186e-02,2.290076335877862593e-02,2.290076335877862593e-02,1.526717557251908337e-02,3.053435114503816675e-02,2.290076335877862593e-02,1.526717557251908337e-02,6.870229007633588125e-01,0.000000000000000000e+00,0.000000000000000000e+00,0.000000000000000000e+00,0.000000000000000000e+00,0.000000000000000000e+00,0.000000000000000000e+00,7.633587786259541687e-03,7.633587786259541687e-03,7.633587786259541687e-03,1.526717557251908337e-02
0.000000000000000000e+00,1.785714285714285615e-02,0.000000000000000000e+00,0.000000000000000000e+00,0.000000000000000000e+00,0.000000000000000000e+00,0.000000000000000000e+00,0.000000000000000000e+00,0.000000000000000000e+00,0.000000000000000000e+00,1.785714285714285615e-02,8.750000000000000000e-01,3.571428571428571230e-02,1.785714285714285615e-02,0.000000000000000000e+00,0.000000000000000000e+00,0.000000000000000000e+00,0.000000000000000000e+00,3.571428571428571230e-02,0.000000000000000000e+00,0.000000000000000000e+00
0.000000000000000000e+00,0.000000000000000000e+00,0.000000000000000000e+00,0.000000000000000000e+00,0.000000000000000000e+00,0.000000000000000000e+00,0.000000000000000000e+00,0.000000000000000000e+00,0.000000000000000000e+00,0.000000000000000000e+00,0.000000000000000000e+00,6.060606060606060774e-02,8.484848484848485084e-01,6.060606060606060774e-02,0.000000000000000000e+00,0.000000000000000000e+00,0.000000000000000000e+00,0.000000000000000000e+00,3.030303030303030387e-02,0.000000000000000000e+00,0.000000000000000000e+00
0.000000000000000000e+00,0.000000000000000000e+00,0.000000000000000000e+00,1.666666666666666574e-01,0.000000000000000000e+00,0.000000000000000000e+00,0.000000000000000000e+00,0.000000000000000000e+00,0.000000000000000000e+00,0.000000000000000000e+00,0.000000000000000000e+00,1.666666666666666574e-01,1.666666666666666574e-01,3.333333333333333148e-01,1.666666666666666574e-01,0.000000000000000000e+00,0.000000000000000000e+00,0.000000000000000000e+00,0.000000000000000000e+00,0.000000000000000000e+00,0.000000000000000000e+00
0.000000000000000000e+00,0.000000000000000000e+00,0.000000000000000000e+00,0.000000000000000000e+00,0.000000000000000000e+00,0.000000000000000000e+00,0.000000000000000000e+00,0.000000000000000000e+00,0.000000000000000000e+00,0.000000000000000000e+00,7.692307692307692735e-02,0.000000000000000000e+00,0.000000000000000000e+00,0.000000000000000000e+00,8.461538461538461453e-01,3.846153846153846367e-02,3.846153846153846367e-02,0.000000000000000000e+00,0.000000000000000000e+00,0.000000000000000000e+00,0.000000000000000000e+00
0.000000000000000000e+00,0.000000000000000000e+00,2.083333333333333218e-02,0.000000000000000000e+00,0.000000000000000000e+00,0.000000000000000000e+00,0.000000000000000000e+00,0.000000000000000000e+00,0.000000000000000000e+00,0.000000000000000000e+00,0.000000000000000000e+00,0.000000000000000000e+00,2.083333333333333218e-02,0.000000000000000000e+00,2.083333333333333218e-02,8.541666666666666297e-01,6.250000000000000000e-02,2.083333333333333218e-02,0.000000000000000000e+00,0.000000000000000000e+00,0.000000000000000000e+00
0.000000000000000000e+00,0.000000000000000000e+00,0.000000000000000000e+00,0.000000000000000000e+00,0.000000000000000000e+00,0.000000000000000000e+00,0.000000000000000000e+00,0.000000000000000000e+00,0.000000000000000000e+00,0.000000000000000000e+00,0.000000000000000000e+00,0.000000000000000000e+00,0.000000000000000000e+00,0.000000000000000000e+00,2.857142857142857054e-02,5.714285714285714107e-02,6.571428571428571397e-01,1.714285714285714302e-01,8.571428571428571508e-02,0.000000000000000000e+00,0.000000000000000000e+00
7.692307692307692735e-03,0.000000000000000000e+00,0.000000000000000000e+00,0.000000000000000000e+00,0.000000000000000000e+00,0.000000000000000000e+00,0.000000000000000000e+00,0.000000000000000000e+00,0.000000000000000000e+00,0.000000000000000000e+00,0.000000000000000000e+00,0.000000000000000000e+00,0.000000000000000000e+00,0.000000000000000000e+00,0.000000000000000000e+00,0.000000000000000000e+00,3.846153846153846367e-02,7.538461538461538325e-01,1.692307692307692402e-01,3.076923076923077094e-02,0.000000000000000000e+00
3.278688524590163932e-03,0.000000000000000000e+00,3.278688524590163932e-03,3.278688524590163932e-03,0.000000000000000000e+00,0.000000000000000000e+00,0.000000000000000000e+00,0.000000000000000000e+00,0.000000000000000000e+00,0.000000000000000000e+00,3.278688524590163932e-03,3.278688524590163932e-03,0.000000000000000000e+00,0.000000000000000000e+00,3.278688524590163932e-03,3.278688524590163932e-03,0.000000000000000000e+00,7.540983606557377650e-02,7.409836065573770503e-01,1.442622950819672234e-01,1.639344262295082053e-02
1.468428781204111563e-02,2.936857562408223040e-03,2.936857562408223040e-03,1.468428781204111520e-03,1.468428781204111520e-03,0.000000000000000000e+00,0.000000000000000000e+00,0.000000000000000000e+00,0.000000000000000000e+00,1.468428781204111520e-03,0.000000000000000000e+00,0.000000000000000000e+00,1.468428781204111520e-03,0.000000000000000000e+00,0.000000000000000000e+00,0.000000000000000000e+00,0.000000000000000000e+00,1.468428781204111520e-03,5.286343612334801906e-02,8.179148311306901897e-01,1.013215859030836968e-01
9.480519480519480902e-02,6.493506493506493935e-03,5.194805194805194801e-03,3.896103896103896101e-03,0.000000000000000000e+00,2.597402597402597400e-03,0.000000000000000000e+00,0.000000000000000000e+00,0.000000000000000000e+00,1.298701298701298700e-03,1.298701298701298700e-03,0.000000000000000000e+00,0.000000000000000000e+00,0.000000000000000000e+00,0.000000000000000000e+00,1.298701298701298700e-03,0.000000000000000000e+00,1.298701298701298700e-03,7.792207792207792201e-03,7.532467532467532201e-02,7.987012987012986898e-01
