7.370095440084835081e-01,9.862142099681867058e-02,1.272534464475079570e-02,3.181336161187698925e-03,2.120890774125132761e-03,1.060445387062566381e-03,0.000000000000000000e+00,0.000000000000000000e+00,0.000000000000000000e+00,0.000000000000000000e+00,0.000000000000000000e+00,0.000000000000000000e+00,0.000000000000000000e+00,1.060445387062566381e-03,1.060445387062566381e-03,0.000000000000000000e+00,1.060445387062566381e-03,2.120890774125132761e-03,7.423117709437964014e-03,1.590668080593849246e-02,1.166489925768822850e-01
1.337792642140468169e-01,6.889632107023411223e-01,1.086956521739130405e-01,6.688963210702341018e-03,8.361204013377926056e-03,1.672240802675585255e-03,0.000000000000000000e+00,1.672240802675585255e-03,1.672240802675585255e-03,0.000000000000000000e+00,6.688963210702341018e-03,1.672240802675585255e-03,0.000000000000000000e+00,0.000000000000000000e+00,0.000000000000000000e+00,1.672240802675585255e-03,0.000000000000000000e+00,0.000000000000000000e+00,1.672240802675585255e-03,8.361204013377926056e-03,2.842809364548494824e-02
5.597014925373134525e-02,1.902985074626865614e-01,6.119402985074626766e-01,8.955223880597014408e-02,1.492537313432835792e-02,0.000000000000000000e+00,0.000000000000000000e+00,0.000000000000000000e+00,0.000000000000000000e+00,0.000000000000000000e+00,7.462686567164178962e-03,0.000000000000000000e+00,0.000000000000000000e+00,0.000000000000000000e+00,0.000000000000000000e+00,0.000000000000000000e+00,0.000000000000000000e+00,3.731343283582089481e-03,0.000000000000000000e+00,3.731343283582089481e-03,2.238805970149253602e-02
2.836879432624113406e-02,7.092198581560284210e-02,1.205673758865248163e-01,6.737588652482269236e-01,5.673758865248226813e-02,0.000000000000000000e+00,7.092198581560283516e-03,0.000000000000000000e+00,7.092198581560283516e-03,0.000000000000000000e+00,1.418439716312056703e-02,0.000000000000000000e+00,0.000000000000000000e+00,0.000000000000000000e+00,0.000000000000000000e+00,0.000000000000000000e+00,0.000000000000000000e+00,0.000000000000000000e+00,0.000000000000000000e+00,0.000000000000000000e+00,2.127659574468085055e-02
2.222222222222222307e-02,8.888888888888889228e-02,6.666666666666666574e-02,1.333333333333333315e-01,4.444444444444444198e-01,1.111111111111111049e-01,0.000000000000000000e+00,2.222222222222222307e-02,0.000000000000000000e+00,0.000000000000000000e+00,4.444444444444444614e-02,0.000000000000000000e+00,0.000000000000000000e+00,0.000000000000000000e+00,0.000000000000000000e+00,0.000000000000000000e+00,0.000000000000000000e+00,0.000000000000000000e+00,2.222222222222222307e-02,0.000000000000000000e+00,4.444444444444444614e-02
0.000000000000000000e+00,4.545454545454545581e-02,4.545454545454545581e-02,0.000000000000000000e+00,1.363636363636363535e-01,5.454545454545454142e-01,4.545454545454545581e-02,0.000000000000000000e+00,0.000000000000000000e+00,4.545454545454545581e-02,9.090909090909091161e-02,0.000000000000000000e+00,0.000000000000000000e+00,0.000000000000000000e+00,0.000000000000000000e+00,0.000000000000000000e+00,0.000000000000000000e+00,0.000000000000000000e+00,0.000000000000000000e+00,0.000000000000000000e+00,4.545454545454545581e-02
0.000000000000000000e+00,2.000000000000000111e-01,2.000000000000000111e-01,0.000000000000000000e+00,0.000000000000000000e+00,2.000000000000000111e-01,2.000000000000000111e-01,0.000000000000000000e+00,2.000000000000000111e-01,0.000000000000000000e+00,0.000000000000000000e+00,0.000000000000000000e+00,0.000000000000000000e+00,0.000000000000000000e+00,0.000000000000000000e+00,0.000000000000000000e+00,0.000000000000000000e+00,0.000000000000000000e+00,0.000000000000000000e+00,0.000000000000000000e+00,0.000000000000000000e+00
0.000000000000000000e+00,3.333333333333333148e-01,0.000000000000000000e+00,3.333333333333333148e-01,0.000000000000000000e+00,0.000000000000000000e+00,0.000000000000000000e+00,0.000000000000000000e+00,0.000000000000000000e+00,0.000000000000000000e+00,0.000000000000000000e+00,0.000000000000000000e+00,0.000000000000000000e+00,0.000000000000000000e+00,0.000000000000000000e+00,0.000000000000000000e+00,0.000000000000000000e+00,0.000000000000000000e+00,0.000000000000000000e+00,3.333333333333333148e-01,0.000000000000000000e+00
3.333333333333333148e-01,0.000000000000000000e+00,0.000000000000000000e+00,3.333333333333333148e-01,0.000000000000000000e+00,3.333333333333333148e-01,0.000000000000000000e+00,0.000000000000000000e+00,0.000000000000000000e+00,0.000000000000000000e+00,0.000000000000000000e+00,0.000000000000000000e+00,0.000000000000000000e+00,0.000000000000000000e+00,0.000000000000000000e+00,0.000000000000000000e+00,0.000000000000000000e+00,0.000000000000000000e+00,0.000000000000000000e+00,0.000000000000000000e+00,0.000000000000000000e+00
0.000000000000000000e+00,0.000000000000000000e+00,0.000000000000000000e+00,0.000000000000000000e+00,5.000000000000000000e-01,0.000000000000000000e+00,0.000000000000000000e+00,0.000000000000000000e+00,0.000000000000000000e+00,5.000000000000000000e-01,0.000000000000000000e+00,0.000000000000000000e+00,0.000000000000000000e+00,0.000000000000000000e+00,0.000000000000000000e+00,0.000000000000000000e+00,0.000000000000000000e+00,0.000000000000000000e+00,0.000000000000000000e+00,0.000000000000000000e+00,0.000000000000000000e+00
1.304347826086956486e-01,4.347826086956521618e-02,0.000000000000000000e+00,2.173913043478260809e-01,4.347826086956521618e-02,4.347826086956521618e-02,4.347826086956521618e-02,4.347826086956521618e-02,0.000000000000000000e+00,0.000000000000000000e+00,3.913043478260869734e-01,0.000000000000000000e+00,0.000000000000000000e+00,0.000000000000000000e+00,0.000000000000000000e+00,0.000000000000000000e+00,0.000000000000000000e+00,0.000000000000000000e+00,0.000000000000000000e+00,0.000000000000000000e+00,4.347826086956521618e-02
0.000000000000000000e+00,1.666666666666666574e-01,0.000000000000000000e+00,0.000000000000000000e+00,0.000000000000000000e+00,0.000000000000000000e+00,0.000000000000000000e+00,0.000000000000000000e+00,0.000000000000000000e+00,0.000000000000000000e+00,0.000000000000000000e+00,1.666666666666666574e-01,0.000000000000000000e+00,1.666666666666666574e-01,0.000000000000000000e+00,0.000000000000000000e+00,0.000000000000000000e+00,0.000000000000000000e+00,1.666666666666666574e-01,1.666666666666666574e-01,1.666666666666666574e-01
0.000000000000000000e+00,0.000000000000000000e+00,0.000000000000000000e+00,0.000000000000000000e+00,0.000000000000000000e+00,0.000000000000000000e+00,0.000000000000000000e+00,0.000000000000000000e+00,0.000000000000000000e+00,0.000000000000000000e+00,0.000000000000000000e+00,0.000000000000000000e+00,0.000000000000000000e+00,0.000000000000000000e+00,0.000000000000000000e+00,0.000000000000000000e+00,0.000000000000000000e+00,0.000000000000000000e+00,1.000000000000000000e+00,0.000000000000000000e+00,0.000000000000000000e+00
0.000000000000000000e+00,0.000000000000000000e+00,0.000000000000000000e+00,0.000000000000000000e+00,0.000000000000000000e+00,0.000000000000000000e+00,0.000000000000000000e+00,0.000000000000000000e+00,0.000000000000000000e+00,0.000000000000000000e+00,0.000000000000000000e+00,7.142857142857142461e-02,0.000000000000000000e+00,7.857142857142856984e-01,3.571428571428571230e-02,3.571428571428571230e-02,3.571428571428571230e-02,0.000000000000000000e+00,3.571428571428571230e-02,0.000000000000000000e+00,0.000000000000000000e+00
0.000000000000000000e+00,0.000000000000000000e+00,0.000000000000000000e+00,0.000000000000000000e+00,0.000000000000000000e+00,0.000000000000000000e+00,0.000000000000000000e+00,0.000000000000000000e+00,0.000000000000000000e+00,0.000000000000000000e+00,0.000000000000000000e+00,0.000000000000000000e+00,0.000000000000000000e+00,3.921568627450980338e-02,9.215686274509803377e-01,0.000000000000000000e+00,1.960784313725490169e-02,1.960784313725490169e-02,0.000000000000000000e+00,0.000000000000000000e+00,0.000000000000000000e+00
0.000000000000000000e+00,0.000000000000000000e+00,0.000000000000000000e+00,0.000000000000000000e+00,0.000000000000000000e+00,0.000000000000000000e+00,0.000000000000000000e+00,0.000000000000000000e+00,0.000000000000000000e+00,0.000000000000000000e+00,0.000000000000000000e+00,0.000000000000000000e+00,0.000000000000000000e+00,0.000000000000000000e+00,0.000000000000000000e+00,6.666666666666666297e-01,8.333333333333332871e-02,8.333333333333332871e-02,1.666666666666666574e-01,0.000000000000000000e+00,0.000000000000000000e+00
2.439024390243902524e-02,0.000000000000000000e+00,0.000000000000000000e+00,0.000000000000000000e+00,0.000000000000000000e+00,0.000000000000000000e+00,0.000000000000000000e+00,0.000000000000000000e+00,0.000000000000000000e+00,0.000000000000000000e+00,0.000000000000000000e+00,0.000000000000000000e+00,0.000000000000000000e+00,2.439024390243902524e-02,0.000000000000000000e+00,0.000000000000000000e+00,8.048780487804878536e-01,0.000000000000000000e+00,9.756097560975610095e-02,4.878048780487805047e-02,0.000000000000000000e+00
3.448275862068965469e-02,0.000000000000000000e+00,0.000000000000000000e+00,0.000000000000000000e+00,0.000000000000000000e+00,0.000000000000000000e+00,0.000000000000000000e+00,0.000000000000000000e+00,0.000000000000000000e+00,0.000000000000000000e+00,0.000000000000000000e+00,0.000000000000000000e+00,0.000000000000000000e+00,0.000000000000000000e+00,3.448275862068965469e-02,0.000000000000000000e+00,6.896551724137930939e-02,2.068965517241379282e-01,4.137931034482758563e-01,6.896551724137930939e-02,1.724137931034482873e-01
1.714285714285714371e-02,0.000000000000000000e+00,5.714285714285714281e-03,0.000000000000000000e+00,0.000000000000000000e+00,0.000000000000000000e+00,0.000000000000000000e+00,0.000000000000000000e+00,0.000000000000000000e+00,0.000000000000000000e+00,0.000000000000000000e+00,5.714285714285714281e-03,0.000000000000000000e+00,0.000000000000000000e+00,5.714285714285714281e-03,5.714285714285714281e-03,5.714285714285714281e-03,5.142857142857142766e-02,6.742857142857142660e-01,1.771428571428571297e-01,5.142857142857142766e-02
2.729528535980148968e-02,4.962779156327543420e-03,2.481389578163771710e-03,0.000000000000000000e+00,0.000000000000000000e+00,0.000000000000000000e+00,0.000000000000000000e+00,0.000000000000000000e+00,2.481389578163771710e-03,0.000000000000000000e+00,0.000000000000000000e+00,4.962779156327543420e-03,0.000000000000000000e+00,0.000000000000000000e+00,0.000000000000000000e+00,4.962779156327543420e-03,2.481389578163771710e-03,7.444168734491315130e-03,4.962779156327543767e-02,7.096774193548387455e-01,1.836228287841191187e-01
1.857335127860026969e-01,1.345895020188425315e-02,2.691790040376850629e-03,1.345895020188425315e-03,2.691790040376850629e-03,0.000000000000000000e+00,0.000000000000000000e+00,0.000000000000000000e+00,0.000000000000000000e+00,1.345895020188425315e-03,1.345895020188425315e-03,0.000000000000000000e+00,0.000000000000000000e+00,0.000000000000000000e+00,1.345895020188425315e-03,0.000000000000000000e+00,0.000000000000000000e+00,1.345895020188425315e-03,9.421265141318977202e-03,6.460296096904441510e-02,7.146702557200538264e-01
