7.236842105263158187e-01,9.210526315789473173e-02,8.771929824561403022e-03,1.096491228070175378e-02,4.385964912280701511e-03,2.192982456140350755e-03,4.385964912280701511e-03,0.000000000000000000e+00,0.000000000000000000e+00,4.385964912280701511e-03,4.385964912280701511e-03,2.192982456140350755e-03,0.000000000000000000e+00,0.000000000000000000e+00,0.000000000000000000e+00,0.000000000000000000e+00,0.000000000000000000e+00,0.000000000000000000e+00,2.192982456140350755e-03,1.754385964912280604e-02,1.228070175438596423e-01
1.502347417840375621e-01,5.492957746478873693e-01,1.267605633802816878e-01,9.389671361502347630e-03,1.408450704225352144e-02,2.816901408450704289e-02,4.694835680751173815e-03,4.694835680751173815e-03,4.694835680751173815e-03,4.694835680751173815e-03,1.408450704225352144e-02,0.000000000000000000e+00,0.000000000000000000e+00,0.000000000000000000e+00,4.694835680751173815e-03,4.694835680751173815e-03,0.000000000000000000e+00,0.000000000000000000e+00,4.694835680751173815e-03,1.877934272300469526e-02,5.633802816901408578e-02
2.919708029197080196e-02,1.240875912408759135e-01,5.547445255474452441e-01,9.489051094890510463e-02,5.109489051094890516e-02,7.299270072992700489e-03,7.299270072992700489e-03,2.189781021897810320e-02,7.299270072992700489e-03,7.299270072992700489e-03,4.379562043795620641e-02,0.000000000000000000e+00,0.000000000000000000e+00,0.000000000000000000e+00,0.000000000000000000e+00,0.000000000000000000e+00,0.000000000000000000e+00,0.000000000000000000e+00,7.299270072992700489e-03,1.459854014598540098e-02,2.919708029197080196e-02
5.405405405405405705e-02,8.108108108108108558e-02,1.216216216216216284e-01,4.729729729729729715e-01,6.756756756756757132e-02,5.405405405405405705e-02,2.702702702702702853e-02,1.351351351351351426e-02,0.000000000000000000e+00,1.351351351351351426e-02,2.702702702702702853e-02,0.000000000000000000e+00,0.000000000000000000e+00,0.000000000000000000e+00,0.000000000000000000e+00,0.000000000000000000e+00,0.000000000000000000e+00,0.000000000000000000e+00,1.351351351351351426e-02,1.351351351351351426e-02,4.054054054054054279e-02
3.174603174603174427e-02,3.174603174603174427e-02,1.111111111111111049e-01,1.111111111111111049e-01,5.873015873015873245e-01,1.587301587301587213e-02,1.587301587301587213e-02,4.761904761904761640e-02,0.000000000000000000e+00,0.000000000000000000e+00,3.174603174603174427e-02,0.000000000000000000e+00,0.000000000000000000e+00,0.000000000000000000e+00,1.587301587301587213e-02,0.000000000000000000e+00,0.000000000000000000e+00,0.000000000000000000e+00,0.000000000000000000e+00,0.000000000000000000e+00,0.000000000000000000e+00
4.918032786885245811e-02,8.196721311475409222e-02,8.196721311475409222e-02,4.918032786885245811e-02,1.639344262295082053e-02,4.918032786885245811e-01,6.557377049180328210e-02,4.918032786885245811e-02,1.639344262295082053e-02,0.000000000000000000e+00,3.278688524590164105e-02,0.000000000000000000e+00,0.000000000000000000e+00,0.000000000000000000e+00,0.000000000000000000e+00,0.000000000000000000e+00,1.639344262295082053e-02,0.000000000000000000e+00,0.000000000000000000e+00,1.639344262295082053e-02,3.278688524590164105e-02
6.122448979591836593e-02,2.040816326530612082e-02,2.040816326530612082e-02,4.081632653061224164e-02,0.000000000000000000e+00,1.224489795918367319e-01,5.918367346938775420e-01,4.081632653061224164e-02,0.000000000000000000e+00,2.040816326530612082e-02,8.163265306122448328e-02,0.000000000000000000e+00,0.000000000000000000e+00,0.000000000000000000e+00,0.000000000000000000e+00,0.000000000000000000e+00,0.000000000000000000e+00,0.000000000000000000e+00,0.000000000000000000e+00,0.000000000000000000e+00,0.000000000000000000e+00
3.125000000000000000e-02,9.375000000000000000e-02,3.125000000000000000e-02,0.000000000000000000e+00,3.125000000000000000e-02,9.375000000000000000e-02,9.375000000000000000e-02,3.437500000000000000e-01,3.125000000000000000e-02,6.250000000000000000e-02,1.875000000000000000e-01,0.000000000000000000e+00,0.000000000000000000e+00,0.000000000000000000e+00,0.000000000000000000e+00,0.000000000000000000e+00,0.000000000000000000e+00,0.000000000000000000e+00,0.000000000000000000e+00,0.000000000000000000e+00,0.000000000000000000e+00
0.000000000000000000e+00,0.000000000000000000e+00,5.000000000000000278e-02,5.000000000000000278e-02,1.000000000000000056e-01,5.000000000000000278e-02,0.000000000000000000e+00,0.000000000000000000e+00,4.500000000000000111e-01,0.000000000000000000e+00,2.999999999999999889e-01,0.000000000000000000e+00,0.000000000000000000e+00,0.000000000000000000e+00,0.000000000000000000e+00,0.000000000000000000e+00,0.000000000000000000e+00,0.000000000000000000e+00,0.000000000000000000e+00,0.000000000000000000e+00,0.000000000000000000e+00
1.428571428571428492e-01,7.142857142857142461e-02,7.142857142857142461e-02,7.142857142857142461e-02,0.000000000000000000e+00,7.142857142857142461e-02,7.142857142857142461e-02,0.000000000000000000e+00,7.142857142857142461e-02,2.142857142857142738e-01,2.142857142857142738e-01,0.000000000000000000e+00,0.000000000000000000e+00,0.000000000000000000e+00,0.000000000000000000e+00,0.000000000000000000e+00,0.000000000000000000e+00,0.000000000000000000e+00,0.000000000000000000e+00,0.000000000000000000e+00,0.000000000000000000e+00
1.242236024844720413e-02,3.726708074534161586e-02,2.484472049689440826e-02,2.484472049689440826e-02,3.105590062111801206e-02,1.242236024844720413e-02,3.105590062111801206e-02,6.211180124223602411e-02,3.105590062111801206e-02,1.242236024844720413e-02,6.894409937888198447e-01,0.000000000000000000e+00,0.000000000000000000e+00,0.000000000000000000e+00,6.211180124223602064e-03,6.211180124223602064e-03,0.000000000000000000e+00,1.242236024844720413e-02,0.000000000000000000e+00,6.211180124223602064e-03,0.000000000000000000e+00
1.470588235294117627e-02,0.000000000000000000e+00,0.000000000000000000e+00,0.000000000000000000e+00,0.000000000000000000e+00,0.000000000000000000e+00,0.000000000000000000e+00,0.000000000000000000e+00,0.000000000000000000e+00,0.000000000000000000e+00,0.000000000000000000e+00,9.411764705882352811e-01,2.941176470588235253e-02,0.000000000000000000e+00,0.000000000000000000e+00,0.000000000000000000e+00,0.000000000000000000e+00,1.470588235294117627e-02,0.000000000000000000e+00,0.000000000000000000e+00,0.000000000000000000e+00
0.000000000000000000e+00,0.000000000000000000e+00,0.000000000000000000e+00,0.000000000000000000e+00,0.000000000000000000e+00,0.000000000000000000e+00,0.000000000000000000e+00,0.000000000000000000e+00,0.000000000000000000e+00,0.000000000000000000e+00,0.000000000000000000e+00,2.439024390243902524e-02,7.804878048780488076e-01,1.219512195121951192e-01,0.000000000000000000e+00,2.439024390243902524e-02,2.439024390243902524e-02,0.000000000000000000e+00,0.000000000000000000e+00,2.439024390243902524e-02,0.000000000000000000e+00
0.000000000000000000e+00,0.000000000000000000e+00,0.000000000000000000e+00,0.000000000000000000e+00,0.000000000000000000e+00,0.000000000000000000e+00,0.000000000000000000e+00,0.000000000000000000e+00,0.000000000000000000e+00,0.000000000000000000e+00,0.000000000000000000e+00,4.081632653061224164e-02,4.081632653061224164e-02,7.755102040816326259e-01,1.020408163265306145e-01,0.000000000000000000e+00,2.040816326530612082e-02,2.040816326530612082e-02,0.000000000000000000e+00,0.000000000000000000e+00,0.000000000000000000e+00
0.000000000000000000e+00,1.960784313725490169e-02,0.000000000000000000e+00,0.000000000000000000e+00,1.960784313725490169e-02,0.000000000000000000e+00,0.000000000000000000e+00,0.000000000000000000e+00,0.000000000000000000e+00,0.000000000000000000e+00,0.000000000000000000e+00,0.000000000000000000e+00,1.960784313725490169e-02,5.882352941176470507e-02,6.470588235294117974e-01,1.568627450980392135e-01,1.960784313725490169e-02,1.960784313725490169e-02,1.960784313725490169e-02,1.960784313725490169e-02,0.000000000000000000e+00
0.000000000000000000e+00,0.000000000000000000e+00,0.000000000000000000e+00,0.000000000000000000e+00,0.000000000000000000e+00,0.000000000000000000e+00,0.000000000000000000e+00,0.000000000000000000e+00,0.000000000000000000e+00,0.000000000000000000e+00,0.000000000000000000e+00,0.000000000000000000e+00,0.000000000000000000e+00,0.000000000000000000e+00,8.196721311475409222e-02,7.704918032786884918e-01,1.147540983606557402e-01,0.000000000000000000e+00,0.000000000000000000e+00,1.639344262295082053e-02,1.639344262295082053e-02
0.000000000000000000e+00,0.000000000000000000e+00,0.000000000000000000e+00,0.000000000000000000e+00,0.000000000000000000e+00,0.000000000000000000e+00,0.000000000000000000e+00,0.000000000000000000e+00,9.615384615384615918e-03,0.000000000000000000e+00,0.000000000000000000e+00,0.000000000000000000e+00,9.615384615384615918e-03,0.000000000000000000e+00,9.615384615384615918e-03,2.884615384615384776e-02,7.211538461538461453e-01,1.634615384615384637e-01,3.846153846153846367e-02,1.923076923076923184e-02,0.000000000000000000e+00
8.163265306122449716e-03,0.000000000000000000e+00,0.000000000000000000e+00,0.000000000000000000e+00,0.000000000000000000e+00,0.000000000000000000e+00,0.000000000000000000e+00,0.000000000000000000e+00,0.000000000000000000e+00,0.000000000000000000e+00,4.081632653061224858e-03,0.000000000000000000e+00,0.000000000000000000e+00,4.081632653061224858e-03,4.081632653061224858e-03,0.000000000000000000e+00,7.346938775510204744e-02,7.469387755102040449e-01,1.224489795918367319e-01,2.448979591836734568e-02,1.224489795918367284e-02
5.089058524173028369e-03,0.000000000000000000e+00,2.544529262086514185e-03,0.000000000000000000e+00,0.000000000000000000e+00,2.544529262086514185e-03,0.000000000000000000e+00,0.000000000000000000e+00,0.000000000000000000e+00,0.000000000000000000e+00,2.544529262086514185e-03,0.000000000000000000e+00,0.000000000000000000e+00,0.000000000000000000e+00,2.544529262086514185e-03,2.544529262086514185e-03,5.089058524173028369e-03,6.870229007633588125e-02,7.480916030534351391e-01,1.374045801526717625e-01,2.290076335877862593e-02
1.173020527859237536e-02,5.865102639296187678e-03,1.466275659824046920e-03,1.466275659824046920e-03,0.000000000000000000e+00,1.466275659824046920e-03,1.466275659824046920e-03,0.000000000000000000e+00,0.000000000000000000e+00,0.000000000000000000e+00,1.466275659824046920e-03,0.000000000000000000e+00,1.466275659824046920e-03,0.000000000000000000e+00,1.466275659824046920e-03,1.466275659824046920e-03,2.932551319648093839e-03,5.865102639296187678e-03,7.771260997067448717e-02,7.917888563049853001e-01,9.237536656891495723e-02
1.038732394366197187e-01,1.936619718309859003e-02,5.281690140845070325e-03,1.760563380281690181e-03,1.760563380281690181e-03,3.521126760563380361e-03,0.000000000000000000e+00,0.000000000000000000e+00,0.000000000000000000e+00,0.000000000000000000e+00,8.802816901408451120e-03,0.000000000000000000e+00,0.000000000000000000e+00,0.000000000000000000e+00,0.000000000000000000e+00,1.760563380281690181e-03,1.760563380281690181e-03,7.042253521126760722e-03,1.936619718309859003e-02,1.021126760563380309e-01,7.235915492957746276e-01
