0.000000000000000000e+00,6.666666666666666297e-01,3.333333333333333148e-01,0.000000000000000000e+00,0.000000000000000000e+00,0.000000000000000000e+00,0.000000000000000000e+00,0.000000000000000000e+00,0.000000000000000000e+00,0.000000000000000000e+00,0.000000000000000000e+00,0.000000000000000000e+00,0.000000000000000000e+00,0.000000000000000000e+00,0.000000000000000000e+00,0.000000000000000000e+00,0.000000000000000000e+00,0.000000000000000000e+00,0.000000000000000000e+00,0.000000000000000000e+00,0.000000000000000000e+00,0.000000000000000000e+00
7.462686567164178962e-03,9.179104477611940149e-01,3.731343283582089221e-02,1.492537313432835792e-02,0.000000000000000000e+00,0.000000000000000000e+00,7.462686567164178962e-03,0.000000000000000000e+00,0.000000000000000000e+00,7.462686567164178962e-03,0.000000000000000000e+00,0.000000000000000000e+00,0.000000000000000000e+00,0.000000000000000000e+00,0.000000000000000000e+00,0.000000000000000000e+00,0.000000000000000000e+00,0.000000000000000000e+00,0.000000000000000000e+00,0.000000000000000000e+00,0.000000000000000000e+00,7.462686567164178962e-03
2.087682672233820251e-03,2.296450939457202536e-02,8.789144050104383821e-01,9.394572025052191910e-02,2.087682672233820251e-03,0.000000000000000000e+00,0.000000000000000000e+00,0.000000000000000000e+00,0.000000000000000000e+00,0.000000000000000000e+00,0.000000000000000000e+00,0.000000000000000000e+00,0.000000000000000000e+00,0.000000000000000000e+00,0.000000000000000000e+00,0.000000000000000000e+00,0.000000000000000000e+00,0.000000000000000000e+00,0.000000000000000000e+00,0.000000000000000000e+00,0.000000000000000000e+00,0.000000000000000000e+00
0.000000000000000000e+00,1.067235859124866662e-03,5.016008537886872815e-02,8.890074706510138203e-01,5.229455709711846451e-02,3.201707577374599770e-03,1.067235859124866662e-03,2.134471718249733325e-03,1.067235859124866662e-03,0.000000000000000000e+00,0.000000000000000000e+00,0.000000000000000000e+00,0.000000000000000000e+00,0.000000000000000000e+00,0.000000000000000000e+00,0.000000000000000000e+00,0.000000000000000000e+00,0.000000000000000000e+00,0.000000000000000000e+00,0.000000000000000000e+00,0.000000000000000000e+00,0.000000000000000000e+00
0.000000000000000000e+00,0.000000000000000000e+00,4.166666666666666609e-03,5.972222222222222515e-02,8.236111111111110716e-01,8.611111111111111049e-02,8.333333333333333218e-03,4.166666666666666609e-03,2.777777777777777884e-03,2.777777777777777884e-03,0.000000000000000000e+00,0.000000000000000000e+00,0.000000000000000000e+00,0.000000000000000000e+00,2.777777777777777884e-03,1.388888888888888942e-03,0.000000000000000000e+00,0.000000000000000000e+00,1.388888888888888942e-03,0.000000000000000000e+00,0.000000000000000000e+00,2.777777777777777884e-03
0.000000000000000000e+00,0.000000000000000000e+00,0.000000000000000000e+00,1.007556675062972265e-02,1.486146095717884030e-01,7.002518891687657954e-01,8.312342569269520753e-02,1.511335012594458398e-02,1.511335012594458398e-02,2.518891687657430663e-03,5.037783375314861326e-03,0.000000000000000000e+00,2.518891687657430663e-03,0.000000000000000000e+00,2.518891687657430663e-03,0.000000000000000000e+00,0.000000000000000000e+00,0.000000000000000000e+00,2.518891687657430663e-03,5.037783375314861326e-03,2.518891687657430663e-03,5.037783375314861326e-03
0.000000000000000000e+00,0.000000000000000000e+00,0.000000000000000000e+00,5.714285714285714281e-03,2.285714285714285712e-02,1.657142857142857029e-01,5.771428571428571797e-01,8.571428571428571508e-02,4.571428571428571425e-02,2.285714285714285712e-02,1.714285714285714371e-02,5.714285714285714281e-03,5.714285714285714281e-03,1.142857142857142856e-02,1.142857142857142856e-02,5.714285714285714281e-03,5.714285714285714281e-03,0.000000000000000000e+00,0.000000000000000000e+00,0.000000000000000000e+00,0.000000000000000000e+00,1.142857142857142856e-02
0.000000000000000000e+00,0.000000000000000000e+00,0.000000000000000000e+00,0.000000000000000000e+00,3.773584905660377214e-02,2.830188679245283084e-02,1.037735849056603821e-01,5.471698113207547065e-01,1.981132075471698228e-01,2.830188679245283084e-02,0.000000000000000000e+00,0.000000000000000000e+00,9.433962264150943036e-03,0.000000000000000000e+00,9.433962264150943036e-03,9.433962264150943036e-03,9.433962264150943036e-03,0.000000000000000000e+00,0.000000000000000000e+00,9.433962264150943036e-03,0.000000000000000000e+00,9.433962264150943036e-03
0.000000000000000000e+00,0.000000000000000000e+00,0.000000000000000000e+00,7.246376811594202987e-03,2.173913043478260809e-02,6.521739130434782428e-02,4.347826086956521618e-02,1.159420289855072478e-01,5.724637681159420177e-01,9.420289855072463969e-02,7.246376811594202987e-03,0.000000000000000000e+00,2.173913043478260809e-02,0.000000000000000000e+00,7.246376811594202987e-03,1.449275362318840597e-02,0.000000000000000000e+00,0.000000000000000000e+00,7.246376811594202987e-03,0.000000000000000000e+00,0.000000000000000000e+00,2.173913043478260809e-02
0.000000000000000000e+00,9.523809523809524669e-03,0.000000000000000000e+00,0.000000000000000000e+00,0.000000000000000000e+00,9.523809523809524669e-03,6.666666666666666574e-02,9.523809523809524669e-03,1.238095238095238138e-01,5.523809523809524169e-01,7.619047619047619735e-02,4.761904761904761640e-02,0.000000000000000000e+00,9.523809523809524669e-03,9.523809523809524669e-03,2.857142857142857054e-02,0.000000000000000000e+00,0.000000000000000000e+00,0.000000000000000000e+00,0.000000000000000000e+00,1.904761904761904934e-02,3.809523809523809867e-02
0.000000000000000000e+00,0.000000000000000000e+00,0.000000000000000000e+00,0.000000000000000000e+00,5.000000000000000278e-02,2.500000000000000139e-02,0.000000000000000000e+00,0.000000000000000000e+00,5.000000000000000278e-02,7.499999999999999722e-02,4.249999999999999889e-01,1.250000000000000000e-01,5.000000000000000278e-02,0.000000000000000000e+00,2.500000000000000139e-02,5.000000000000000278e-02,7.499999999999999722e-02,0.000000000000000000e+00,0.000000000000000000e+00,0.000000000000000000e+00,0.000000000000000000e+00,5.000000000000000278e-02
0.000000000000000000e+00,0.000000000000000000e+00,0.000000000000000000e+00,0.000000000000000000e+00,0.000000000000000000e+00,4.761904761904761640e-02,0.000000000000000000e+00,0.000000000000000000e+00,0.000000000000000000e+00,2.380952380952380820e-01,1.428571428571428492e-01,2.857142857142856984e-01,9.523809523809523281e-02,9.523809523809523281e-02,0.000000000000000000e+00,0.000000000000000000e+00,4.761904761904761640e-02,0.000000000000000000e+00,0.000000000000000000e+00,0.000000000000000000e+00,0.000000000000000000e+00,4.761904761904761640e-02
0.000000000000000000e+00,0.000000000000000000e+00,0.000000000000000000e+00,0.000000000000000000e+00,0.000000000000000000e+00,6.451612903225806273e-02,6.451612903225806273e-02,3.225806451612903136e-02,0.000000000000000000e+00,3.225806451612903136e-02,0.000000000000000000e+00,0.000000000000000000e+00,4.516129032258064391e-01,1.290322580645161255e-01,3.225806451612903136e-02,0.000000000000000000e+00,3.225806451612903136e-02,0.000000000000000000e+00,0.000000000000000000e+00,0.000000000000000000e+00,3.225806451612903136e-02,1.290322580645161255e-01
0.000000000000000000e+00,0.000000000000000000e+00,0.000000000000000000e+00,0.000000000000000000e+00,0.000000000000000000e+00,6.666666666666666574e-02,1.333333333333333315e-01,0.000000000000000000e+00,6.666666666666666574e-02,6.666666666666666574e-02,0.000000000000000000e+00,6.666666666666666574e-02,1.333333333333333315e-01,2.666666666666666630e-01,0.000000000000000000e+00,1.333333333333333315e-01,0.000000000000000000e+00,6.666666666666666574e-02,0.000000000000000000e+00,0.000000000000000000e+00,0.000000000000000000e+00,0.000000000000000000e+00
0.000000000000000000e+00,0.000000000000000000e+00,0.000000000000000000e+00,0.000000000000000000e+00,0.000000000000000000e+00,2.307692307692307820e-01,7.692307692307692735e-02,0.000000000000000000e+00,7.692307692307692735e-02,1.538461538461538547e-01,0.000000000000000000e+00,0.000000000000000000e+00,0.000000000000000000e+00,0.000000000000000000e+00,3.076923076923077094e-01,0.000000000000000000e+00,0.000000000000000000e+00,1.538461538461538547e-01,0.000000000000000000e+00,0.000000000000000000e+00,0.000000000000000000e+00,0.000000000000000000e+00
0.000000000000000000e+00,0.000000000000000000e+00,0.000000000000000000e+00,0.000000000000000000e+00,5.000000000000000278e-02,5.000000000000000278e-02,0.000000000000000000e+00,0.000000000000000000e+00,1.499999999999999944e-01,5.000000000000000278e-02,0.000000000000000000e+00,0.000000000000000000e+00,0.000000000000000000e+00,5.000000000000000278e-02,0.000000000000000000e+00,4.000000000000000222e-01,5.000000000000000278e-02,0.000000000000000000e+00,5.000000000000000278e-02,0.000000000000000000e+00,0.000000000000000000e+00,1.499999999999999944e-01
0.000000000000000000e+00,0.000000000000000000e+00,0.000000000000000000e+00,0.000000000000000000e+00,0.000000000000000000e+00,0.000000000000000000e+00,0.000000000000000000e+00,0.000000000000000000e+00,1.250000000000000000e-01,0.000000000000000000e+00,0.000000000000000000e+00,0.000000000000000000e+00,6.250000000000000000e-02,0.000000000000000000e+00,0.000000000000000000e+00,6.250000000000000000e-02,3.750000000000000000e-01,2.500000000000000000e-01,6.250000000000000000e-02,0.000000000000000000e+00,6.250000000000000000e-02,0.000000000000000000e+00
0.000000000000000000e+00,0.000000000000000000e+00,0.000000000000000000e+00,0.000000000000000000e+00,0.000000000000000000e+00,2.222222222222222307e-02,0.000000000000000000e+00,0.000000000000000000e+00,0.000000000000000000e+00,6.666666666666666574e-02,2.222222222222222307e-02,0.000000000000000000e+00,0.000000000000000000e+00,2.222222222222222307e-02,0.000000000000000000e+00,0.000000000000000000e+00,2.222222222222222307e-02,7.333333333333332815e-01,4.444444444444444614e-02,0.000000000000000000e+00,6.666666666666666574e-02,0.000000000000000000e+00
0.000000000000000000e+00,0.000000000000000000e+00,0.000000000000000000e+00,0.000000000000000000e+00,1.428571428571428492e-01,1.428571428571428492e-01,0.000000000000000000e+00,0.000000000000000000e+00,0.000000000000000000e+00,0.000000000000000000e+00,0.000000000000000000e+00,0.000000000000000000e+00,0.000000000000000000e+00,0.000000000000000000e+00,0.000000000000000000e+00,1.428571428571428492e-01,0.000000000000000000e+00,2.857142857142856984e-01,1.428571428571428492e-01,0.000000000000000000e+00,0.000000000000000000e+00,1.428571428571428492e-01
0.000000000000000000e+00,0.000000000000000000e+00,0.000000000000000000e+00,0.000000000000000000e+00,0.000000000000000000e+00,0.000000000000000000e+00,0.000000000000000000e+00,0.000000000000000000e+00,1.428571428571428492e-01,1.428571428571428492e-01,0.000000000000000000e+00,0.000000000000000000e+00,0.000000000000000000e+00,0.000000000000000000e+00,0.000000000000000000e+00,1.428571428571428492e-01,0.000000000000000000e+00,0.000000000000000000e+00,0.000000000000000000e+00,1.428571428571428492e-01,1.428571428571428492e-01,2.857142857142856984e-01
0.000000000000000000e+00,0.000000000000000000e+00,0.000000000000000000e+00,0.000000000000000000e+00,0.000000000000000000e+00,0.000000000000000000e+00,0.000000000000000000e+00,0.000000000000000000e+00,0.000000000000000000e+00,0.000000000000000000e+00,0.000000000000000000e+00,3.703703703703703498e-02,0.000000000000000000e+00,3.703703703703703498e-02,0.000000000000000000e+00,0.000000000000000000e+00,3.703703703703703498e-02,1.111111111111111049e-01,0.000000000000000000e+00,3.703703703703703498e-02,5.185185185185184897e-01,2.222222222222222099e-01
0.000000000000000000e+00,9.433962264150943036e-03,0.000000000000000000e+00,0.000000000000000000e+00,0.000000000000000000e+00,2.830188679245283084e-02,9.433962264150943036e-03,1.886792452830188607e-02,1.886792452830188607e-02,1.886792452830188607e-02,1.886792452830188607e-02,0.000000000000000000e+00,9.433962264150943036e-03,2.830188679245283084e-02,9.433962264150943036e-03,0.000000000000000000e+00,9.433962264150943036e-03,9.433962264150943036e-03,0.000000000000000000e+00,1.886792452830188607e-02,4.716981132075472039e-02,7.452830188679244738e-01
