7.136311569301260205e-01,9.965635738831615797e-02,8.018327605956471205e-03,4.581901489117984165e-03,0.000000000000000000e+00,0.000000000000000000e+00,2.290950744558992083e-03,3.436426116838487907e-03,0.000000000000000000e+00,0.000000000000000000e+00,2.290950744558992083e-03,0.000000000000000000e+00,0.000000000000000000e+00,0.000000000000000000e+00,0.000000000000000000e+00,0.000000000000000000e+00,0.000000000000000000e+00,1.145475372279496041e-03,1.030927835051546372e-02,2.176403207331042283e-02,1.328751431844215347e-01
2.007168458781362075e-01,6.594982078853046659e-01,5.376344086021505458e-02,1.254480286738351297e-02,1.792114695340501791e-03,5.376344086021505805e-03,7.168458781362007162e-03,5.376344086021505805e-03,1.792114695340501791e-03,0.000000000000000000e+00,1.075268817204301161e-02,0.000000000000000000e+00,0.000000000000000000e+00,0.000000000000000000e+00,0.000000000000000000e+00,3.584229390681003581e-03,0.000000000000000000e+00,0.000000000000000000e+00,3.584229390681003581e-03,1.075268817204301161e-02,2.329749103942652458e-02
5.555555555555555247e-02,2.525252525252525415e-01,5.101010101010100550e-01,7.070707070707070441e-02,3.535353535353535220e-02,5.050505050505050934e-03,5.050505050505050934e-03,5.050505050505050934e-03,1.010101010101010187e-02,5.050505050505050934e-03,2.525252525252525207e-02,0.000000000000000000e+00,0.000000000000000000e+00,0.000000000000000000e+00,5.050505050505050934e-03,0.000000000000000000e+00,0.000000000000000000e+00,0.000000000000000000e+00,0.000000000000000000e+00,0.000000000000000000e+00,1.515151515151515194e-02
9.302325581395348708e-02,1.240310077519379828e-01,2.403100775193798555e-01,4.186046511627907196e-01,4.651162790697674354e-02,2.325581395348837177e-02,7.751937984496123923e-03,0.000000000000000000e+00,7.751937984496123923e-03,0.000000000000000000e+00,1.550387596899224785e-02,0.000000000000000000e+00,0.000000000000000000e+00,0.000000000000000000e+00,0.000000000000000000e+00,0.000000000000000000e+00,7.751937984496123923e-03,0.000000000000000000e+00,0.000000000000000000e+00,1.550387596899224785e-02,0.000000000000000000e+00
0.000000000000000000e+00,6.097560975609755962e-02,1.463414634146341375e-01,2.317073170731707432e-01,4.146341463414633943e-01,4.878048780487805047e-02,2.439024390243902524e-02,0.000000000000000000e+00,1.219512195121951262e-02,0.000000000000000000e+00,1.219512195121951262e-02,0.000000000000000000e+00,0.000000000000000000e+00,0.000000000000000000e+00,0.000000000000000000e+00,1.219512195121951262e-02,1.219512195121951262e-02,0.000000000000000000e+00,0.000000000000000000e+00,0.000000000000000000e+00,2.439024390243902524e-02
2.702702702702702853e-02,5.405405405405405705e-02,8.108108108108108558e-02,8.108108108108108558e-02,1.351351351351351426e-01,5.405405405405405705e-01,0.000000000000000000e+00,5.405405405405405705e-02,0.000000000000000000e+00,0.000000000000000000e+00,0.000000000000000000e+00,0.000000000000000000e+00,0.000000000000000000e+00,0.000000000000000000e+00,0.000000000000000000e+00,0.000000000000000000e+00,0.000000000000000000e+00,0.000000000000000000e+00,0.000000000000000000e+00,0.000000000000000000e+00,2.702702702702702853e-02
0.000000000000000000e+00,1.578947368421052544e-01,5.263157894736841813e-02,5.263157894736841813e-02,3.157894736842105088e-01,1.052631578947368363e-01,1.052631578947368363e-01,5.263157894736841813e-02,0.000000000000000000e+00,0.000000000000000000e+00,0.000000000000000000e+00,0.000000000000000000e+00,0.000000000000000000e+00,0.000000000000000000e+00,0.000000000000000000e+00,0.000000000000000000e+00,0.000000000000000000e+00,0.000000000000000000e+00,5.263157894736841813e-02,5.263157894736841813e-02,5.263157894736841813e-02
0.000000000000000000e+00,4.761904761904761640e-02,9.523809523809523281e-02,9.523809523809523281e-02,1.428571428571428492e-01,9.523809523809523281e-02,9.523809523809523281e-02,2.380952380952380820e-01,4.761904761904761640e-02,0.000000000000000000e+00,0.000000000000000000e+00,0.000000000000000000e+00,0.000000000000000000e+00,0.000000000000000000e+00,0.000000000000000000e+00,4.761904761904761640e-02,0.000000000000000000e+00,0.000000000000000000e+00,0.000000000000000000e+00,4.761904761904761640e-02,4.761904761904761640e-02
2.142857142857142738e-01,7.142857142857142461e-02,7.142857142857142461e-02,0.000000000000000000e+00,0.000000000000000000e+00,7.142857142857142461e-02,2.142857142857142738e-01,7.142857142857142461e-02,2.857142857142856984e-01,0.000000000000000000e+00,0.000000000000000000e+00,0.000000000000000000e+00,0.000000000000000000e+00,0.000000000000000000e+00,0.000000000000000000e+00,0.000000000000000000e+00,0.000000000000000000e+00,0.000000000000000000e+00,0.000000000000000000e+00,0.000000000000000000e+00,0.000000000000000000e+00
0.000000000000000000e+00,0.000000000000000000e+00,0.000000000000000000e+00,3.333333333333333148e-01,3.333333333333333148e-01,0.000000000000000000e+00,0.000000000000000000e+00,0.000000000000000000e+00,0.000000000000000000e+00,3.333333333333333148e-01,0.000000000000000000e+00,0.000000000000000000e+00,0.000000000000000000e+00,0.000000000000000000e+00,0.000000000000000000e+00,0.000000000000000000e+00,0.000000000000000000e+00,0.000000000000000000e+00,0.000000000000000000e+00,0.000000000000000000e+00,0.000000000000000000e+00
5.660377358490566169e-02,9.433962264150944077e-02,1.509433962264150886e-01,1.320754716981132060e-01,5.660377358490566169e-02,0.000000000000000000e+00,3.773584905660377214e-02,1.886792452830188607e-02,3.773584905660377214e-02,0.000000000000000000e+00,3.396226415094339424e-01,0.000000000000000000e+00,0.000000000000000000e+00,0.000000000000000000e+00,0.000000000000000000e+00,0.000000000000000000e+00,0.000000000000000000e+00,0.000000000000000000e+00,0.000000000000000000e+00,1.886792452830188607e-02,5.660377358490566169e-02
1.000000000000000056e-01,0.000000000000000000e+00,0.000000000000000000e+00,0.000000000000000000e+00,0.000000000000000000e+00,0.000000000000000000e+00,0.000000000000000000e+00,0.000000000000000000e+00,0.000000000000000000e+00,0.000000000000000000e+00,0.000000000000000000e+00,5.999999999999999778e-01,0.000000000000000000e+00,0.000000000000000000e+00,0.000000000000000000e+00,0.000000000000000000e+00,2.000000000000000111e-01,0.000000000000000000e+00,0.000000000000000000e+00,1.000000000000000056e-01,0.000000000000000000e+00
0.000000000000000000e+00,0.000000000000000000e+00,0.000000000000000000e+00,0.000000000000000000e+00,0.000000000000000000e+00,0.000000000000000000e+00,0.000000000000000000e+00,0.000000000000000000e+00,0.000000000000000000e+00,0.000000000000000000e+00,0.000000000000000000e+00,3.333333333333333148e-01,0.000000000000000000e+00,0.000000000000000000e+00,0.000000000000000000e+00,0.000000000000000000e+00,0.000000000000000000e+00,0.000000000000000000e+00,0.000000000000000000e+00,3.333333333333333148e-01,3.333333333333333148e-01
0.000000000000000000e+00,8.333333333333332871e-02,0.000000000000000000e+00,0.000000000000000000e+00,0.000000000000000000e+00,0.000000000000000000e+00,0.000000000000000000e+00,0.000000000000000000e+00,0.000000000000000000e+00,0.000000000000000000e+00,0.000000000000000000e+00,0.000000000000000000e+00,0.000000000000000000e+00,8.333333333333333703e-01,0.000000000000000000e+00,0.000000000000000000e+00,8.333333333333332871e-02,0.000000000000000000e+00,0.000000000000000000e+00,0.000000000000000000e+00,0.000000000000000000e+00
0.000000000000000000e+00,0.000000000000000000e+00,0.000000000000000000e+00,0.000000000000000000e+00,0.000000000000000000e+00,0.000000000000000000e+00,0.000000000000000000e+00,0.000000000000000000e+00,0.000000000000000000e+00,0.000000000000000000e+00,0.000000000000000000e+00,0.000000000000000000e+00,0.000000000000000000e+00,0.000000000000000000e+00,9.090909090909090606e-01,0.000000000000000000e+00,0.000000000000000000e+00,0.000000000000000000e+00,0.000000000000000000e+00,4.545454545454545581e-02,4.545454545454545581e-02
2.702702702702702853e-02,0.000000000000000000e+00,0.000000000000000000e+00,0.000000000000000000e+00,0.000000000000000000e+00,0.000000000000000000e+00,0.000000000000000000e+00,0.000000000000000000e+00,0.000000000000000000e+00,0.000000000000000000e+00,2.702702702702702853e-02,0.000000000000000000e+00,0.000000000000000000e+00,0.000000000000000000e+00,0.000000000000000000e+00,8.378378378378378288e-01,0.000000000000000000e+00,5.405405405405405705e-02,2.702702702702702853e-02,0.000000000000000000e+00,2.702702702702702853e-02
4.761904761904761640e-02,0.000000000000000000e+00,0.000000000000000000e+00,2.380952380952380820e-02,0.000000000000000000e+00,0.000000000000000000e+00,0.000000000000000000e+00,0.000000000000000000e+00,0.000000000000000000e+00,0.000000000000000000e+00,0.000000000000000000e+00,2.380952380952380820e-02,2.380952380952380820e-02,0.000000000000000000e+00,0.000000000000000000e+00,0.000000000000000000e+00,6.666666666666666297e-01,9.523809523809523281e-02,7.142857142857142461e-02,0.000000000000000000e+00,4.761904761904761640e-02
1.282051282051282007e-02,2.564102564102564014e-02,0.000000000000000000e+00,0.000000000000000000e+00,0.000000000000000000e+00,0.000000000000000000e+00,0.000000000000000000e+00,0.000000000000000000e+00,0.000000000000000000e+00,0.000000000000000000e+00,0.000000000000000000e+00,0.000000000000000000e+00,0.000000000000000000e+00,0.000000000000000000e+00,1.282051282051282007e-02,0.000000000000000000e+00,2.564102564102564014e-02,6.282051282051281937e-01,1.923076923076923184e-01,5.128205128205128027e-02,5.128205128205128027e-02
4.115226337448559674e-02,8.230452674897120041e-03,4.115226337448560021e-03,8.230452674897120041e-03,4.115226337448560021e-03,0.000000000000000000e+00,0.000000000000000000e+00,0.000000000000000000e+00,0.000000000000000000e+00,0.000000000000000000e+00,0.000000000000000000e+00,4.115226337448560021e-03,0.000000000000000000e+00,0.000000000000000000e+00,4.115226337448560021e-03,4.115226337448560021e-03,0.000000000000000000e+00,5.761316872427983682e-02,6.995884773662551792e-01,8.641975308641974829e-02,7.818930041152263866e-02
5.370843989769821109e-02,1.278772378516624016e-02,5.115089514066496583e-03,2.557544757033248291e-03,0.000000000000000000e+00,0.000000000000000000e+00,2.557544757033248291e-03,2.557544757033248291e-03,0.000000000000000000e+00,2.557544757033248291e-03,0.000000000000000000e+00,0.000000000000000000e+00,0.000000000000000000e+00,0.000000000000000000e+00,0.000000000000000000e+00,0.000000000000000000e+00,1.023017902813299317e-02,1.790281329923273587e-02,7.161125319693094349e-02,7.007672634271099321e-01,1.176470588235294101e-01
1.311018131101813200e-01,2.649930264993026474e-02,4.184100418410041482e-03,8.368200836820082963e-03,2.789400278940027799e-03,0.000000000000000000e+00,0.000000000000000000e+00,2.789400278940027799e-03,1.394700139470013900e-03,1.394700139470013900e-03,2.789400278940027799e-03,0.000000000000000000e+00,0.000000000000000000e+00,1.394700139470013900e-03,1.394700139470013900e-03,0.000000000000000000e+00,1.394700139470013900e-03,6.973500697350069714e-03,2.649930264993026474e-02,8.647140864714086828e-02,6.945606694560669814e-01
