5.999999999999999778e-01,0.000000000000000000e+00,0.000000000000000000e+00,0.000000000000000000e+00,0.000000000000000000e+00,2.000000000000000111e-01,0.000000000000000000e+00,0.000000000000000000e+00,1.000000000000000056e-01,0.000000000000000000e+00,1.000000000000000056e-01,0.000000000000000000e+00,0.000000000000000000e+00,0.000000000000000000e+00,0.000000000000000000e+00,0.000000000000000000e+00,0.000000000000000000e+00,0.000000000000000000e+00,0.000000000000000000e+00,0.000000000000000000e+00,0.000000000000000000e+00,0.000000000000000000e+00
3.333333333333333148e-01,0.000000000000000000e+00,0.000000000000000000e+00,0.000000000000000000e+00,0.000000000000000000e+00,0.000000000000000000e+00,0.000000000000000000e+00,0.000000000000000000e+00,3.333333333333333148e-01,3.333333333333333148e-01,0.000000000000000000e+00,0.000000000000000000e+00,0.000000000000000000e+00,0.000000000000000000e+00,0.000000000000000000e+00,0.000000000000000000e+00,0.000000000000000000e+00,0.000000000000000000e+00,0.000000000000000000e+00,0.000000000000000000e+00,0.000000000000000000e+00,0.000000000000000000e+00
0.000000000000000000e+00,0.000000000000000000e+00,8.333333333333333703e-01,0.000000000000000000e+00,0.000000000000000000e+00,8.333333333333332871e-02,0.000000000000000000e+00,0.000000000000000000e+00,0.000000000000000000e+00,0.000000000000000000e+00,0.000000000000000000e+00,8.333333333333332871e-02,0.000000000000000000e+00,0.000000000000000000e+00,0.000000000000000000e+00,0.000000000000000000e+00,0.000000000000000000e+00,0.000000000000000000e+00,0.000000000000000000e+00,0.000000000000000000e+00,0.000000000000000000e+00,0.000000000000000000e+00
0.000000000000000000e+00,0.000000000000000000e+00,0.000000000000000000e+00,9.090909090909090606e-01,0.000000000000000000e+00,0.000000000000000000e+00,0.000000000000000000e+00,0.000000000000000000e+00,4.545454545454545581e-02,4.545454545454545581e-02,0.000000000000000000e+00,0.000000000000000000e+00,0.000000000000000000e+00,0.000000000000000000e+00,0.000000000000000000e+00,0.000000000000000000e+00,0.000000000000000000e+00,0.000000000000000000e+00,0.000000000000000000e+00,0.000000000000000000e+00,0.000000000000000000e+00,0.000000000000000000e+00
0.000000000000000000e+00,0.000000000000000000e+00,0.000000000000000000e+00,0.000000000000000000e+00,8.378378378378378288e-01,0.000000000000000000e+00,5.405405405405405705e-02,2.702702702702702853e-02,0.000000000000000000e+00,2.702702702702702853e-02,2.702702702702702853e-02,0.000000000000000000e+00,0.000000000000000000e+00,0.000000000000000000e+00,0.000000000000000000e+00,0.000000000000000000e+00,0.000000000000000000e+00,0.000000000000000000e+00,0.000000000000000000e+00,0.000000000000000000e+00,0.000000000000000000e+00,2.702702702702702853e-02
2.325581395348837177e-02,2.325581395348837177e-02,0.000000000000000000e+00,0.000000000000000000e+00,0.000000000000000000e+00,6.511627906976744651e-01,1.162790697674418589e-01,6.976744186046511531e-02,0.000000000000000000e+00,4.651162790697674354e-02,4.651162790697674354e-02,0.000000000000000000e+00,0.000000000000000000e+00,2.325581395348837177e-02,0.000000000000000000e+00,0.000000000000000000e+00,0.000000000000000000e+00,0.000000000000000000e+00,0.000000000000000000e+00,0.000000000000000000e+00,0.000000000000000000e+00,0.000000000000000000e+00
0.000000000000000000e+00,0.000000000000000000e+00,0.000000000000000000e+00,1.298701298701298787e-02,0.000000000000000000e+00,3.896103896103896014e-02,6.103896103896103709e-01,1.948051948051948146e-01,5.194805194805195148e-02,5.194805194805195148e-02,1.298701298701298787e-02,2.597402597402597574e-02,0.000000000000000000e+00,0.000000000000000000e+00,0.000000000000000000e+00,0.000000000000000000e+00,0.000000000000000000e+00,0.000000000000000000e+00,0.000000000000000000e+00,0.000000000000000000e+00,0.000000000000000000e+00,0.000000000000000000e+00
4.115226337448560021e-03,0.000000000000000000e+00,0.000000000000000000e+00,4.115226337448560021e-03,4.115226337448560021e-03,0.000000000000000000e+00,5.761316872427983682e-02,6.995884773662551792e-01,8.641975308641974829e-02,7.818930041152263866e-02,4.115226337448559674e-02,8.230452674897120041e-03,4.115226337448560021e-03,8.230452674897120041e-03,4.115226337448560021e-03,0.000000000000000000e+00,0.000000000000000000e+00,0.000000000000000000e+00,0.000000000000000000e+00,0.000000000000000000e+00,0.000000000000000000e+00,0.000000000000000000e+00
0.000000000000000000e+00,0.000000000000000000e+00,0.000000000000000000e+00,0.000000000000000000e+00,0.000000000000000000e+00,1.020408163265306041e-02,1.785714285714285615e-02,7.142857142857142461e-02,7.015306122448979886e-01,1.224489795918367319e-01,4.846938775510203912e-02,1.275510204081632681e-02,5.102040816326530205e-03,2.551020408163265103e-03,0.000000000000000000e+00,0.000000000000000000e+00,2.551020408163265103e-03,2.551020408163265103e-03,0.000000000000000000e+00,2.551020408163265103e-03,0.000000000000000000e+00,0.000000000000000000e+00
0.000000000000000000e+00,0.000000000000000000e+00,1.392757660167130923e-03,1.392757660167130923e-03,0.000000000000000000e+00,1.392757660167130923e-03,6.963788300835654400e-03,2.646239554317548689e-02,8.635097493036211769e-02,6.935933147632311613e-01,1.323119777158774379e-01,2.646239554317548689e-02,4.178272980501392987e-03,8.356545961002785974e-03,2.785515320334261847e-03,0.000000000000000000e+00,0.000000000000000000e+00,2.785515320334261847e-03,1.392757660167130923e-03,1.392757660167130923e-03,0.000000000000000000e+00,2.785515320334261847e-03
0.000000000000000000e+00,0.000000000000000000e+00,0.000000000000000000e+00,0.000000000000000000e+00,0.000000000000000000e+00,0.000000000000000000e+00,1.148105625717566044e-03,1.033295063145809461e-02,2.181400688863375376e-02,1.331802525832376516e-01,7.129735935706085215e-01,9.988518943742824563e-02,8.036739380022962093e-03,4.592422502870264177e-03,0.000000000000000000e+00,0.000000000000000000e+00,2.296211251435132088e-03,3.444316877152697916e-03,0.000000000000000000e+00,0.000000000000000000e+00,1.148105625717566044e-03,1.148105625717566044e-03
0.000000000000000000e+00,0.000000000000000000e+00,0.000000000000000000e+00,0.000000000000000000e+00,3.584229390681003581e-03,0.000000000000000000e+00,0.000000000000000000e+00,3.584229390681003581e-03,1.075268817204301161e-02,2.329749103942652458e-02,2.007168458781362075e-01,6.594982078853046659e-01,5.376344086021505458e-02,1.254480286738351297e-02,1.792114695340501791e-03,5.376344086021505805e-03,7.168458781362007162e-03,5.376344086021505805e-03,1.792114695340501791e-03,0.000000000000000000e+00,3.584229390681003581e-03,7.168458781362007162e-03
0.000000000000000000e+00,0.000000000000000000e+00,0.000000000000000000e+00,5.050505050505050934e-03,0.000000000000000000e+00,0.000000000000000000e+00,0.000000000000000000e+00,0.000000000000000000e+00,0.000000000000000000e+00,1.515151515151515194e-02,5.555555555555555247e-02,2.525252525252525415e-01,5.101010101010100550e-01,7.070707070707070441e-02,3.535353535353535220e-02,5.050505050505050934e-03,5.050505050505050934e-03,5.050505050505050934e-03,1.010101010101010187e-02,5.050505050505050934e-03,5.050505050505050934e-03,2.020202020202020374e-02
0.000000000000000000e+00,0.000000000000000000e+00,0.000000000000000000e+00,0.000000000000000000e+00,0.000000000000000000e+00,7.751937984496123923e-03,0.000000000000000000e+00,0.000000000000000000e+00,1.550387596899224785e-02,0.000000000000000000e+00,9.302325581395348708e-02,1.240310077519379828e-01,2.403100775193798555e-01,4.186046511627907196e-01,4.651162790697674354e-02,2.325581395348837177e-02,7.751937984496123923e-03,0.000000000000000000e+00,7.751937984496123923e-03,0.000000000000000000e+00,7.751937984496123923e-03,7.751937984496123923e-03
0.000000000000000000e+00,0.000000000000000000e+00,0.000000000000000000e+00,0.000000000000000000e+00,1.204819277108433798e-02,1.204819277108433798e-02,0.000000000000000000e+00,0.000000000000000000e+00,0.000000000000000000e+00,3.614457831325301046e-02,0.000000000000000000e+00,6.024096385542168641e-02,1.445783132530120418e-01,2.289156626506023973e-01,4.096385542168674565e-01,4.819277108433735191e-02,2.409638554216867595e-02,0.000000000000000000e+00,1.204819277108433798e-02,0.000000000000000000e+00,0.000000000000000000e+00,1.204819277108433798e-02
0.000000000000000000e+00,0.000000000000000000e+00,0.000000000000000000e+00,0.000000000000000000e+00,0.000000000000000000e+00,0.000000000000000000e+00,0.000000000000000000e+00,0.000000000000000000e+00,0.000000000000000000e+00,0.000000000000000000e+00,2.777777777777777624e-02,5.555555555555555247e-02,8.333333333333332871e-02,8.333333333333332871e-02,1.388888888888888951e-01,5.555555555555555802e-01,0.000000000000000000e+00,5.555555555555555247e-02,0.000000000000000000e+00,0.000000000000000000e+00,0.000000000000000000e+00,0.000000000000000000e+00
0.000000000000000000e+00,0.000000000000000000e+00,0.000000000000000000e+00,0.000000000000000000e+00,0.000000000000000000e+00,0.000000000000000000e+00,0.000000000000000000e+00,5.263157894736841813e-02,5.263157894736841813e-02,5.263157894736841813e-02,0.000000000000000000e+00,1.578947368421052544e-01,5.263157894736841813e-02,5.263157894736841813e-02,3.157894736842105088e-01,1.052631578947368363e-01,1.052631578947368363e-01,5.263157894736841813e-02,0.000000000000000000e+00,0.000000000000000000e+00,0.000000000000000000e+00,0.000000000000000000e+00
0.000000000000000000e+00,0.000000000000000000e+00,0.000000000000000000e+00,0.000000000000000000e+00,4.761904761904761640e-02,0.000000000000000000e+00,0.000000000000000000e+00,0.000000000000000000e+00,4.761904761904761640e-02,4.761904761904761640e-02,0.000000000000000000e+00,4.761904761904761640e-02,9.523809523809523281e-02,9.523809523809523281e-02,1.428571428571428492e-01,9.523809523809523281e-02,9.523809523809523281e-02,2.380952380952380820e-01,4.761904761904761640e-02,0.000000000000000000e+00,0.000000000000000000e+00,0.000000000000000000e+00
0.000000000000000000e+00,0.000000000000000000e+00,0.000000000000000000e+00,0.000000000000000000e+00,0.000000000000000000e+00,0.000000000000000000e+00,0.000000000000000000e+00,0.000000000000000000e+00,0.000000000000000000e+00,0.000000000000000000e+00,2.142857142857142738e-01,7.142857142857142461e-02,7.142857142857142461e-02,0.000000000000000000e+00,0.000000000000000000e+00,7.142857142857142461e-02,2.142857142857142738e-01,7.142857142857142461e-02,2.857142857142856984e-01,0.000000000000000000e+00,0.000000000000000000e+00,0.000000000000000000e+00
0.000000000000000000e+00,0.000000000000000000e+00,0.000000000000000000e+00,0.000000000000000000e+00,0.000000000000000000e+00,0.000000000000000000e+00,0.000000000000000000e+00,0.000000000000000000e+00,0.000000000000000000e+00,0.000000000000000000e+00,0.000000000000000000e+00,0.000000000000000000e+00,0.000000000000000000e+00,3.333333333333333148e-01,3.333333333333333148e-01,0.000000000000000000e+00,0.000000000000000000e+00,0.000000000000000000e+00,0.000000000000000000e+00,3.333333333333333148e-01,0.000000000000000000e+00,0.000000000000000000e+00
0.000000000000000000e+00,0.000000000000000000e+00,0.000000000000000000e+00,0.000000000000000000e+00,0.000000000000000000e+00,0.000000000000000000e+00,0.000000000000000000e+00,0.000000000000000000e+00,0.000000000000000000e+00,1.111111111111111049e-01,0.000000000000000000e+00,2.222222222222222099e-01,0.000000000000000000e+00,1.111111111111111049e-01,1.111111111111111049e-01,0.000000000000000000e+00,0.000000000000000000e+00,0.000000000000000000e+00,1.111111111111111049e-01,0.000000000000000000e+00,3.333333333333333148e-01,0.000000000000000000e+00
0.000000000000000000e+00,0.000000000000000000e+00,0.000000000000000000e+00,0.000000000000000000e+00,0.000000000000000000e+00,0.000000000000000000e+00,0.000000000000000000e+00,0.000000000000000000e+00,2.272727272727272790e-02,4.545454545454545581e-02,6.818181818181817677e-02,6.818181818181817677e-02,1.818181818181818232e-01,1.363636363636363535e-01,4.545454545454545581e-02,0.000000000000000000e+00,4.545454545454545581e-02,2.272727272727272790e-02,2.272727272727272790e-02,0.000000000000000000e+00,4.545454545454545581e-02,2.954545454545454697e-01
