6.212914485165793588e-01,1.646305991855730178e-01,2.152414194299010972e-02,5.817335660267597408e-03,2.326934264107038876e-03,0.000000000000000000e+00,5.817335660267597191e-04,0.000000000000000000e+00,0.000000000000000000e+00,5.817335660267597191e-04,1.745200698080279266e-03,4.072134962187318359e-03,1.745200698080279266e-03,2.908667830133798704e-03,2.326934264107038876e-03,4.072134962187318359e-03,8.144269924374636718e-03,8.726003490401396112e-03,2.210587550901687084e-02,3.374054682955206219e-02,9.365910413030831272e-02
1.090524086818422389e-01,6.707252514557967560e-01,1.058761249338274202e-01,1.588141874007411442e-02,7.411328745367919309e-03,2.646903123345685591e-03,5.293806246691371399e-04,5.293806246691371399e-04,0.000000000000000000e+00,0.000000000000000000e+00,5.293806246691371399e-04,1.588141874007411311e-03,0.000000000000000000e+00,2.117522498676548560e-03,3.705664372683959654e-03,1.588141874007411311e-03,1.588141874007411311e-03,8.470089994706194239e-03,1.429327686606670159e-02,1.905770248808893660e-02,3.440974060349390878e-02
5.916473317865428988e-02,1.519721577726217965e-01,5.754060324825985839e-01,9.280742459396751354e-02,2.204176334106728447e-02,1.044083526682134527e-02,5.800464037122969596e-03,1.160092807424593919e-03,1.160092807424593919e-03,1.160092807424593919e-03,3.480278422273781758e-03,3.480278422273781758e-03,1.160092807424593919e-03,1.160092807424593919e-03,2.320185614849187838e-03,3.480278422273781758e-03,2.320185614849187838e-03,5.800464037122969596e-03,1.508120649651972095e-02,1.624129930394431487e-02,2.436194895591647230e-02
3.296703296703296787e-02,8.791208791208791895e-02,1.153846153846153910e-01,5.302197802197802234e-01,8.516483516483516758e-02,4.120879120879120810e-02,5.494505494505494934e-03,8.241758241758241968e-03,8.241758241758241968e-03,5.494505494505494934e-03,1.098901098901098987e-02,2.747252747252747467e-03,0.000000000000000000e+00,2.747252747252747467e-03,8.241758241758241968e-03,8.241758241758241968e-03,0.000000000000000000e+00,5.494505494505494934e-03,1.098901098901098987e-02,1.648351648351648394e-02,1.373626373626373603e-02
5.392156862745098311e-02,7.352941176470588480e-02,5.882352941176470507e-02,9.313725490196078649e-02,4.754901960784313486e-01,8.823529411764706454e-02,1.960784313725490169e-02,9.803921568627450844e-03,2.450980392156862711e-02,9.803921568627450844e-03,2.941176470588235253e-02,0.000000000000000000e+00,0.000000000000000000e+00,0.000000000000000000e+00,0.000000000000000000e+00,0.000000000000000000e+00,4.901960784313725422e-03,1.470588235294117627e-02,1.470588235294117627e-02,0.000000000000000000e+00,2.941176470588235253e-02
1.666666666666666644e-02,7.499999999999999722e-02,4.166666666666666435e-02,3.333333333333333287e-02,9.166666666666666019e-02,4.166666666666666852e-01,7.499999999999999722e-02,4.166666666666666435e-02,2.500000000000000139e-02,8.333333333333333218e-03,9.166666666666666019e-02,8.333333333333333218e-03,0.000000000000000000e+00,0.000000000000000000e+00,0.000000000000000000e+00,0.000000000000000000e+00,0.000000000000000000e+00,0.000000000000000000e+00,1.666666666666666644e-02,3.333333333333333287e-02,2.500000000000000139e-02
0.000000000000000000e+00,3.636363636363636187e-02,3.636363636363636187e-02,1.818181818181818094e-02,9.090909090909091161e-02,5.454545454545454281e-02,4.000000000000000222e-01,7.272727272727272374e-02,5.454545454545454281e-02,3.636363636363636187e-02,5.454545454545454281e-02,0.000000000000000000e+00,0.000000000000000000e+00,0.000000000000000000e+00,0.000000000000000000e+00,0.000000000000000000e+00,0.000000000000000000e+00,1.818181818181818094e-02,0.000000000000000000e+00,1.818181818181818094e-02,1.090909090909090856e-01
5.128205128205128027e-02,0.000000000000000000e+00,0.000000000000000000e+00,1.025641025641025605e-01,7.692307692307692735e-02,5.128205128205128027e-02,7.692307692307692735e-02,2.051282051282051211e-01,5.128205128205128027e-02,7.692307692307692735e-02,1.538461538461538547e-01,0.000000000000000000e+00,0.000000000000000000e+00,0.000000000000000000e+00,0.000000000000000000e+00,0.000000000000000000e+00,5.128205128205128027e-02,0.000000000000000000e+00,0.000000000000000000e+00,5.128205128205128027e-02,5.128205128205128027e-02
9.090909090909091161e-02,4.545454545454545581e-02,4.545454545454545581e-02,4.545454545454545581e-02,1.363636363636363535e-01,4.545454545454545581e-02,4.545454545454545581e-02,1.363636363636363535e-01,9.090909090909091161e-02,4.545454545454545581e-02,1.818181818181818232e-01,0.000000000000000000e+00,0.000000000000000000e+00,0.000000000000000000e+00,0.000000000000000000e+00,0.000000000000000000e+00,0.000000000000000000e+00,0.000000000000000000e+00,4.545454545454545581e-02,0.000000000000000000e+00,4.545454545454545581e-02
6.250000000000000000e-02,0.000000000000000000e+00,6.250000000000000000e-02,1.250000000000000000e-01,6.250000000000000000e-02,6.250000000000000000e-02,6.250000000000000000e-02,6.250000000000000000e-02,6.250000000000000000e-02,6.250000000000000000e-02,2.500000000000000000e-01,6.250000000000000000e-02,0.000000000000000000e+00,0.000000000000000000e+00,0.000000000000000000e+00,0.000000000000000000e+00,6.250000000000000000e-02,0.000000000000000000e+00,0.000000000000000000e+00,0.000000000000000000e+00,0.000000000000000000e+00
2.272727272727272790e-02,0.000000000000000000e+00,6.060606060606060774e-02,2.272727272727272790e-02,4.545454545454545581e-02,6.060606060606060774e-02,2.272727272727272790e-02,6.818181818181817677e-02,7.575757575757575968e-03,7.575757575757575968e-03,5.530303030303029832e-01,7.575757575757575968e-03,7.575757575757575968e-03,7.575757575757575968e-03,7.575757575757575968e-03,0.000000000000000000e+00,0.000000000000000000e+00,2.272727272727272790e-02,2.272727272727272790e-02,2.272727272727272790e-02,3.030303030303030387e-02
0.000000000000000000e+00,0.000000000000000000e+00,0.000000000000000000e+00,6.060606060606060774e-02,0.000000000000000000e+00,0.000000000000000000e+00,0.000000000000000000e+00,0.000000000000000000e+00,0.000000000000000000e+00,0.000000000000000000e+00,0.000000000000000000e+00,5.454545454545454142e-01,3.030303030303030387e-02,0.000000000000000000e+00,0.000000000000000000e+00,9.090909090909091161e-02,3.030303030303030387e-02,1.212121212121212155e-01,6.060606060606060774e-02,6.060606060606060774e-02,0.000000000000000000e+00
7.692307692307692735e-02,0.000000000000000000e+00,0.000000000000000000e+00,0.000000000000000000e+00,0.000000000000000000e+00,0.000000000000000000e+00,0.000000000000000000e+00,0.000000000000000000e+00,0.000000000000000000e+00,0.000000000000000000e+00,0.000000000000000000e+00,2.307692307692307820e-01,0.000000000000000000e+00,7.692307692307692735e-02,7.692307692307692735e-02,1.538461538461538547e-01,7.692307692307692735e-02,7.692307692307692735e-02,7.692307692307692735e-02,7.692307692307692735e-02,7.692307692307692735e-02
5.555555555555555247e-02,2.777777777777777624e-02,0.000000000000000000e+00,0.000000000000000000e+00,0.000000000000000000e+00,0.000000000000000000e+00,0.000000000000000000e+00,0.000000000000000000e+00,0.000000000000000000e+00,0.000000000000000000e+00,0.000000000000000000e+00,2.777777777777777624e-02,0.000000000000000000e+00,5.277777777777777901e-01,1.111111111111111049e-01,1.111111111111111049e-01,5.555555555555555247e-02,0.000000000000000000e+00,2.777777777777777624e-02,5.555555555555555247e-02,0.000000000000000000e+00
1.960784313725490169e-02,1.960784313725490169e-02,0.000000000000000000e+00,0.000000000000000000e+00,0.000000000000000000e+00,0.000000000000000000e+00,0.000000000000000000e+00,0.000000000000000000e+00,0.000000000000000000e+00,0.000000000000000000e+00,0.000000000000000000e+00,1.960784313725490169e-02,1.960784313725490169e-02,7.843137254901960675e-02,5.882352941176470784e-01,7.843137254901960675e-02,5.882352941176470507e-02,3.921568627450980338e-02,1.960784313725490169e-02,3.921568627450980338e-02,1.960784313725490169e-02
3.092783505154639290e-02,2.061855670103092744e-02,0.000000000000000000e+00,1.030927835051546372e-02,0.000000000000000000e+00,0.000000000000000000e+00,0.000000000000000000e+00,0.000000000000000000e+00,0.000000000000000000e+00,0.000000000000000000e+00,0.000000000000000000e+00,2.061855670103092744e-02,3.092783505154639290e-02,2.061855670103092744e-02,4.123711340206185488e-02,5.051546391752577136e-01,7.216494845360824084e-02,1.030927835051546337e-01,1.030927835051546337e-01,3.092783505154639290e-02,1.030927835051546372e-02
1.408450704225352144e-02,1.408450704225352144e-02,0.000000000000000000e+00,0.000000000000000000e+00,0.000000000000000000e+00,0.000000000000000000e+00,0.000000000000000000e+00,0.000000000000000000e+00,0.000000000000000000e+00,0.000000000000000000e+00,0.000000000000000000e+00,2.112676056338028130e-02,0.000000000000000000e+00,1.408450704225352144e-02,2.816901408450704289e-02,4.929577464788732072e-02,6.197183098591548811e-01,9.859154929577464144e-02,8.450704225352112520e-02,2.816901408450704289e-02,2.816901408450704289e-02
4.347826086956521618e-02,2.371541501976284425e-02,7.905138339920948082e-03,7.905138339920948082e-03,0.000000000000000000e+00,0.000000000000000000e+00,3.952569169960474041e-03,0.000000000000000000e+00,0.000000000000000000e+00,0.000000000000000000e+00,3.952569169960474041e-03,3.557312252964427157e-02,3.952569169960474041e-03,7.905138339920948082e-03,0.000000000000000000e+00,3.162055335968379233e-02,4.743083003952568849e-02,5.494071146245059767e-01,1.067193675889328008e-01,6.324110671936758465e-02,6.324110671936758465e-02
6.650831353919239852e-02,3.800475059382422971e-02,7.125890736342043071e-03,0.000000000000000000e+00,0.000000000000000000e+00,2.375296912114014357e-03,0.000000000000000000e+00,0.000000000000000000e+00,0.000000000000000000e+00,0.000000000000000000e+00,2.375296912114014357e-03,2.375296912114014357e-03,2.375296912114014357e-03,2.375296912114014357e-03,1.187648456057007092e-02,1.662707838479809963e-02,1.187648456057007092e-02,5.463182897862232934e-02,4.988123515439429889e-01,1.662707838479809963e-01,1.163895486935866974e-01
8.681135225375626041e-02,4.340567612687813021e-02,3.338898163606010116e-03,3.338898163606010116e-03,1.669449081803005058e-03,0.000000000000000000e+00,0.000000000000000000e+00,0.000000000000000000e+00,0.000000000000000000e+00,1.669449081803005058e-03,0.000000000000000000e+00,6.677796327212020232e-03,3.338898163606010116e-03,3.338898163606010116e-03,5.008347245409014957e-03,6.677796327212020232e-03,1.502504173622704574e-02,2.671118530884808093e-02,8.848080133555925875e-02,5.342237061769615769e-01,1.702838063439065242e-01
2.315680166147455754e-01,6.230529595015576322e-02,1.246105919003115230e-02,5.192107995846313891e-03,1.038421599169262691e-03,3.115264797507788074e-03,1.038421599169262691e-03,1.038421599169262691e-03,0.000000000000000000e+00,0.000000000000000000e+00,2.076843198338525383e-03,1.038421599169262691e-03,1.038421599169262691e-03,0.000000000000000000e+00,2.076843198338525383e-03,5.192107995846313891e-03,1.038421599169262778e-02,1.765316718587746705e-02,3.322949117341640612e-02,7.165109034267912180e-02,5.379023883696780750e-01
