4.444444444444444198e-01,0.000000000000000000e+00,0.000000000000000000e+00,0.000000000000000000e+00,5.555555555555555247e-02,1.111111111111111049e-01,5.555555555555555247e-02,0.000000000000000000e+00,5.555555555555555247e-02,0.000000000000000000e+00,1.111111111111111049e-01,1.111111111111111049e-01,0.000000000000000000e+00,5.555555555555555247e-02,0.000000000000000000e+00,0.000000000000000000e+00,0.000000000000000000e+00,0.000000000000000000e+00,0.000000000000000000e+00,0.000000000000000000e+00,0.000000000000000000e+00,0.000000000000000000e+00
0.000000000000000000e+00,0.000000000000000000e+00,0.000000000000000000e+00,0.000000000000000000e+00,0.000000000000000000e+00,0.000000000000000000e+00,0.000000000000000000e+00,0.000000000000000000e+00,5.000000000000000000e-01,0.000000000000000000e+00,5.000000000000000000e-01,0.000000000000000000e+00,0.000000000000000000e+00,0.000000000000000000e+00,0.000000000000000000e+00,0.000000000000000000e+00,0.000000000000000000e+00,0.000000000000000000e+00,0.000000000000000000e+00,0.000000000000000000e+00,0.000000000000000000e+00,0.000000000000000000e+00
0.000000000000000000e+00,0.000000000000000000e+00,2.500000000000000000e-01,2.500000000000000000e-01,0.000000000000000000e+00,1.250000000000000000e-01,1.250000000000000000e-01,0.000000000000000000e+00,0.000000000000000000e+00,1.250000000000000000e-01,0.000000000000000000e+00,0.000000000000000000e+00,0.000000000000000000e+00,1.250000000000000000e-01,0.000000000000000000e+00,0.000000000000000000e+00,0.000000000000000000e+00,0.000000000000000000e+00,0.000000000000000000e+00,0.000000000000000000e+00,0.000000000000000000e+00,0.000000000000000000e+00
0.000000000000000000e+00,0.000000000000000000e+00,3.846153846153846367e-02,8.076923076923077094e-01,5.769230769230769551e-02,1.923076923076923184e-02,1.923076923076923184e-02,0.000000000000000000e+00,1.923076923076923184e-02,0.000000000000000000e+00,1.923076923076923184e-02,1.923076923076923184e-02,0.000000000000000000e+00,0.000000000000000000e+00,0.000000000000000000e+00,0.000000000000000000e+00,0.000000000000000000e+00,0.000000000000000000e+00,0.000000000000000000e+00,0.000000000000000000e+00,0.000000000000000000e+00,0.000000000000000000e+00
0.000000000000000000e+00,0.000000000000000000e+00,0.000000000000000000e+00,7.407407407407406996e-02,5.185185185185184897e-01,2.222222222222222099e-01,0.000000000000000000e+00,1.111111111111111049e-01,0.000000000000000000e+00,3.703703703703703498e-02,3.703703703703703498e-02,0.000000000000000000e+00,0.000000000000000000e+00,0.000000000000000000e+00,0.000000000000000000e+00,0.000000000000000000e+00,0.000000000000000000e+00,0.000000000000000000e+00,0.000000000000000000e+00,0.000000000000000000e+00,0.000000000000000000e+00,0.000000000000000000e+00
0.000000000000000000e+00,0.000000000000000000e+00,1.724137931034482735e-02,8.620689655172413673e-03,3.448275862068965469e-02,6.379310344827586743e-01,6.034482758620689918e-02,1.724137931034482735e-02,8.620689655172414367e-02,2.586206896551724102e-02,1.034482758620689641e-01,8.620689655172413673e-03,0.000000000000000000e+00,0.000000000000000000e+00,0.000000000000000000e+00,0.000000000000000000e+00,0.000000000000000000e+00,0.000000000000000000e+00,0.000000000000000000e+00,0.000000000000000000e+00,0.000000000000000000e+00,0.000000000000000000e+00
0.000000000000000000e+00,0.000000000000000000e+00,1.257861635220125854e-02,6.289308176100629269e-03,6.289308176100629269e-03,2.515723270440251708e-02,6.289308176100628645e-01,5.031446540880503415e-02,3.773584905660377214e-02,1.006289308176100683e-01,5.660377358490566169e-02,7.547169811320754429e-02,0.000000000000000000e+00,0.000000000000000000e+00,0.000000000000000000e+00,0.000000000000000000e+00,0.000000000000000000e+00,0.000000000000000000e+00,0.000000000000000000e+00,0.000000000000000000e+00,0.000000000000000000e+00,0.000000000000000000e+00
1.079136690647482071e-02,3.597122302158273568e-03,3.597122302158273568e-03,7.194244604316547137e-03,0.000000000000000000e+00,3.597122302158273568e-03,1.798561151079136611e-02,5.791366906474819665e-01,1.366906474820143991e-01,1.043165467625899318e-01,6.474820143884892076e-02,3.237410071942446038e-02,2.158273381294964141e-02,1.438848920863309427e-02,0.000000000000000000e+00,0.000000000000000000e+00,0.000000000000000000e+00,0.000000000000000000e+00,0.000000000000000000e+00,0.000000000000000000e+00,0.000000000000000000e+00,0.000000000000000000e+00
3.361344537815126252e-03,0.000000000000000000e+00,1.680672268907563126e-03,0.000000000000000000e+00,0.000000000000000000e+00,1.512605042016806726e-02,8.403361344537814762e-03,4.369747899159663607e-02,6.655462184873949250e-01,1.109243697478991542e-01,8.235294117647058709e-02,3.697478991596638703e-02,2.857142857142857054e-02,3.361344537815126252e-03,0.000000000000000000e+00,0.000000000000000000e+00,0.000000000000000000e+00,0.000000000000000000e+00,0.000000000000000000e+00,0.000000000000000000e+00,0.000000000000000000e+00,0.000000000000000000e+00
0.000000000000000000e+00,0.000000000000000000e+00,0.000000000000000000e+00,2.369668246445497811e-03,2.369668246445497811e-03,4.739336492890995622e-03,2.132701421800948030e-02,2.962085308056872091e-02,5.450236966824644619e-02,6.125592417061611616e-01,1.848341232227488085e-01,5.687203791469194053e-02,1.895734597156398249e-02,8.293838862559242339e-03,2.369668246445497811e-03,1.184834123222748906e-03,0.000000000000000000e+00,0.000000000000000000e+00,0.000000000000000000e+00,0.000000000000000000e+00,0.000000000000000000e+00,0.000000000000000000e+00
2.626050420168067438e-03,0.000000000000000000e+00,0.000000000000000000e+00,5.252100840336134226e-04,3.151260504201680752e-03,6.302521008403361505e-03,7.352941176470588133e-03,1.628151260504201794e-02,2.468487394957983097e-02,7.142857142857142461e-02,6.974789915966386200e-01,1.418067226890756261e-01,1.838235294117647120e-02,4.726890756302520695e-03,2.100840336134453690e-03,1.575630252100840376e-03,5.252100840336134226e-04,5.252100840336134226e-04,5.252100840336134226e-04,0.000000000000000000e+00,0.000000000000000000e+00,0.000000000000000000e+00
2.728512960436562090e-03,1.819008640291041321e-03,1.364256480218281045e-03,2.273760800363801814e-03,1.364256480218281045e-03,2.728512960436562090e-03,6.366530241018644731e-03,1.364256480218281088e-02,2.364711232378353956e-02,2.955889040472942098e-02,9.959072305593451302e-02,7.166894042746703164e-01,7.594361073215097346e-02,1.182355616189176978e-02,6.821282401091405441e-03,9.095043201455206604e-04,4.547521600727603302e-04,0.000000000000000000e+00,4.547521600727603302e-04,0.000000000000000000e+00,0.000000000000000000e+00,1.819008640291041321e-03
2.036659877800407140e-03,1.018329938900203570e-03,0.000000000000000000e+00,1.018329938900203570e-03,3.054989816700610927e-03,6.109979633401221855e-03,4.073319755600814281e-03,9.164969450101832782e-03,2.036659877800407401e-02,2.240325865580447898e-02,5.702647657841140860e-02,1.374745417515274848e-01,6.496945010183299285e-01,6.109979633401221855e-02,1.221995926680244371e-02,5.091649694501018501e-03,4.073319755600814281e-03,2.036659877800407140e-03,0.000000000000000000e+00,0.000000000000000000e+00,0.000000000000000000e+00,2.036659877800407140e-03
5.128205128205128201e-03,0.000000000000000000e+00,5.128205128205128201e-03,2.564102564102564100e-03,0.000000000000000000e+00,2.564102564102564100e-03,0.000000000000000000e+00,1.282051282051282007e-02,1.025641025641025640e-02,2.820512820512820554e-02,3.589743589743589480e-02,6.153846153846154188e-02,1.358974358974358865e-01,6.051282051282050878e-01,5.641025641025641107e-02,1.538461538461538547e-02,1.025641025641025640e-02,0.000000000000000000e+00,7.692307692307692735e-03,0.000000000000000000e+00,0.000000000000000000e+00,5.128205128205128201e-03
1.666666666666666644e-02,0.000000000000000000e+00,0.000000000000000000e+00,0.000000000000000000e+00,0.000000000000000000e+00,5.555555555555555768e-03,1.111111111111111154e-02,1.111111111111111154e-02,0.000000000000000000e+00,2.222222222222222307e-02,2.222222222222222307e-02,5.555555555555555247e-02,6.666666666666666574e-02,1.000000000000000056e-01,5.833333333333333703e-01,5.555555555555555247e-02,1.666666666666666644e-02,1.111111111111111154e-02,1.111111111111111154e-02,0.000000000000000000e+00,0.000000000000000000e+00,1.111111111111111154e-02
0.000000000000000000e+00,1.052631578947368397e-02,0.000000000000000000e+00,1.052631578947368397e-02,1.052631578947368397e-02,2.105263157894736795e-02,0.000000000000000000e+00,2.105263157894736795e-02,1.052631578947368397e-02,0.000000000000000000e+00,3.157894736842105365e-02,5.263157894736841813e-02,9.473684210526316096e-02,4.210526315789473589e-02,7.368421052631578261e-02,5.368421052631578982e-01,2.105263157894736795e-02,1.052631578947368397e-02,1.052631578947368397e-02,0.000000000000000000e+00,3.157894736842105365e-02,1.052631578947368397e-02
0.000000000000000000e+00,0.000000000000000000e+00,0.000000000000000000e+00,0.000000000000000000e+00,0.000000000000000000e+00,0.000000000000000000e+00,0.000000000000000000e+00,1.851851851851851749e-02,0.000000000000000000e+00,0.000000000000000000e+00,1.851851851851851749e-02,3.703703703703703498e-02,9.259259259259258745e-02,1.851851851851851749e-02,3.703703703703703498e-02,7.407407407407406996e-02,5.370370370370370905e-01,3.703703703703703498e-02,7.407407407407406996e-02,0.000000000000000000e+00,1.851851851851851749e-02,3.703703703703703498e-02
0.000000000000000000e+00,0.000000000000000000e+00,0.000000000000000000e+00,0.000000000000000000e+00,0.000000000000000000e+00,0.000000000000000000e+00,3.333333333333333287e-02,0.000000000000000000e+00,3.333333333333333287e-02,0.000000000000000000e+00,0.000000000000000000e+00,0.000000000000000000e+00,1.666666666666666574e-01,6.666666666666666574e-02,6.666666666666666574e-02,0.000000000000000000e+00,6.666666666666666574e-02,3.333333333333333148e-01,3.333333333333333287e-02,3.333333333333333287e-02,3.333333333333333287e-02,1.333333333333333315e-01
0.000000000000000000e+00,0.000000000000000000e+00,0.000000000000000000e+00,0.000000000000000000e+00,0.000000000000000000e+00,0.000000000000000000e+00,0.000000000000000000e+00,0.000000000000000000e+00,0.000000000000000000e+00,0.000000000000000000e+00,5.000000000000000278e-02,5.000000000000000278e-02,1.000000000000000056e-01,0.000000000000000000e+00,0.000000000000000000e+00,1.000000000000000056e-01,1.000000000000000056e-01,1.000000000000000056e-01,2.000000000000000111e-01,1.000000000000000056e-01,0.000000000000000000e+00,2.000000000000000111e-01
0.000000000000000000e+00,0.000000000000000000e+00,0.000000000000000000e+00,0.000000000000000000e+00,0.000000000000000000e+00,0.000000000000000000e+00,0.000000000000000000e+00,0.000000000000000000e+00,0.000000000000000000e+00,0.000000000000000000e+00,0.000000000000000000e+00,0.000000000000000000e+00,0.000000000000000000e+00,1.111111111111111049e-01,1.111111111111111049e-01,0.000000000000000000e+00,1.111111111111111049e-01,1.111111111111111049e-01,0.000000000000000000e+00,3.333333333333333148e-01,0.000000000000000000e+00,2.222222222222222099e-01
0.000000000000000000e+00,8.333333333333332871e-02,0.000000000000000000e+00,0.000000000000000000e+00,0.000000000000000000e+00,0.000000000000000000e+00,0.000000000000000000e+00,0.000000000000000000e+00,0.000000000000000000e+00,1.666666666666666574e-01,0.000000000000000000e+00,0.000000000000000000e+00,0.000000000000000000e+00,0.000000000000000000e+00,0.000000000000000000e+00,8.333333333333332871e-02,0.000000000000000000e+00,0.000000000000000000e+00,0.000000000000000000e+00,8.333333333333332871e-02,4.166666666666666852e-01,1.666666666666666574e-01
7.142857142857142461e-02,1.785714285714285615e-02,0.000000000000000000e+00,0.000000000000000000e+00,1.785714285714285615e-02,1.785714285714285615e-02,3.571428571428571230e-02,0.000000000000000000e+00,3.571428571428571230e-02,1.785714285714285615e-02,1.785714285714285615e-02,3.571428571428571230e-02,1.785714285714285615e-02,1.785714285714285615e-02,1.785714285714285615e-02,3.571428571428571230e-02,5.357142857142856845e-02,7.142857142857142461e-02,1.785714285714285615e-02,0.000000000000000000e+00,1.785714285714285615e-02,4.821428571428571508e-01
