6.613003095975231727e-01,1.486068111455108309e-01,1.857585139318885387e-02,6.191950464396285200e-03,1.857585139318885343e-03,1.238390092879257040e-03,0.000000000000000000e+00,0.000000000000000000e+00,6.191950464396285200e-04,0.000000000000000000e+00,1.857585139318885343e-03,0.000000000000000000e+00,6.191950464396285200e-04,0.000000000000000000e+00,6.191950464396285200e-04,1.238390092879257040e-03,1.238390092879257040e-03,4.953560371517028160e-03,1.547987616099071213e-02,2.848297213622291019e-02,1.071207430340557210e-01
1.390024529844644252e-01,6.328699918233851029e-01,1.103843008994276342e-01,2.125919869174161883e-02,6.541291905151267599e-03,1.635322976287816900e-03,0.000000000000000000e+00,8.176614881439084499e-04,0.000000000000000000e+00,8.176614881439084499e-04,6.541291905151267599e-03,8.176614881439084499e-04,1.635322976287816900e-03,1.635322976287816900e-03,8.176614881439084499e-04,0.000000000000000000e+00,8.176614881439084499e-04,4.905968928863450700e-03,1.144726083401471743e-02,1.390024529844644322e-02,4.415372035977105369e-02
7.561728395061728669e-02,1.419753086419753008e-01,5.679012345679012030e-01,8.641975308641974829e-02,2.623456790123456644e-02,9.259259259259258745e-03,4.629629629629629373e-03,6.172839506172839164e-03,0.000000000000000000e+00,1.543209876543209791e-03,2.314814814814814686e-02,1.543209876543209791e-03,0.000000000000000000e+00,1.543209876543209791e-03,1.543209876543209791e-03,0.000000000000000000e+00,1.543209876543209791e-03,4.629629629629629373e-03,4.629629629629629373e-03,2.160493827160493707e-02,2.006172839506172728e-02
4.132231404958677801e-02,7.162534435261708188e-02,9.917355371900826722e-02,5.674931129476583624e-01,8.815426997245179308e-02,1.928374655647382974e-02,1.377410468319559267e-02,8.264462809917355601e-03,5.509641873278237068e-03,2.754820936639118534e-03,1.377410468319559267e-02,0.000000000000000000e+00,0.000000000000000000e+00,0.000000000000000000e+00,0.000000000000000000e+00,0.000000000000000000e+00,5.509641873278237068e-03,1.377410468319559267e-02,8.264462809917355601e-03,1.377410468319559267e-02,2.754820936639118534e-02
3.910614525139664843e-02,2.793296089385474690e-02,9.497206703910614223e-02,1.508379888268156499e-01,4.748603351955307250e-01,5.586592178770949380e-02,2.234636871508379960e-02,1.675977653631284883e-02,1.117318435754189980e-02,5.586592178770949900e-03,3.910614525139664843e-02,1.117318435754189980e-02,0.000000000000000000e+00,5.586592178770949900e-03,0.000000000000000000e+00,0.000000000000000000e+00,0.000000000000000000e+00,5.586592178770949900e-03,1.117318435754189980e-02,1.117318435754189980e-02,1.675977653631284883e-02
3.947368421052631360e-02,3.947368421052631360e-02,6.578947368421052266e-02,5.263157894736841813e-02,1.447368421052631637e-01,3.421052631578947456e-01,1.052631578947368363e-01,7.894736842105262720e-02,3.947368421052631360e-02,0.000000000000000000e+00,3.947368421052631360e-02,1.315789473684210453e-02,0.000000000000000000e+00,0.000000000000000000e+00,0.000000000000000000e+00,0.000000000000000000e+00,0.000000000000000000e+00,0.000000000000000000e+00,0.000000000000000000e+00,2.631578947368420907e-02,1.315789473684210453e-02
1.587301587301587213e-02,1.587301587301587213e-02,7.936507936507936067e-02,1.428571428571428492e-01,1.587301587301587213e-02,1.269841269841269771e-01,3.650793650793650591e-01,3.174603174603174427e-02,3.174603174603174427e-02,3.174603174603174427e-02,9.523809523809523281e-02,0.000000000000000000e+00,0.000000000000000000e+00,0.000000000000000000e+00,0.000000000000000000e+00,0.000000000000000000e+00,0.000000000000000000e+00,1.587301587301587213e-02,0.000000000000000000e+00,1.587301587301587213e-02,1.587301587301587213e-02
1.515151515151515194e-01,3.030303030303030387e-02,9.090909090909091161e-02,6.060606060606060774e-02,3.030303030303030387e-02,9.090909090909091161e-02,6.060606060606060774e-02,2.121212121212121271e-01,1.212121212121212155e-01,0.000000000000000000e+00,9.090909090909091161e-02,3.030303030303030387e-02,0.000000000000000000e+00,0.000000000000000000e+00,0.000000000000000000e+00,0.000000000000000000e+00,0.000000000000000000e+00,0.000000000000000000e+00,0.000000000000000000e+00,0.000000000000000000e+00,3.030303030303030387e-02
1.052631578947368363e-01,2.631578947368420907e-02,2.631578947368420907e-02,0.000000000000000000e+00,7.894736842105262720e-02,5.263157894736841813e-02,2.631578947368420907e-02,0.000000000000000000e+00,4.210526315789473450e-01,0.000000000000000000e+00,2.105263157894736725e-01,0.000000000000000000e+00,0.000000000000000000e+00,0.000000000000000000e+00,0.000000000000000000e+00,0.000000000000000000e+00,0.000000000000000000e+00,0.000000000000000000e+00,0.000000000000000000e+00,2.631578947368420907e-02,2.631578947368420907e-02
9.090909090909091161e-02,9.090909090909091161e-02,4.545454545454545581e-02,0.000000000000000000e+00,0.000000000000000000e+00,9.090909090909091161e-02,9.090909090909091161e-02,0.000000000000000000e+00,4.545454545454545581e-02,2.727272727272727071e-01,1.818181818181818232e-01,4.545454545454545581e-02,0.000000000000000000e+00,0.000000000000000000e+00,0.000000000000000000e+00,0.000000000000000000e+00,0.000000000000000000e+00,0.000000000000000000e+00,4.545454545454545581e-02,0.000000000000000000e+00,0.000000000000000000e+00
1.990049751243781057e-02,3.980099502487562113e-02,5.472636815920398079e-02,3.980099502487562113e-02,3.980099502487562113e-02,2.487562189054726494e-02,5.970149253731343170e-02,2.487562189054726494e-02,3.980099502487562113e-02,3.482587064676617022e-02,5.223880597014924909e-01,4.975124378109452641e-03,0.000000000000000000e+00,4.975124378109452641e-03,0.000000000000000000e+00,4.975124378109452641e-03,4.975124378109452641e-03,9.950248756218905283e-03,1.492537313432835792e-02,2.985074626865671585e-02,2.487562189054726494e-02
0.000000000000000000e+00,0.000000000000000000e+00,0.000000000000000000e+00,0.000000000000000000e+00,1.851851851851851749e-02,0.000000000000000000e+00,0.000000000000000000e+00,0.000000000000000000e+00,0.000000000000000000e+00,0.000000000000000000e+00,0.000000000000000000e+00,5.925925925925925597e-01,1.851851851851851749e-01,3.703703703703703498e-02,5.555555555555555247e-02,5.555555555555555247e-02,3.703703703703703498e-02,0.000000000000000000e+00,1.851851851851851749e-02,0.000000000000000000e+00,0.000000000000000000e+00
2.500000000000000139e-02,0.000000000000000000e+00,0.000000000000000000e+00,0.000000000000000000e+00,0.000000000000000000e+00,0.000000000000000000e+00,0.000000000000000000e+00,0.000000000000000000e+00,0.000000000000000000e+00,0.000000000000000000e+00,0.000000000000000000e+00,5.000000000000000278e-02,4.500000000000000111e-01,1.250000000000000000e-01,1.250000000000000000e-01,2.500000000000000139e-02,2.500000000000000139e-02,0.000000000000000000e+00,7.499999999999999722e-02,7.499999999999999722e-02,2.500000000000000139e-02
0.000000000000000000e+00,1.886792452830188607e-02,0.000000000000000000e+00,0.000000000000000000e+00,0.000000000000000000e+00,0.000000000000000000e+00,0.000000000000000000e+00,0.000000000000000000e+00,0.000000000000000000e+00,0.000000000000000000e+00,1.886792452830188607e-02,1.886792452830188607e-02,0.000000000000000000e+00,5.283018867924528239e-01,2.075471698113207641e-01,5.660377358490566169e-02,7.547169811320754429e-02,5.660377358490566169e-02,0.000000000000000000e+00,1.886792452830188607e-02,0.000000000000000000e+00
0.000000000000000000e+00,1.379310344827586188e-02,0.000000000000000000e+00,0.000000000000000000e+00,0.000000000000000000e+00,0.000000000000000000e+00,0.000000000000000000e+00,0.000000000000000000e+00,0.000000000000000000e+00,0.000000000000000000e+00,6.896551724137930939e-03,0.000000000000000000e+00,1.379310344827586188e-02,2.068965517241379282e-02,7.655172413793103203e-01,6.896551724137930939e-02,4.137931034482758563e-02,3.448275862068965469e-02,2.758620689655172376e-02,6.896551724137930939e-03,0.000000000000000000e+00
2.325581395348837177e-02,2.325581395348837177e-02,0.000000000000000000e+00,0.000000000000000000e+00,0.000000000000000000e+00,0.000000000000000000e+00,0.000000000000000000e+00,0.000000000000000000e+00,0.000000000000000000e+00,0.000000000000000000e+00,7.751937984496123923e-03,2.325581395348837177e-02,1.550387596899224785e-02,3.875968992248061962e-02,4.651162790697674354e-02,5.271317829457364823e-01,1.550387596899224785e-01,3.100775193798449569e-02,4.651162790697674354e-02,5.426356589147286746e-02,7.751937984496123923e-03
1.005025125628140718e-02,5.025125628140703592e-03,5.025125628140703592e-03,0.000000000000000000e+00,0.000000000000000000e+00,0.000000000000000000e+00,0.000000000000000000e+00,0.000000000000000000e+00,0.000000000000000000e+00,0.000000000000000000e+00,5.025125628140703592e-03,5.025125628140703592e-03,5.025125628140703592e-03,5.025125628140703592e-03,2.010050251256281437e-02,6.532663316582915103e-02,6.180904522613065444e-01,1.457286432160803946e-01,5.527638190954774211e-02,3.015075376884421982e-02,2.512562814070351883e-02
2.083333333333333218e-02,3.472222222222222029e-03,0.000000000000000000e+00,3.472222222222222029e-03,0.000000000000000000e+00,0.000000000000000000e+00,3.472222222222222029e-03,0.000000000000000000e+00,0.000000000000000000e+00,0.000000000000000000e+00,3.472222222222222029e-03,0.000000000000000000e+00,6.944444444444444059e-03,0.000000000000000000e+00,6.944444444444444059e-03,2.430555555555555594e-02,5.555555555555555247e-02,5.312500000000000000e-01,1.979166666666666574e-01,7.986111111111110494e-02,6.250000000000000000e-02
3.661327231121281472e-02,1.830663615560640736e-02,6.864988558352402327e-03,0.000000000000000000e+00,0.000000000000000000e+00,0.000000000000000000e+00,2.288329519450800920e-03,0.000000000000000000e+00,0.000000000000000000e+00,0.000000000000000000e+00,6.864988558352402327e-03,2.288329519450800920e-03,0.000000000000000000e+00,2.288329519450800920e-03,6.864988558352402327e-03,1.372997711670480465e-02,2.517162471395880882e-02,5.720823798627002604e-02,4.965675057208238097e-01,2.265446224256292829e-01,9.839816933638444174e-02
5.888888888888888645e-02,1.000000000000000021e-02,1.333333333333333419e-02,5.555555555555555768e-03,2.222222222222222220e-03,2.222222222222222220e-03,0.000000000000000000e+00,0.000000000000000000e+00,1.111111111111111110e-03,0.000000000000000000e+00,6.666666666666667095e-03,2.222222222222222220e-03,0.000000000000000000e+00,0.000000000000000000e+00,2.222222222222222220e-03,3.333333333333333547e-03,4.444444444444444441e-03,1.666666666666666644e-02,6.444444444444444309e-02,6.044444444444444509e-01,2.022222222222222199e-01
1.805135951661631377e-01,2.870090634441087654e-02,1.208459214501510573e-02,6.042296072507552865e-03,3.021148036253776432e-03,7.552870090634441081e-04,1.510574018126888216e-03,1.510574018126888216e-03,7.552870090634441081e-04,2.265861027190332541e-03,3.776435045317220757e-03,7.552870090634441081e-04,0.000000000000000000e+00,0.000000000000000000e+00,0.000000000000000000e+00,7.552870090634441081e-04,3.776435045317220757e-03,5.287009063444108974e-03,2.114803625377643589e-02,8.987915407854984995e-02,6.374622356495468489e-01
