5.443262411347518093e-01,7.446808510638297518e-02,3.368794326241134757e-02,8.865248226950355262e-03,1.241134751773049702e-02,0.000000000000000000e+00,0.000000000000000000e+00,3.546099290780141758e-03,5.319148936170212637e-03,3.546099290780141758e-03,2.304964539007092056e-02,1.773049645390070879e-03,1.773049645390070879e-03,1.773049645390070879e-03,0.000000000000000000e+00,3.546099290780141758e-03,7.092198581560283516e-03,1.063829787234042527e-02,2.304964539007092056e-02,5.673758865248226813e-02,1.843971631205673645e-01
1.294642857142857262e-01,5.468750000000000000e-01,1.004464285714285754e-01,2.678571428571428423e-02,2.008928571428571577e-02,6.696428571428571057e-03,4.464285714285714038e-03,4.464285714285714038e-03,1.116071428571428596e-02,6.696428571428571057e-03,2.678571428571428423e-02,0.000000000000000000e+00,0.000000000000000000e+00,0.000000000000000000e+00,0.000000000000000000e+00,2.232142857142857019e-03,2.232142857142857019e-03,4.464285714285714038e-03,1.562500000000000000e-02,3.794642857142856845e-02,5.357142857142856845e-02
9.602649006622517025e-02,1.622516556291390688e-01,4.569536423841059625e-01,6.953642384105959695e-02,1.324503311258278145e-02,2.649006622516556289e-02,0.000000000000000000e+00,1.986754966887417304e-02,9.933774834437086518e-03,6.622516556291390723e-03,3.642384105960264767e-02,0.000000000000000000e+00,0.000000000000000000e+00,3.311258278145695361e-03,0.000000000000000000e+00,0.000000000000000000e+00,3.311258278145695361e-03,9.933774834437086518e-03,9.933774834437086518e-03,2.317880794701986796e-02,5.298013245033112578e-02
3.468208092485548788e-02,1.098265895953757232e-01,1.213872832369942145e-01,4.682080924855491211e-01,4.624277456647398615e-02,1.156069364161849654e-02,1.734104046242774394e-02,1.156069364161849654e-02,0.000000000000000000e+00,1.734104046242774394e-02,6.358381502890173009e-02,0.000000000000000000e+00,0.000000000000000000e+00,0.000000000000000000e+00,0.000000000000000000e+00,0.000000000000000000e+00,5.780346820809248269e-03,5.780346820809248269e-03,1.156069364161849654e-02,3.468208092485548788e-02,4.046242774566474049e-02
1.818181818181818094e-02,1.090909090909090856e-01,1.090909090909090856e-01,8.181818181818181768e-02,2.818181818181818010e-01,7.272727272727272374e-02,1.818181818181818094e-02,2.727272727272727140e-02,9.090909090909090468e-03,0.000000000000000000e+00,1.181818181818181795e-01,0.000000000000000000e+00,0.000000000000000000e+00,9.090909090909090468e-03,0.000000000000000000e+00,0.000000000000000000e+00,0.000000000000000000e+00,3.636363636363636187e-02,0.000000000000000000e+00,1.818181818181818094e-02,9.090909090909091161e-02
5.063291139240506250e-02,5.063291139240506250e-02,6.329113924050633333e-02,6.329113924050633333e-02,1.139240506329113889e-01,3.291139240506328889e-01,5.063291139240506250e-02,6.329113924050633333e-02,1.265822784810126563e-02,3.797468354430379861e-02,1.012658227848101250e-01,0.000000000000000000e+00,1.265822784810126563e-02,0.000000000000000000e+00,1.265822784810126563e-02,0.000000000000000000e+00,0.000000000000000000e+00,0.000000000000000000e+00,0.000000000000000000e+00,1.265822784810126563e-02,2.531645569620253125e-02
3.571428571428571230e-02,1.785714285714285615e-02,7.142857142857142461e-02,1.250000000000000000e-01,5.357142857142856845e-02,8.928571428571428770e-02,3.214285714285714524e-01,1.785714285714285615e-02,1.785714285714285615e-02,3.571428571428571230e-02,1.071428571428571369e-01,0.000000000000000000e+00,0.000000000000000000e+00,0.000000000000000000e+00,0.000000000000000000e+00,0.000000000000000000e+00,0.000000000000000000e+00,0.000000000000000000e+00,0.000000000000000000e+00,3.571428571428571230e-02,7.142857142857142461e-02
2.666666666666666838e-02,8.000000000000000167e-02,1.199999999999999956e-01,2.666666666666666838e-02,0.000000000000000000e+00,4.000000000000000083e-02,8.000000000000000167e-02,3.200000000000000067e-01,6.666666666666666574e-02,4.000000000000000083e-02,1.600000000000000033e-01,0.000000000000000000e+00,1.333333333333333419e-02,0.000000000000000000e+00,0.000000000000000000e+00,0.000000000000000000e+00,0.000000000000000000e+00,0.000000000000000000e+00,0.000000000000000000e+00,0.000000000000000000e+00,2.666666666666666838e-02
4.054054054054054279e-02,2.702702702702702853e-02,4.054054054054054279e-02,4.054054054054054279e-02,5.405405405405405705e-02,4.054054054054054279e-02,4.054054054054054279e-02,6.756756756756757132e-02,3.378378378378378288e-01,2.702702702702702853e-02,2.432432432432432567e-01,0.000000000000000000e+00,0.000000000000000000e+00,0.000000000000000000e+00,0.000000000000000000e+00,0.000000000000000000e+00,0.000000000000000000e+00,0.000000000000000000e+00,0.000000000000000000e+00,2.702702702702702853e-02,1.351351351351351426e-02
3.076923076923077094e-02,1.538461538461538547e-02,3.076923076923077094e-02,6.153846153846154188e-02,6.153846153846154188e-02,1.538461538461538547e-02,4.615384615384615641e-02,3.076923076923077094e-02,7.692307692307692735e-02,4.000000000000000222e-01,1.384615384615384692e-01,0.000000000000000000e+00,0.000000000000000000e+00,0.000000000000000000e+00,0.000000000000000000e+00,0.000000000000000000e+00,0.000000000000000000e+00,1.538461538461538547e-02,3.076923076923077094e-02,0.000000000000000000e+00,4.615384615384615641e-02
2.793296089385474690e-02,1.675977653631284883e-02,3.724394785847300049e-02,3.165735567970204972e-02,2.048417132216014819e-02,1.303538175046554948e-02,2.234636871508379960e-02,3.351955307262569767e-02,2.979515828677839831e-02,2.420856610800744754e-02,6.554934823091247420e-01,1.862197392923649894e-03,1.862197392923649894e-03,0.000000000000000000e+00,1.862197392923649894e-03,5.586592178770949900e-03,9.310986964618250122e-03,9.310986964618250122e-03,5.586592178770949900e-03,3.351955307262569767e-02,1.862197392923650024e-02
0.000000000000000000e+00,0.000000000000000000e+00,0.000000000000000000e+00,3.257328990228013175e-03,0.000000000000000000e+00,0.000000000000000000e+00,0.000000000000000000e+00,0.000000000000000000e+00,0.000000000000000000e+00,0.000000000000000000e+00,6.514657980456026350e-03,9.250814332247556671e-01,2.931596091205211640e-02,1.628664495114006544e-02,3.257328990228013175e-03,3.257328990228013175e-03,6.514657980456026350e-03,0.000000000000000000e+00,3.257328990228013175e-03,0.000000000000000000e+00,3.257328990228013175e-03
8.403361344537814762e-03,0.000000000000000000e+00,0.000000000000000000e+00,0.000000000000000000e+00,0.000000000000000000e+00,8.403361344537814762e-03,0.000000000000000000e+00,0.000000000000000000e+00,0.000000000000000000e+00,0.000000000000000000e+00,2.521008403361344602e-02,9.243697478991597105e-02,6.302521008403361158e-01,1.092436974789915971e-01,6.722689075630251809e-02,2.521008403361344602e-02,0.000000000000000000e+00,8.403361344537814762e-03,0.000000000000000000e+00,8.403361344537814762e-03,1.680672268907562952e-02
0.000000000000000000e+00,0.000000000000000000e+00,0.000000000000000000e+00,0.000000000000000000e+00,0.000000000000000000e+00,0.000000000000000000e+00,0.000000000000000000e+00,0.000000000000000000e+00,0.000000000000000000e+00,0.000000000000000000e+00,1.986754966887417304e-02,3.311258278145695622e-02,1.192052980132450313e-01,7.019867549668874496e-01,4.635761589403973593e-02,2.649006622516556289e-02,1.986754966887417304e-02,0.000000000000000000e+00,2.649006622516556289e-02,0.000000000000000000e+00,6.622516556291390723e-03
7.407407407407407690e-03,0.000000000000000000e+00,1.481481481481481538e-02,0.000000000000000000e+00,0.000000000000000000e+00,0.000000000000000000e+00,7.407407407407407690e-03,0.000000000000000000e+00,7.407407407407407690e-03,0.000000000000000000e+00,1.481481481481481538e-02,2.222222222222222307e-02,1.481481481481481538e-02,9.629629629629629650e-02,5.555555555555555802e-01,1.407407407407407496e-01,8.148148148148148806e-02,1.481481481481481538e-02,1.481481481481481538e-02,0.000000000000000000e+00,7.407407407407407690e-03
3.322259136212624663e-03,6.644518272425249325e-03,6.644518272425249325e-03,6.644518272425249325e-03,3.322259136212624663e-03,0.000000000000000000e+00,0.000000000000000000e+00,0.000000000000000000e+00,0.000000000000000000e+00,3.322259136212624663e-03,1.328903654485049865e-02,6.644518272425249325e-03,9.966777408637873120e-03,6.644518272425249325e-03,7.973421926910298496e-02,6.777408637873754138e-01,9.966777408637873814e-02,3.654485049833887389e-02,1.993355481727574624e-02,6.644518272425249325e-03,1.328903654485049865e-02
1.226993865030674875e-02,2.044989775051124937e-03,8.179959100204499747e-03,4.089979550102249874e-03,0.000000000000000000e+00,4.089979550102249874e-03,2.044989775051124937e-03,0.000000000000000000e+00,2.044989775051124937e-03,0.000000000000000000e+00,1.226993865030674875e-02,4.089979550102249874e-03,4.089979550102249874e-03,2.044989775051124937e-03,1.431492842535787326e-02,8.179959100204499400e-02,6.748466257668711554e-01,1.288343558282208645e-01,1.635991820040899949e-02,1.022494887525562425e-02,1.635991820040899949e-02
1.007194244604316460e-02,8.633093525179855870e-03,2.877697841726618768e-03,0.000000000000000000e+00,0.000000000000000000e+00,1.438848920863309384e-03,0.000000000000000000e+00,2.877697841726618768e-03,1.438848920863309384e-03,1.438848920863309384e-03,4.316546762589927935e-03,2.877697841726618768e-03,1.438848920863309384e-03,2.877697841726618768e-03,2.877697841726618768e-03,1.294964028776978381e-02,9.496402877697841804e-02,6.633093525179856176e-01,1.266187050359712241e-01,4.748201438848920902e-02,1.151079136690647507e-02
8.919722497522299121e-03,8.919722497522299121e-03,2.973240832507433040e-03,4.955401387512388400e-03,9.910802775024776801e-04,9.910802775024776801e-04,0.000000000000000000e+00,0.000000000000000000e+00,1.982160555004955360e-03,1.982160555004955360e-03,8.919722497522299121e-03,0.000000000000000000e+00,0.000000000000000000e+00,9.910802775024776801e-04,1.982160555004955360e-03,3.964321110009910720e-03,1.288404360753220984e-02,9.018830525272547582e-02,6.957383548067394008e-01,1.298315163528245830e-01,2.378592666005946432e-02
2.024922118380062183e-02,1.012461059190031092e-02,7.788161993769470402e-03,3.894080996884735201e-03,1.557632398753894037e-03,1.557632398753894037e-03,7.788161993769470185e-04,7.788161993769470185e-04,0.000000000000000000e+00,0.000000000000000000e+00,1.947040498442367470e-02,1.557632398753894037e-03,0.000000000000000000e+00,7.788161993769470185e-04,7.788161993769470185e-04,1.557632398753894037e-03,7.788161993769470402e-03,2.180685358255451609e-02,1.012461059190031126e-01,6.970404984423675954e-01,1.012461059190031126e-01
7.568590350047303683e-02,2.554399243140964906e-02,1.608325449385052119e-02,6.622516556291390723e-03,8.514664143803217511e-03,5.676442762535477762e-03,9.460737937559129604e-04,9.460737937559129604e-04,9.460737937559129604e-04,1.892147587511825921e-03,1.324503311258278145e-02,0.000000000000000000e+00,9.460737937559129604e-04,0.000000000000000000e+00,0.000000000000000000e+00,9.460737937559129604e-04,4.730368968779564802e-03,9.460737937559129604e-03,2.175969725638599722e-02,1.352885525070955663e-01,6.707663197729423210e-01
