7.392807745504841321e-01,7.607192254495158401e-02,1.728907330567081707e-02,5.532503457814661428e-03,4.149377593360995854e-03,2.766251728907330714e-03,6.915629322268326785e-04,6.915629322268326785e-04,0.000000000000000000e+00,1.383125864453665357e-03,6.224066390041493348e-03,0.000000000000000000e+00,6.915629322268326785e-04,6.915629322268326785e-04,1.383125864453665357e-03,6.915629322268326785e-04,3.457814661134163067e-03,3.457814661134163067e-03,8.990318118948823628e-03,1.313969571230982035e-02,1.134163208852005528e-01
1.797004991680532515e-01,5.673876871880200179e-01,1.064891846921797031e-01,2.163061564059900327e-02,1.663893510815307730e-02,6.655574043261231441e-03,4.991680532445923364e-03,4.991680532445923364e-03,1.663893510815307860e-03,1.663893510815307860e-03,8.319467554076538651e-03,1.663893510815307860e-03,0.000000000000000000e+00,0.000000000000000000e+00,0.000000000000000000e+00,1.663893510815307860e-03,1.663893510815307860e-03,0.000000000000000000e+00,6.655574043261231441e-03,1.663893510815307730e-02,5.158069883527454519e-02
4.621848739495798553e-02,1.491596638655462159e-01,6.197478991596638842e-01,7.563025210084033112e-02,1.890756302521008278e-02,4.201680672268907381e-03,4.201680672268907381e-03,1.050420168067226975e-02,2.100840336134453690e-03,2.100840336134453690e-03,1.680672268907562952e-02,0.000000000000000000e+00,0.000000000000000000e+00,0.000000000000000000e+00,0.000000000000000000e+00,0.000000000000000000e+00,0.000000000000000000e+00,1.050420168067226975e-02,6.302521008403361505e-03,1.050420168067226975e-02,2.310924369747899276e-02
6.639004149377593367e-02,6.639004149377593367e-02,1.950207468879668060e-01,5.228215767634855071e-01,6.224066390041493868e-02,1.244813278008298670e-02,4.149377593360995854e-03,4.149377593360995854e-03,1.244813278008298670e-02,4.149377593360995854e-03,1.244813278008298670e-02,4.149377593360995854e-03,0.000000000000000000e+00,0.000000000000000000e+00,0.000000000000000000e+00,0.000000000000000000e+00,0.000000000000000000e+00,0.000000000000000000e+00,4.149377593360995854e-03,1.659751037344398342e-02,1.244813278008298670e-02
3.703703703703703498e-02,4.629629629629629373e-02,1.574074074074074125e-01,1.759259259259259300e-01,3.148148148148148251e-01,5.555555555555555247e-02,4.629629629629629373e-02,2.777777777777777624e-02,9.259259259259258745e-03,2.777777777777777624e-02,7.407407407407406996e-02,0.000000000000000000e+00,0.000000000000000000e+00,0.000000000000000000e+00,0.000000000000000000e+00,0.000000000000000000e+00,0.000000000000000000e+00,0.000000000000000000e+00,9.259259259259258745e-03,0.000000000000000000e+00,1.851851851851851749e-02
9.090909090909091161e-02,2.597402597402597574e-02,6.493506493506492894e-02,3.896103896103896014e-02,1.688311688311688319e-01,3.376623376623376638e-01,1.168831168831168804e-01,1.298701298701298787e-02,1.298701298701298787e-02,2.597402597402597574e-02,3.896103896103896014e-02,0.000000000000000000e+00,0.000000000000000000e+00,0.000000000000000000e+00,0.000000000000000000e+00,0.000000000000000000e+00,1.298701298701298787e-02,0.000000000000000000e+00,0.000000000000000000e+00,2.597402597402597574e-02,2.597402597402597574e-02
6.756756756756757132e-02,4.054054054054054279e-02,6.756756756756757132e-02,4.054054054054054279e-02,8.108108108108108558e-02,8.108108108108108558e-02,5.000000000000000000e-01,1.351351351351351426e-02,4.054054054054054279e-02,2.702702702702702853e-02,1.351351351351351426e-02,0.000000000000000000e+00,0.000000000000000000e+00,1.351351351351351426e-02,0.000000000000000000e+00,0.000000000000000000e+00,0.000000000000000000e+00,0.000000000000000000e+00,0.000000000000000000e+00,0.000000000000000000e+00,1.351351351351351426e-02
8.888888888888889228e-02,2.222222222222222307e-02,4.444444444444444614e-02,6.666666666666666574e-02,2.222222222222222307e-02,1.111111111111111049e-01,6.666666666666666574e-02,4.000000000000000222e-01,4.444444444444444614e-02,2.222222222222222307e-02,6.666666666666666574e-02,0.000000000000000000e+00,0.000000000000000000e+00,0.000000000000000000e+00,0.000000000000000000e+00,0.000000000000000000e+00,0.000000000000000000e+00,0.000000000000000000e+00,0.000000000000000000e+00,2.222222222222222307e-02,2.222222222222222307e-02
2.272727272727272790e-02,4.545454545454545581e-02,4.545454545454545581e-02,6.818181818181817677e-02,2.272727272727272790e-02,4.545454545454545581e-02,9.090909090909091161e-02,9.090909090909091161e-02,3.863636363636363535e-01,6.818181818181817677e-02,1.136363636363636326e-01,0.000000000000000000e+00,0.000000000000000000e+00,0.000000000000000000e+00,0.000000000000000000e+00,0.000000000000000000e+00,0.000000000000000000e+00,0.000000000000000000e+00,0.000000000000000000e+00,0.000000000000000000e+00,0.000000000000000000e+00
0.000000000000000000e+00,3.703703703703703498e-02,5.555555555555555247e-02,1.851851851851851749e-02,0.000000000000000000e+00,3.703703703703703498e-02,1.851851851851851749e-02,1.851851851851851749e-02,7.407407407407406996e-02,5.370370370370370905e-01,1.481481481481481399e-01,0.000000000000000000e+00,0.000000000000000000e+00,0.000000000000000000e+00,0.000000000000000000e+00,0.000000000000000000e+00,0.000000000000000000e+00,0.000000000000000000e+00,0.000000000000000000e+00,1.851851851851851749e-02,3.703703703703703498e-02
4.368932038834951598e-02,3.883495145631067624e-02,4.854368932038834877e-02,5.339805825242718157e-02,4.368932038834951598e-02,5.825242718446602130e-02,2.427184466019417439e-02,1.456310679611650533e-02,3.883495145631067624e-02,3.883495145631067624e-02,5.436893203883494952e-01,4.854368932038834530e-03,0.000000000000000000e+00,0.000000000000000000e+00,0.000000000000000000e+00,0.000000000000000000e+00,4.854368932038834530e-03,4.854368932038834530e-03,1.456310679611650533e-02,1.456310679611650533e-02,9.708737864077669061e-03
1.785714285714285615e-02,0.000000000000000000e+00,0.000000000000000000e+00,0.000000000000000000e+00,0.000000000000000000e+00,1.785714285714285615e-02,0.000000000000000000e+00,0.000000000000000000e+00,0.000000000000000000e+00,0.000000000000000000e+00,3.571428571428571230e-02,7.500000000000000000e-01,0.000000000000000000e+00,3.571428571428571230e-02,7.142857142857142461e-02,3.571428571428571230e-02,1.785714285714285615e-02,0.000000000000000000e+00,0.000000000000000000e+00,0.000000000000000000e+00,1.785714285714285615e-02
1.886792452830188607e-02,0.000000000000000000e+00,0.000000000000000000e+00,0.000000000000000000e+00,0.000000000000000000e+00,0.000000000000000000e+00,0.000000000000000000e+00,0.000000000000000000e+00,0.000000000000000000e+00,0.000000000000000000e+00,1.886792452830188607e-02,5.660377358490566169e-02,7.547169811320755262e-01,5.660377358490566169e-02,3.773584905660377214e-02,1.886792452830188607e-02,1.886792452830188607e-02,0.000000000000000000e+00,1.886792452830188607e-02,0.000000000000000000e+00,0.000000000000000000e+00
0.000000000000000000e+00,0.000000000000000000e+00,0.000000000000000000e+00,8.928571428571428076e-03,0.000000000000000000e+00,0.000000000000000000e+00,0.000000000000000000e+00,0.000000000000000000e+00,0.000000000000000000e+00,0.000000000000000000e+00,0.000000000000000000e+00,3.571428571428571230e-02,8.035714285714286309e-02,8.303571428571429047e-01,3.571428571428571230e-02,0.000000000000000000e+00,0.000000000000000000e+00,0.000000000000000000e+00,8.928571428571428076e-03,0.000000000000000000e+00,0.000000000000000000e+00
0.000000000000000000e+00,1.020408163265306041e-02,0.000000000000000000e+00,0.000000000000000000e+00,0.000000000000000000e+00,0.000000000000000000e+00,0.000000000000000000e+00,0.000000000000000000e+00,0.000000000000000000e+00,0.000000000000000000e+00,2.040816326530612082e-02,2.040816326530612082e-02,0.000000000000000000e+00,8.163265306122448328e-02,7.040816326530612290e-01,7.142857142857142461e-02,5.102040816326530726e-02,1.020408163265306041e-02,1.020408163265306041e-02,1.020408163265306041e-02,1.020408163265306041e-02
1.574803149606299191e-02,0.000000000000000000e+00,0.000000000000000000e+00,0.000000000000000000e+00,0.000000000000000000e+00,0.000000000000000000e+00,7.874015748031495954e-03,0.000000000000000000e+00,0.000000000000000000e+00,0.000000000000000000e+00,7.874015748031495954e-03,0.000000000000000000e+00,0.000000000000000000e+00,0.000000000000000000e+00,7.874015748031495954e-02,6.535433070866141225e-01,1.102362204724409434e-01,4.724409448818897572e-02,2.362204724409448786e-02,3.149606299212598381e-02,2.362204724409448786e-02
1.538461538461538547e-02,0.000000000000000000e+00,0.000000000000000000e+00,0.000000000000000000e+00,0.000000000000000000e+00,0.000000000000000000e+00,0.000000000000000000e+00,0.000000000000000000e+00,0.000000000000000000e+00,0.000000000000000000e+00,0.000000000000000000e+00,0.000000000000000000e+00,1.025641025641025640e-02,0.000000000000000000e+00,2.051282051282051280e-02,6.666666666666666574e-02,7.179487179487179516e-01,1.179487179487179460e-01,1.538461538461538547e-02,3.076923076923077094e-02,5.128205128205128201e-03
1.587301587301587213e-02,0.000000000000000000e+00,3.968253968253968034e-03,0.000000000000000000e+00,0.000000000000000000e+00,0.000000000000000000e+00,0.000000000000000000e+00,0.000000000000000000e+00,0.000000000000000000e+00,0.000000000000000000e+00,3.968253968253968034e-03,0.000000000000000000e+00,0.000000000000000000e+00,3.968253968253968034e-03,3.968253968253968034e-03,3.968253968253968034e-02,7.539682539682539264e-02,6.746031746031746490e-01,1.230158730158730090e-01,2.777777777777777624e-02,2.777777777777777624e-02
6.858710562414265834e-03,1.234567901234567833e-02,4.115226337448560021e-03,2.743484224965706247e-03,0.000000000000000000e+00,0.000000000000000000e+00,0.000000000000000000e+00,0.000000000000000000e+00,0.000000000000000000e+00,0.000000000000000000e+00,8.230452674897120041e-03,1.371742112482853123e-03,0.000000000000000000e+00,0.000000000000000000e+00,1.371742112482853123e-03,2.743484224965706247e-03,5.486968449931412493e-03,5.212620027434842346e-02,7.626886145404664363e-01,1.289437585733881897e-01,1.097393689986282499e-02
1.871257485029939951e-02,1.197604790419161749e-02,4.491017964071856126e-03,1.497005988023952187e-03,0.000000000000000000e+00,0.000000000000000000e+00,0.000000000000000000e+00,0.000000000000000000e+00,0.000000000000000000e+00,7.485029940119760933e-04,3.742514970059880250e-03,0.000000000000000000e+00,0.000000000000000000e+00,0.000000000000000000e+00,0.000000000000000000e+00,4.491017964071856126e-03,2.245508982035928063e-03,3.742514970059880250e-03,5.913173652694610899e-02,7.814371257485029920e-01,1.077844311377245540e-01
9.823529411764705954e-02,1.470588235294117627e-02,4.117647058823529702e-03,3.529411764705882477e-03,5.882352941176470073e-04,1.176470588235294015e-03,1.176470588235294015e-03,5.882352941176470073e-04,0.000000000000000000e+00,0.000000000000000000e+00,2.941176470588235253e-03,0.000000000000000000e+00,5.882352941176470073e-04,0.000000000000000000e+00,0.000000000000000000e+00,1.176470588235294015e-03,0.000000000000000000e+00,2.352941176470588029e-03,1.117647058823529466e-02,8.294117647058824039e-02,7.747058823529411331e-01
