7.660933660933660905e-01,9.631449631449631732e-02,1.179361179361179332e-02,2.457002457002456942e-03,1.474201474201474165e-03,1.474201474201474165e-03,0.000000000000000000e+00,0.000000000000000000e+00,0.000000000000000000e+00,0.000000000000000000e+00,9.828009828009827767e-04,4.914004914004913883e-04,0.000000000000000000e+00,0.000000000000000000e+00,4.914004914004913883e-04,4.914004914004913883e-04,1.965601965601965553e-03,3.931203931203931107e-03,1.474201474201474252e-02,2.457002457002456855e-02,7.272727272727272374e-02
1.182950191570881215e-01,7.758620689655172376e-01,4.885057471264368095e-02,5.747126436781609116e-03,9.578544061302681498e-04,0.000000000000000000e+00,9.578544061302681498e-04,0.000000000000000000e+00,4.789272030651340749e-04,4.789272030651340749e-04,0.000000000000000000e+00,0.000000000000000000e+00,4.789272030651340749e-04,0.000000000000000000e+00,9.578544061302681498e-04,4.789272030651340749e-04,0.000000000000000000e+00,3.831417624521072599e-03,5.268199233716475312e-03,1.245210727969348584e-02,2.490421455938697168e-02
2.708124373119357928e-02,1.374122367101303921e-01,7.221664994984955399e-01,5.015045135406218796e-02,5.015045135406218449e-03,5.015045135406218449e-03,3.009027081243730983e-03,2.006018054162487466e-03,0.000000000000000000e+00,1.003009027081243733e-03,1.003009027081243733e-03,0.000000000000000000e+00,0.000000000000000000e+00,0.000000000000000000e+00,1.003009027081243733e-03,1.003009027081243733e-03,1.003009027081243733e-03,0.000000000000000000e+00,9.027081243731194249e-03,8.024072216649949865e-03,2.607823470411233663e-02
2.180685358255451609e-02,3.738317757009345516e-02,1.619937694704049747e-01,6.448598130841121101e-01,7.165109034267912180e-02,9.345794392523363789e-03,1.246105919003115230e-02,6.230529595015576148e-03,0.000000000000000000e+00,6.230529595015576148e-03,9.345794392523363789e-03,0.000000000000000000e+00,0.000000000000000000e+00,0.000000000000000000e+00,3.115264797507788074e-03,0.000000000000000000e+00,0.000000000000000000e+00,3.115264797507788074e-03,0.000000000000000000e+00,0.000000000000000000e+00,1.246105919003115230e-02
7.142857142857142634e-03,1.428571428571428527e-02,1.071428571428571369e-01,1.428571428571428492e-01,5.714285714285713969e-01,7.857142857142856984e-02,2.142857142857142877e-02,0.000000000000000000e+00,7.142857142857142634e-03,0.000000000000000000e+00,7.142857142857142634e-03,0.000000000000000000e+00,7.142857142857142634e-03,0.000000000000000000e+00,0.000000000000000000e+00,7.142857142857142634e-03,0.000000000000000000e+00,0.000000000000000000e+00,0.000000000000000000e+00,0.000000000000000000e+00,2.857142857142857054e-02
1.250000000000000069e-02,2.500000000000000139e-02,1.250000000000000000e-01,5.000000000000000278e-02,1.250000000000000000e-01,5.124999999999999556e-01,5.000000000000000278e-02,0.000000000000000000e+00,1.250000000000000069e-02,1.250000000000000069e-02,1.250000000000000069e-02,0.000000000000000000e+00,1.250000000000000069e-02,0.000000000000000000e+00,0.000000000000000000e+00,0.000000000000000000e+00,0.000000000000000000e+00,0.000000000000000000e+00,1.250000000000000069e-02,3.749999999999999861e-02,0.000000000000000000e+00
0.000000000000000000e+00,5.357142857142856845e-02,3.571428571428571230e-02,7.142857142857142461e-02,1.785714285714285615e-02,2.142857142857142738e-01,4.821428571428571508e-01,1.785714285714285615e-02,3.571428571428571230e-02,0.000000000000000000e+00,1.785714285714285615e-02,1.785714285714285615e-02,0.000000000000000000e+00,0.000000000000000000e+00,0.000000000000000000e+00,0.000000000000000000e+00,0.000000000000000000e+00,0.000000000000000000e+00,1.785714285714285615e-02,0.000000000000000000e+00,1.785714285714285615e-02
0.000000000000000000e+00,0.000000000000000000e+00,0.000000000000000000e+00,0.000000000000000000e+00,6.060606060606060774e-02,3.030303030303030387e-02,9.090909090909091161e-02,6.060606060606060774e-01,9.090909090909091161e-02,3.030303030303030387e-02,6.060606060606060774e-02,0.000000000000000000e+00,0.000000000000000000e+00,0.000000000000000000e+00,0.000000000000000000e+00,0.000000000000000000e+00,0.000000000000000000e+00,0.000000000000000000e+00,0.000000000000000000e+00,0.000000000000000000e+00,3.030303030303030387e-02
0.000000000000000000e+00,0.000000000000000000e+00,0.000000000000000000e+00,4.761904761904761640e-02,0.000000000000000000e+00,9.523809523809523281e-02,1.428571428571428492e-01,9.523809523809523281e-02,4.761904761904761640e-01,9.523809523809523281e-02,4.761904761904761640e-02,0.000000000000000000e+00,0.000000000000000000e+00,0.000000000000000000e+00,0.000000000000000000e+00,0.000000000000000000e+00,0.000000000000000000e+00,0.000000000000000000e+00,0.000000000000000000e+00,0.000000000000000000e+00,0.000000000000000000e+00
0.000000000000000000e+00,0.000000000000000000e+00,0.000000000000000000e+00,5.555555555555555247e-02,5.555555555555555247e-02,5.555555555555555247e-02,5.555555555555555247e-02,1.666666666666666574e-01,5.555555555555555247e-02,3.333333333333333148e-01,1.666666666666666574e-01,0.000000000000000000e+00,0.000000000000000000e+00,0.000000000000000000e+00,0.000000000000000000e+00,0.000000000000000000e+00,5.555555555555555247e-02,0.000000000000000000e+00,0.000000000000000000e+00,0.000000000000000000e+00,0.000000000000000000e+00
4.166666666666666435e-02,2.083333333333333218e-02,8.333333333333332871e-02,4.166666666666666435e-02,2.083333333333333218e-02,2.083333333333333218e-02,6.250000000000000000e-02,4.166666666666666435e-02,2.083333333333333218e-02,8.333333333333332871e-02,5.208333333333333703e-01,0.000000000000000000e+00,0.000000000000000000e+00,0.000000000000000000e+00,2.083333333333333218e-02,0.000000000000000000e+00,0.000000000000000000e+00,0.000000000000000000e+00,2.083333333333333218e-02,0.000000000000000000e+00,0.000000000000000000e+00
7.692307692307692735e-02,0.000000000000000000e+00,0.000000000000000000e+00,0.000000000000000000e+00,0.000000000000000000e+00,0.000000000000000000e+00,0.000000000000000000e+00,0.000000000000000000e+00,0.000000000000000000e+00,0.000000000000000000e+00,0.000000000000000000e+00,7.692307692307692735e-01,0.000000000000000000e+00,0.000000000000000000e+00,0.000000000000000000e+00,0.000000000000000000e+00,0.000000000000000000e+00,0.000000000000000000e+00,1.538461538461538547e-01,0.000000000000000000e+00,0.000000000000000000e+00
0.000000000000000000e+00,0.000000000000000000e+00,0.000000000000000000e+00,0.000000000000000000e+00,5.000000000000000000e-01,0.000000000000000000e+00,0.000000000000000000e+00,0.000000000000000000e+00,0.000000000000000000e+00,0.000000000000000000e+00,0.000000000000000000e+00,5.000000000000000000e-01,0.000000000000000000e+00,0.000000000000000000e+00,0.000000000000000000e+00,0.000000000000000000e+00,0.000000000000000000e+00,0.000000000000000000e+00,0.000000000000000000e+00,0.000000000000000000e+00,0.000000000000000000e+00
0.000000000000000000e+00,2.500000000000000000e-01,0.000000000000000000e+00,0.000000000000000000e+00,0.000000000000000000e+00,0.000000000000000000e+00,0.000000000000000000e+00,0.000000000000000000e+00,0.000000000000000000e+00,0.000000000000000000e+00,0.000000000000000000e+00,0.000000000000000000e+00,0.000000000000000000e+00,5.000000000000000000e-01,0.000000000000000000e+00,0.000000000000000000e+00,0.000000000000000000e+00,0.000000000000000000e+00,0.000000000000000000e+00,0.000000000000000000e+00,2.500000000000000000e-01
0.000000000000000000e+00,0.000000000000000000e+00,0.000000000000000000e+00,0.000000000000000000e+00,0.000000000000000000e+00,0.000000000000000000e+00,0.000000000000000000e+00,0.000000000000000000e+00,0.000000000000000000e+00,0.000000000000000000e+00,0.000000000000000000e+00,0.000000000000000000e+00,0.000000000000000000e+00,0.000000000000000000e+00,5.000000000000000000e-01,8.333333333333332871e-02,0.000000000000000000e+00,1.666666666666666574e-01,1.666666666666666574e-01,8.333333333333332871e-02,0.000000000000000000e+00
1.785714285714285615e-02,0.000000000000000000e+00,0.000000000000000000e+00,0.000000000000000000e+00,0.000000000000000000e+00,0.000000000000000000e+00,0.000000000000000000e+00,0.000000000000000000e+00,0.000000000000000000e+00,0.000000000000000000e+00,0.000000000000000000e+00,0.000000000000000000e+00,0.000000000000000000e+00,1.785714285714285615e-02,1.785714285714285615e-02,8.035714285714286031e-01,8.928571428571428770e-02,1.785714285714285615e-02,1.785714285714285615e-02,1.785714285714285615e-02,0.000000000000000000e+00
3.125000000000000000e-02,2.083333333333333218e-02,0.000000000000000000e+00,0.000000000000000000e+00,0.000000000000000000e+00,0.000000000000000000e+00,0.000000000000000000e+00,0.000000000000000000e+00,0.000000000000000000e+00,0.000000000000000000e+00,0.000000000000000000e+00,0.000000000000000000e+00,0.000000000000000000e+00,0.000000000000000000e+00,0.000000000000000000e+00,4.166666666666666435e-02,7.291666666666666297e-01,9.375000000000000000e-02,1.041666666666666609e-02,3.125000000000000000e-02,4.166666666666666435e-02
5.882352941176470507e-02,3.267973856209150513e-02,6.535947712418300852e-03,0.000000000000000000e+00,0.000000000000000000e+00,0.000000000000000000e+00,0.000000000000000000e+00,0.000000000000000000e+00,0.000000000000000000e+00,0.000000000000000000e+00,6.535947712418300852e-03,0.000000000000000000e+00,6.535947712418300852e-03,0.000000000000000000e+00,0.000000000000000000e+00,1.307189542483660170e-02,5.228758169934640682e-02,6.993464052287581278e-01,1.307189542483660170e-02,5.228758169934640682e-02,5.882352941176470507e-02
4.081632653061224164e-02,3.790087463556851555e-02,1.749271137026239126e-02,2.915451895043731732e-03,0.000000000000000000e+00,0.000000000000000000e+00,0.000000000000000000e+00,0.000000000000000000e+00,0.000000000000000000e+00,0.000000000000000000e+00,0.000000000000000000e+00,5.830903790087463463e-03,0.000000000000000000e+00,0.000000000000000000e+00,5.830903790087463463e-03,2.915451895043731732e-03,8.746355685131195629e-03,2.040816326530612082e-02,7.113702623906705824e-01,9.620991253644314845e-02,4.956268221574344074e-02
9.864603481624757697e-02,3.288201160541585899e-02,7.736943907156673163e-03,0.000000000000000000e+00,0.000000000000000000e+00,0.000000000000000000e+00,0.000000000000000000e+00,0.000000000000000000e+00,0.000000000000000000e+00,0.000000000000000000e+00,1.934235976789168291e-03,0.000000000000000000e+00,0.000000000000000000e+00,1.934235976789168291e-03,1.934235976789168291e-03,0.000000000000000000e+00,3.868471953578336581e-03,3.868471953578336581e-03,6.963249516441005760e-02,6.711798839458413823e-01,1.063829787234042562e-01
1.394182547642928705e-01,3.610832497492477700e-02,1.504513540621865535e-02,1.003009027081243733e-03,0.000000000000000000e+00,0.000000000000000000e+00,0.000000000000000000e+00,0.000000000000000000e+00,0.000000000000000000e+00,0.000000000000000000e+00,1.003009027081243733e-03,1.003009027081243733e-03,0.000000000000000000e+00,1.003009027081243733e-03,0.000000000000000000e+00,1.003009027081243733e-03,5.015045135406218449e-03,1.604814443329989973e-02,2.607823470411233663e-02,6.218655967903711362e-02,6.950852557673019572e-01
