4.761904761904761640e-01,4.761904761904761640e-02,1.428571428571428492e-01,3.333333333333333148e-01,0.000000000000000000e+00,0.000000000000000000e+00,0.000000000000000000e+00,0.000000000000000000e+00,0.000000000000000000e+00,0.000000000000000000e+00,0.000000000000000000e+00,0.000000000000000000e+00,0.000000000000000000e+00,0.000000000000000000e+00,0.000000000000000000e+00,0.000000000000000000e+00,0.000000000000000000e+00,0.000000000000000000e+00,0.000000000000000000e+00,0.000000000000000000e+00,0.000000000000000000e+00,0.000000000000000000e+00
1.117318435754189980e-02,8.882681564245810124e-01,7.262569832402235304e-02,1.675977653631284883e-02,0.000000000000000000e+00,5.586592178770949900e-03,0.000000000000000000e+00,0.000000000000000000e+00,0.000000000000000000e+00,0.000000000000000000e+00,0.000000000000000000e+00,5.586592178770949900e-03,0.000000000000000000e+00,0.000000000000000000e+00,0.000000000000000000e+00,0.000000000000000000e+00,0.000000000000000000e+00,0.000000000000000000e+00,0.000000000000000000e+00,0.000000000000000000e+00,0.000000000000000000e+00,0.000000000000000000e+00
5.617977528089887485e-03,1.872659176029962610e-02,7.958801498127340279e-01,1.385767790262172339e-01,2.059925093632958629e-02,9.363295880149813052e-03,5.617977528089887485e-03,0.000000000000000000e+00,0.000000000000000000e+00,0.000000000000000000e+00,0.000000000000000000e+00,0.000000000000000000e+00,0.000000000000000000e+00,1.872659176029962567e-03,0.000000000000000000e+00,0.000000000000000000e+00,0.000000000000000000e+00,0.000000000000000000e+00,0.000000000000000000e+00,0.000000000000000000e+00,0.000000000000000000e+00,3.745318352059925134e-03
2.401921537229783667e-03,1.601281024819855778e-03,3.642914331465171851e-02,8.578863090472378383e-01,7.085668534827861686e-02,1.521216973578863076e-02,5.604483586869495222e-03,1.601281024819855778e-03,1.200960768614891833e-03,1.200960768614891833e-03,1.200960768614891833e-03,0.000000000000000000e+00,4.003202562049639444e-04,4.003202562049639444e-04,0.000000000000000000e+00,4.003202562049639444e-04,0.000000000000000000e+00,0.000000000000000000e+00,8.006405124099278889e-04,4.003202562049639444e-04,8.006405124099278889e-04,1.601281024819855778e-03
0.000000000000000000e+00,4.659832246039142438e-04,1.863932898415656975e-03,1.057781919850885322e-01,7.814538676607641898e-01,7.129543336439887746e-02,1.491146318732525580e-02,5.591798695246971360e-03,2.795899347623485680e-03,2.329916123019571111e-03,1.397949673811742840e-03,1.863932898415656975e-03,0.000000000000000000e+00,1.397949673811742840e-03,4.659832246039142438e-04,0.000000000000000000e+00,0.000000000000000000e+00,4.659832246039142438e-04,4.659832246039142438e-04,0.000000000000000000e+00,4.659832246039142438e-04,6.989748369058713766e-03
0.000000000000000000e+00,0.000000000000000000e+00,1.853568118628359622e-03,3.058387395736793246e-02,1.964782205746061217e-01,6.515291936978684362e-01,7.043558850787766390e-02,1.204819277108433798e-02,4.633920296570898621e-03,8.341056533827618732e-03,4.633920296570898621e-03,1.853568118628359622e-03,1.853568118628359622e-03,2.780352177942539433e-03,2.780352177942539433e-03,0.000000000000000000e+00,0.000000000000000000e+00,0.000000000000000000e+00,9.267840593141798110e-04,1.853568118628359622e-03,0.000000000000000000e+00,7.414272474513438488e-03
0.000000000000000000e+00,0.000000000000000000e+00,0.000000000000000000e+00,1.626016260162601798e-02,8.739837398373984101e-02,2.174796747967479571e-01,5.609756097560976151e-01,2.642276422764227792e-02,2.439024390243902524e-02,1.829268292682926719e-02,8.130081300813008990e-03,2.032520325203252248e-03,2.032520325203252248e-03,0.000000000000000000e+00,4.065040650406504495e-03,2.032520325203252248e-03,4.065040650406504495e-03,4.065040650406504495e-03,6.097560975609756309e-03,2.032520325203252248e-03,2.032520325203252248e-03,1.219512195121951262e-02
0.000000000000000000e+00,0.000000000000000000e+00,0.000000000000000000e+00,1.123595505617977497e-02,5.056179775280898736e-02,8.988764044943819975e-02,1.741573033707865259e-01,5.000000000000000000e-01,4.494382022471909988e-02,2.247191011235954994e-02,2.808988764044943742e-02,0.000000000000000000e+00,0.000000000000000000e+00,0.000000000000000000e+00,1.685393258426966245e-02,0.000000000000000000e+00,5.617977528089887485e-03,0.000000000000000000e+00,1.685393258426966245e-02,0.000000000000000000e+00,0.000000000000000000e+00,3.932584269662921239e-02
0.000000000000000000e+00,0.000000000000000000e+00,0.000000000000000000e+00,1.307189542483660170e-02,4.575163398692810163e-02,5.882352941176470507e-02,1.699346405228758239e-01,6.535947712418301025e-02,4.248366013071895320e-01,9.150326797385620325e-02,1.960784313725490169e-02,0.000000000000000000e+00,3.267973856209150513e-02,6.535947712418300852e-03,6.535947712418300852e-03,6.535947712418300852e-03,0.000000000000000000e+00,0.000000000000000000e+00,6.535947712418300852e-03,6.535947712418300852e-03,0.000000000000000000e+00,4.575163398692810163e-02
0.000000000000000000e+00,0.000000000000000000e+00,0.000000000000000000e+00,8.000000000000000167e-03,3.200000000000000067e-02,8.799999999999999489e-02,9.600000000000000200e-02,4.000000000000000083e-02,1.039999999999999952e-01,4.480000000000000093e-01,8.799999999999999489e-02,2.400000000000000050e-02,8.000000000000000167e-03,0.000000000000000000e+00,0.000000000000000000e+00,8.000000000000000167e-03,0.000000000000000000e+00,8.000000000000000167e-03,0.000000000000000000e+00,0.000000000000000000e+00,8.000000000000000167e-03,4.000000000000000083e-02
0.000000000000000000e+00,0.000000000000000000e+00,1.351351351351351426e-02,2.702702702702702853e-02,0.000000000000000000e+00,4.054054054054054279e-02,1.351351351351351426e-02,6.756756756756757132e-02,5.405405405405405705e-02,1.216216216216216284e-01,4.324324324324324564e-01,4.054054054054054279e-02,5.405405405405405705e-02,4.054054054054054279e-02,1.351351351351351426e-02,1.351351351351351426e-02,0.000000000000000000e+00,1.351351351351351426e-02,0.000000000000000000e+00,0.000000000000000000e+00,0.000000000000000000e+00,5.405405405405405705e-02
0.000000000000000000e+00,0.000000000000000000e+00,0.000000000000000000e+00,1.851851851851851749e-02,5.555555555555555247e-02,1.851851851851851749e-02,1.851851851851851749e-02,3.703703703703703498e-02,5.555555555555555247e-02,3.703703703703703498e-02,5.555555555555555247e-02,5.370370370370370905e-01,5.555555555555555247e-02,3.703703703703703498e-02,0.000000000000000000e+00,0.000000000000000000e+00,0.000000000000000000e+00,1.851851851851851749e-02,0.000000000000000000e+00,0.000000000000000000e+00,0.000000000000000000e+00,5.555555555555555247e-02
0.000000000000000000e+00,0.000000000000000000e+00,0.000000000000000000e+00,0.000000000000000000e+00,0.000000000000000000e+00,1.282051282051281937e-01,0.000000000000000000e+00,2.564102564102564014e-02,1.538461538461538547e-01,0.000000000000000000e+00,7.692307692307692735e-02,7.692307692307692735e-02,3.846153846153846367e-01,2.564102564102564014e-02,0.000000000000000000e+00,0.000000000000000000e+00,2.564102564102564014e-02,2.564102564102564014e-02,0.000000000000000000e+00,2.564102564102564014e-02,0.000000000000000000e+00,5.128205128205128027e-02
0.000000000000000000e+00,0.000000000000000000e+00,0.000000000000000000e+00,2.380952380952380820e-02,1.190476190476190410e-01,4.761904761904761640e-02,4.761904761904761640e-02,7.142857142857142461e-02,2.380952380952380820e-02,2.380952380952380820e-02,0.000000000000000000e+00,2.380952380952380820e-02,2.380952380952380820e-02,3.095238095238095344e-01,7.142857142857142461e-02,4.761904761904761640e-02,2.380952380952380820e-02,0.000000000000000000e+00,0.000000000000000000e+00,2.380952380952380820e-02,0.000000000000000000e+00,1.190476190476190410e-01
0.000000000000000000e+00,0.000000000000000000e+00,0.000000000000000000e+00,0.000000000000000000e+00,0.000000000000000000e+00,1.379310344827586188e-01,1.034482758620689641e-01,3.448275862068965469e-02,3.448275862068965469e-02,3.448275862068965469e-02,6.896551724137930939e-02,3.448275862068965469e-02,3.448275862068965469e-02,6.896551724137930939e-02,2.068965517241379282e-01,1.034482758620689641e-01,0.000000000000000000e+00,0.000000000000000000e+00,3.448275862068965469e-02,0.000000000000000000e+00,3.448275862068965469e-02,6.896551724137930939e-02
0.000000000000000000e+00,0.000000000000000000e+00,0.000000000000000000e+00,0.000000000000000000e+00,0.000000000000000000e+00,0.000000000000000000e+00,3.030303030303030387e-02,3.030303030303030387e-02,3.030303030303030387e-02,0.000000000000000000e+00,0.000000000000000000e+00,3.030303030303030387e-02,0.000000000000000000e+00,0.000000000000000000e+00,9.090909090909091161e-02,5.151515151515151381e-01,1.515151515151515194e-01,0.000000000000000000e+00,0.000000000000000000e+00,3.030303030303030387e-02,3.030303030303030387e-02,6.060606060606060774e-02
0.000000000000000000e+00,0.000000000000000000e+00,0.000000000000000000e+00,0.000000000000000000e+00,2.941176470588235253e-02,8.823529411764706454e-02,2.941176470588235253e-02,0.000000000000000000e+00,0.000000000000000000e+00,0.000000000000000000e+00,0.000000000000000000e+00,2.941176470588235253e-02,0.000000000000000000e+00,0.000000000000000000e+00,2.941176470588235253e-02,1.470588235294117696e-01,3.235294117647058987e-01,1.764705882352941291e-01,2.941176470588235253e-02,0.000000000000000000e+00,2.941176470588235253e-02,8.823529411764706454e-02
0.000000000000000000e+00,0.000000000000000000e+00,0.000000000000000000e+00,0.000000000000000000e+00,2.325581395348837177e-02,0.000000000000000000e+00,0.000000000000000000e+00,0.000000000000000000e+00,0.000000000000000000e+00,0.000000000000000000e+00,2.325581395348837177e-02,2.325581395348837177e-02,2.325581395348837177e-02,2.325581395348837177e-02,2.325581395348837177e-02,4.651162790697674354e-02,1.162790697674418589e-01,5.581395348837209225e-01,6.976744186046511531e-02,0.000000000000000000e+00,0.000000000000000000e+00,6.976744186046511531e-02
0.000000000000000000e+00,0.000000000000000000e+00,0.000000000000000000e+00,3.333333333333333287e-02,0.000000000000000000e+00,6.666666666666666574e-02,3.333333333333333287e-02,3.333333333333333287e-02,6.666666666666666574e-02,0.000000000000000000e+00,0.000000000000000000e+00,3.333333333333333287e-02,0.000000000000000000e+00,3.333333333333333287e-02,0.000000000000000000e+00,0.000000000000000000e+00,3.333333333333333287e-02,1.666666666666666574e-01,2.333333333333333370e-01,1.333333333333333315e-01,1.000000000000000056e-01,3.333333333333333287e-02
0.000000000000000000e+00,0.000000000000000000e+00,0.000000000000000000e+00,0.000000000000000000e+00,4.000000000000000083e-02,0.000000000000000000e+00,4.000000000000000083e-02,0.000000000000000000e+00,0.000000000000000000e+00,0.000000000000000000e+00,0.000000000000000000e+00,4.000000000000000083e-02,0.000000000000000000e+00,4.000000000000000083e-02,0.000000000000000000e+00,0.000000000000000000e+00,8.000000000000000167e-02,4.000000000000000083e-02,2.000000000000000111e-01,3.200000000000000067e-01,1.199999999999999956e-01,8.000000000000000167e-02
0.000000000000000000e+00,0.000000000000000000e+00,0.000000000000000000e+00,0.000000000000000000e+00,3.571428571428571230e-02,7.142857142857142461e-02,3.571428571428571230e-02,7.142857142857142461e-02,7.142857142857142461e-02,0.000000000000000000e+00,3.571428571428571230e-02,0.000000000000000000e+00,0.000000000000000000e+00,0.000000000000000000e+00,3.571428571428571230e-02,3.571428571428571230e-02,7.142857142857142461e-02,3.571428571428571230e-02,0.000000000000000000e+00,1.071428571428571369e-01,3.214285714285714524e-01,7.142857142857142461e-02
0.000000000000000000e+00,5.154639175257731860e-03,0.000000000000000000e+00,5.154639175257731860e-03,3.092783505154639290e-02,3.092783505154639290e-02,4.123711340206185488e-02,3.608247422680412042e-02,4.123711340206185488e-02,4.123711340206185488e-02,1.546391752577319645e-02,0.000000000000000000e+00,1.546391752577319645e-02,1.030927835051546372e-02,1.546391752577319645e-02,5.154639175257731860e-03,1.030927835051546372e-02,1.030927835051546372e-02,1.030927835051546372e-02,2.061855670103092744e-02,2.061855670103092744e-02,6.340206185567009989e-01
