7.608108108108108114e-01,7.837837837837838273e-02,2.297297297297297425e-02,5.405405405405405705e-03,2.702702702702702853e-03,2.702702702702702853e-03,0.000000000000000000e+00,1.351351351351351426e-03,0.000000000000000000e+00,0.000000000000000000e+00,4.054054054054054279e-03,0.000000000000000000e+00,0.000000000000000000e+00,0.000000000000000000e+00,0.000000000000000000e+00,0.000000000000000000e+00,1.351351351351351426e-03,5.405405405405405705e-03,2.702702702702702853e-03,1.756756756756756854e-02,9.459459459459459985e-02
2.074303405572755499e-01,5.820433436532507221e-01,8.668730650154798933e-02,2.476780185758514080e-02,6.191950464396285200e-03,3.095975232198142600e-03,3.095975232198142600e-03,3.095975232198142600e-03,6.191950464396285200e-03,0.000000000000000000e+00,1.547987616099071213e-02,0.000000000000000000e+00,0.000000000000000000e+00,0.000000000000000000e+00,0.000000000000000000e+00,0.000000000000000000e+00,3.095975232198142600e-03,0.000000000000000000e+00,0.000000000000000000e+00,2.476780185758514080e-02,3.405572755417956426e-02
8.823529411764706454e-02,1.823529411764705788e-01,5.235294117647059098e-01,7.058823529411764608e-02,1.764705882352941152e-02,5.882352941176470507e-03,5.882352941176470507e-03,5.882352941176470507e-03,5.882352941176470507e-03,5.882352941176470507e-03,1.176470588235294101e-02,0.000000000000000000e+00,0.000000000000000000e+00,0.000000000000000000e+00,0.000000000000000000e+00,0.000000000000000000e+00,0.000000000000000000e+00,0.000000000000000000e+00,1.176470588235294101e-02,5.882352941176470507e-03,5.882352941176470507e-02
6.849315068493150305e-02,1.643835616438356073e-01,2.465753424657534110e-01,3.287671232876712146e-01,8.219178082191780366e-02,2.739726027397260122e-02,1.369863013698630061e-02,0.000000000000000000e+00,0.000000000000000000e+00,0.000000000000000000e+00,2.739726027397260122e-02,0.000000000000000000e+00,0.000000000000000000e+00,0.000000000000000000e+00,0.000000000000000000e+00,0.000000000000000000e+00,0.000000000000000000e+00,0.000000000000000000e+00,0.000000000000000000e+00,2.739726027397260122e-02,1.369863013698630061e-02
1.388888888888888951e-01,2.777777777777777624e-02,1.111111111111111049e-01,1.666666666666666574e-01,4.166666666666666852e-01,0.000000000000000000e+00,2.777777777777777624e-02,0.000000000000000000e+00,0.000000000000000000e+00,0.000000000000000000e+00,5.555555555555555247e-02,0.000000000000000000e+00,0.000000000000000000e+00,0.000000000000000000e+00,0.000000000000000000e+00,0.000000000000000000e+00,0.000000000000000000e+00,0.000000000000000000e+00,0.000000000000000000e+00,0.000000000000000000e+00,5.555555555555555247e-02
3.703703703703703498e-02,0.000000000000000000e+00,3.703703703703703498e-02,7.407407407407406996e-02,3.703703703703703498e-02,3.703703703703703498e-01,7.407407407407406996e-02,3.703703703703703498e-02,3.703703703703703498e-02,7.407407407407406996e-02,1.851851851851851749e-01,0.000000000000000000e+00,0.000000000000000000e+00,0.000000000000000000e+00,0.000000000000000000e+00,0.000000000000000000e+00,0.000000000000000000e+00,0.000000000000000000e+00,0.000000000000000000e+00,0.000000000000000000e+00,3.703703703703703498e-02
0.000000000000000000e+00,0.000000000000000000e+00,4.761904761904761640e-02,9.523809523809523281e-02,0.000000000000000000e+00,9.523809523809523281e-02,4.761904761904761640e-01,1.428571428571428492e-01,0.000000000000000000e+00,0.000000000000000000e+00,9.523809523809523281e-02,0.000000000000000000e+00,0.000000000000000000e+00,0.000000000000000000e+00,0.000000000000000000e+00,0.000000000000000000e+00,0.000000000000000000e+00,0.000000000000000000e+00,0.000000000000000000e+00,0.000000000000000000e+00,4.761904761904761640e-02
1.000000000000000056e-01,5.000000000000000278e-02,5.000000000000000278e-02,5.000000000000000278e-02,5.000000000000000278e-02,5.000000000000000278e-02,1.000000000000000056e-01,4.500000000000000111e-01,5.000000000000000278e-02,0.000000000000000000e+00,5.000000000000000278e-02,0.000000000000000000e+00,0.000000000000000000e+00,0.000000000000000000e+00,0.000000000000000000e+00,0.000000000000000000e+00,0.000000000000000000e+00,0.000000000000000000e+00,0.000000000000000000e+00,0.000000000000000000e+00,0.000000000000000000e+00
7.692307692307692735e-02,0.000000000000000000e+00,7.692307692307692735e-02,0.000000000000000000e+00,0.000000000000000000e+00,0.000000000000000000e+00,0.000000000000000000e+00,0.000000000000000000e+00,3.076923076923077094e-01,0.000000000000000000e+00,3.846153846153846367e-01,0.000000000000000000e+00,0.000000000000000000e+00,0.000000000000000000e+00,0.000000000000000000e+00,7.692307692307692735e-02,0.000000000000000000e+00,0.000000000000000000e+00,0.000000000000000000e+00,0.000000000000000000e+00,7.692307692307692735e-02
0.000000000000000000e+00,7.692307692307692735e-02,0.000000000000000000e+00,0.000000000000000000e+00,0.000000000000000000e+00,7.692307692307692735e-02,7.692307692307692735e-02,7.692307692307692735e-02,0.000000000000000000e+00,1.538461538461538547e-01,5.384615384615384359e-01,0.000000000000000000e+00,0.000000000000000000e+00,0.000000000000000000e+00,0.000000000000000000e+00,0.000000000000000000e+00,0.000000000000000000e+00,0.000000000000000000e+00,0.000000000000000000e+00,0.000000000000000000e+00,0.000000000000000000e+00
9.195402298850574585e-02,2.298850574712643646e-02,3.448275862068965469e-02,4.597701149425287293e-02,4.597701149425287293e-02,5.747126436781609116e-02,0.000000000000000000e+00,4.597701149425287293e-02,3.448275862068965469e-02,1.034482758620689641e-01,4.712643678160919336e-01,0.000000000000000000e+00,0.000000000000000000e+00,0.000000000000000000e+00,0.000000000000000000e+00,0.000000000000000000e+00,1.149425287356321823e-02,0.000000000000000000e+00,0.000000000000000000e+00,1.149425287356321823e-02,2.298850574712643646e-02
0.000000000000000000e+00,0.000000000000000000e+00,0.000000000000000000e+00,0.000000000000000000e+00,0.000000000000000000e+00,0.000000000000000000e+00,0.000000000000000000e+00,0.000000000000000000e+00,0.000000000000000000e+00,0.000000000000000000e+00,0.000000000000000000e+00,7.407407407407406996e-01,7.407407407407406996e-02,0.000000000000000000e+00,1.111111111111111049e-01,0.000000000000000000e+00,3.703703703703703498e-02,0.000000000000000000e+00,0.000000000000000000e+00,0.000000000000000000e+00,3.703703703703703498e-02
0.000000000000000000e+00,0.000000000000000000e+00,0.000000000000000000e+00,0.000000000000000000e+00,0.000000000000000000e+00,0.000000000000000000e+00,0.000000000000000000e+00,0.000000000000000000e+00,0.000000000000000000e+00,0.000000000000000000e+00,0.000000000000000000e+00,0.000000000000000000e+00,0.000000000000000000e+00,5.000000000000000000e-01,0.000000000000000000e+00,0.000000000000000000e+00,0.000000000000000000e+00,0.000000000000000000e+00,0.000000000000000000e+00,2.500000000000000000e-01,2.500000000000000000e-01
0.000000000000000000e+00,0.000000000000000000e+00,0.000000000000000000e+00,0.000000000000000000e+00,0.000000000000000000e+00,0.000000000000000000e+00,0.000000000000000000e+00,0.000000000000000000e+00,0.000000000000000000e+00,0.000000000000000000e+00,0.000000000000000000e+00,1.818181818181818232e-01,9.090909090909091161e-02,2.727272727272727071e-01,1.818181818181818232e-01,9.090909090909091161e-02,9.090909090909091161e-02,0.000000000000000000e+00,0.000000000000000000e+00,0.000000000000000000e+00,9.090909090909091161e-02
0.000000000000000000e+00,0.000000000000000000e+00,0.000000000000000000e+00,0.000000000000000000e+00,0.000000000000000000e+00,0.000000000000000000e+00,0.000000000000000000e+00,0.000000000000000000e+00,0.000000000000000000e+00,0.000000000000000000e+00,0.000000000000000000e+00,9.375000000000000000e-02,3.125000000000000000e-02,3.125000000000000000e-02,6.875000000000000000e-01,6.250000000000000000e-02,6.250000000000000000e-02,0.000000000000000000e+00,0.000000000000000000e+00,3.125000000000000000e-02,0.000000000000000000e+00
0.000000000000000000e+00,0.000000000000000000e+00,0.000000000000000000e+00,0.000000000000000000e+00,0.000000000000000000e+00,0.000000000000000000e+00,0.000000000000000000e+00,0.000000000000000000e+00,0.000000000000000000e+00,0.000000000000000000e+00,3.125000000000000000e-02,0.000000000000000000e+00,0.000000000000000000e+00,0.000000000000000000e+00,6.250000000000000000e-02,6.875000000000000000e-01,9.375000000000000000e-02,3.125000000000000000e-02,3.125000000000000000e-02,0.000000000000000000e+00,6.250000000000000000e-02
1.492537313432835792e-02,1.492537313432835792e-02,0.000000000000000000e+00,0.000000000000000000e+00,0.000000000000000000e+00,0.000000000000000000e+00,0.000000000000000000e+00,0.000000000000000000e+00,0.000000000000000000e+00,0.000000000000000000e+00,0.000000000000000000e+00,2.985074626865671585e-02,0.000000000000000000e+00,0.000000000000000000e+00,1.492537313432835792e-02,4.477611940298507204e-02,6.567164179104477695e-01,8.955223880597014408e-02,4.477611940298507204e-02,2.985074626865671585e-02,5.970149253731343170e-02
0.000000000000000000e+00,0.000000000000000000e+00,0.000000000000000000e+00,0.000000000000000000e+00,0.000000000000000000e+00,0.000000000000000000e+00,0.000000000000000000e+00,0.000000000000000000e+00,0.000000000000000000e+00,0.000000000000000000e+00,0.000000000000000000e+00,1.075268817204301161e-02,0.000000000000000000e+00,1.075268817204301161e-02,0.000000000000000000e+00,0.000000000000000000e+00,7.526881720430107781e-02,6.989247311827957443e-01,1.182795698924731242e-01,4.301075268817204644e-02,4.301075268817204644e-02
0.000000000000000000e+00,0.000000000000000000e+00,0.000000000000000000e+00,0.000000000000000000e+00,8.547008547008547868e-03,0.000000000000000000e+00,0.000000000000000000e+00,8.547008547008547868e-03,0.000000000000000000e+00,0.000000000000000000e+00,0.000000000000000000e+00,0.000000000000000000e+00,0.000000000000000000e+00,0.000000000000000000e+00,0.000000000000000000e+00,8.547008547008547868e-03,2.564102564102564014e-02,9.401709401709401615e-02,6.752136752136752573e-01,1.367521367521367659e-01,4.273504273504273587e-02
2.906976744186046471e-02,1.356589147286821687e-02,1.937984496124030981e-03,1.937984496124030981e-03,0.000000000000000000e+00,0.000000000000000000e+00,1.937984496124030981e-03,0.000000000000000000e+00,0.000000000000000000e+00,0.000000000000000000e+00,3.875968992248061962e-03,0.000000000000000000e+00,1.937984496124030981e-03,0.000000000000000000e+00,0.000000000000000000e+00,1.937984496124030981e-03,0.000000000000000000e+00,5.813953488372092943e-03,2.131782945736434079e-02,8.023255813953488191e-01,1.143410852713178244e-01
8.985879332477535175e-02,1.797175866495507104e-02,8.985879332477535522e-03,1.283697047496790665e-03,2.567394094993581330e-03,2.567394094993581330e-03,0.000000000000000000e+00,1.283697047496790665e-03,1.283697047496790665e-03,0.000000000000000000e+00,6.418485237483954192e-03,1.283697047496790665e-03,0.000000000000000000e+00,1.283697047496790665e-03,2.567394094993581330e-03,2.567394094993581330e-03,3.851091142490372429e-03,3.851091142490372429e-03,1.155327342747111685e-02,6.290115532734275039e-02,7.779204107830551829e-01
