6.541095890410958402e-01,1.095890410958904049e-01,3.082191780821917637e-02,1.198630136986301303e-02,1.369863013698630061e-02,3.424657534246575152e-03,5.136986301369862729e-03,0.000000000000000000e+00,0.000000000000000000e+00,0.000000000000000000e+00,1.027397260273972546e-02,0.000000000000000000e+00,0.000000000000000000e+00,1.712328767123287576e-03,0.000000000000000000e+00,1.712328767123287576e-03,0.000000000000000000e+00,1.712328767123287576e-03,1.027397260273972546e-02,1.883561643835616334e-02,1.267123287671232945e-01
1.868131868131868156e-01,4.835164835164835195e-01,1.391941391941391992e-01,4.395604395604395948e-02,1.465201465201465200e-02,7.326007326007326001e-03,3.663003663003663000e-03,7.326007326007326001e-03,3.663003663003663000e-03,0.000000000000000000e+00,7.326007326007326001e-03,0.000000000000000000e+00,0.000000000000000000e+00,0.000000000000000000e+00,0.000000000000000000e+00,3.663003663003663000e-03,3.663003663003663000e-03,0.000000000000000000e+00,1.831501831501831587e-02,1.831501831501831587e-02,5.860805860805860801e-02
1.119402985074626905e-01,2.014925373134328346e-01,2.686567164179104461e-01,1.119402985074626905e-01,4.477611940298507204e-02,3.731343283582089221e-02,7.462686567164178962e-03,2.238805970149253602e-02,7.462686567164178962e-03,7.462686567164178962e-03,5.970149253731343170e-02,7.462686567164178962e-03,0.000000000000000000e+00,0.000000000000000000e+00,0.000000000000000000e+00,0.000000000000000000e+00,0.000000000000000000e+00,0.000000000000000000e+00,2.985074626865671585e-02,3.731343283582089221e-02,4.477611940298507204e-02
1.264367816091954144e-01,1.034482758620689641e-01,1.264367816091954144e-01,4.022988505747126520e-01,6.896551724137930939e-02,4.597701149425287293e-02,0.000000000000000000e+00,0.000000000000000000e+00,0.000000000000000000e+00,1.149425287356321823e-02,4.597701149425287293e-02,0.000000000000000000e+00,0.000000000000000000e+00,0.000000000000000000e+00,0.000000000000000000e+00,0.000000000000000000e+00,0.000000000000000000e+00,0.000000000000000000e+00,1.149425287356321823e-02,2.298850574712643646e-02,3.448275862068965469e-02
6.250000000000000000e-02,6.250000000000000000e-02,8.333333333333332871e-02,4.166666666666666435e-02,3.125000000000000000e-01,8.333333333333332871e-02,6.250000000000000000e-02,6.250000000000000000e-02,2.083333333333333218e-02,0.000000000000000000e+00,1.041666666666666713e-01,2.083333333333333218e-02,0.000000000000000000e+00,0.000000000000000000e+00,0.000000000000000000e+00,0.000000000000000000e+00,0.000000000000000000e+00,0.000000000000000000e+00,0.000000000000000000e+00,4.166666666666666435e-02,4.166666666666666435e-02
8.333333333333332871e-02,8.333333333333332871e-02,8.333333333333332871e-02,1.250000000000000000e-01,4.166666666666666435e-02,1.250000000000000000e-01,4.166666666666666435e-02,8.333333333333332871e-02,4.166666666666666435e-02,0.000000000000000000e+00,1.250000000000000000e-01,0.000000000000000000e+00,0.000000000000000000e+00,0.000000000000000000e+00,0.000000000000000000e+00,0.000000000000000000e+00,0.000000000000000000e+00,0.000000000000000000e+00,0.000000000000000000e+00,4.166666666666666435e-02,1.250000000000000000e-01
7.142857142857142461e-02,1.428571428571428492e-01,0.000000000000000000e+00,0.000000000000000000e+00,0.000000000000000000e+00,7.142857142857142461e-02,2.857142857142856984e-01,1.428571428571428492e-01,0.000000000000000000e+00,0.000000000000000000e+00,2.857142857142856984e-01,0.000000000000000000e+00,0.000000000000000000e+00,0.000000000000000000e+00,0.000000000000000000e+00,0.000000000000000000e+00,0.000000000000000000e+00,0.000000000000000000e+00,0.000000000000000000e+00,0.000000000000000000e+00,0.000000000000000000e+00
3.448275862068965469e-02,1.034482758620689641e-01,0.000000000000000000e+00,3.448275862068965469e-02,3.448275862068965469e-02,0.000000000000000000e+00,0.000000000000000000e+00,4.827586206896551935e-01,3.448275862068965469e-02,0.000000000000000000e+00,1.379310344827586188e-01,3.448275862068965469e-02,0.000000000000000000e+00,0.000000000000000000e+00,0.000000000000000000e+00,0.000000000000000000e+00,0.000000000000000000e+00,3.448275862068965469e-02,0.000000000000000000e+00,3.448275862068965469e-02,3.448275862068965469e-02
1.250000000000000000e-01,0.000000000000000000e+00,1.250000000000000000e-01,0.000000000000000000e+00,0.000000000000000000e+00,1.250000000000000000e-01,0.000000000000000000e+00,1.250000000000000000e-01,1.250000000000000000e-01,0.000000000000000000e+00,2.500000000000000000e-01,0.000000000000000000e+00,0.000000000000000000e+00,0.000000000000000000e+00,0.000000000000000000e+00,0.000000000000000000e+00,0.000000000000000000e+00,0.000000000000000000e+00,0.000000000000000000e+00,1.250000000000000000e-01,0.000000000000000000e+00
0.000000000000000000e+00,0.000000000000000000e+00,5.999999999999999778e-01,0.000000000000000000e+00,0.000000000000000000e+00,0.000000000000000000e+00,0.000000000000000000e+00,0.000000000000000000e+00,0.000000000000000000e+00,0.000000000000000000e+00,4.000000000000000222e-01,0.000000000000000000e+00,0.000000000000000000e+00,0.000000000000000000e+00,0.000000000000000000e+00,0.000000000000000000e+00,0.000000000000000000e+00,0.000000000000000000e+00,0.000000000000000000e+00,0.000000000000000000e+00,0.000000000000000000e+00
7.526881720430107781e-02,6.451612903225806273e-02,5.376344086021505458e-02,6.451612903225806273e-02,1.075268817204301161e-02,3.225806451612903136e-02,1.075268817204301161e-02,1.075268817204301161e-02,2.150537634408602322e-02,4.301075268817204644e-02,4.516129032258064391e-01,0.000000000000000000e+00,0.000000000000000000e+00,0.000000000000000000e+00,0.000000000000000000e+00,1.075268817204301161e-02,0.000000000000000000e+00,0.000000000000000000e+00,5.376344086021505458e-02,5.376344086021505458e-02,4.301075268817204644e-02
0.000000000000000000e+00,0.000000000000000000e+00,3.225806451612903136e-02,0.000000000000000000e+00,0.000000000000000000e+00,0.000000000000000000e+00,0.000000000000000000e+00,0.000000000000000000e+00,0.000000000000000000e+00,0.000000000000000000e+00,0.000000000000000000e+00,6.774193548387096309e-01,6.451612903225806273e-02,6.451612903225806273e-02,0.000000000000000000e+00,3.225806451612903136e-02,3.225806451612903136e-02,0.000000000000000000e+00,6.451612903225806273e-02,0.000000000000000000e+00,3.225806451612903136e-02
0.000000000000000000e+00,0.000000000000000000e+00,0.000000000000000000e+00,0.000000000000000000e+00,0.000000000000000000e+00,0.000000000000000000e+00,0.000000000000000000e+00,0.000000000000000000e+00,0.000000000000000000e+00,0.000000000000000000e+00,0.000000000000000000e+00,2.500000000000000000e-01,2.500000000000000000e-01,0.000000000000000000e+00,0.000000000000000000e+00,0.000000000000000000e+00,0.000000000000000000e+00,2.500000000000000000e-01,0.000000000000000000e+00,0.000000000000000000e+00,2.500000000000000000e-01
0.000000000000000000e+00,0.000000000000000000e+00,1.666666666666666574e-01,0.000000000000000000e+00,0.000000000000000000e+00,0.000000000000000000e+00,0.000000000000000000e+00,0.000000000000000000e+00,0.000000000000000000e+00,0.000000000000000000e+00,0.000000000000000000e+00,1.666666666666666574e-01,0.000000000000000000e+00,1.666666666666666574e-01,1.666666666666666574e-01,0.000000000000000000e+00,0.000000000000000000e+00,0.000000000000000000e+00,1.666666666666666574e-01,1.666666666666666574e-01,0.000000000000000000e+00
0.000000000000000000e+00,3.125000000000000000e-02,0.000000000000000000e+00,0.000000000000000000e+00,3.125000000000000000e-02,0.000000000000000000e+00,0.000000000000000000e+00,0.000000000000000000e+00,0.000000000000000000e+00,0.000000000000000000e+00,0.000000000000000000e+00,0.000000000000000000e+00,0.000000000000000000e+00,0.000000000000000000e+00,6.875000000000000000e-01,1.562500000000000000e-01,3.125000000000000000e-02,0.000000000000000000e+00,3.125000000000000000e-02,0.000000000000000000e+00,3.125000000000000000e-02
0.000000000000000000e+00,2.564102564102564014e-02,0.000000000000000000e+00,0.000000000000000000e+00,0.000000000000000000e+00,0.000000000000000000e+00,0.000000000000000000e+00,0.000000000000000000e+00,0.000000000000000000e+00,0.000000000000000000e+00,0.000000000000000000e+00,2.564102564102564014e-02,0.000000000000000000e+00,0.000000000000000000e+00,7.692307692307692735e-02,5.641025641025640969e-01,1.282051282051281937e-01,1.025641025641025605e-01,5.128205128205128027e-02,2.564102564102564014e-02,0.000000000000000000e+00
0.000000000000000000e+00,0.000000000000000000e+00,0.000000000000000000e+00,0.000000000000000000e+00,0.000000000000000000e+00,0.000000000000000000e+00,0.000000000000000000e+00,0.000000000000000000e+00,0.000000000000000000e+00,0.000000000000000000e+00,0.000000000000000000e+00,1.204819277108433798e-02,0.000000000000000000e+00,0.000000000000000000e+00,0.000000000000000000e+00,2.409638554216867595e-02,6.746987951807228434e-01,1.927710843373494076e-01,6.024096385542168641e-02,2.409638554216867595e-02,1.204819277108433798e-02
1.739130434782608717e-02,0.000000000000000000e+00,0.000000000000000000e+00,0.000000000000000000e+00,0.000000000000000000e+00,0.000000000000000000e+00,0.000000000000000000e+00,0.000000000000000000e+00,0.000000000000000000e+00,0.000000000000000000e+00,0.000000000000000000e+00,0.000000000000000000e+00,0.000000000000000000e+00,0.000000000000000000e+00,0.000000000000000000e+00,1.739130434782608717e-02,9.565217391304348116e-02,5.217391304347825942e-01,2.521739130434782483e-01,5.217391304347825803e-02,4.347826086956521618e-02
9.868421052631578400e-03,3.289473684210526133e-03,9.868421052631578400e-03,0.000000000000000000e+00,0.000000000000000000e+00,0.000000000000000000e+00,0.000000000000000000e+00,0.000000000000000000e+00,0.000000000000000000e+00,3.289473684210526133e-03,6.578947368421052266e-03,3.289473684210526133e-03,0.000000000000000000e+00,6.578947368421052266e-03,6.578947368421052266e-03,0.000000000000000000e+00,1.315789473684210453e-02,6.907894736842105921e-02,6.381578947368421462e-01,2.039473684210526272e-01,2.631578947368420907e-02
2.417962003454231582e-02,1.208981001727115791e-02,6.908462867012089489e-03,6.908462867012089489e-03,0.000000000000000000e+00,0.000000000000000000e+00,0.000000000000000000e+00,0.000000000000000000e+00,0.000000000000000000e+00,0.000000000000000000e+00,5.181347150259067551e-03,0.000000000000000000e+00,0.000000000000000000e+00,3.454231433506044745e-03,1.727115716753022372e-03,1.727115716753022372e-03,3.454231433506044745e-03,6.908462867012089489e-03,5.872193436960276153e-02,7.115716753022452989e-01,1.571675302245250372e-01
1.396332863187588202e-01,2.256699576868829299e-02,1.269393511988716437e-02,8.462623413258110738e-03,5.641748942172073247e-03,2.820874471086036624e-03,1.410437235543018312e-03,4.231311706629055369e-03,0.000000000000000000e+00,0.000000000000000000e+00,9.873060648801128616e-03,0.000000000000000000e+00,1.410437235543018312e-03,1.410437235543018312e-03,1.410437235543018312e-03,1.410437235543018312e-03,2.820874471086036624e-03,7.052186177715091993e-03,1.269393511988716437e-02,8.180535966149506122e-02,6.826516220028209236e-01
