2.500000000000000000e-01,0.000000000000000000e+00,0.000000000000000000e+00,0.000000000000000000e+00,0.000000000000000000e+00,0.000000000000000000e+00,8.333333333333332871e-02,2.500000000000000000e-01,0.000000000000000000e+00,1.666666666666666574e-01,8.333333333333332871e-02,0.000000000000000000e+00,0.000000000000000000e+00,0.000000000000000000e+00,8.333333333333332871e-02,0.000000000000000000e+00,0.000000000000000000e+00,0.000000000000000000e+00,0.000000000000000000e+00,0.000000000000000000e+00,0.000000000000000000e+00,8.333333333333332871e-02
0.000000000000000000e+00,0.000000000000000000e+00,2.000000000000000111e-01,0.000000000000000000e+00,2.000000000000000111e-01,0.000000000000000000e+00,0.000000000000000000e+00,0.000000000000000000e+00,0.000000000000000000e+00,0.000000000000000000e+00,4.000000000000000222e-01,0.000000000000000000e+00,0.000000000000000000e+00,2.000000000000000111e-01,0.000000000000000000e+00,0.000000000000000000e+00,0.000000000000000000e+00,0.000000000000000000e+00,0.000000000000000000e+00,0.000000000000000000e+00,0.000000000000000000e+00,0.000000000000000000e+00
0.000000000000000000e+00,0.000000000000000000e+00,0.000000000000000000e+00,0.000000000000000000e+00,0.000000000000000000e+00,0.000000000000000000e+00,0.000000000000000000e+00,3.333333333333333148e-01,1.666666666666666574e-01,1.666666666666666574e-01,0.000000000000000000e+00,3.333333333333333148e-01,0.000000000000000000e+00,0.000000000000000000e+00,0.000000000000000000e+00,0.000000000000000000e+00,0.000000000000000000e+00,0.000000000000000000e+00,0.000000000000000000e+00,0.000000000000000000e+00,0.000000000000000000e+00,0.000000000000000000e+00
0.000000000000000000e+00,0.000000000000000000e+00,0.000000000000000000e+00,1.818181818181818232e-01,0.000000000000000000e+00,0.000000000000000000e+00,0.000000000000000000e+00,1.818181818181818232e-01,0.000000000000000000e+00,1.818181818181818232e-01,3.636363636363636465e-01,9.090909090909091161e-02,0.000000000000000000e+00,0.000000000000000000e+00,0.000000000000000000e+00,0.000000000000000000e+00,0.000000000000000000e+00,0.000000000000000000e+00,0.000000000000000000e+00,0.000000000000000000e+00,0.000000000000000000e+00,0.000000000000000000e+00
0.000000000000000000e+00,0.000000000000000000e+00,0.000000000000000000e+00,4.545454545454545581e-02,3.181818181818181768e-01,4.545454545454545581e-02,9.090909090909091161e-02,0.000000000000000000e+00,4.545454545454545581e-02,9.090909090909091161e-02,1.818181818181818232e-01,4.545454545454545581e-02,0.000000000000000000e+00,4.545454545454545581e-02,0.000000000000000000e+00,0.000000000000000000e+00,0.000000000000000000e+00,0.000000000000000000e+00,4.545454545454545581e-02,0.000000000000000000e+00,0.000000000000000000e+00,4.545454545454545581e-02
0.000000000000000000e+00,0.000000000000000000e+00,0.000000000000000000e+00,1.960784313725490169e-02,7.843137254901960675e-02,6.078431372549019107e-01,1.960784313725490169e-02,3.921568627450980338e-02,3.921568627450980338e-02,1.176470588235294101e-01,1.960784313725490169e-02,1.960784313725490169e-02,3.921568627450980338e-02,0.000000000000000000e+00,0.000000000000000000e+00,0.000000000000000000e+00,0.000000000000000000e+00,0.000000000000000000e+00,0.000000000000000000e+00,0.000000000000000000e+00,0.000000000000000000e+00,0.000000000000000000e+00
0.000000000000000000e+00,0.000000000000000000e+00,0.000000000000000000e+00,0.000000000000000000e+00,1.149425287356321823e-02,5.747126436781609116e-02,4.137931034482758563e-01,4.597701149425287293e-02,8.045977011494252762e-02,1.379310344827586188e-01,9.195402298850574585e-02,1.034482758620689641e-01,2.298850574712643646e-02,0.000000000000000000e+00,3.448275862068965469e-02,0.000000000000000000e+00,0.000000000000000000e+00,0.000000000000000000e+00,0.000000000000000000e+00,0.000000000000000000e+00,0.000000000000000000e+00,0.000000000000000000e+00
1.369863013698630061e-02,0.000000000000000000e+00,0.000000000000000000e+00,0.000000000000000000e+00,6.849315068493150305e-03,2.739726027397260122e-02,8.219178082191780366e-02,5.273972602739726012e-01,1.164383561643835552e-01,6.164383561643835274e-02,8.219178082191780366e-02,4.109589041095890183e-02,2.739726027397260122e-02,6.849315068493150305e-03,0.000000000000000000e+00,0.000000000000000000e+00,6.849315068493150305e-03,0.000000000000000000e+00,0.000000000000000000e+00,0.000000000000000000e+00,0.000000000000000000e+00,0.000000000000000000e+00
0.000000000000000000e+00,0.000000000000000000e+00,0.000000000000000000e+00,3.787878787878787984e-03,3.787878787878787984e-03,3.787878787878787984e-03,4.166666666666666435e-02,5.303030303030303177e-02,5.000000000000000000e-01,1.628787878787878729e-01,1.136363636363636326e-01,4.924242424242424032e-02,4.166666666666666435e-02,1.515151515151515194e-02,3.787878787878787984e-03,0.000000000000000000e+00,0.000000000000000000e+00,0.000000000000000000e+00,0.000000000000000000e+00,0.000000000000000000e+00,0.000000000000000000e+00,7.575757575757575968e-03
2.155172413793103418e-03,2.155172413793103418e-03,2.155172413793103418e-03,2.155172413793103418e-03,2.155172413793103418e-03,6.465517241379310255e-03,1.724137931034482735e-02,4.310344827586207184e-02,9.267241379310345306e-02,5.948275862068965747e-01,1.508620689655172376e-01,4.094827586206896408e-02,2.370689655172413673e-02,6.465517241379310255e-03,2.155172413793103418e-03,6.465517241379310255e-03,0.000000000000000000e+00,0.000000000000000000e+00,0.000000000000000000e+00,0.000000000000000000e+00,0.000000000000000000e+00,4.310344827586206837e-03
0.000000000000000000e+00,0.000000000000000000e+00,0.000000000000000000e+00,2.283105022831050102e-03,2.283105022831050102e-03,2.283105022831050102e-03,5.707762557077625254e-03,1.369863013698630061e-02,4.109589041095890183e-02,1.004566210045662045e-01,7.089041095890410427e-01,7.876712328767122850e-02,2.625570776255707617e-02,1.027397260273972546e-02,4.566210045662100203e-03,1.141552511415525051e-03,0.000000000000000000e+00,1.141552511415525051e-03,1.141552511415525051e-03,0.000000000000000000e+00,0.000000000000000000e+00,0.000000000000000000e+00
0.000000000000000000e+00,0.000000000000000000e+00,0.000000000000000000e+00,0.000000000000000000e+00,0.000000000000000000e+00,4.665629860031104623e-03,6.220839813374805585e-03,1.710730948678071406e-02,2.177293934681182042e-02,2.954898911353032523e-02,1.368584758942457125e-01,6.827371695178848787e-01,7.153965785381026510e-02,9.331259720062209245e-03,6.220839813374805585e-03,0.000000000000000000e+00,3.110419906687402793e-03,0.000000000000000000e+00,3.110419906687402793e-03,1.555209953343701396e-03,0.000000000000000000e+00,6.220839813374805585e-03
3.125000000000000173e-03,0.000000000000000000e+00,0.000000000000000000e+00,0.000000000000000000e+00,0.000000000000000000e+00,3.125000000000000173e-03,6.250000000000000347e-03,9.374999999999999653e-03,1.250000000000000069e-02,6.250000000000000347e-03,6.250000000000000000e-02,1.937500000000000056e-01,5.749999999999999556e-01,7.499999999999999722e-02,9.374999999999999653e-03,1.562500000000000000e-02,6.250000000000000347e-03,1.250000000000000069e-02,0.000000000000000000e+00,0.000000000000000000e+00,0.000000000000000000e+00,9.374999999999999653e-03
0.000000000000000000e+00,0.000000000000000000e+00,0.000000000000000000e+00,0.000000000000000000e+00,0.000000000000000000e+00,1.010101010101010187e-02,0.000000000000000000e+00,0.000000000000000000e+00,0.000000000000000000e+00,1.010101010101010187e-02,9.090909090909091161e-02,1.515151515151515194e-01,2.727272727272727071e-01,2.929292929292929282e-01,6.060606060606060774e-02,5.050505050505050414e-02,0.000000000000000000e+00,2.020202020202020374e-02,0.000000000000000000e+00,1.010101010101010187e-02,0.000000000000000000e+00,3.030303030303030387e-02
0.000000000000000000e+00,0.000000000000000000e+00,0.000000000000000000e+00,0.000000000000000000e+00,0.000000000000000000e+00,0.000000000000000000e+00,0.000000000000000000e+00,0.000000000000000000e+00,0.000000000000000000e+00,2.941176470588235253e-02,5.882352941176470507e-02,1.470588235294117696e-01,1.470588235294117696e-01,2.058823529411764608e-01,1.764705882352941291e-01,1.176470588235294101e-01,0.000000000000000000e+00,0.000000000000000000e+00,5.882352941176470507e-02,0.000000000000000000e+00,0.000000000000000000e+00,5.882352941176470507e-02
0.000000000000000000e+00,0.000000000000000000e+00,0.000000000000000000e+00,0.000000000000000000e+00,0.000000000000000000e+00,0.000000000000000000e+00,2.564102564102564014e-02,0.000000000000000000e+00,0.000000000000000000e+00,0.000000000000000000e+00,0.000000000000000000e+00,5.128205128205128027e-02,7.692307692307692735e-02,1.282051282051281937e-01,1.538461538461538547e-01,3.589743589743589758e-01,1.025641025641025605e-01,5.128205128205128027e-02,0.000000000000000000e+00,0.000000000000000000e+00,0.000000000000000000e+00,5.128205128205128027e-02
0.000000000000000000e+00,0.000000000000000000e+00,0.000000000000000000e+00,0.000000000000000000e+00,0.000000000000000000e+00,6.250000000000000000e-02,0.000000000000000000e+00,0.000000000000000000e+00,0.000000000000000000e+00,0.000000000000000000e+00,0.000000000000000000e+00,6.250000000000000000e-02,1.875000000000000000e-01,6.250000000000000000e-02,6.250000000000000000e-02,1.875000000000000000e-01,1.250000000000000000e-01,6.250000000000000000e-02,6.250000000000000000e-02,0.000000000000000000e+00,6.250000000000000000e-02,6.250000000000000000e-02
0.000000000000000000e+00,0.000000000000000000e+00,0.000000000000000000e+00,0.000000000000000000e+00,0.000000000000000000e+00,0.000000000000000000e+00,0.000000000000000000e+00,0.000000000000000000e+00,0.000000000000000000e+00,0.000000000000000000e+00,5.000000000000000278e-02,1.000000000000000056e-01,2.000000000000000111e-01,5.000000000000000278e-02,1.000000000000000056e-01,1.000000000000000056e-01,5.000000000000000278e-02,2.000000000000000111e-01,0.000000000000000000e+00,5.000000000000000278e-02,0.000000000000000000e+00,1.000000000000000056e-01
0.000000000000000000e+00,0.000000000000000000e+00,0.000000000000000000e+00,0.000000000000000000e+00,0.000000000000000000e+00,0.000000000000000000e+00,0.000000000000000000e+00,0.000000000000000000e+00,0.000000000000000000e+00,0.000000000000000000e+00,0.000000000000000000e+00,8.333333333333332871e-02,8.333333333333332871e-02,0.000000000000000000e+00,0.000000000000000000e+00,8.333333333333332871e-02,1.666666666666666574e-01,0.000000000000000000e+00,1.666666666666666574e-01,0.000000000000000000e+00,0.000000000000000000e+00,4.166666666666666852e-01
0.000000000000000000e+00,0.000000000000000000e+00,0.000000000000000000e+00,0.000000000000000000e+00,0.000000000000000000e+00,0.000000000000000000e+00,0.000000000000000000e+00,0.000000000000000000e+00,0.000000000000000000e+00,0.000000000000000000e+00,0.000000000000000000e+00,0.000000000000000000e+00,0.000000000000000000e+00,0.000000000000000000e+00,0.000000000000000000e+00,0.000000000000000000e+00,1.818181818181818232e-01,9.090909090909091161e-02,9.090909090909091161e-02,2.727272727272727071e-01,0.000000000000000000e+00,3.636363636363636465e-01
0.000000000000000000e+00,0.000000000000000000e+00,0.000000000000000000e+00,0.000000000000000000e+00,0.000000000000000000e+00,0.000000000000000000e+00,0.000000000000000000e+00,0.000000000000000000e+00,0.000000000000000000e+00,0.000000000000000000e+00,0.000000000000000000e+00,0.000000000000000000e+00,0.000000000000000000e+00,0.000000000000000000e+00,0.000000000000000000e+00,0.000000000000000000e+00,0.000000000000000000e+00,3.333333333333333148e-01,0.000000000000000000e+00,0.000000000000000000e+00,3.333333333333333148e-01,3.333333333333333148e-01
0.000000000000000000e+00,0.000000000000000000e+00,0.000000000000000000e+00,0.000000000000000000e+00,0.000000000000000000e+00,0.000000000000000000e+00,0.000000000000000000e+00,0.000000000000000000e+00,0.000000000000000000e+00,3.333333333333333287e-02,0.000000000000000000e+00,3.333333333333333287e-02,3.333333333333333287e-02,3.333333333333333287e-02,1.666666666666666644e-02,0.000000000000000000e+00,5.000000000000000278e-02,1.000000000000000056e-01,3.333333333333333287e-02,1.000000000000000056e-01,1.666666666666666644e-02,5.500000000000000444e-01
