0.000000000000000000e+00,0.000000000000000000e+00,0.000000000000000000e+00,0.000000000000000000e+00,0.000000000000000000e+00,0.000000000000000000e+00,0.000000000000000000e+00,0.000000000000000000e+00,0.000000000000000000e+00,0.000000000000000000e+00,0.000000000000000000e+00,2.222222222222222099e-01,0.000000000000000000e+00,1.111111111111111049e-01,3.333333333333333148e-01,0.000000000000000000e+00,0.000000000000000000e+00,0.000000000000000000e+00,0.000000000000000000e+00,0.000000000000000000e+00,0.000000000000000000e+00,3.333333333333333148e-01
1.086956521739130405e-02,6.630434782608695121e-01,0.000000000000000000e+00,0.000000000000000000e+00,4.347826086956521618e-02,4.347826086956521618e-02,6.521739130434782428e-02,8.695652173913043237e-02,3.260869565217391214e-02,1.086956521739130405e-02,1.086956521739130405e-02,0.000000000000000000e+00,0.000000000000000000e+00,1.086956521739130405e-02,1.086956521739130405e-02,0.000000000000000000e+00,0.000000000000000000e+00,0.000000000000000000e+00,0.000000000000000000e+00,0.000000000000000000e+00,0.000000000000000000e+00,1.086956521739130405e-02
5.000000000000000278e-02,0.000000000000000000e+00,5.000000000000000000e-01,5.000000000000000278e-02,2.000000000000000111e-01,5.000000000000000278e-02,5.000000000000000278e-02,5.000000000000000278e-02,0.000000000000000000e+00,0.000000000000000000e+00,0.000000000000000000e+00,5.000000000000000278e-02,0.000000000000000000e+00,0.000000000000000000e+00,0.000000000000000000e+00,0.000000000000000000e+00,0.000000000000000000e+00,0.000000000000000000e+00,0.000000000000000000e+00,0.000000000000000000e+00,0.000000000000000000e+00,0.000000000000000000e+00
4.687500000000000000e-02,3.125000000000000000e-02,6.250000000000000000e-02,5.312500000000000000e-01,1.250000000000000000e-01,1.406250000000000000e-01,4.687500000000000000e-02,1.562500000000000000e-02,0.000000000000000000e+00,0.000000000000000000e+00,0.000000000000000000e+00,0.000000000000000000e+00,0.000000000000000000e+00,0.000000000000000000e+00,0.000000000000000000e+00,0.000000000000000000e+00,0.000000000000000000e+00,0.000000000000000000e+00,0.000000000000000000e+00,0.000000000000000000e+00,0.000000000000000000e+00,0.000000000000000000e+00
4.477611940298507724e-03,1.044776119402985107e-02,5.970149253731343343e-03,3.731343283582089221e-02,7.417910447761194570e-01,1.358208955223880465e-01,3.283582089552238709e-02,1.343283582089552231e-02,2.985074626865671672e-03,1.492537313432835836e-03,1.492537313432835836e-03,1.492537313432835836e-03,1.492537313432835836e-03,1.492537313432835836e-03,0.000000000000000000e+00,0.000000000000000000e+00,1.492537313432835836e-03,0.000000000000000000e+00,0.000000000000000000e+00,0.000000000000000000e+00,0.000000000000000000e+00,5.970149253731343343e-03
0.000000000000000000e+00,3.254678600488201696e-03,0.000000000000000000e+00,8.136696501220504240e-04,1.008950366151342565e-01,7.827502034174125267e-01,8.299430431244914086e-02,1.790073230268510868e-02,4.068348250610252445e-03,1.627339300244100848e-03,1.627339300244100848e-03,0.000000000000000000e+00,0.000000000000000000e+00,0.000000000000000000e+00,0.000000000000000000e+00,0.000000000000000000e+00,0.000000000000000000e+00,0.000000000000000000e+00,0.000000000000000000e+00,0.000000000000000000e+00,0.000000000000000000e+00,4.068348250610252445e-03
0.000000000000000000e+00,3.016591251885369657e-03,1.508295625942684829e-03,0.000000000000000000e+00,2.413273001508295726e-02,2.141779788838612253e-01,6.380090497737556099e-01,7.390648567119155465e-02,2.413273001508295726e-02,3.016591251885369657e-03,3.016591251885369657e-03,1.508295625942684829e-03,3.016591251885369657e-03,1.508295625942684829e-03,0.000000000000000000e+00,0.000000000000000000e+00,1.508295625942684829e-03,0.000000000000000000e+00,0.000000000000000000e+00,1.508295625942684829e-03,0.000000000000000000e+00,6.033182503770739315e-03
2.475247524752475278e-03,7.425742574257425399e-03,2.475247524752475278e-03,0.000000000000000000e+00,1.237623762376237682e-02,4.455445544554455239e-02,2.153465346534653435e-01,5.965346534653465094e-01,6.930693069306931298e-02,2.227722772277227620e-02,2.475247524752475278e-03,4.950495049504950555e-03,4.950495049504950555e-03,4.950495049504950555e-03,2.475247524752475278e-03,0.000000000000000000e+00,0.000000000000000000e+00,0.000000000000000000e+00,0.000000000000000000e+00,0.000000000000000000e+00,0.000000000000000000e+00,7.425742574257425399e-03
0.000000000000000000e+00,8.438818565400843172e-03,0.000000000000000000e+00,0.000000000000000000e+00,4.219409282700421586e-03,3.375527426160337269e-02,7.172995780590717130e-02,1.772151898734177222e-01,5.696202531645570000e-01,8.860759493670886111e-02,1.265822784810126563e-02,8.438818565400843172e-03,8.438818565400843172e-03,0.000000000000000000e+00,4.219409282700421586e-03,4.219409282700421586e-03,0.000000000000000000e+00,0.000000000000000000e+00,0.000000000000000000e+00,0.000000000000000000e+00,0.000000000000000000e+00,8.438818565400843172e-03
0.000000000000000000e+00,4.385964912280701511e-03,0.000000000000000000e+00,0.000000000000000000e+00,0.000000000000000000e+00,1.315789473684210453e-02,2.192982456140350755e-02,3.508771929824561209e-02,1.228070175438596423e-01,6.271929824561403022e-01,1.140350877192982393e-01,2.631578947368420907e-02,4.385964912280701511e-03,4.385964912280701511e-03,8.771929824561403022e-03,0.000000000000000000e+00,4.385964912280701511e-03,0.000000000000000000e+00,0.000000000000000000e+00,0.000000000000000000e+00,0.000000000000000000e+00,1.315789473684210453e-02
0.000000000000000000e+00,7.407407407407407690e-03,0.000000000000000000e+00,0.000000000000000000e+00,0.000000000000000000e+00,7.407407407407407690e-03,7.407407407407407690e-03,7.407407407407407690e-03,1.481481481481481538e-02,1.703703703703703665e-01,5.777777777777777235e-01,1.407407407407407496e-01,7.407407407407407690e-03,1.481481481481481538e-02,7.407407407407407690e-03,2.222222222222222307e-02,0.000000000000000000e+00,0.000000000000000000e+00,0.000000000000000000e+00,0.000000000000000000e+00,7.407407407407407690e-03,7.407407407407407690e-03
0.000000000000000000e+00,0.000000000000000000e+00,0.000000000000000000e+00,0.000000000000000000e+00,0.000000000000000000e+00,1.492537313432835792e-02,2.985074626865671585e-02,7.462686567164178442e-02,4.477611940298507204e-02,8.955223880597014408e-02,2.388059701492537268e-01,3.880597014925373234e-01,7.462686567164178442e-02,4.477611940298507204e-02,0.000000000000000000e+00,0.000000000000000000e+00,0.000000000000000000e+00,0.000000000000000000e+00,0.000000000000000000e+00,0.000000000000000000e+00,0.000000000000000000e+00,0.000000000000000000e+00
0.000000000000000000e+00,0.000000000000000000e+00,0.000000000000000000e+00,0.000000000000000000e+00,0.000000000000000000e+00,6.666666666666666574e-02,3.333333333333333287e-02,0.000000000000000000e+00,1.000000000000000056e-01,1.333333333333333315e-01,1.000000000000000056e-01,2.000000000000000111e-01,2.666666666666666630e-01,0.000000000000000000e+00,0.000000000000000000e+00,6.666666666666666574e-02,3.333333333333333287e-02,0.000000000000000000e+00,0.000000000000000000e+00,0.000000000000000000e+00,0.000000000000000000e+00,0.000000000000000000e+00
0.000000000000000000e+00,3.225806451612903136e-02,0.000000000000000000e+00,0.000000000000000000e+00,0.000000000000000000e+00,0.000000000000000000e+00,6.451612903225806273e-02,6.451612903225806273e-02,9.677419354838709409e-02,6.451612903225806273e-02,1.290322580645161255e-01,9.677419354838709409e-02,9.677419354838709409e-02,2.580645161290322509e-01,0.000000000000000000e+00,0.000000000000000000e+00,0.000000000000000000e+00,0.000000000000000000e+00,0.000000000000000000e+00,0.000000000000000000e+00,0.000000000000000000e+00,9.677419354838709409e-02
0.000000000000000000e+00,1.428571428571428492e-01,0.000000000000000000e+00,0.000000000000000000e+00,0.000000000000000000e+00,0.000000000000000000e+00,0.000000000000000000e+00,1.428571428571428492e-01,0.000000000000000000e+00,1.428571428571428492e-01,0.000000000000000000e+00,0.000000000000000000e+00,1.428571428571428492e-01,2.857142857142856984e-01,0.000000000000000000e+00,0.000000000000000000e+00,0.000000000000000000e+00,0.000000000000000000e+00,0.000000000000000000e+00,0.000000000000000000e+00,0.000000000000000000e+00,1.428571428571428492e-01
0.000000000000000000e+00,0.000000000000000000e+00,0.000000000000000000e+00,0.000000000000000000e+00,0.000000000000000000e+00,0.000000000000000000e+00,0.000000000000000000e+00,0.000000000000000000e+00,0.000000000000000000e+00,1.818181818181818232e-01,0.000000000000000000e+00,9.090909090909091161e-02,1.818181818181818232e-01,9.090909090909091161e-02,9.090909090909091161e-02,3.636363636363636465e-01,0.000000000000000000e+00,0.000000000000000000e+00,0.000000000000000000e+00,0.000000000000000000e+00,0.000000000000000000e+00,0.000000000000000000e+00
0.000000000000000000e+00,0.000000000000000000e+00,0.000000000000000000e+00,0.000000000000000000e+00,0.000000000000000000e+00,0.000000000000000000e+00,0.000000000000000000e+00,0.000000000000000000e+00,0.000000000000000000e+00,0.000000000000000000e+00,0.000000000000000000e+00,0.000000000000000000e+00,0.000000000000000000e+00,0.000000000000000000e+00,3.333333333333333148e-01,0.000000000000000000e+00,3.333333333333333148e-01,0.000000000000000000e+00,1.666666666666666574e-01,0.000000000000000000e+00,0.000000000000000000e+00,1.666666666666666574e-01
0.000000000000000000e+00,0.000000000000000000e+00,0.000000000000000000e+00,0.000000000000000000e+00,0.000000000000000000e+00,0.000000000000000000e+00,0.000000000000000000e+00,0.000000000000000000e+00,0.000000000000000000e+00,0.000000000000000000e+00,0.000000000000000000e+00,0.000000000000000000e+00,0.000000000000000000e+00,0.000000000000000000e+00,7.142857142857142461e-02,7.142857142857142461e-02,0.000000000000000000e+00,5.000000000000000000e-01,3.571428571428571508e-01,0.000000000000000000e+00,0.000000000000000000e+00,0.000000000000000000e+00
0.000000000000000000e+00,0.000000000000000000e+00,0.000000000000000000e+00,0.000000000000000000e+00,0.000000000000000000e+00,0.000000000000000000e+00,0.000000000000000000e+00,0.000000000000000000e+00,1.000000000000000056e-01,0.000000000000000000e+00,0.000000000000000000e+00,0.000000000000000000e+00,0.000000000000000000e+00,0.000000000000000000e+00,0.000000000000000000e+00,1.000000000000000056e-01,0.000000000000000000e+00,5.000000000000000000e-01,1.000000000000000056e-01,1.000000000000000056e-01,0.000000000000000000e+00,1.000000000000000056e-01
0.000000000000000000e+00,0.000000000000000000e+00,0.000000000000000000e+00,0.000000000000000000e+00,0.000000000000000000e+00,0.000000000000000000e+00,1.428571428571428492e-01,0.000000000000000000e+00,0.000000000000000000e+00,0.000000000000000000e+00,0.000000000000000000e+00,1.428571428571428492e-01,0.000000000000000000e+00,1.428571428571428492e-01,0.000000000000000000e+00,0.000000000000000000e+00,1.428571428571428492e-01,0.000000000000000000e+00,0.000000000000000000e+00,1.428571428571428492e-01,1.428571428571428492e-01,1.428571428571428492e-01
0.000000000000000000e+00,0.000000000000000000e+00,0.000000000000000000e+00,0.000000000000000000e+00,0.000000000000000000e+00,0.000000000000000000e+00,1.428571428571428492e-01,0.000000000000000000e+00,0.000000000000000000e+00,0.000000000000000000e+00,0.000000000000000000e+00,0.000000000000000000e+00,0.000000000000000000e+00,0.000000000000000000e+00,0.000000000000000000e+00,1.428571428571428492e-01,1.428571428571428492e-01,0.000000000000000000e+00,0.000000000000000000e+00,4.285714285714285476e-01,0.000000000000000000e+00,1.428571428571428492e-01
0.000000000000000000e+00,1.351351351351351426e-02,0.000000000000000000e+00,0.000000000000000000e+00,1.351351351351351426e-02,2.702702702702702853e-02,5.405405405405405705e-02,8.108108108108108558e-02,5.405405405405405705e-02,5.405405405405405705e-02,2.702702702702702853e-02,1.351351351351351426e-02,4.054054054054054279e-02,1.081081081081081141e-01,1.351351351351351426e-02,0.000000000000000000e+00,1.351351351351351426e-02,1.351351351351351426e-02,0.000000000000000000e+00,1.351351351351351426e-02,4.054054054054054279e-02,4.189189189189189144e-01
