0.000000000000000000e+00,3.333333333333333148e-01,6.666666666666666297e-01,0.000000000000000000e+00,0.000000000000000000e+00,0.000000000000000000e+00,0.000000000000000000e+00,0.000000000000000000e+00,0.000000000000000000e+00,0.000000000000000000e+00,0.000000000000000000e+00,0.000000000000000000e+00,0.000000000000000000e+00,0.000000000000000000e+00,0.000000000000000000e+00,0.000000000000000000e+00,0.000000000000000000e+00,0.000000000000000000e+00,0.000000000000000000e+00,0.000000000000000000e+00,0.000000000000000000e+00,0.000000000000000000e+00
0.000000000000000000e+00,6.560000000000000275e-01,4.000000000000000083e-02,2.400000000000000050e-02,2.400000000000000050e-02,7.199999999999999456e-02,4.000000000000000083e-02,6.400000000000000133e-02,1.600000000000000033e-02,3.200000000000000067e-02,0.000000000000000000e+00,1.600000000000000033e-02,0.000000000000000000e+00,1.600000000000000033e-02,0.000000000000000000e+00,0.000000000000000000e+00,0.000000000000000000e+00,0.000000000000000000e+00,0.000000000000000000e+00,0.000000000000000000e+00,0.000000000000000000e+00,0.000000000000000000e+00
0.000000000000000000e+00,4.166666666666666435e-02,2.083333333333333426e-01,3.750000000000000000e-01,3.750000000000000000e-01,0.000000000000000000e+00,0.000000000000000000e+00,0.000000000000000000e+00,0.000000000000000000e+00,0.000000000000000000e+00,0.000000000000000000e+00,0.000000000000000000e+00,0.000000000000000000e+00,0.000000000000000000e+00,0.000000000000000000e+00,0.000000000000000000e+00,0.000000000000000000e+00,0.000000000000000000e+00,0.000000000000000000e+00,0.000000000000000000e+00,0.000000000000000000e+00,0.000000000000000000e+00
0.000000000000000000e+00,0.000000000000000000e+00,9.803921568627450844e-03,5.392156862745097756e-01,4.019607843137255054e-01,3.921568627450980338e-02,9.803921568627450844e-03,0.000000000000000000e+00,0.000000000000000000e+00,0.000000000000000000e+00,0.000000000000000000e+00,0.000000000000000000e+00,0.000000000000000000e+00,0.000000000000000000e+00,0.000000000000000000e+00,0.000000000000000000e+00,0.000000000000000000e+00,0.000000000000000000e+00,0.000000000000000000e+00,0.000000000000000000e+00,0.000000000000000000e+00,0.000000000000000000e+00
0.000000000000000000e+00,0.000000000000000000e+00,3.516998827667057632e-03,1.172332942555685820e-02,8.053927315357561900e-01,1.606096131301289476e-01,9.378663540445485863e-03,1.172332942555685733e-03,3.516998827667057632e-03,0.000000000000000000e+00,1.172332942555685733e-03,0.000000000000000000e+00,2.344665885111371466e-03,0.000000000000000000e+00,0.000000000000000000e+00,0.000000000000000000e+00,1.172332942555685733e-03,0.000000000000000000e+00,0.000000000000000000e+00,0.000000000000000000e+00,0.000000000000000000e+00,0.000000000000000000e+00
0.000000000000000000e+00,8.345978755690439468e-03,7.587253414264036669e-04,7.587253414264036669e-04,5.538694992412746682e-02,8.194233687405159117e-01,9.028831562974203029e-02,1.289833080424886147e-02,3.034901365705614668e-03,7.587253414264036669e-04,0.000000000000000000e+00,1.517450682852807334e-03,1.517450682852807334e-03,0.000000000000000000e+00,0.000000000000000000e+00,0.000000000000000000e+00,0.000000000000000000e+00,7.587253414264036669e-04,0.000000000000000000e+00,0.000000000000000000e+00,7.587253414264036669e-04,3.793626707132018334e-03
0.000000000000000000e+00,9.188361408882083498e-03,0.000000000000000000e+00,3.062787136294027688e-03,2.297090352220520701e-02,1.194486983154670751e-01,7.166921898928024781e-01,9.647779479326186458e-02,1.225114854517611075e-02,3.062787136294027688e-03,4.594180704441041749e-03,1.531393568147013844e-03,3.062787136294027688e-03,0.000000000000000000e+00,1.531393568147013844e-03,0.000000000000000000e+00,1.531393568147013844e-03,0.000000000000000000e+00,0.000000000000000000e+00,0.000000000000000000e+00,1.531393568147013844e-03,3.062787136294027688e-03
0.000000000000000000e+00,1.759530791788856477e-02,0.000000000000000000e+00,0.000000000000000000e+00,2.052785923753665601e-02,2.639296187683284542e-02,1.055718475073313817e-01,6.187683284457478061e-01,1.612903225806451568e-01,2.932551319648094013e-02,2.932551319648093839e-03,2.932551319648093839e-03,2.932551319648093839e-03,0.000000000000000000e+00,0.000000000000000000e+00,0.000000000000000000e+00,0.000000000000000000e+00,0.000000000000000000e+00,0.000000000000000000e+00,0.000000000000000000e+00,2.932551319648093839e-03,8.797653958944282385e-03
0.000000000000000000e+00,9.803921568627450844e-03,0.000000000000000000e+00,0.000000000000000000e+00,1.960784313725490169e-02,4.901960784313725422e-02,8.333333333333332871e-02,1.421568627450980338e-01,5.147058823529411242e-01,1.078431372549019662e-01,2.450980392156862711e-02,1.470588235294117627e-02,1.960784313725490169e-02,0.000000000000000000e+00,0.000000000000000000e+00,0.000000000000000000e+00,0.000000000000000000e+00,0.000000000000000000e+00,0.000000000000000000e+00,0.000000000000000000e+00,0.000000000000000000e+00,1.470588235294117627e-02
0.000000000000000000e+00,8.771929824561403022e-03,0.000000000000000000e+00,0.000000000000000000e+00,0.000000000000000000e+00,2.631578947368420907e-02,4.385964912280701511e-02,6.140350877192982115e-02,1.491228070175438514e-01,5.263157894736841813e-01,9.649122807017543324e-02,3.508771929824561209e-02,8.771929824561403022e-03,0.000000000000000000e+00,8.771929824561403022e-03,0.000000000000000000e+00,0.000000000000000000e+00,8.771929824561403022e-03,0.000000000000000000e+00,0.000000000000000000e+00,0.000000000000000000e+00,2.631578947368420907e-02
0.000000000000000000e+00,4.838709677419354704e-02,0.000000000000000000e+00,0.000000000000000000e+00,0.000000000000000000e+00,6.451612903225806273e-02,1.612903225806451568e-02,3.225806451612903136e-02,1.612903225806451568e-02,1.290322580645161255e-01,5.161290322580645018e-01,1.290322580645161255e-01,1.612903225806451568e-02,0.000000000000000000e+00,0.000000000000000000e+00,0.000000000000000000e+00,0.000000000000000000e+00,0.000000000000000000e+00,0.000000000000000000e+00,0.000000000000000000e+00,0.000000000000000000e+00,3.225806451612903136e-02
0.000000000000000000e+00,0.000000000000000000e+00,0.000000000000000000e+00,0.000000000000000000e+00,1.851851851851851749e-02,1.851851851851851749e-02,1.851851851851851749e-02,5.555555555555555247e-02,5.555555555555555247e-02,1.111111111111111049e-01,5.555555555555555247e-02,4.444444444444444198e-01,1.296296296296296224e-01,3.703703703703703498e-02,0.000000000000000000e+00,0.000000000000000000e+00,0.000000000000000000e+00,0.000000000000000000e+00,0.000000000000000000e+00,0.000000000000000000e+00,0.000000000000000000e+00,5.555555555555555247e-02
0.000000000000000000e+00,2.222222222222222307e-02,0.000000000000000000e+00,0.000000000000000000e+00,4.444444444444444614e-02,6.666666666666666574e-02,4.444444444444444614e-02,0.000000000000000000e+00,0.000000000000000000e+00,6.666666666666666574e-02,6.666666666666666574e-02,8.888888888888889228e-02,4.000000000000000222e-01,4.444444444444444614e-02,6.666666666666666574e-02,6.666666666666666574e-02,0.000000000000000000e+00,0.000000000000000000e+00,0.000000000000000000e+00,0.000000000000000000e+00,0.000000000000000000e+00,2.222222222222222307e-02
0.000000000000000000e+00,6.250000000000000000e-02,0.000000000000000000e+00,0.000000000000000000e+00,0.000000000000000000e+00,0.000000000000000000e+00,0.000000000000000000e+00,0.000000000000000000e+00,0.000000000000000000e+00,6.250000000000000000e-02,0.000000000000000000e+00,6.250000000000000000e-02,1.250000000000000000e-01,3.125000000000000000e-01,6.250000000000000000e-02,6.250000000000000000e-02,6.250000000000000000e-02,0.000000000000000000e+00,6.250000000000000000e-02,0.000000000000000000e+00,0.000000000000000000e+00,1.250000000000000000e-01
0.000000000000000000e+00,0.000000000000000000e+00,0.000000000000000000e+00,0.000000000000000000e+00,0.000000000000000000e+00,0.000000000000000000e+00,0.000000000000000000e+00,0.000000000000000000e+00,0.000000000000000000e+00,0.000000000000000000e+00,1.428571428571428492e-01,0.000000000000000000e+00,1.428571428571428492e-01,0.000000000000000000e+00,0.000000000000000000e+00,1.428571428571428492e-01,0.000000000000000000e+00,1.428571428571428492e-01,0.000000000000000000e+00,0.000000000000000000e+00,0.000000000000000000e+00,4.285714285714285476e-01
0.000000000000000000e+00,0.000000000000000000e+00,0.000000000000000000e+00,0.000000000000000000e+00,0.000000000000000000e+00,0.000000000000000000e+00,1.250000000000000000e-01,1.250000000000000000e-01,0.000000000000000000e+00,1.250000000000000000e-01,0.000000000000000000e+00,1.250000000000000000e-01,0.000000000000000000e+00,1.250000000000000000e-01,0.000000000000000000e+00,1.250000000000000000e-01,0.000000000000000000e+00,0.000000000000000000e+00,0.000000000000000000e+00,0.000000000000000000e+00,1.250000000000000000e-01,1.250000000000000000e-01
0.000000000000000000e+00,1.428571428571428492e-01,0.000000000000000000e+00,0.000000000000000000e+00,0.000000000000000000e+00,0.000000000000000000e+00,1.428571428571428492e-01,1.428571428571428492e-01,0.000000000000000000e+00,0.000000000000000000e+00,0.000000000000000000e+00,0.000000000000000000e+00,0.000000000000000000e+00,0.000000000000000000e+00,0.000000000000000000e+00,1.428571428571428492e-01,1.428571428571428492e-01,0.000000000000000000e+00,0.000000000000000000e+00,0.000000000000000000e+00,0.000000000000000000e+00,2.857142857142856984e-01
0.000000000000000000e+00,0.000000000000000000e+00,0.000000000000000000e+00,0.000000000000000000e+00,2.500000000000000000e-01,0.000000000000000000e+00,2.500000000000000000e-01,0.000000000000000000e+00,0.000000000000000000e+00,2.500000000000000000e-01,0.000000000000000000e+00,0.000000000000000000e+00,0.000000000000000000e+00,0.000000000000000000e+00,0.000000000000000000e+00,0.000000000000000000e+00,0.000000000000000000e+00,0.000000000000000000e+00,2.500000000000000000e-01,0.000000000000000000e+00,0.000000000000000000e+00,0.000000000000000000e+00
0.000000000000000000e+00,0.000000000000000000e+00,0.000000000000000000e+00,0.000000000000000000e+00,0.000000000000000000e+00,0.000000000000000000e+00,2.000000000000000111e-01,0.000000000000000000e+00,2.000000000000000111e-01,0.000000000000000000e+00,0.000000000000000000e+00,0.000000000000000000e+00,0.000000000000000000e+00,0.000000000000000000e+00,0.000000000000000000e+00,0.000000000000000000e+00,0.000000000000000000e+00,0.000000000000000000e+00,2.000000000000000111e-01,2.000000000000000111e-01,0.000000000000000000e+00,2.000000000000000111e-01
0.000000000000000000e+00,0.000000000000000000e+00,0.000000000000000000e+00,0.000000000000000000e+00,0.000000000000000000e+00,0.000000000000000000e+00,0.000000000000000000e+00,0.000000000000000000e+00,0.000000000000000000e+00,0.000000000000000000e+00,0.000000000000000000e+00,0.000000000000000000e+00,0.000000000000000000e+00,5.000000000000000000e-01,0.000000000000000000e+00,0.000000000000000000e+00,0.000000000000000000e+00,0.000000000000000000e+00,0.000000000000000000e+00,0.000000000000000000e+00,0.000000000000000000e+00,5.000000000000000000e-01
0.000000000000000000e+00,0.000000000000000000e+00,0.000000000000000000e+00,0.000000000000000000e+00,2.000000000000000111e-01,0.000000000000000000e+00,0.000000000000000000e+00,4.000000000000000222e-01,0.000000000000000000e+00,0.000000000000000000e+00,0.000000000000000000e+00,2.000000000000000111e-01,0.000000000000000000e+00,0.000000000000000000e+00,2.000000000000000111e-01,0.000000000000000000e+00,0.000000000000000000e+00,0.000000000000000000e+00,0.000000000000000000e+00,0.000000000000000000e+00,0.000000000000000000e+00,0.000000000000000000e+00
0.000000000000000000e+00,1.587301587301587213e-02,0.000000000000000000e+00,1.587301587301587213e-02,1.587301587301587213e-02,1.587301587301587213e-02,3.174603174603174427e-02,6.349206349206348854e-02,1.587301587301587213e-02,3.174603174603174427e-02,3.174603174603174427e-02,3.174603174603174427e-02,3.174603174603174427e-02,4.761904761904761640e-02,0.000000000000000000e+00,3.174603174603174427e-02,4.761904761904761640e-02,0.000000000000000000e+00,3.174603174603174427e-02,1.587301587301587213e-02,1.587301587301587213e-02,5.079365079365079083e-01
