5.652173913043477826e-01,4.347826086956521618e-02,0.000000000000000000e+00,8.695652173913043237e-02,0.000000000000000000e+00,8.695652173913043237e-02,0.000000000000000000e+00,8.695652173913043237e-02,0.000000000000000000e+00,0.000000000000000000e+00,0.000000000000000000e+00,4.347826086956521618e-02,0.000000000000000000e+00,4.347826086956521618e-02,0.000000000000000000e+00,0.000000000000000000e+00,0.000000000000000000e+00,0.000000000000000000e+00,0.000000000000000000e+00,0.000000000000000000e+00,0.000000000000000000e+00,4.347826086956521618e-02
1.250000000000000000e-01,3.750000000000000000e-01,0.000000000000000000e+00,0.000000000000000000e+00,0.000000000000000000e+00,1.250000000000000000e-01,0.000000000000000000e+00,0.000000000000000000e+00,0.000000000000000000e+00,0.000000000000000000e+00,2.500000000000000000e-01,0.000000000000000000e+00,0.000000000000000000e+00,0.000000000000000000e+00,0.000000000000000000e+00,0.000000000000000000e+00,1.250000000000000000e-01,0.000000000000000000e+00,0.000000000000000000e+00,0.000000000000000000e+00,0.000000000000000000e+00,0.000000000000000000e+00
0.000000000000000000e+00,2.000000000000000111e-01,0.000000000000000000e+00,0.000000000000000000e+00,0.000000000000000000e+00,0.000000000000000000e+00,0.000000000000000000e+00,0.000000000000000000e+00,2.000000000000000111e-01,2.000000000000000111e-01,2.000000000000000111e-01,2.000000000000000111e-01,0.000000000000000000e+00,0.000000000000000000e+00,0.000000000000000000e+00,0.000000000000000000e+00,0.000000000000000000e+00,0.000000000000000000e+00,0.000000000000000000e+00,0.000000000000000000e+00,0.000000000000000000e+00,0.000000000000000000e+00
5.555555555555555247e-02,0.000000000000000000e+00,5.555555555555555247e-02,6.666666666666666297e-01,0.000000000000000000e+00,0.000000000000000000e+00,0.000000000000000000e+00,0.000000000000000000e+00,1.111111111111111049e-01,0.000000000000000000e+00,5.555555555555555247e-02,0.000000000000000000e+00,5.555555555555555247e-02,0.000000000000000000e+00,0.000000000000000000e+00,0.000000000000000000e+00,0.000000000000000000e+00,0.000000000000000000e+00,0.000000000000000000e+00,0.000000000000000000e+00,0.000000000000000000e+00,0.000000000000000000e+00
0.000000000000000000e+00,0.000000000000000000e+00,3.448275862068965469e-02,3.448275862068965469e-02,4.482758620689655249e-01,3.448275862068965469e-02,3.448275862068965469e-02,6.896551724137930939e-02,3.448275862068965469e-02,3.448275862068965469e-02,1.034482758620689641e-01,1.034482758620689641e-01,0.000000000000000000e+00,3.448275862068965469e-02,0.000000000000000000e+00,3.448275862068965469e-02,0.000000000000000000e+00,0.000000000000000000e+00,0.000000000000000000e+00,0.000000000000000000e+00,0.000000000000000000e+00,0.000000000000000000e+00
7.812500000000000000e-03,0.000000000000000000e+00,7.812500000000000000e-03,0.000000000000000000e+00,2.343750000000000000e-02,7.578125000000000000e-01,5.468750000000000000e-02,3.125000000000000000e-02,7.812500000000000000e-03,1.562500000000000000e-02,4.687500000000000000e-02,3.125000000000000000e-02,7.812500000000000000e-03,7.812500000000000000e-03,0.000000000000000000e+00,0.000000000000000000e+00,0.000000000000000000e+00,0.000000000000000000e+00,0.000000000000000000e+00,0.000000000000000000e+00,0.000000000000000000e+00,0.000000000000000000e+00
0.000000000000000000e+00,0.000000000000000000e+00,0.000000000000000000e+00,6.250000000000000347e-03,0.000000000000000000e+00,3.125000000000000000e-02,6.374999999999999556e-01,5.625000000000000139e-02,2.500000000000000139e-02,3.125000000000000000e-02,8.125000000000000278e-02,8.125000000000000278e-02,1.250000000000000069e-02,1.250000000000000069e-02,6.250000000000000347e-03,6.250000000000000347e-03,6.250000000000000347e-03,6.250000000000000347e-03,0.000000000000000000e+00,0.000000000000000000e+00,0.000000000000000000e+00,0.000000000000000000e+00
0.000000000000000000e+00,0.000000000000000000e+00,0.000000000000000000e+00,0.000000000000000000e+00,6.993006993006993001e-03,1.165501165501165587e-02,3.030303030303030387e-02,6.643356643356643776e-01,7.692307692307692735e-02,6.993006993006993521e-02,5.594405594405594401e-02,4.895104895104895187e-02,2.564102564102564014e-02,2.331002331002331000e-03,4.662004662004662001e-03,2.331002331002331000e-03,0.000000000000000000e+00,0.000000000000000000e+00,0.000000000000000000e+00,0.000000000000000000e+00,0.000000000000000000e+00,0.000000000000000000e+00
0.000000000000000000e+00,0.000000000000000000e+00,0.000000000000000000e+00,0.000000000000000000e+00,4.087193460490462851e-03,6.811989100817438664e-03,4.087193460490462851e-03,5.040871934604904819e-02,7.016348773841961650e-01,6.948228882833787368e-02,7.765667574931879591e-02,4.904632152588556115e-02,2.724795640326975465e-02,5.449591280653950758e-03,0.000000000000000000e+00,1.362397820163487689e-03,1.362397820163487689e-03,0.000000000000000000e+00,1.362397820163487689e-03,0.000000000000000000e+00,0.000000000000000000e+00,0.000000000000000000e+00
0.000000000000000000e+00,0.000000000000000000e+00,0.000000000000000000e+00,7.867820613690007861e-04,1.573564122738001572e-03,3.147128245476003144e-03,4.720692368214004717e-03,1.966955153422501879e-02,5.428796223446105684e-02,7.081038552321007318e-01,1.298190401258851323e-01,5.743509047993705652e-02,1.573564122738001572e-02,2.360346184107002358e-03,7.867820613690007861e-04,0.000000000000000000e+00,7.867820613690007861e-04,0.000000000000000000e+00,0.000000000000000000e+00,0.000000000000000000e+00,0.000000000000000000e+00,7.867820613690007861e-04
1.019367991845056146e-03,3.397893306150187153e-04,0.000000000000000000e+00,0.000000000000000000e+00,1.359157322460074861e-03,1.359157322460074861e-03,4.757050628610261581e-03,1.393136255521576668e-02,2.038735983690112205e-02,7.271491675161399770e-02,7.665647298674821419e-01,9.650016989466531081e-02,1.664967720013591640e-02,2.038735983690112292e-03,0.000000000000000000e+00,1.359157322460074861e-03,1.019367991845056146e-03,0.000000000000000000e+00,0.000000000000000000e+00,0.000000000000000000e+00,0.000000000000000000e+00,0.000000000000000000e+00
5.185377236193932596e-04,2.592688618096966298e-04,2.592688618096966298e-04,2.592688618096966298e-04,7.778065854290899979e-04,5.185377236193932596e-04,3.111226341716359992e-03,4.926108374384236509e-03,9.333679025149079975e-03,1.892662691210785647e-02,1.042260824474980502e-01,8.014000518537723883e-01,4.692766398755509466e-02,5.444646098003629552e-03,1.555613170858179996e-03,2.592688618096966298e-04,0.000000000000000000e+00,2.592688618096966298e-04,5.185377236193932596e-04,0.000000000000000000e+00,0.000000000000000000e+00,5.185377236193932596e-04
0.000000000000000000e+00,0.000000000000000000e+00,0.000000000000000000e+00,0.000000000000000000e+00,0.000000000000000000e+00,1.928020565552699198e-03,1.285347043701799393e-03,3.856041131105398395e-03,7.712082262210796790e-03,1.670951156812339189e-02,2.956298200514138885e-02,1.606683804627249412e-01,7.204370179948585973e-01,4.370179948586118412e-02,5.784061696658097593e-03,4.498714652956298417e-03,1.285347043701799393e-03,6.426735218508996964e-04,1.285347043701799393e-03,0.000000000000000000e+00,6.426735218508996964e-04,0.000000000000000000e+00
0.000000000000000000e+00,0.000000000000000000e+00,0.000000000000000000e+00,0.000000000000000000e+00,0.000000000000000000e+00,0.000000000000000000e+00,0.000000000000000000e+00,2.304147465437788016e-03,6.912442396313364483e-03,9.216589861751152066e-03,9.216589861751152066e-03,4.377880184331797014e-02,2.211981566820276635e-01,6.290322580645161255e-01,5.529953917050691586e-02,1.612903225806451568e-02,4.608294930875576033e-03,0.000000000000000000e+00,0.000000000000000000e+00,0.000000000000000000e+00,0.000000000000000000e+00,2.304147465437788016e-03
0.000000000000000000e+00,6.024096385542168988e-03,0.000000000000000000e+00,0.000000000000000000e+00,0.000000000000000000e+00,0.000000000000000000e+00,0.000000000000000000e+00,0.000000000000000000e+00,1.204819277108433798e-02,1.204819277108433798e-02,1.807228915662650523e-02,1.204819277108433798e-02,1.144578313253011986e-01,1.867469879518072196e-01,5.240963855421686413e-01,6.024096385542168641e-02,1.204819277108433798e-02,6.024096385542168988e-03,1.204819277108433798e-02,0.000000000000000000e+00,0.000000000000000000e+00,2.409638554216867595e-02
0.000000000000000000e+00,0.000000000000000000e+00,9.900990099009901110e-03,0.000000000000000000e+00,0.000000000000000000e+00,0.000000000000000000e+00,1.980198019801980222e-02,9.900990099009901110e-03,9.900990099009901110e-03,9.900990099009901110e-03,1.980198019801980222e-02,2.970297029702970160e-02,8.910891089108910479e-02,2.970297029702970160e-02,1.683168316831683275e-01,4.356435643564356419e-01,7.920792079207920888e-02,9.900990099009901110e-03,9.900990099009901110e-03,9.900990099009901110e-03,9.900990099009901110e-03,4.950495049504950729e-02
1.639344262295082053e-02,0.000000000000000000e+00,0.000000000000000000e+00,0.000000000000000000e+00,0.000000000000000000e+00,1.639344262295082053e-02,0.000000000000000000e+00,0.000000000000000000e+00,0.000000000000000000e+00,0.000000000000000000e+00,1.639344262295082053e-02,3.278688524590164105e-02,3.278688524590164105e-02,3.278688524590164105e-02,1.147540983606557402e-01,8.196721311475409222e-02,3.934426229508196649e-01,1.147540983606557402e-01,3.278688524590164105e-02,1.639344262295082053e-02,0.000000000000000000e+00,9.836065573770491621e-02
0.000000000000000000e+00,0.000000000000000000e+00,0.000000000000000000e+00,0.000000000000000000e+00,0.000000000000000000e+00,0.000000000000000000e+00,0.000000000000000000e+00,0.000000000000000000e+00,0.000000000000000000e+00,0.000000000000000000e+00,2.777777777777777624e-02,5.555555555555555247e-02,1.111111111111111049e-01,0.000000000000000000e+00,2.777777777777777624e-02,1.111111111111111049e-01,1.388888888888888951e-01,3.888888888888888951e-01,2.777777777777777624e-02,2.777777777777777624e-02,0.000000000000000000e+00,8.333333333333332871e-02
0.000000000000000000e+00,0.000000000000000000e+00,0.000000000000000000e+00,0.000000000000000000e+00,0.000000000000000000e+00,0.000000000000000000e+00,5.555555555555555247e-02,0.000000000000000000e+00,5.555555555555555247e-02,0.000000000000000000e+00,1.111111111111111049e-01,0.000000000000000000e+00,0.000000000000000000e+00,5.555555555555555247e-02,5.555555555555555247e-02,5.555555555555555247e-02,1.666666666666666574e-01,2.222222222222222099e-01,0.000000000000000000e+00,5.555555555555555247e-02,0.000000000000000000e+00,1.666666666666666574e-01
0.000000000000000000e+00,0.000000000000000000e+00,0.000000000000000000e+00,0.000000000000000000e+00,0.000000000000000000e+00,0.000000000000000000e+00,0.000000000000000000e+00,0.000000000000000000e+00,0.000000000000000000e+00,0.000000000000000000e+00,0.000000000000000000e+00,9.090909090909091161e-02,0.000000000000000000e+00,0.000000000000000000e+00,1.818181818181818232e-01,1.818181818181818232e-01,2.727272727272727071e-01,1.818181818181818232e-01,0.000000000000000000e+00,9.090909090909091161e-02,0.000000000000000000e+00,0.000000000000000000e+00
0.000000000000000000e+00,0.000000000000000000e+00,0.000000000000000000e+00,0.000000000000000000e+00,0.000000000000000000e+00,0.000000000000000000e+00,0.000000000000000000e+00,0.000000000000000000e+00,0.000000000000000000e+00,0.000000000000000000e+00,0.000000000000000000e+00,0.000000000000000000e+00,0.000000000000000000e+00,0.000000000000000000e+00,0.000000000000000000e+00,3.333333333333333148e-01,3.333333333333333148e-01,0.000000000000000000e+00,3.333333333333333148e-01,0.000000000000000000e+00,0.000000000000000000e+00,0.000000000000000000e+00
0.000000000000000000e+00,0.000000000000000000e+00,0.000000000000000000e+00,1.538461538461538547e-02,0.000000000000000000e+00,0.000000000000000000e+00,0.000000000000000000e+00,0.000000000000000000e+00,0.000000000000000000e+00,0.000000000000000000e+00,3.076923076923077094e-02,0.000000000000000000e+00,1.538461538461538547e-02,1.538461538461538547e-02,6.153846153846154188e-02,7.692307692307692735e-02,4.615384615384615641e-02,7.692307692307692735e-02,3.076923076923077094e-02,7.692307692307692735e-02,1.538461538461538547e-02,5.384615384615384359e-01
