8.914027149321267496e-01,4.072398190045248972e-02,9.049773755656109406e-03,9.049773755656109406e-03,4.524886877828054703e-03,4.524886877828054703e-03,4.524886877828054703e-03,0.000000000000000000e+00,4.524886877828054703e-03,0.000000000000000000e+00,0.000000000000000000e+00,0.000000000000000000e+00,4.524886877828054703e-03,0.000000000000000000e+00,0.000000000000000000e+00,4.524886877828054703e-03,0.000000000000000000e+00,0.000000000000000000e+00,0.000000000000000000e+00,0.000000000000000000e+00,4.524886877828054703e-03,1.809954751131221881e-02
1.093750000000000000e-01,5.000000000000000000e-01,1.875000000000000000e-01,4.687500000000000000e-02,6.250000000000000000e-02,1.562500000000000000e-02,0.000000000000000000e+00,0.000000000000000000e+00,1.562500000000000000e-02,1.562500000000000000e-02,0.000000000000000000e+00,0.000000000000000000e+00,0.000000000000000000e+00,1.562500000000000000e-02,0.000000000000000000e+00,0.000000000000000000e+00,0.000000000000000000e+00,0.000000000000000000e+00,0.000000000000000000e+00,0.000000000000000000e+00,0.000000000000000000e+00,3.125000000000000000e-02
1.398601398601398600e-02,5.594405594405594401e-02,6.853146853146853124e-01,1.258741258741258862e-01,4.195804195804195974e-02,2.797202797202797200e-02,1.398601398601398600e-02,6.993006993006993001e-03,1.398601398601398600e-02,0.000000000000000000e+00,6.993006993006993001e-03,0.000000000000000000e+00,0.000000000000000000e+00,0.000000000000000000e+00,0.000000000000000000e+00,0.000000000000000000e+00,0.000000000000000000e+00,6.993006993006993001e-03,0.000000000000000000e+00,0.000000000000000000e+00,0.000000000000000000e+00,0.000000000000000000e+00
0.000000000000000000e+00,1.036269430051813510e-02,7.772020725388600892e-02,6.683937823834197323e-01,1.658031088082901616e-01,2.590673575129533515e-02,5.181347150259067551e-03,2.072538860103627020e-02,5.181347150259067551e-03,5.181347150259067551e-03,5.181347150259067551e-03,0.000000000000000000e+00,0.000000000000000000e+00,0.000000000000000000e+00,5.181347150259067551e-03,0.000000000000000000e+00,0.000000000000000000e+00,5.181347150259067551e-03,0.000000000000000000e+00,0.000000000000000000e+00,0.000000000000000000e+00,0.000000000000000000e+00
7.722007722007722189e-03,1.544401544401544438e-02,3.861003861003861094e-03,9.652509652509652649e-02,6.332046332046331605e-01,1.196911196911196879e-01,6.177606177606177751e-02,1.158301158301158242e-02,2.702702702702702853e-02,0.000000000000000000e+00,0.000000000000000000e+00,7.722007722007722189e-03,0.000000000000000000e+00,0.000000000000000000e+00,0.000000000000000000e+00,3.861003861003861094e-03,0.000000000000000000e+00,3.861003861003861094e-03,0.000000000000000000e+00,0.000000000000000000e+00,0.000000000000000000e+00,7.722007722007722189e-03
9.756097560975609748e-03,4.878048780487804874e-03,2.439024390243902437e-03,1.219512195121951262e-02,6.341463414634146423e-02,6.463414634146341653e-01,1.658536585365853744e-01,4.390243902439024126e-02,1.219512195121951262e-02,7.317073170731707744e-03,7.317073170731707744e-03,4.878048780487804874e-03,4.878048780487804874e-03,0.000000000000000000e+00,0.000000000000000000e+00,2.439024390243902437e-03,0.000000000000000000e+00,2.439024390243902437e-03,0.000000000000000000e+00,2.439024390243902437e-03,0.000000000000000000e+00,7.317073170731707744e-03
0.000000000000000000e+00,4.098360655737705131e-03,2.732240437158469943e-03,0.000000000000000000e+00,6.830601092896174641e-03,9.153005464480874764e-02,6.530054644808742648e-01,1.612021857923497392e-01,3.005464480874316807e-02,2.459016393442622905e-02,5.464480874316939886e-03,2.732240437158469943e-03,0.000000000000000000e+00,1.366120218579234971e-03,0.000000000000000000e+00,4.098360655737705131e-03,1.366120218579234971e-03,0.000000000000000000e+00,0.000000000000000000e+00,1.366120218579234971e-03,0.000000000000000000e+00,9.562841530054645017e-03
0.000000000000000000e+00,7.949125596184420219e-04,7.949125596184420219e-04,7.949125596184420219e-04,2.384737678855325740e-03,7.949125596184419135e-03,6.597774244833068402e-02,6.939586645468998061e-01,1.502384737678855442e-01,2.941176470588235253e-02,1.589825119236883827e-02,7.154213036565978089e-03,4.769475357710651481e-03,4.769475357710651481e-03,1.589825119236884044e-03,2.384737678855325740e-03,0.000000000000000000e+00,7.949125596184420219e-04,1.589825119236884044e-03,0.000000000000000000e+00,0.000000000000000000e+00,8.744038155802861048e-03
4.796163069544364613e-04,4.796163069544364613e-04,0.000000000000000000e+00,4.796163069544364613e-04,3.357314148681055013e-03,1.918465227817745845e-03,1.342925659472422005e-02,7.434052757793764565e-02,7.333333333333332815e-01,1.098321342925659416e-01,2.685851318944844010e-02,1.151079136690647507e-02,7.194244604316547137e-03,2.398081534772182090e-03,2.398081534772182090e-03,1.918465227817745845e-03,0.000000000000000000e+00,0.000000000000000000e+00,4.796163069544364613e-04,4.796163069544364613e-04,0.000000000000000000e+00,9.112709832134292115e-03
4.593477262287551702e-04,0.000000000000000000e+00,0.000000000000000000e+00,0.000000000000000000e+00,4.593477262287551702e-04,1.378043178686265456e-03,3.674781809830041362e-03,1.469912723932016545e-02,9.416628387689481017e-02,7.253100597152044582e-01,1.088654111162149773e-01,1.286173633440514455e-02,1.010564997703261407e-02,5.971520440973817484e-03,2.296738631143775689e-03,2.296738631143775689e-03,1.837390904915020681e-03,0.000000000000000000e+00,9.186954524575103405e-04,9.186954524575103405e-04,1.378043178686265456e-03,1.240238860817638976e-02
6.191950464396285200e-04,0.000000000000000000e+00,0.000000000000000000e+00,0.000000000000000000e+00,6.191950464396285200e-04,0.000000000000000000e+00,3.095975232198142600e-03,8.668730650154799280e-03,2.043343653250773856e-02,1.331269349845201344e-01,6.767801857585139524e-01,8.297213622291021995e-02,2.724458204334365488e-02,8.668730650154799280e-03,6.191950464396285200e-03,7.430340557275541373e-03,2.476780185758514080e-03,1.857585139318885343e-03,1.857585139318885343e-03,2.476780185758514080e-03,1.238390092879257040e-03,1.424148606811145509e-02
0.000000000000000000e+00,0.000000000000000000e+00,0.000000000000000000e+00,0.000000000000000000e+00,4.360465116279069707e-03,0.000000000000000000e+00,4.360465116279069707e-03,1.017441860465116352e-02,3.343023255813953182e-02,4.796511627906976938e-02,1.773255813953488469e-01,5.188953488372093359e-01,7.994186046511628230e-02,3.779069767441860239e-02,2.325581395348837177e-02,1.017441860465116352e-02,7.267441860465116178e-03,5.813953488372092943e-03,5.813953488372092943e-03,2.906976744186046471e-03,1.453488372093023236e-03,2.906976744186046471e-02
0.000000000000000000e+00,0.000000000000000000e+00,0.000000000000000000e+00,0.000000000000000000e+00,0.000000000000000000e+00,0.000000000000000000e+00,9.920634920634920084e-03,1.388888888888888812e-02,2.976190476190476025e-02,4.563492063492063239e-02,6.944444444444444753e-02,1.111111111111111049e-01,5.000000000000000000e-01,9.126984126984126477e-02,4.365079365079364837e-02,1.190476190476190410e-02,9.920634920634920084e-03,7.936507936507936067e-03,9.920634920634920084e-03,0.000000000000000000e+00,7.936507936507936067e-03,3.769841269841269632e-02
0.000000000000000000e+00,0.000000000000000000e+00,0.000000000000000000e+00,0.000000000000000000e+00,0.000000000000000000e+00,0.000000000000000000e+00,1.209677419354838676e-02,8.064516129032257841e-03,4.032258064516128920e-02,6.048387096774193727e-02,4.435483870967742159e-02,8.870967741935484319e-02,2.056451612903225923e-01,3.185483870967741882e-01,6.451612903225806273e-02,6.451612903225806273e-02,1.209677419354838676e-02,8.064516129032257841e-03,1.209677419354838676e-02,8.064516129032257841e-03,4.032258064516128920e-03,4.838709677419354704e-02
0.000000000000000000e+00,5.347593582887700224e-03,0.000000000000000000e+00,5.347593582887700224e-03,0.000000000000000000e+00,0.000000000000000000e+00,0.000000000000000000e+00,5.347593582887700224e-03,5.347593582887700224e-03,9.625668449197860577e-02,7.486631016042780140e-02,8.556149732620320358e-02,8.021390374331550943e-02,1.122994652406417160e-01,3.048128342245989275e-01,8.021390374331550943e-02,3.208556149732620655e-02,1.069518716577540045e-02,5.347593582887700224e-03,2.139037433155080090e-02,1.069518716577540045e-02,6.417112299465241310e-02
0.000000000000000000e+00,0.000000000000000000e+00,0.000000000000000000e+00,5.347593582887700224e-03,5.347593582887700224e-03,1.069518716577540045e-02,0.000000000000000000e+00,1.069518716577540045e-02,2.139037433155080090e-02,2.139037433155080090e-02,5.347593582887700397e-02,4.812834224598930288e-02,7.486631016042780140e-02,4.278074866310160179e-02,6.417112299465241310e-02,3.475935828877005362e-01,8.021390374331550943e-02,5.882352941176470507e-02,4.278074866310160179e-02,1.604278074866310327e-02,5.347593582887700224e-03,9.090909090909091161e-02
7.812500000000000000e-03,0.000000000000000000e+00,0.000000000000000000e+00,0.000000000000000000e+00,0.000000000000000000e+00,0.000000000000000000e+00,0.000000000000000000e+00,7.812500000000000000e-03,1.562500000000000000e-02,1.562500000000000000e-02,3.906250000000000000e-02,4.687500000000000000e-02,5.468750000000000000e-02,3.125000000000000000e-02,5.468750000000000000e-02,1.093750000000000000e-01,3.984375000000000000e-01,7.812500000000000000e-02,3.125000000000000000e-02,2.343750000000000000e-02,0.000000000000000000e+00,8.593750000000000000e-02
7.407407407407407690e-03,0.000000000000000000e+00,0.000000000000000000e+00,0.000000000000000000e+00,0.000000000000000000e+00,7.407407407407407690e-03,7.407407407407407690e-03,0.000000000000000000e+00,7.407407407407407690e-03,2.222222222222222307e-02,7.407407407407407690e-03,4.444444444444444614e-02,6.666666666666666574e-02,1.481481481481481538e-02,3.703703703703703498e-02,5.925925925925926152e-02,8.888888888888889228e-02,4.222222222222222210e-01,3.703703703703703498e-02,5.185185185185185036e-02,1.481481481481481538e-02,1.037037037037037007e-01
0.000000000000000000e+00,0.000000000000000000e+00,0.000000000000000000e+00,0.000000000000000000e+00,0.000000000000000000e+00,0.000000000000000000e+00,1.000000000000000021e-02,1.000000000000000021e-02,0.000000000000000000e+00,1.000000000000000021e-02,2.999999999999999889e-02,5.999999999999999778e-02,2.999999999999999889e-02,2.999999999999999889e-02,2.999999999999999889e-02,2.999999999999999889e-02,4.000000000000000083e-02,7.000000000000000666e-02,3.800000000000000044e-01,5.000000000000000278e-02,2.000000000000000042e-02,2.000000000000000111e-01
0.000000000000000000e+00,0.000000000000000000e+00,0.000000000000000000e+00,0.000000000000000000e+00,0.000000000000000000e+00,0.000000000000000000e+00,1.190476190476190410e-02,0.000000000000000000e+00,2.380952380952380820e-02,3.571428571428571230e-02,2.380952380952380820e-02,2.380952380952380820e-02,5.952380952380952051e-02,1.190476190476190410e-02,4.761904761904761640e-02,2.380952380952380820e-02,3.571428571428571230e-02,5.952380952380952051e-02,1.071428571428571369e-01,3.214285714285714524e-01,7.142857142857142461e-02,1.428571428571428492e-01
0.000000000000000000e+00,0.000000000000000000e+00,2.083333333333333218e-02,0.000000000000000000e+00,0.000000000000000000e+00,0.000000000000000000e+00,0.000000000000000000e+00,0.000000000000000000e+00,0.000000000000000000e+00,2.083333333333333218e-02,6.250000000000000000e-02,2.083333333333333218e-02,4.166666666666666435e-02,2.083333333333333218e-02,4.166666666666666435e-02,0.000000000000000000e+00,0.000000000000000000e+00,2.083333333333333218e-02,4.166666666666666435e-02,1.250000000000000000e-01,1.875000000000000000e-01,3.958333333333333148e-01
1.016949152542372808e-02,1.694915254237288086e-03,0.000000000000000000e+00,1.694915254237288086e-03,0.000000000000000000e+00,6.779661016949152345e-03,1.016949152542372808e-02,5.084745762711864042e-03,2.542372881355932368e-02,1.864406779661017047e-02,3.220338983050847342e-02,3.220338983050847342e-02,2.203389830508474534e-02,3.389830508474576259e-02,3.050847457627118772e-02,3.559322033898305176e-02,1.694915254237288130e-02,3.728813559322034094e-02,2.881355932203389855e-02,2.711864406779660938e-02,1.864406779661017047e-02,6.050847457627118731e-01
