7.442950922163176219e-01,6.689590497030321881e-02,1.531728665207877406e-02,6.877149109096592806e-03,6.251953735542357254e-03,4.376367614879649731e-03,2.813379180994060851e-03,9.377930603313535448e-04,1.562988433885589314e-03,6.251953735542356604e-04,9.690528290090653224e-03,3.125976867771178302e-04,3.125976867771178302e-04,0.000000000000000000e+00,3.125976867771178302e-04,3.125976867771178302e-04,9.377930603313535448e-04,2.188183807439824866e-03,2.188183807439824866e-03,8.752735229759299462e-03,1.250390747108471312e-01
1.889663918833227596e-01,6.544071020925807947e-01,6.277742549143944251e-02,1.268230818008877700e-02,1.014584654407102091e-02,6.975269499048826656e-03,5.707038681039949476e-03,3.804692454026632840e-03,6.341154090044388066e-04,0.000000000000000000e+00,1.077996195307545993e-02,0.000000000000000000e+00,0.000000000000000000e+00,0.000000000000000000e+00,0.000000000000000000e+00,6.341154090044388066e-04,0.000000000000000000e+00,2.536461636017755227e-03,1.902346227013316420e-03,9.511731135066581883e-03,2.853519340519974565e-02
8.460236886632825637e-02,2.571912013536378772e-01,4.923857868020304340e-01,6.768189509306260510e-02,2.538071065989847691e-02,1.184433164128595624e-02,1.184433164128595624e-02,3.384094754653130168e-03,3.384094754653130168e-03,1.692047377326565084e-03,1.522842639593908684e-02,0.000000000000000000e+00,1.692047377326565084e-03,0.000000000000000000e+00,0.000000000000000000e+00,0.000000000000000000e+00,1.692047377326565084e-03,0.000000000000000000e+00,1.692047377326565084e-03,5.076142131979695035e-03,1.522842639593908684e-02
7.116104868913857018e-02,1.048689138576779090e-01,2.209737827715355929e-01,3.895131086142322174e-01,4.119850187265917257e-02,1.498127340823970054e-02,1.123595505617977497e-02,1.872659176029962610e-02,1.498127340823970054e-02,7.490636704119850268e-03,4.494382022471909988e-02,0.000000000000000000e+00,0.000000000000000000e+00,0.000000000000000000e+00,0.000000000000000000e+00,0.000000000000000000e+00,0.000000000000000000e+00,0.000000000000000000e+00,3.745318352059925134e-03,1.123595505617977497e-02,4.494382022471909988e-02
8.552631578947368640e-02,8.552631578947368640e-02,9.210526315789473173e-02,2.171052631578947456e-01,2.828947368421052544e-01,3.947368421052631360e-02,1.973684210526315680e-02,1.973684210526315680e-02,1.973684210526315680e-02,6.578947368421052266e-03,5.921052631578947040e-02,0.000000000000000000e+00,0.000000000000000000e+00,0.000000000000000000e+00,0.000000000000000000e+00,0.000000000000000000e+00,0.000000000000000000e+00,0.000000000000000000e+00,0.000000000000000000e+00,1.973684210526315680e-02,5.263157894736841813e-02
1.034482758620689641e-01,1.034482758620689641e-01,1.034482758620689641e-01,8.045977011494252762e-02,9.195402298850574585e-02,1.494252873563218509e-01,9.195402298850574585e-02,1.149425287356321823e-02,0.000000000000000000e+00,3.448275862068965469e-02,1.494252873563218509e-01,0.000000000000000000e+00,0.000000000000000000e+00,0.000000000000000000e+00,0.000000000000000000e+00,0.000000000000000000e+00,0.000000000000000000e+00,0.000000000000000000e+00,0.000000000000000000e+00,0.000000000000000000e+00,8.045977011494252762e-02
7.777777777777777901e-02,1.000000000000000056e-01,8.888888888888889228e-02,1.111111111111111154e-02,6.666666666666666574e-02,1.444444444444444309e-01,2.888888888888888618e-01,2.222222222222222307e-02,1.111111111111111154e-02,2.222222222222222307e-02,8.888888888888889228e-02,0.000000000000000000e+00,0.000000000000000000e+00,0.000000000000000000e+00,0.000000000000000000e+00,0.000000000000000000e+00,0.000000000000000000e+00,0.000000000000000000e+00,0.000000000000000000e+00,1.111111111111111154e-02,6.666666666666666574e-02
9.375000000000000000e-02,4.687500000000000000e-02,6.250000000000000000e-02,1.250000000000000000e-01,4.687500000000000000e-02,4.687500000000000000e-02,1.562500000000000000e-02,3.281250000000000000e-01,6.250000000000000000e-02,3.125000000000000000e-02,1.250000000000000000e-01,0.000000000000000000e+00,0.000000000000000000e+00,0.000000000000000000e+00,0.000000000000000000e+00,0.000000000000000000e+00,0.000000000000000000e+00,0.000000000000000000e+00,0.000000000000000000e+00,0.000000000000000000e+00,1.562500000000000000e-02
1.219512195121951192e-01,2.439024390243902524e-02,4.878048780487805047e-02,2.439024390243902524e-02,4.878048780487805047e-02,7.317073170731706877e-02,4.878048780487805047e-02,1.463414634146341375e-01,1.707317073170731836e-01,9.756097560975610095e-02,1.463414634146341375e-01,0.000000000000000000e+00,0.000000000000000000e+00,0.000000000000000000e+00,0.000000000000000000e+00,0.000000000000000000e+00,0.000000000000000000e+00,2.439024390243902524e-02,0.000000000000000000e+00,0.000000000000000000e+00,2.439024390243902524e-02
6.666666666666666574e-02,0.000000000000000000e+00,6.666666666666666574e-02,3.333333333333333287e-02,6.666666666666666574e-02,3.333333333333333287e-02,1.666666666666666574e-01,6.666666666666666574e-02,1.666666666666666574e-01,6.666666666666666574e-02,2.333333333333333370e-01,0.000000000000000000e+00,0.000000000000000000e+00,0.000000000000000000e+00,0.000000000000000000e+00,0.000000000000000000e+00,0.000000000000000000e+00,0.000000000000000000e+00,0.000000000000000000e+00,0.000000000000000000e+00,3.333333333333333287e-02
9.448818897637795144e-02,7.874015748031495954e-02,6.692913385826772255e-02,5.905511811023621965e-02,4.724409448818897572e-02,2.362204724409448786e-02,3.937007874015747977e-02,4.330708661417322775e-02,3.149606299212598381e-02,3.149606299212598381e-02,4.448818897637795144e-01,3.937007874015747977e-03,0.000000000000000000e+00,0.000000000000000000e+00,0.000000000000000000e+00,3.937007874015747977e-03,0.000000000000000000e+00,3.937007874015747977e-03,7.874015748031495954e-03,7.874015748031495954e-03,1.181102362204724393e-02
2.631578947368420907e-02,0.000000000000000000e+00,1.315789473684210453e-02,0.000000000000000000e+00,0.000000000000000000e+00,0.000000000000000000e+00,0.000000000000000000e+00,0.000000000000000000e+00,0.000000000000000000e+00,0.000000000000000000e+00,2.631578947368420907e-02,7.236842105263158187e-01,7.894736842105262720e-02,1.315789473684210453e-02,1.315789473684210453e-02,0.000000000000000000e+00,2.631578947368420907e-02,1.315789473684210453e-02,1.315789473684210453e-02,2.631578947368420907e-02,2.631578947368420907e-02
3.508771929824561209e-02,0.000000000000000000e+00,0.000000000000000000e+00,0.000000000000000000e+00,1.754385964912280604e-02,0.000000000000000000e+00,0.000000000000000000e+00,0.000000000000000000e+00,0.000000000000000000e+00,0.000000000000000000e+00,1.754385964912280604e-02,1.052631578947368363e-01,7.192982456140351033e-01,1.754385964912280604e-02,3.508771929824561209e-02,0.000000000000000000e+00,0.000000000000000000e+00,3.508771929824561209e-02,0.000000000000000000e+00,1.754385964912280604e-02,0.000000000000000000e+00
0.000000000000000000e+00,0.000000000000000000e+00,0.000000000000000000e+00,0.000000000000000000e+00,0.000000000000000000e+00,0.000000000000000000e+00,0.000000000000000000e+00,0.000000000000000000e+00,0.000000000000000000e+00,0.000000000000000000e+00,0.000000000000000000e+00,8.571428571428571508e-02,2.857142857142857054e-02,7.142857142857143016e-01,8.571428571428571508e-02,0.000000000000000000e+00,0.000000000000000000e+00,0.000000000000000000e+00,2.857142857142857054e-02,2.857142857142857054e-02,2.857142857142857054e-02
1.449275362318840597e-02,0.000000000000000000e+00,1.449275362318840597e-02,1.449275362318840597e-02,0.000000000000000000e+00,0.000000000000000000e+00,0.000000000000000000e+00,0.000000000000000000e+00,0.000000000000000000e+00,0.000000000000000000e+00,1.449275362318840597e-02,7.246376811594203160e-02,2.898550724637681195e-02,4.347826086956521618e-02,6.811594202898550998e-01,4.347826086956521618e-02,4.347826086956521618e-02,0.000000000000000000e+00,1.449275362318840597e-02,1.449275362318840597e-02,0.000000000000000000e+00
1.162790697674418589e-02,1.162790697674418589e-02,0.000000000000000000e+00,0.000000000000000000e+00,0.000000000000000000e+00,0.000000000000000000e+00,0.000000000000000000e+00,0.000000000000000000e+00,0.000000000000000000e+00,0.000000000000000000e+00,0.000000000000000000e+00,1.162790697674418589e-02,1.162790697674418589e-02,0.000000000000000000e+00,5.813953488372092943e-02,7.093023255813953876e-01,5.813953488372092943e-02,4.651162790697674354e-02,3.488372093023255766e-02,2.325581395348837177e-02,2.325581395348837177e-02
1.829268292682926719e-02,6.097560975609756309e-03,6.097560975609756309e-03,0.000000000000000000e+00,6.097560975609756309e-03,0.000000000000000000e+00,0.000000000000000000e+00,0.000000000000000000e+00,0.000000000000000000e+00,0.000000000000000000e+00,6.097560975609756309e-03,0.000000000000000000e+00,6.097560975609756309e-03,0.000000000000000000e+00,3.048780487804877981e-02,4.268292682926829590e-02,6.280487804878048808e-01,1.341463414634146423e-01,6.707317073170732113e-02,3.658536585365853439e-02,1.219512195121951262e-02
2.312138728323699308e-02,1.445086705202312111e-02,0.000000000000000000e+00,0.000000000000000000e+00,0.000000000000000000e+00,2.890173410404624135e-03,2.890173410404624135e-03,0.000000000000000000e+00,2.890173410404624135e-03,0.000000000000000000e+00,8.670520231213871970e-03,0.000000000000000000e+00,5.780346820809248269e-03,2.890173410404624135e-03,0.000000000000000000e+00,1.445086705202312111e-02,8.670520231213872664e-02,6.098265895953757232e-01,1.329479768786127059e-01,6.647398843930635293e-02,2.601156069364161938e-02
2.276422764227642448e-02,9.756097560975609748e-03,0.000000000000000000e+00,1.626016260162601625e-03,1.626016260162601625e-03,0.000000000000000000e+00,0.000000000000000000e+00,0.000000000000000000e+00,1.626016260162601625e-03,0.000000000000000000e+00,6.504065040650406498e-03,0.000000000000000000e+00,0.000000000000000000e+00,1.626016260162601625e-03,1.626016260162601625e-03,1.626016260162601625e-03,1.626016260162601798e-02,1.154471544715447162e-01,6.682926829268293067e-01,1.089430894308943132e-01,4.227642276422764051e-02
2.683615819209039452e-02,1.059322033898305038e-02,4.237288135593220324e-03,4.237288135593220324e-03,4.237288135593220324e-03,2.118644067796610162e-03,2.118644067796610162e-03,1.412429378531073441e-03,0.000000000000000000e+00,0.000000000000000000e+00,7.768361581920904362e-03,0.000000000000000000e+00,0.000000000000000000e+00,7.062146892655367207e-04,1.412429378531073441e-03,2.118644067796610162e-03,3.531073446327683604e-03,8.474576271186440649e-03,8.474576271186440302e-02,6.963276836158192040e-01,1.391242937853107431e-01
1.049295774647887314e-01,1.936619718309859003e-02,7.394366197183098281e-03,5.281690140845070325e-03,1.408450704225352188e-03,2.464788732394366383e-03,1.056338028169013978e-03,1.408450704225352188e-03,3.521126760563380470e-04,7.042253521126760939e-04,4.577464788732394339e-03,3.521126760563380470e-04,3.521126760563380470e-04,0.000000000000000000e+00,0.000000000000000000e+00,3.521126760563380470e-04,1.056338028169013978e-03,1.408450704225352188e-03,5.633802816901408751e-03,9.788732394366196632e-02,7.440140845070422060e-01
