7.921157991992608949e-01,6.806282722513089245e-02,1.231906375115491246e-02,4.003695719125346768e-03,5.235602094240838014e-03,1.847859562673236870e-03,3.079765937788728116e-04,1.231906375115491246e-03,0.000000000000000000e+00,6.159531875577456232e-04,6.467508469356329261e-03,0.000000000000000000e+00,0.000000000000000000e+00,0.000000000000000000e+00,0.000000000000000000e+00,3.079765937788728116e-04,0.000000000000000000e+00,1.231906375115491246e-03,1.847859562673236870e-03,7.391438250692947479e-03,9.701262704034493978e-02
1.438797423049391622e-01,7.065139584824624563e-01,7.945597709377237583e-02,1.216893342877594861e-02,6.442376521116678981e-03,4.294917680744452654e-03,3.579098067287043734e-03,2.147458840372226327e-03,7.158196134574087034e-04,2.863278453829634813e-03,5.726556907659269627e-03,0.000000000000000000e+00,7.158196134574087034e-04,0.000000000000000000e+00,7.158196134574087034e-04,0.000000000000000000e+00,0.000000000000000000e+00,7.158196134574087034e-04,1.431639226914817407e-03,6.442376521116678981e-03,2.219040801717966915e-02
7.949790794979079422e-02,2.029288702928870314e-01,4.895397489539748959e-01,7.949790794979079422e-02,3.138075313807531241e-02,1.255230125523012531e-02,1.046025104602510414e-02,4.184100418410041482e-03,8.368200836820082963e-03,4.184100418410041482e-03,2.510460251046025063e-02,0.000000000000000000e+00,0.000000000000000000e+00,0.000000000000000000e+00,0.000000000000000000e+00,2.092050209205020741e-03,0.000000000000000000e+00,0.000000000000000000e+00,6.276150627615062656e-03,1.046025104602510414e-02,3.347280334728033185e-02
8.205128205128205121e-02,8.717948717948717507e-02,2.102564102564102588e-01,3.179487179487179294e-01,8.717948717948717507e-02,4.615384615384615641e-02,2.564102564102564014e-02,2.051282051282051280e-02,1.025641025641025640e-02,5.128205128205128201e-03,4.102564102564102561e-02,0.000000000000000000e+00,0.000000000000000000e+00,5.128205128205128201e-03,0.000000000000000000e+00,0.000000000000000000e+00,0.000000000000000000e+00,0.000000000000000000e+00,0.000000000000000000e+00,1.538461538461538547e-02,4.615384615384615641e-02
1.319444444444444475e-01,6.250000000000000000e-02,9.722222222222222376e-02,1.388888888888888951e-01,2.569444444444444198e-01,7.638888888888889506e-02,4.861111111111111188e-02,6.944444444444444059e-03,2.777777777777777624e-02,6.944444444444444059e-03,6.250000000000000000e-02,0.000000000000000000e+00,0.000000000000000000e+00,0.000000000000000000e+00,0.000000000000000000e+00,0.000000000000000000e+00,0.000000000000000000e+00,6.944444444444444059e-03,6.944444444444444059e-03,1.388888888888888812e-02,5.555555555555555247e-02
1.136363636363636326e-01,9.090909090909091161e-02,5.681818181818181629e-02,6.818181818181817677e-02,1.250000000000000000e-01,2.840909090909091161e-01,1.250000000000000000e-01,1.136363636363636395e-02,2.272727272727272790e-02,2.272727272727272790e-02,4.545454545454545581e-02,0.000000000000000000e+00,0.000000000000000000e+00,0.000000000000000000e+00,0.000000000000000000e+00,0.000000000000000000e+00,0.000000000000000000e+00,0.000000000000000000e+00,1.136363636363636395e-02,0.000000000000000000e+00,2.272727272727272790e-02
8.235294117647058709e-02,9.411764705882352811e-02,7.058823529411764608e-02,7.058823529411764608e-02,7.058823529411764608e-02,1.058823529411764691e-01,3.176470588235293935e-01,3.529411764705882304e-02,2.352941176470588203e-02,4.705882352941176405e-02,3.529411764705882304e-02,0.000000000000000000e+00,0.000000000000000000e+00,0.000000000000000000e+00,0.000000000000000000e+00,0.000000000000000000e+00,0.000000000000000000e+00,1.176470588235294101e-02,0.000000000000000000e+00,0.000000000000000000e+00,3.529411764705882304e-02
3.703703703703703498e-02,3.703703703703703498e-02,9.259259259259258745e-02,5.555555555555555247e-02,1.111111111111111049e-01,3.703703703703703498e-02,1.111111111111111049e-01,3.333333333333333148e-01,1.851851851851851749e-02,3.703703703703703498e-02,5.555555555555555247e-02,0.000000000000000000e+00,0.000000000000000000e+00,1.851851851851851749e-02,0.000000000000000000e+00,0.000000000000000000e+00,0.000000000000000000e+00,0.000000000000000000e+00,0.000000000000000000e+00,1.851851851851851749e-02,3.703703703703703498e-02
0.000000000000000000e+00,6.666666666666666574e-02,2.222222222222222307e-02,8.888888888888889228e-02,4.444444444444444614e-02,2.222222222222222307e-02,1.333333333333333315e-01,1.333333333333333315e-01,2.666666666666666630e-01,4.444444444444444614e-02,1.777777777777777846e-01,0.000000000000000000e+00,0.000000000000000000e+00,0.000000000000000000e+00,0.000000000000000000e+00,0.000000000000000000e+00,0.000000000000000000e+00,0.000000000000000000e+00,0.000000000000000000e+00,0.000000000000000000e+00,0.000000000000000000e+00
0.000000000000000000e+00,6.666666666666666574e-02,6.666666666666666574e-02,0.000000000000000000e+00,1.666666666666666574e-01,1.333333333333333315e-01,6.666666666666666574e-02,6.666666666666666574e-02,1.333333333333333315e-01,2.000000000000000111e-01,1.000000000000000056e-01,0.000000000000000000e+00,0.000000000000000000e+00,0.000000000000000000e+00,0.000000000000000000e+00,0.000000000000000000e+00,0.000000000000000000e+00,0.000000000000000000e+00,0.000000000000000000e+00,0.000000000000000000e+00,0.000000000000000000e+00
5.140186915887850344e-02,6.542056074766354479e-02,3.271028037383177239e-02,4.205607476635513792e-02,6.074766355140186896e-02,4.205607476635513792e-02,2.803738317757009310e-02,4.672897196261682068e-02,5.140186915887850344e-02,2.336448598130841034e-02,5.000000000000000000e-01,4.672897196261681894e-03,0.000000000000000000e+00,0.000000000000000000e+00,0.000000000000000000e+00,4.672897196261681894e-03,4.672897196261681894e-03,0.000000000000000000e+00,9.345794392523363789e-03,0.000000000000000000e+00,3.271028037383177239e-02
4.285714285714285754e-02,0.000000000000000000e+00,0.000000000000000000e+00,0.000000000000000000e+00,0.000000000000000000e+00,0.000000000000000000e+00,0.000000000000000000e+00,0.000000000000000000e+00,0.000000000000000000e+00,1.428571428571428527e-02,0.000000000000000000e+00,7.142857142857143016e-01,1.428571428571428527e-02,7.142857142857142461e-02,1.428571428571428527e-02,1.428571428571428527e-02,0.000000000000000000e+00,2.857142857142857054e-02,2.857142857142857054e-02,1.428571428571428527e-02,4.285714285714285754e-02
0.000000000000000000e+00,0.000000000000000000e+00,0.000000000000000000e+00,0.000000000000000000e+00,0.000000000000000000e+00,0.000000000000000000e+00,0.000000000000000000e+00,0.000000000000000000e+00,0.000000000000000000e+00,0.000000000000000000e+00,2.702702702702702853e-02,5.405405405405405705e-02,7.567567567567567988e-01,5.405405405405405705e-02,2.702702702702702853e-02,0.000000000000000000e+00,5.405405405405405705e-02,0.000000000000000000e+00,0.000000000000000000e+00,0.000000000000000000e+00,2.702702702702702853e-02
3.409090909090908839e-02,1.136363636363636395e-02,1.136363636363636395e-02,0.000000000000000000e+00,0.000000000000000000e+00,0.000000000000000000e+00,0.000000000000000000e+00,0.000000000000000000e+00,0.000000000000000000e+00,0.000000000000000000e+00,1.136363636363636395e-02,4.545454545454545581e-02,2.272727272727272790e-02,8.068181818181817677e-01,1.136363636363636395e-02,1.136363636363636395e-02,0.000000000000000000e+00,0.000000000000000000e+00,1.136363636363636395e-02,1.136363636363636395e-02,1.136363636363636395e-02
0.000000000000000000e+00,0.000000000000000000e+00,0.000000000000000000e+00,0.000000000000000000e+00,0.000000000000000000e+00,0.000000000000000000e+00,0.000000000000000000e+00,0.000000000000000000e+00,0.000000000000000000e+00,0.000000000000000000e+00,0.000000000000000000e+00,2.500000000000000139e-02,0.000000000000000000e+00,5.000000000000000278e-02,7.500000000000000000e-01,2.500000000000000139e-02,1.000000000000000056e-01,2.500000000000000139e-02,0.000000000000000000e+00,2.500000000000000139e-02,0.000000000000000000e+00
2.222222222222222307e-02,0.000000000000000000e+00,0.000000000000000000e+00,1.111111111111111154e-02,0.000000000000000000e+00,1.111111111111111154e-02,1.111111111111111154e-02,0.000000000000000000e+00,0.000000000000000000e+00,0.000000000000000000e+00,0.000000000000000000e+00,0.000000000000000000e+00,2.222222222222222307e-02,2.222222222222222307e-02,3.333333333333333287e-02,6.333333333333333037e-01,1.222222222222222182e-01,2.222222222222222307e-02,2.222222222222222307e-02,2.222222222222222307e-02,4.444444444444444614e-02
2.380952380952380820e-02,7.936507936507936067e-03,0.000000000000000000e+00,0.000000000000000000e+00,0.000000000000000000e+00,0.000000000000000000e+00,0.000000000000000000e+00,0.000000000000000000e+00,0.000000000000000000e+00,0.000000000000000000e+00,7.936507936507936067e-03,7.936507936507936067e-03,7.936507936507936067e-03,7.936507936507936067e-03,7.936507936507936067e-03,8.730158730158729674e-02,6.269841269841269771e-01,1.111111111111111049e-01,4.761904761904761640e-02,3.968253968253968034e-02,1.587301587301587213e-02
1.413427561837455812e-02,3.533568904593639530e-03,0.000000000000000000e+00,7.067137809187279060e-03,0.000000000000000000e+00,0.000000000000000000e+00,0.000000000000000000e+00,0.000000000000000000e+00,0.000000000000000000e+00,0.000000000000000000e+00,1.060070671378091946e-02,0.000000000000000000e+00,0.000000000000000000e+00,0.000000000000000000e+00,3.533568904593639530e-03,1.413427561837455812e-02,3.886925795053003396e-02,6.784452296819788453e-01,1.802120141342756221e-01,3.533568904593639703e-02,1.413427561837455812e-02
1.535836177474402681e-02,6.825938566552901092e-03,1.706484641638225273e-03,5.119453924914675602e-03,1.706484641638225273e-03,0.000000000000000000e+00,0.000000000000000000e+00,0.000000000000000000e+00,0.000000000000000000e+00,0.000000000000000000e+00,8.532423208191126582e-03,0.000000000000000000e+00,0.000000000000000000e+00,0.000000000000000000e+00,0.000000000000000000e+00,0.000000000000000000e+00,1.194539249146757756e-02,8.532423208191126929e-02,6.808873720136519037e-01,1.467576791808873626e-01,3.583617747440272921e-02
2.009073233959818641e-02,5.832793259883344190e-03,7.128969539857420677e-03,1.296176279974076487e-03,0.000000000000000000e+00,1.296176279974076487e-03,1.296176279974076487e-03,0.000000000000000000e+00,0.000000000000000000e+00,0.000000000000000000e+00,5.184705119896305947e-03,0.000000000000000000e+00,6.480881399870382434e-04,6.480881399870382434e-04,0.000000000000000000e+00,1.944264419961114730e-03,1.944264419961114730e-03,5.184705119896305947e-03,4.731043421905379437e-02,7.679844458846403210e-01,1.322099805573558051e-01
1.085199004975124365e-01,1.057213930348258751e-02,2.487562189054726321e-03,3.420398009950248799e-03,2.176616915422885639e-03,9.328358208955223703e-04,9.328358208955223703e-04,0.000000000000000000e+00,6.218905472636815802e-04,6.218905472636815802e-04,3.109452736318408118e-03,9.328358208955223703e-04,0.000000000000000000e+00,0.000000000000000000e+00,3.109452736318407901e-04,6.218905472636815802e-04,1.243781094527363160e-03,9.328358208955223703e-04,7.462686567164178962e-03,6.281094527363184632e-02,7.922885572139303223e-01
