5.999999999999999778e-01,1.111111111111111049e-01,6.666666666666666574e-02,2.222222222222222307e-02,4.444444444444444614e-02,0.000000000000000000e+00,2.222222222222222307e-02,4.444444444444444614e-02,6.666666666666666574e-02,0.000000000000000000e+00,0.000000000000000000e+00,0.000000000000000000e+00,2.222222222222222307e-02,0.000000000000000000e+00,0.000000000000000000e+00,0.000000000000000000e+00,0.000000000000000000e+00,0.000000000000000000e+00,0.000000000000000000e+00,0.000000000000000000e+00,0.000000000000000000e+00,0.000000000000000000e+00
2.500000000000000000e-01,4.166666666666666852e-01,1.666666666666666574e-01,0.000000000000000000e+00,0.000000000000000000e+00,0.000000000000000000e+00,8.333333333333332871e-02,8.333333333333332871e-02,0.000000000000000000e+00,0.000000000000000000e+00,0.000000000000000000e+00,0.000000000000000000e+00,0.000000000000000000e+00,0.000000000000000000e+00,0.000000000000000000e+00,0.000000000000000000e+00,0.000000000000000000e+00,0.000000000000000000e+00,0.000000000000000000e+00,0.000000000000000000e+00,0.000000000000000000e+00,0.000000000000000000e+00
1.016949152542372947e-01,3.389830508474576259e-02,6.610169491525423879e-01,3.389830508474576259e-02,3.389830508474576259e-02,0.000000000000000000e+00,1.694915254237288130e-02,6.779661016949152519e-02,3.389830508474576259e-02,0.000000000000000000e+00,0.000000000000000000e+00,0.000000000000000000e+00,0.000000000000000000e+00,0.000000000000000000e+00,0.000000000000000000e+00,0.000000000000000000e+00,1.694915254237288130e-02,0.000000000000000000e+00,0.000000000000000000e+00,0.000000000000000000e+00,0.000000000000000000e+00,0.000000000000000000e+00
4.545454545454545581e-02,0.000000000000000000e+00,6.818181818181817677e-02,5.909090909090909394e-01,6.818181818181817677e-02,2.272727272727272790e-02,6.818181818181817677e-02,4.545454545454545581e-02,0.000000000000000000e+00,4.545454545454545581e-02,0.000000000000000000e+00,0.000000000000000000e+00,2.272727272727272790e-02,0.000000000000000000e+00,2.272727272727272790e-02,0.000000000000000000e+00,0.000000000000000000e+00,0.000000000000000000e+00,0.000000000000000000e+00,0.000000000000000000e+00,0.000000000000000000e+00,0.000000000000000000e+00
1.010101010101010187e-02,0.000000000000000000e+00,2.020202020202020374e-02,8.080808080808081495e-02,7.171717171717171269e-01,5.050505050505050414e-02,2.020202020202020374e-02,1.010101010101010187e-02,3.030303030303030387e-02,5.050505050505050414e-02,0.000000000000000000e+00,0.000000000000000000e+00,0.000000000000000000e+00,0.000000000000000000e+00,1.010101010101010187e-02,0.000000000000000000e+00,0.000000000000000000e+00,0.000000000000000000e+00,0.000000000000000000e+00,0.000000000000000000e+00,0.000000000000000000e+00,0.000000000000000000e+00
7.194244604316547137e-03,0.000000000000000000e+00,2.158273381294964141e-02,1.438848920863309427e-02,5.035971223021582649e-02,5.755395683453237154e-01,1.223021582733812979e-01,6.474820143884892076e-02,2.877697841726618855e-02,5.035971223021582649e-02,3.597122302158273222e-02,1.438848920863309427e-02,7.194244604316547137e-03,0.000000000000000000e+00,0.000000000000000000e+00,0.000000000000000000e+00,0.000000000000000000e+00,7.194244604316547137e-03,0.000000000000000000e+00,0.000000000000000000e+00,0.000000000000000000e+00,0.000000000000000000e+00
4.484304932735425943e-03,4.484304932735425943e-03,0.000000000000000000e+00,8.968609865470851886e-03,1.345291479820627870e-02,1.031390134529148045e-01,5.112107623318385974e-01,1.704035874439461806e-01,7.174887892376681509e-02,5.381165919282511478e-02,1.345291479820627870e-02,1.345291479820627870e-02,8.968609865470851886e-03,8.968609865470851886e-03,0.000000000000000000e+00,0.000000000000000000e+00,0.000000000000000000e+00,4.484304932735425943e-03,0.000000000000000000e+00,4.484304932735425943e-03,0.000000000000000000e+00,4.484304932735425943e-03
0.000000000000000000e+00,0.000000000000000000e+00,6.968641114982578391e-03,3.484320557491289196e-03,3.484320557491289196e-03,2.613240418118466940e-02,9.930313588850174511e-02,6.289198606271777514e-01,1.114982578397212543e-01,6.271777003484320379e-02,2.787456445993031356e-02,1.045296167247386845e-02,3.484320557491289196e-03,3.484320557491289196e-03,1.742160278745644598e-03,0.000000000000000000e+00,1.742160278745644598e-03,0.000000000000000000e+00,0.000000000000000000e+00,1.742160278745644598e-03,0.000000000000000000e+00,6.968641114982578391e-03
0.000000000000000000e+00,9.496676163342830483e-04,9.496676163342830483e-04,9.496676163342830483e-04,1.899335232668566097e-03,3.798670465337132193e-03,1.424501424501424529e-02,1.111111111111111049e-01,6.657169990503324364e-01,1.206077872744539398e-01,5.033238366571699679e-02,1.614434947768281225e-02,9.496676163342830483e-04,5.698005698005698290e-03,2.849002849002849145e-03,0.000000000000000000e+00,0.000000000000000000e+00,0.000000000000000000e+00,0.000000000000000000e+00,0.000000000000000000e+00,9.496676163342830483e-04,2.849002849002849145e-03
0.000000000000000000e+00,0.000000000000000000e+00,0.000000000000000000e+00,0.000000000000000000e+00,4.271678769756514387e-04,8.543357539513028774e-04,2.563007261853908741e-03,1.495087569414780063e-02,9.184109354976505157e-02,7.048269970098248738e-01,1.379752242631354098e-01,2.263989747970952468e-02,8.116189662537376739e-03,5.553182400683468432e-03,8.543357539513028774e-04,2.990175138829560125e-03,2.135839384878257356e-03,4.271678769756514387e-04,0.000000000000000000e+00,4.271678769756514387e-04,8.543357539513028774e-04,2.563007261853908741e-03
0.000000000000000000e+00,0.000000000000000000e+00,0.000000000000000000e+00,2.819283901888920219e-04,2.819283901888920219e-04,0.000000000000000000e+00,1.409641950944460001e-03,3.101212292077812349e-03,9.867493656611220007e-03,1.268677755850013966e-01,7.493656611220750330e-01,8.316887510572314179e-02,9.303636876233437047e-03,3.383140682266704263e-03,2.537355511700028089e-03,2.255427121511136175e-03,1.973498731322244262e-03,1.127713560755568088e-03,8.457851705666760657e-04,0.000000000000000000e+00,2.819283901888920219e-04,3.946997462644488523e-03
4.382120946538124555e-04,0.000000000000000000e+00,0.000000000000000000e+00,0.000000000000000000e+00,0.000000000000000000e+00,8.764241893076249110e-04,8.764241893076249110e-04,2.191060473269062277e-03,3.067484662576687188e-03,1.533742331288343551e-02,1.783523225241016585e-01,6.967572304995618415e-01,5.477651183172655563e-02,1.621384750219105955e-02,7.449605609114811310e-03,4.820333041191936577e-03,6.134969325153374377e-03,3.505696757230499644e-03,4.382120946538124555e-04,2.191060473269062277e-03,8.764241893076249110e-04,5.696757230499561488e-03
1.326259946949602054e-03,0.000000000000000000e+00,0.000000000000000000e+00,0.000000000000000000e+00,1.326259946949602054e-03,2.652519893899204107e-03,1.326259946949602054e-03,0.000000000000000000e+00,1.326259946949602054e-03,2.122015915119363286e-02,3.846153846153846367e-02,2.360742705570291755e-01,5.424403183023872588e-01,7.427055702917771673e-02,1.724137931034482735e-02,6.631299734748010918e-03,1.193633952254641827e-02,1.061007957559681643e-02,6.631299734748010918e-03,2.652519893899204107e-03,0.000000000000000000e+00,2.387267904509283653e-02
0.000000000000000000e+00,0.000000000000000000e+00,0.000000000000000000e+00,0.000000000000000000e+00,3.289473684210526133e-03,0.000000000000000000e+00,0.000000000000000000e+00,9.868421052631578400e-03,1.315789473684210453e-02,1.315789473684210453e-02,4.605263157894736586e-02,9.539473684210526827e-02,2.927631578947368363e-01,4.144736842105263275e-01,4.276315789473684320e-02,1.973684210526315680e-02,3.289473684210526133e-03,2.302631578947368293e-02,9.868421052631578400e-03,3.289473684210526133e-03,0.000000000000000000e+00,9.868421052631578400e-03
0.000000000000000000e+00,0.000000000000000000e+00,0.000000000000000000e+00,0.000000000000000000e+00,0.000000000000000000e+00,0.000000000000000000e+00,6.944444444444444059e-03,1.388888888888888812e-02,6.944444444444444059e-03,2.083333333333333218e-02,9.722222222222222376e-02,1.041666666666666713e-01,8.333333333333332871e-02,1.458333333333333426e-01,3.194444444444444198e-01,9.027777777777777624e-02,2.777777777777777624e-02,2.777777777777777624e-02,0.000000000000000000e+00,6.944444444444444059e-03,1.388888888888888812e-02,3.472222222222222376e-02
0.000000000000000000e+00,0.000000000000000000e+00,1.176470588235294101e-02,0.000000000000000000e+00,0.000000000000000000e+00,0.000000000000000000e+00,0.000000000000000000e+00,1.176470588235294101e-02,1.176470588235294101e-02,0.000000000000000000e+00,7.058823529411764608e-02,5.882352941176470507e-02,1.176470588235294101e-01,1.294117647058823650e-01,1.764705882352941291e-01,1.647058823529411742e-01,5.882352941176470507e-02,4.705882352941176405e-02,1.176470588235294101e-02,2.352941176470588203e-02,2.352941176470588203e-02,8.235294117647058709e-02
0.000000000000000000e+00,0.000000000000000000e+00,0.000000000000000000e+00,0.000000000000000000e+00,0.000000000000000000e+00,0.000000000000000000e+00,0.000000000000000000e+00,0.000000000000000000e+00,0.000000000000000000e+00,1.449275362318840597e-02,8.695652173913043237e-02,1.449275362318840632e-01,1.014492753623188470e-01,8.695652173913043237e-02,1.159420289855072478e-01,1.014492753623188470e-01,2.028985507246376940e-01,2.898550724637681195e-02,4.347826086956521618e-02,0.000000000000000000e+00,0.000000000000000000e+00,7.246376811594203160e-02
0.000000000000000000e+00,0.000000000000000000e+00,0.000000000000000000e+00,0.000000000000000000e+00,0.000000000000000000e+00,1.818181818181818094e-02,0.000000000000000000e+00,0.000000000000000000e+00,1.818181818181818094e-02,1.818181818181818094e-02,0.000000000000000000e+00,7.272727272727272374e-02,1.272727272727272596e-01,1.454545454545454475e-01,3.636363636363636187e-02,7.272727272727272374e-02,7.272727272727272374e-02,1.818181818181818232e-01,3.636363636363636187e-02,3.636363636363636187e-02,0.000000000000000000e+00,1.636363636363636354e-01
0.000000000000000000e+00,0.000000000000000000e+00,0.000000000000000000e+00,0.000000000000000000e+00,0.000000000000000000e+00,0.000000000000000000e+00,0.000000000000000000e+00,0.000000000000000000e+00,2.857142857142857054e-02,0.000000000000000000e+00,0.000000000000000000e+00,5.714285714285714107e-02,2.857142857142857054e-02,5.714285714285714107e-02,2.000000000000000111e-01,1.428571428571428492e-01,8.571428571428571508e-02,1.428571428571428492e-01,2.000000000000000111e-01,0.000000000000000000e+00,2.857142857142857054e-02,2.857142857142857054e-02
0.000000000000000000e+00,0.000000000000000000e+00,0.000000000000000000e+00,0.000000000000000000e+00,0.000000000000000000e+00,0.000000000000000000e+00,0.000000000000000000e+00,4.761904761904761640e-02,0.000000000000000000e+00,0.000000000000000000e+00,0.000000000000000000e+00,4.761904761904761640e-02,9.523809523809523281e-02,1.428571428571428492e-01,1.904761904761904656e-01,4.761904761904761640e-02,4.761904761904761640e-02,0.000000000000000000e+00,9.523809523809523281e-02,9.523809523809523281e-02,4.761904761904761640e-02,1.428571428571428492e-01
0.000000000000000000e+00,0.000000000000000000e+00,0.000000000000000000e+00,0.000000000000000000e+00,0.000000000000000000e+00,0.000000000000000000e+00,0.000000000000000000e+00,0.000000000000000000e+00,5.000000000000000278e-02,0.000000000000000000e+00,0.000000000000000000e+00,0.000000000000000000e+00,5.000000000000000278e-02,0.000000000000000000e+00,2.000000000000000111e-01,5.000000000000000278e-02,1.000000000000000056e-01,5.000000000000000278e-02,1.000000000000000056e-01,5.000000000000000278e-02,2.000000000000000111e-01,1.499999999999999944e-01
0.000000000000000000e+00,0.000000000000000000e+00,0.000000000000000000e+00,0.000000000000000000e+00,0.000000000000000000e+00,0.000000000000000000e+00,1.324503311258278145e-02,0.000000000000000000e+00,6.622516556291390723e-03,1.986754966887417304e-02,2.649006622516556289e-02,6.622516556291391243e-02,3.311258278145695622e-02,3.973509933774834607e-02,5.298013245033112578e-02,4.635761589403973593e-02,3.973509933774834607e-02,3.973509933774834607e-02,3.973509933774834607e-02,1.986754966887417304e-02,3.973509933774834607e-02,5.165562913907284504e-01
