9.743589743589743390e-01,2.564102564102564014e-02,0.000000000000000000e+00,0.000000000000000000e+00,0.000000000000000000e+00,0.000000000000000000e+00,0.000000000000000000e+00,0.000000000000000000e+00,0.000000000000000000e+00,0.000000000000000000e+00,0.000000000000000000e+00,0.000000000000000000e+00,0.000000000000000000e+00,0.000000000000000000e+00,0.000000000000000000e+00,0.000000000000000000e+00,0.000000000000000000e+00,0.000000000000000000e+00,0.000000000000000000e+00,0.000000000000000000e+00,0.000000000000000000e+00,0.000000000000000000e+00
3.125000000000000000e-02,9.062500000000000000e-01,0.000000000000000000e+00,0.000000000000000000e+00,0.000000000000000000e+00,0.000000000000000000e+00,0.000000000000000000e+00,0.000000000000000000e+00,3.125000000000000000e-02,0.000000000000000000e+00,0.000000000000000000e+00,0.000000000000000000e+00,3.125000000000000000e-02,0.000000000000000000e+00,0.000000000000000000e+00,0.000000000000000000e+00,0.000000000000000000e+00,0.000000000000000000e+00,0.000000000000000000e+00,0.000000000000000000e+00,0.000000000000000000e+00,0.000000000000000000e+00
0.000000000000000000e+00,2.857142857142856984e-01,5.714285714285713969e-01,0.000000000000000000e+00,0.000000000000000000e+00,0.000000000000000000e+00,0.000000000000000000e+00,0.000000000000000000e+00,0.000000000000000000e+00,0.000000000000000000e+00,1.428571428571428492e-01,0.000000000000000000e+00,0.000000000000000000e+00,0.000000000000000000e+00,0.000000000000000000e+00,0.000000000000000000e+00,0.000000000000000000e+00,0.000000000000000000e+00,0.000000000000000000e+00,0.000000000000000000e+00,0.000000000000000000e+00,0.000000000000000000e+00
0.000000000000000000e+00,0.000000000000000000e+00,2.000000000000000111e-01,8.000000000000000444e-01,0.000000000000000000e+00,0.000000000000000000e+00,0.000000000000000000e+00,0.000000000000000000e+00,0.000000000000000000e+00,0.000000000000000000e+00,0.000000000000000000e+00,0.000000000000000000e+00,0.000000000000000000e+00,0.000000000000000000e+00,0.000000000000000000e+00,0.000000000000000000e+00,0.000000000000000000e+00,0.000000000000000000e+00,0.000000000000000000e+00,0.000000000000000000e+00,0.000000000000000000e+00,0.000000000000000000e+00
2.941176470588235253e-02,0.000000000000000000e+00,0.000000000000000000e+00,2.941176470588235253e-02,7.352941176470588758e-01,8.823529411764706454e-02,0.000000000000000000e+00,5.882352941176470507e-02,0.000000000000000000e+00,0.000000000000000000e+00,0.000000000000000000e+00,2.941176470588235253e-02,2.941176470588235253e-02,0.000000000000000000e+00,0.000000000000000000e+00,0.000000000000000000e+00,0.000000000000000000e+00,0.000000000000000000e+00,0.000000000000000000e+00,0.000000000000000000e+00,0.000000000000000000e+00,0.000000000000000000e+00
0.000000000000000000e+00,0.000000000000000000e+00,0.000000000000000000e+00,0.000000000000000000e+00,8.333333333333332871e-02,8.333333333333333703e-01,5.555555555555555247e-02,2.777777777777777624e-02,0.000000000000000000e+00,0.000000000000000000e+00,0.000000000000000000e+00,0.000000000000000000e+00,0.000000000000000000e+00,0.000000000000000000e+00,0.000000000000000000e+00,0.000000000000000000e+00,0.000000000000000000e+00,0.000000000000000000e+00,0.000000000000000000e+00,0.000000000000000000e+00,0.000000000000000000e+00,0.000000000000000000e+00
0.000000000000000000e+00,0.000000000000000000e+00,0.000000000000000000e+00,0.000000000000000000e+00,2.173913043478260809e-02,1.086956521739130405e-01,5.869565217391304879e-01,1.739130434782608647e-01,4.347826086956521618e-02,0.000000000000000000e+00,4.347826086956521618e-02,0.000000000000000000e+00,0.000000000000000000e+00,0.000000000000000000e+00,0.000000000000000000e+00,0.000000000000000000e+00,0.000000000000000000e+00,0.000000000000000000e+00,0.000000000000000000e+00,0.000000000000000000e+00,0.000000000000000000e+00,2.173913043478260809e-02
0.000000000000000000e+00,0.000000000000000000e+00,0.000000000000000000e+00,0.000000000000000000e+00,8.695652173913043584e-03,8.695652173913043584e-03,1.130434782608695649e-01,7.043478260869565633e-01,1.043478260869565161e-01,2.608695652173912902e-02,0.000000000000000000e+00,0.000000000000000000e+00,1.739130434782608717e-02,0.000000000000000000e+00,0.000000000000000000e+00,0.000000000000000000e+00,0.000000000000000000e+00,0.000000000000000000e+00,0.000000000000000000e+00,0.000000000000000000e+00,8.695652173913043584e-03,8.695652173913043584e-03
0.000000000000000000e+00,0.000000000000000000e+00,3.663003663003663000e-03,0.000000000000000000e+00,0.000000000000000000e+00,0.000000000000000000e+00,3.663003663003663000e-03,4.395604395604395948e-02,8.278388278388277843e-01,8.424908424908425508e-02,1.098901098901098987e-02,1.831501831501831587e-02,7.326007326007326001e-03,0.000000000000000000e+00,0.000000000000000000e+00,0.000000000000000000e+00,0.000000000000000000e+00,0.000000000000000000e+00,0.000000000000000000e+00,0.000000000000000000e+00,0.000000000000000000e+00,0.000000000000000000e+00
0.000000000000000000e+00,0.000000000000000000e+00,5.102040816326530205e-03,0.000000000000000000e+00,5.102040816326530205e-03,0.000000000000000000e+00,0.000000000000000000e+00,1.020408163265306041e-02,1.224489795918367319e-01,6.785714285714286031e-01,9.183673469387755584e-02,3.571428571428571230e-02,3.061224489795918297e-02,5.102040816326530205e-03,5.102040816326530205e-03,0.000000000000000000e+00,5.102040816326530205e-03,0.000000000000000000e+00,0.000000000000000000e+00,0.000000000000000000e+00,0.000000000000000000e+00,5.102040816326530205e-03
0.000000000000000000e+00,0.000000000000000000e+00,0.000000000000000000e+00,0.000000000000000000e+00,0.000000000000000000e+00,6.849315068493150305e-03,0.000000000000000000e+00,1.369863013698630061e-02,6.849315068493150305e-03,1.575342465753424570e-01,6.506849315068493622e-01,1.095890410958904049e-01,6.849315068493150305e-03,3.424657534246575152e-02,0.000000000000000000e+00,0.000000000000000000e+00,6.849315068493150305e-03,0.000000000000000000e+00,0.000000000000000000e+00,0.000000000000000000e+00,0.000000000000000000e+00,6.849315068493150305e-03
0.000000000000000000e+00,0.000000000000000000e+00,0.000000000000000000e+00,0.000000000000000000e+00,0.000000000000000000e+00,0.000000000000000000e+00,1.063829787234042527e-02,2.127659574468085055e-02,5.319148936170212810e-02,7.446808510638297518e-02,1.382978723404255372e-01,4.680851063829787329e-01,1.382978723404255372e-01,3.191489361702127409e-02,1.063829787234042527e-02,0.000000000000000000e+00,0.000000000000000000e+00,0.000000000000000000e+00,1.063829787234042527e-02,0.000000000000000000e+00,1.063829787234042527e-02,3.191489361702127409e-02
0.000000000000000000e+00,0.000000000000000000e+00,0.000000000000000000e+00,0.000000000000000000e+00,1.176470588235294101e-02,0.000000000000000000e+00,0.000000000000000000e+00,0.000000000000000000e+00,2.352941176470588203e-02,8.235294117647058709e-02,2.352941176470588203e-02,1.294117647058823650e-01,5.294117647058823595e-01,9.411764705882352811e-02,3.529411764705882304e-02,1.176470588235294101e-02,3.529411764705882304e-02,1.176470588235294101e-02,0.000000000000000000e+00,0.000000000000000000e+00,0.000000000000000000e+00,1.176470588235294101e-02
0.000000000000000000e+00,0.000000000000000000e+00,0.000000000000000000e+00,0.000000000000000000e+00,0.000000000000000000e+00,0.000000000000000000e+00,0.000000000000000000e+00,0.000000000000000000e+00,0.000000000000000000e+00,2.941176470588235253e-02,1.764705882352941291e-01,2.058823529411764608e-01,1.764705882352941291e-01,1.764705882352941291e-01,2.941176470588235253e-02,8.823529411764706454e-02,2.941176470588235253e-02,0.000000000000000000e+00,0.000000000000000000e+00,0.000000000000000000e+00,0.000000000000000000e+00,8.823529411764706454e-02
0.000000000000000000e+00,0.000000000000000000e+00,0.000000000000000000e+00,0.000000000000000000e+00,0.000000000000000000e+00,0.000000000000000000e+00,0.000000000000000000e+00,0.000000000000000000e+00,7.692307692307692735e-02,7.692307692307692735e-02,1.538461538461538547e-01,0.000000000000000000e+00,1.538461538461538547e-01,1.538461538461538547e-01,7.692307692307692735e-02,1.538461538461538547e-01,7.692307692307692735e-02,0.000000000000000000e+00,0.000000000000000000e+00,0.000000000000000000e+00,0.000000000000000000e+00,7.692307692307692735e-02
0.000000000000000000e+00,0.000000000000000000e+00,0.000000000000000000e+00,0.000000000000000000e+00,0.000000000000000000e+00,0.000000000000000000e+00,0.000000000000000000e+00,0.000000000000000000e+00,5.555555555555555247e-02,0.000000000000000000e+00,5.555555555555555247e-02,5.555555555555555247e-02,5.555555555555555247e-02,5.555555555555555247e-02,1.666666666666666574e-01,3.888888888888888951e-01,0.000000000000000000e+00,0.000000000000000000e+00,0.000000000000000000e+00,0.000000000000000000e+00,0.000000000000000000e+00,1.666666666666666574e-01
0.000000000000000000e+00,0.000000000000000000e+00,0.000000000000000000e+00,0.000000000000000000e+00,0.000000000000000000e+00,0.000000000000000000e+00,0.000000000000000000e+00,0.000000000000000000e+00,0.000000000000000000e+00,0.000000000000000000e+00,2.500000000000000000e-01,0.000000000000000000e+00,8.333333333333332871e-02,1.666666666666666574e-01,0.000000000000000000e+00,0.000000000000000000e+00,8.333333333333332871e-02,8.333333333333332871e-02,1.666666666666666574e-01,0.000000000000000000e+00,0.000000000000000000e+00,1.666666666666666574e-01
0.000000000000000000e+00,0.000000000000000000e+00,0.000000000000000000e+00,0.000000000000000000e+00,0.000000000000000000e+00,0.000000000000000000e+00,0.000000000000000000e+00,0.000000000000000000e+00,0.000000000000000000e+00,0.000000000000000000e+00,0.000000000000000000e+00,2.000000000000000111e-01,0.000000000000000000e+00,0.000000000000000000e+00,0.000000000000000000e+00,0.000000000000000000e+00,0.000000000000000000e+00,0.000000000000000000e+00,4.000000000000000222e-01,0.000000000000000000e+00,0.000000000000000000e+00,4.000000000000000222e-01
0.000000000000000000e+00,0.000000000000000000e+00,0.000000000000000000e+00,0.000000000000000000e+00,0.000000000000000000e+00,0.000000000000000000e+00,0.000000000000000000e+00,0.000000000000000000e+00,0.000000000000000000e+00,0.000000000000000000e+00,0.000000000000000000e+00,0.000000000000000000e+00,5.882352941176470507e-02,5.882352941176470507e-02,0.000000000000000000e+00,0.000000000000000000e+00,5.882352941176470507e-02,1.176470588235294101e-01,4.705882352941176405e-01,1.176470588235294101e-01,0.000000000000000000e+00,1.176470588235294101e-01
0.000000000000000000e+00,0.000000000000000000e+00,0.000000000000000000e+00,0.000000000000000000e+00,0.000000000000000000e+00,0.000000000000000000e+00,0.000000000000000000e+00,0.000000000000000000e+00,0.000000000000000000e+00,0.000000000000000000e+00,1.666666666666666574e-01,0.000000000000000000e+00,0.000000000000000000e+00,0.000000000000000000e+00,3.333333333333333148e-01,1.666666666666666574e-01,0.000000000000000000e+00,0.000000000000000000e+00,0.000000000000000000e+00,3.333333333333333148e-01,0.000000000000000000e+00,0.000000000000000000e+00
0.000000000000000000e+00,0.000000000000000000e+00,0.000000000000000000e+00,0.000000000000000000e+00,0.000000000000000000e+00,0.000000000000000000e+00,0.000000000000000000e+00,0.000000000000000000e+00,0.000000000000000000e+00,0.000000000000000000e+00,0.000000000000000000e+00,0.000000000000000000e+00,0.000000000000000000e+00,0.000000000000000000e+00,0.000000000000000000e+00,3.333333333333333148e-01,0.000000000000000000e+00,0.000000000000000000e+00,3.333333333333333148e-01,0.000000000000000000e+00,0.000000000000000000e+00,3.333333333333333148e-01
0.000000000000000000e+00,0.000000000000000000e+00,0.000000000000000000e+00,0.000000000000000000e+00,0.000000000000000000e+00,0.000000000000000000e+00,0.000000000000000000e+00,2.040816326530612082e-02,0.000000000000000000e+00,2.040816326530612082e-02,4.081632653061224164e-02,2.040816326530612082e-02,2.040816326530612082e-02,8.163265306122448328e-02,0.000000000000000000e+00,4.081632653061224164e-02,1.428571428571428492e-01,4.081632653061224164e-02,4.081632653061224164e-02,2.040816326530612082e-02,2.040816326530612082e-02,4.897959183673469274e-01
