7.201680672268907513e-01,1.142857142857142821e-01,2.521008403361344602e-02,5.882352941176470507e-03,2.521008403361344689e-03,2.521008403361344689e-03,8.403361344537815629e-04,0.000000000000000000e+00,0.000000000000000000e+00,0.000000000000000000e+00,3.361344537815126252e-03,0.000000000000000000e+00,0.000000000000000000e+00,8.403361344537815629e-04,0.000000000000000000e+00,8.403361344537815629e-04,1.680672268907563126e-03,6.722689075630252503e-03,1.176470588235294101e-02,1.848739495798319352e-02,8.487394957983193655e-02
1.319327731092437006e-01,7.310924369747898721e-01,7.394957983193277407e-02,7.563025210084033632e-03,8.403361344537814762e-03,2.521008403361344689e-03,0.000000000000000000e+00,0.000000000000000000e+00,0.000000000000000000e+00,0.000000000000000000e+00,1.680672268907563126e-03,0.000000000000000000e+00,8.403361344537815629e-04,8.403361344537815629e-04,8.403361344537815629e-04,2.521008403361344689e-03,3.361344537815126252e-03,3.361344537815126252e-03,4.201680672268907381e-03,1.092436974789915902e-02,1.596638655462184753e-02
3.732809430255402960e-02,1.984282907662082429e-01,6.110019646365422163e-01,6.876227897838900482e-02,1.571709233791748414e-02,5.893909626719056986e-03,1.178781925343811397e-02,5.893909626719056986e-03,0.000000000000000000e+00,0.000000000000000000e+00,5.893909626719056986e-03,0.000000000000000000e+00,0.000000000000000000e+00,0.000000000000000000e+00,0.000000000000000000e+00,1.964636542239685518e-03,7.858546168958742070e-03,3.929273084479371035e-03,1.964636542239685518e-03,5.893909626719056986e-03,1.768172888015717009e-02
4.147465437788018516e-02,3.225806451612903136e-02,1.843317972350230483e-01,5.806451612903226200e-01,6.912442396313364656e-02,1.382488479262672897e-02,1.382488479262672897e-02,9.216589861751152066e-03,4.608294930875576033e-03,0.000000000000000000e+00,1.382488479262672897e-02,0.000000000000000000e+00,0.000000000000000000e+00,0.000000000000000000e+00,0.000000000000000000e+00,0.000000000000000000e+00,4.608294930875576033e-03,4.608294930875576033e-03,9.216589861751152066e-03,4.608294930875576033e-03,1.382488479262672897e-02
3.571428571428571230e-02,5.952380952380952051e-02,1.190476190476190410e-01,2.261904761904761918e-01,3.928571428571428492e-01,5.952380952380952051e-02,4.761904761904761640e-02,3.571428571428571230e-02,1.190476190476190410e-02,0.000000000000000000e+00,0.000000000000000000e+00,0.000000000000000000e+00,0.000000000000000000e+00,0.000000000000000000e+00,0.000000000000000000e+00,0.000000000000000000e+00,0.000000000000000000e+00,1.190476190476190410e-02,0.000000000000000000e+00,0.000000000000000000e+00,0.000000000000000000e+00
3.225806451612903136e-02,6.451612903225806273e-02,6.451612903225806273e-02,9.677419354838709409e-02,1.612903225806451568e-01,3.225806451612903136e-01,1.290322580645161255e-01,3.225806451612903136e-02,0.000000000000000000e+00,0.000000000000000000e+00,9.677419354838709409e-02,0.000000000000000000e+00,0.000000000000000000e+00,0.000000000000000000e+00,0.000000000000000000e+00,0.000000000000000000e+00,0.000000000000000000e+00,0.000000000000000000e+00,0.000000000000000000e+00,0.000000000000000000e+00,0.000000000000000000e+00
4.166666666666666435e-02,8.333333333333332871e-02,8.333333333333332871e-02,8.333333333333332871e-02,2.083333333333333426e-01,1.250000000000000000e-01,1.250000000000000000e-01,8.333333333333332871e-02,8.333333333333332871e-02,0.000000000000000000e+00,8.333333333333332871e-02,0.000000000000000000e+00,0.000000000000000000e+00,0.000000000000000000e+00,0.000000000000000000e+00,0.000000000000000000e+00,0.000000000000000000e+00,0.000000000000000000e+00,0.000000000000000000e+00,0.000000000000000000e+00,0.000000000000000000e+00
0.000000000000000000e+00,0.000000000000000000e+00,6.666666666666666574e-02,1.333333333333333315e-01,1.333333333333333315e-01,1.333333333333333315e-01,1.333333333333333315e-01,1.333333333333333315e-01,6.666666666666666574e-02,6.666666666666666574e-02,6.666666666666666574e-02,0.000000000000000000e+00,0.000000000000000000e+00,0.000000000000000000e+00,0.000000000000000000e+00,0.000000000000000000e+00,0.000000000000000000e+00,0.000000000000000000e+00,0.000000000000000000e+00,0.000000000000000000e+00,6.666666666666666574e-02
0.000000000000000000e+00,0.000000000000000000e+00,3.333333333333333148e-01,0.000000000000000000e+00,0.000000000000000000e+00,0.000000000000000000e+00,0.000000000000000000e+00,3.333333333333333148e-01,1.666666666666666574e-01,0.000000000000000000e+00,1.666666666666666574e-01,0.000000000000000000e+00,0.000000000000000000e+00,0.000000000000000000e+00,0.000000000000000000e+00,0.000000000000000000e+00,0.000000000000000000e+00,0.000000000000000000e+00,0.000000000000000000e+00,0.000000000000000000e+00,0.000000000000000000e+00
0.000000000000000000e+00,1.428571428571428492e-01,0.000000000000000000e+00,0.000000000000000000e+00,0.000000000000000000e+00,0.000000000000000000e+00,0.000000000000000000e+00,0.000000000000000000e+00,0.000000000000000000e+00,2.857142857142856984e-01,5.714285714285713969e-01,0.000000000000000000e+00,0.000000000000000000e+00,0.000000000000000000e+00,0.000000000000000000e+00,0.000000000000000000e+00,0.000000000000000000e+00,0.000000000000000000e+00,0.000000000000000000e+00,0.000000000000000000e+00,0.000000000000000000e+00
4.347826086956521618e-02,1.086956521739130405e-01,4.347826086956521618e-02,0.000000000000000000e+00,6.521739130434782428e-02,0.000000000000000000e+00,4.347826086956521618e-02,2.173913043478260809e-02,2.173913043478260809e-02,6.521739130434782428e-02,5.000000000000000000e-01,0.000000000000000000e+00,0.000000000000000000e+00,0.000000000000000000e+00,0.000000000000000000e+00,0.000000000000000000e+00,0.000000000000000000e+00,2.173913043478260809e-02,0.000000000000000000e+00,0.000000000000000000e+00,6.521739130434782428e-02
1.666666666666666574e-01,0.000000000000000000e+00,0.000000000000000000e+00,0.000000000000000000e+00,0.000000000000000000e+00,0.000000000000000000e+00,0.000000000000000000e+00,0.000000000000000000e+00,0.000000000000000000e+00,0.000000000000000000e+00,0.000000000000000000e+00,3.333333333333333148e-01,0.000000000000000000e+00,0.000000000000000000e+00,1.666666666666666574e-01,0.000000000000000000e+00,0.000000000000000000e+00,0.000000000000000000e+00,0.000000000000000000e+00,3.333333333333333148e-01,0.000000000000000000e+00
0.000000000000000000e+00,0.000000000000000000e+00,0.000000000000000000e+00,0.000000000000000000e+00,0.000000000000000000e+00,0.000000000000000000e+00,0.000000000000000000e+00,0.000000000000000000e+00,0.000000000000000000e+00,0.000000000000000000e+00,0.000000000000000000e+00,0.000000000000000000e+00,0.000000000000000000e+00,5.000000000000000000e-01,0.000000000000000000e+00,0.000000000000000000e+00,0.000000000000000000e+00,0.000000000000000000e+00,5.000000000000000000e-01,0.000000000000000000e+00,0.000000000000000000e+00
0.000000000000000000e+00,0.000000000000000000e+00,0.000000000000000000e+00,0.000000000000000000e+00,0.000000000000000000e+00,0.000000000000000000e+00,0.000000000000000000e+00,0.000000000000000000e+00,0.000000000000000000e+00,0.000000000000000000e+00,2.000000000000000111e-01,0.000000000000000000e+00,0.000000000000000000e+00,0.000000000000000000e+00,0.000000000000000000e+00,0.000000000000000000e+00,0.000000000000000000e+00,2.000000000000000111e-01,2.000000000000000111e-01,2.000000000000000111e-01,2.000000000000000111e-01
0.000000000000000000e+00,1.111111111111111049e-01,0.000000000000000000e+00,0.000000000000000000e+00,5.555555555555555247e-02,0.000000000000000000e+00,0.000000000000000000e+00,0.000000000000000000e+00,0.000000000000000000e+00,0.000000000000000000e+00,5.555555555555555247e-02,0.000000000000000000e+00,0.000000000000000000e+00,0.000000000000000000e+00,1.666666666666666574e-01,1.111111111111111049e-01,1.111111111111111049e-01,1.111111111111111049e-01,1.111111111111111049e-01,5.555555555555555247e-02,1.111111111111111049e-01
3.125000000000000000e-02,3.125000000000000000e-02,6.250000000000000000e-02,3.125000000000000000e-02,0.000000000000000000e+00,0.000000000000000000e+00,0.000000000000000000e+00,0.000000000000000000e+00,0.000000000000000000e+00,0.000000000000000000e+00,3.125000000000000000e-02,0.000000000000000000e+00,0.000000000000000000e+00,0.000000000000000000e+00,3.125000000000000000e-02,3.750000000000000000e-01,9.375000000000000000e-02,6.250000000000000000e-02,1.250000000000000000e-01,9.375000000000000000e-02,3.125000000000000000e-02
5.000000000000000278e-02,1.000000000000000056e-01,5.000000000000000278e-02,2.500000000000000139e-02,0.000000000000000000e+00,0.000000000000000000e+00,0.000000000000000000e+00,0.000000000000000000e+00,0.000000000000000000e+00,0.000000000000000000e+00,1.250000000000000069e-02,0.000000000000000000e+00,0.000000000000000000e+00,0.000000000000000000e+00,1.250000000000000069e-02,7.499999999999999722e-02,3.624999999999999889e-01,5.000000000000000278e-02,8.749999999999999445e-02,1.125000000000000028e-01,6.250000000000000000e-02
1.111111111111111049e-01,3.333333333333333287e-02,1.111111111111111154e-02,2.222222222222222307e-02,1.111111111111111154e-02,0.000000000000000000e+00,0.000000000000000000e+00,2.222222222222222307e-02,0.000000000000000000e+00,0.000000000000000000e+00,1.111111111111111154e-02,0.000000000000000000e+00,0.000000000000000000e+00,0.000000000000000000e+00,2.222222222222222307e-02,0.000000000000000000e+00,7.777777777777777901e-02,4.222222222222222210e-01,7.777777777777777901e-02,1.111111111111111049e-01,6.666666666666666574e-02
4.721030042918455266e-02,4.291845493562231745e-02,3.004291845493562221e-02,8.583690987124463490e-03,4.291845493562231745e-03,4.291845493562231745e-03,0.000000000000000000e+00,0.000000000000000000e+00,0.000000000000000000e+00,4.291845493562231745e-03,0.000000000000000000e+00,0.000000000000000000e+00,0.000000000000000000e+00,4.291845493562231745e-03,4.291845493562231745e-03,1.716738197424892698e-02,3.433476394849785396e-02,4.291845493562231745e-02,5.665236051502146042e-01,1.459227467811158863e-01,4.291845493562231745e-02
5.913978494623656212e-02,3.225806451612903136e-02,1.344086021505376365e-02,1.344086021505376365e-02,5.376344086021505805e-03,0.000000000000000000e+00,0.000000000000000000e+00,0.000000000000000000e+00,2.688172043010752903e-03,2.688172043010752903e-03,5.376344086021505805e-03,0.000000000000000000e+00,0.000000000000000000e+00,0.000000000000000000e+00,0.000000000000000000e+00,5.376344086021505805e-03,1.881720430107526945e-02,2.956989247311828106e-02,1.021505376344086086e-01,6.048387096774193727e-01,1.048387096774193589e-01
1.199999999999999956e-01,4.461538461538461231e-02,2.000000000000000042e-02,1.076923076923076879e-02,7.692307692307692735e-03,4.615384615384615814e-03,1.538461538461538460e-03,0.000000000000000000e+00,1.538461538461538460e-03,0.000000000000000000e+00,3.076923076923076920e-03,1.538461538461538460e-03,0.000000000000000000e+00,0.000000000000000000e+00,3.076923076923076920e-03,0.000000000000000000e+00,3.076923076923076920e-03,9.230769230769231629e-03,2.000000000000000042e-02,8.000000000000000167e-02,6.692307692307691847e-01
