2.631578947368420907e-01,5.263157894736841813e-01,5.263157894736841813e-02,1.578947368421052544e-01,0.000000000000000000e+00,0.000000000000000000e+00,0.000000000000000000e+00,0.000000000000000000e+00,0.000000000000000000e+00,0.000000000000000000e+00,0.000000000000000000e+00,0.000000000000000000e+00,0.000000000000000000e+00,0.000000000000000000e+00,0.000000000000000000e+00,0.000000000000000000e+00,0.000000000000000000e+00,0.000000000000000000e+00,0.000000000000000000e+00,0.000000000000000000e+00,0.000000000000000000e+00,0.000000000000000000e+00
8.695652173913043584e-03,8.000000000000000444e-01,1.449275362318840632e-01,3.188405797101449141e-02,1.159420289855072478e-02,0.000000000000000000e+00,0.000000000000000000e+00,0.000000000000000000e+00,0.000000000000000000e+00,0.000000000000000000e+00,0.000000000000000000e+00,0.000000000000000000e+00,0.000000000000000000e+00,0.000000000000000000e+00,0.000000000000000000e+00,2.898550724637681195e-03,0.000000000000000000e+00,0.000000000000000000e+00,0.000000000000000000e+00,0.000000000000000000e+00,0.000000000000000000e+00,0.000000000000000000e+00
7.821229050279330033e-03,4.469273743016759920e-02,7.921787709497206675e-01,1.318435754189944131e-01,1.340782122905027907e-02,0.000000000000000000e+00,2.234636871508379700e-03,1.117318435754189850e-03,0.000000000000000000e+00,2.234636871508379700e-03,0.000000000000000000e+00,0.000000000000000000e+00,0.000000000000000000e+00,0.000000000000000000e+00,1.117318435754189850e-03,0.000000000000000000e+00,0.000000000000000000e+00,0.000000000000000000e+00,0.000000000000000000e+00,0.000000000000000000e+00,0.000000000000000000e+00,3.351955307262569767e-03
2.097535395909806005e-03,6.292606187729418016e-03,4.876769795490298876e-02,8.678552700576822598e-01,5.453592029365495614e-02,6.816990036706869517e-03,2.097535395909806005e-03,1.573151546932354504e-03,5.243838489774515013e-04,1.048767697954903003e-03,1.048767697954903003e-03,0.000000000000000000e+00,0.000000000000000000e+00,0.000000000000000000e+00,1.048767697954903003e-03,5.243838489774515013e-04,5.243838489774515013e-04,0.000000000000000000e+00,5.243838489774515013e-04,1.048767697954903003e-03,0.000000000000000000e+00,3.670686942842160509e-03
0.000000000000000000e+00,2.463054187192118254e-03,1.231527093596059171e-02,1.182266009852216693e-01,7.524630541871921707e-01,7.142857142857142461e-02,9.852216748768473017e-03,4.926108374384236509e-03,7.389162561576354329e-03,2.463054187192118254e-03,2.463054187192118254e-03,1.231527093596059127e-03,0.000000000000000000e+00,0.000000000000000000e+00,0.000000000000000000e+00,0.000000000000000000e+00,1.231527093596059127e-03,1.231527093596059127e-03,0.000000000000000000e+00,0.000000000000000000e+00,0.000000000000000000e+00,1.231527093596059171e-02
0.000000000000000000e+00,0.000000000000000000e+00,1.428571428571428527e-02,7.857142857142856984e-02,1.678571428571428437e-01,5.928571428571428603e-01,7.499999999999999722e-02,2.500000000000000139e-02,2.142857142857142877e-02,0.000000000000000000e+00,3.571428571428571317e-03,0.000000000000000000e+00,0.000000000000000000e+00,3.571428571428571317e-03,0.000000000000000000e+00,3.571428571428571317e-03,0.000000000000000000e+00,0.000000000000000000e+00,0.000000000000000000e+00,0.000000000000000000e+00,0.000000000000000000e+00,1.428571428571428527e-02
7.407407407407407690e-03,7.407407407407407690e-03,1.481481481481481538e-02,3.703703703703703498e-02,6.666666666666666574e-02,1.777777777777777846e-01,5.851851851851851416e-01,4.444444444444444614e-02,0.000000000000000000e+00,0.000000000000000000e+00,7.407407407407407690e-03,7.407407407407407690e-03,0.000000000000000000e+00,7.407407407407407690e-03,1.481481481481481538e-02,0.000000000000000000e+00,0.000000000000000000e+00,0.000000000000000000e+00,0.000000000000000000e+00,0.000000000000000000e+00,0.000000000000000000e+00,2.222222222222222307e-02
0.000000000000000000e+00,0.000000000000000000e+00,1.724137931034482735e-02,5.172413793103448204e-02,1.034482758620689641e-01,1.206896551724137984e-01,1.896551724137930939e-01,2.586206896551724310e-01,6.896551724137930939e-02,3.448275862068965469e-02,3.448275862068965469e-02,1.724137931034482735e-02,0.000000000000000000e+00,3.448275862068965469e-02,0.000000000000000000e+00,1.724137931034482735e-02,0.000000000000000000e+00,0.000000000000000000e+00,3.448275862068965469e-02,0.000000000000000000e+00,0.000000000000000000e+00,1.724137931034482735e-02
0.000000000000000000e+00,3.174603174603174427e-02,0.000000000000000000e+00,7.936507936507936067e-02,1.587301587301587213e-02,6.349206349206348854e-02,4.761904761904761640e-02,1.111111111111111049e-01,4.444444444444444198e-01,1.111111111111111049e-01,0.000000000000000000e+00,0.000000000000000000e+00,1.587301587301587213e-02,1.587301587301587213e-02,0.000000000000000000e+00,0.000000000000000000e+00,0.000000000000000000e+00,0.000000000000000000e+00,0.000000000000000000e+00,0.000000000000000000e+00,0.000000000000000000e+00,6.349206349206348854e-02
0.000000000000000000e+00,0.000000000000000000e+00,3.125000000000000000e-02,3.125000000000000000e-02,3.125000000000000000e-02,3.125000000000000000e-02,3.125000000000000000e-02,0.000000000000000000e+00,2.812500000000000000e-01,3.437500000000000000e-01,0.000000000000000000e+00,3.125000000000000000e-02,3.125000000000000000e-02,6.250000000000000000e-02,0.000000000000000000e+00,0.000000000000000000e+00,0.000000000000000000e+00,0.000000000000000000e+00,0.000000000000000000e+00,0.000000000000000000e+00,0.000000000000000000e+00,9.375000000000000000e-02
0.000000000000000000e+00,0.000000000000000000e+00,4.545454545454545581e-02,0.000000000000000000e+00,9.090909090909091161e-02,0.000000000000000000e+00,0.000000000000000000e+00,1.363636363636363535e-01,1.363636363636363535e-01,9.090909090909091161e-02,3.181818181818181768e-01,1.363636363636363535e-01,0.000000000000000000e+00,0.000000000000000000e+00,0.000000000000000000e+00,0.000000000000000000e+00,0.000000000000000000e+00,4.545454545454545581e-02,0.000000000000000000e+00,0.000000000000000000e+00,0.000000000000000000e+00,0.000000000000000000e+00
0.000000000000000000e+00,0.000000000000000000e+00,0.000000000000000000e+00,0.000000000000000000e+00,0.000000000000000000e+00,0.000000000000000000e+00,2.500000000000000139e-02,2.500000000000000139e-02,0.000000000000000000e+00,5.000000000000000278e-02,1.000000000000000056e-01,6.999999999999999556e-01,2.500000000000000139e-02,0.000000000000000000e+00,0.000000000000000000e+00,0.000000000000000000e+00,0.000000000000000000e+00,0.000000000000000000e+00,0.000000000000000000e+00,0.000000000000000000e+00,0.000000000000000000e+00,7.499999999999999722e-02
0.000000000000000000e+00,0.000000000000000000e+00,0.000000000000000000e+00,0.000000000000000000e+00,0.000000000000000000e+00,5.000000000000000278e-02,5.000000000000000278e-02,0.000000000000000000e+00,5.000000000000000278e-02,5.000000000000000278e-02,5.000000000000000278e-02,2.000000000000000111e-01,4.500000000000000111e-01,1.000000000000000056e-01,0.000000000000000000e+00,0.000000000000000000e+00,0.000000000000000000e+00,0.000000000000000000e+00,0.000000000000000000e+00,0.000000000000000000e+00,0.000000000000000000e+00,0.000000000000000000e+00
0.000000000000000000e+00,0.000000000000000000e+00,0.000000000000000000e+00,0.000000000000000000e+00,0.000000000000000000e+00,3.571428571428571230e-02,7.142857142857142461e-02,7.142857142857142461e-02,3.571428571428571230e-02,3.571428571428571230e-02,3.571428571428571230e-02,7.142857142857142461e-02,3.571428571428571230e-02,4.285714285714285476e-01,3.571428571428571230e-02,0.000000000000000000e+00,3.571428571428571230e-02,0.000000000000000000e+00,0.000000000000000000e+00,0.000000000000000000e+00,0.000000000000000000e+00,1.071428571428571369e-01
0.000000000000000000e+00,0.000000000000000000e+00,0.000000000000000000e+00,6.250000000000000000e-02,6.250000000000000000e-02,6.250000000000000000e-02,0.000000000000000000e+00,1.875000000000000000e-01,0.000000000000000000e+00,0.000000000000000000e+00,0.000000000000000000e+00,0.000000000000000000e+00,6.250000000000000000e-02,6.250000000000000000e-02,1.875000000000000000e-01,1.250000000000000000e-01,0.000000000000000000e+00,6.250000000000000000e-02,0.000000000000000000e+00,6.250000000000000000e-02,0.000000000000000000e+00,6.250000000000000000e-02
0.000000000000000000e+00,0.000000000000000000e+00,8.333333333333332871e-02,8.333333333333332871e-02,8.333333333333332871e-02,8.333333333333332871e-02,0.000000000000000000e+00,0.000000000000000000e+00,1.666666666666666574e-01,0.000000000000000000e+00,0.000000000000000000e+00,0.000000000000000000e+00,1.666666666666666574e-01,0.000000000000000000e+00,1.666666666666666574e-01,8.333333333333332871e-02,0.000000000000000000e+00,0.000000000000000000e+00,0.000000000000000000e+00,0.000000000000000000e+00,0.000000000000000000e+00,8.333333333333332871e-02
0.000000000000000000e+00,0.000000000000000000e+00,0.000000000000000000e+00,0.000000000000000000e+00,3.333333333333333148e-01,2.222222222222222099e-01,1.111111111111111049e-01,0.000000000000000000e+00,0.000000000000000000e+00,0.000000000000000000e+00,0.000000000000000000e+00,0.000000000000000000e+00,0.000000000000000000e+00,0.000000000000000000e+00,2.222222222222222099e-01,0.000000000000000000e+00,0.000000000000000000e+00,0.000000000000000000e+00,0.000000000000000000e+00,0.000000000000000000e+00,0.000000000000000000e+00,1.111111111111111049e-01
0.000000000000000000e+00,0.000000000000000000e+00,0.000000000000000000e+00,2.000000000000000111e-01,2.000000000000000111e-01,0.000000000000000000e+00,0.000000000000000000e+00,0.000000000000000000e+00,0.000000000000000000e+00,0.000000000000000000e+00,0.000000000000000000e+00,0.000000000000000000e+00,0.000000000000000000e+00,2.000000000000000111e-01,0.000000000000000000e+00,2.000000000000000111e-01,0.000000000000000000e+00,0.000000000000000000e+00,2.000000000000000111e-01,0.000000000000000000e+00,0.000000000000000000e+00,0.000000000000000000e+00
0.000000000000000000e+00,0.000000000000000000e+00,0.000000000000000000e+00,1.428571428571428492e-01,0.000000000000000000e+00,1.428571428571428492e-01,0.000000000000000000e+00,0.000000000000000000e+00,0.000000000000000000e+00,0.000000000000000000e+00,0.000000000000000000e+00,0.000000000000000000e+00,1.428571428571428492e-01,2.857142857142856984e-01,0.000000000000000000e+00,0.000000000000000000e+00,0.000000000000000000e+00,0.000000000000000000e+00,1.428571428571428492e-01,1.428571428571428492e-01,0.000000000000000000e+00,0.000000000000000000e+00
0.000000000000000000e+00,0.000000000000000000e+00,0.000000000000000000e+00,3.333333333333333148e-01,0.000000000000000000e+00,0.000000000000000000e+00,0.000000000000000000e+00,3.333333333333333148e-01,0.000000000000000000e+00,0.000000000000000000e+00,0.000000000000000000e+00,0.000000000000000000e+00,0.000000000000000000e+00,0.000000000000000000e+00,0.000000000000000000e+00,0.000000000000000000e+00,0.000000000000000000e+00,0.000000000000000000e+00,0.000000000000000000e+00,0.000000000000000000e+00,0.000000000000000000e+00,3.333333333333333148e-01
0.000000000000000000e+00,0.000000000000000000e+00,0.000000000000000000e+00,0.000000000000000000e+00,0.000000000000000000e+00,0.000000000000000000e+00,0.000000000000000000e+00,0.000000000000000000e+00,0.000000000000000000e+00,0.000000000000000000e+00,0.000000000000000000e+00,0.000000000000000000e+00,0.000000000000000000e+00,0.000000000000000000e+00,0.000000000000000000e+00,0.000000000000000000e+00,3.333333333333333148e-01,3.333333333333333148e-01,0.000000000000000000e+00,0.000000000000000000e+00,3.333333333333333148e-01,0.000000000000000000e+00
0.000000000000000000e+00,0.000000000000000000e+00,1.041666666666666609e-02,7.291666666666667129e-02,4.166666666666666435e-02,5.208333333333333565e-02,1.041666666666666609e-02,4.166666666666666435e-02,4.166666666666666435e-02,1.041666666666666609e-02,3.125000000000000000e-02,1.041666666666666609e-02,0.000000000000000000e+00,3.125000000000000000e-02,2.083333333333333218e-02,2.083333333333333218e-02,4.166666666666666435e-02,1.041666666666666609e-02,1.041666666666666609e-02,0.000000000000000000e+00,3.125000000000000000e-02,5.104166666666666297e-01
