7.380952380952381375e-01,4.761904761904761640e-02,9.523809523809523281e-02,0.000000000000000000e+00,0.000000000000000000e+00,0.000000000000000000e+00,2.380952380952380820e-02,0.000000000000000000e+00,4.761904761904761640e-02,0.000000000000000000e+00,0.000000000000000000e+00,0.000000000000000000e+00,2.380952380952380820e-02,0.000000000000000000e+00,0.000000000000000000e+00,0.000000000000000000e+00,0.000000000000000000e+00,0.000000000000000000e+00,0.000000000000000000e+00,0.000000000000000000e+00,0.000000000000000000e+00,2.380952380952380820e-02
6.896551724137930939e-02,7.241379310344827624e-01,3.448275862068965469e-02,3.448275862068965469e-02,0.000000000000000000e+00,0.000000000000000000e+00,3.448275862068965469e-02,3.448275862068965469e-02,0.000000000000000000e+00,3.448275862068965469e-02,0.000000000000000000e+00,0.000000000000000000e+00,0.000000000000000000e+00,0.000000000000000000e+00,0.000000000000000000e+00,0.000000000000000000e+00,0.000000000000000000e+00,0.000000000000000000e+00,0.000000000000000000e+00,0.000000000000000000e+00,0.000000000000000000e+00,3.448275862068965469e-02
0.000000000000000000e+00,1.212121212121212155e-01,5.454545454545454142e-01,6.060606060606060774e-02,0.000000000000000000e+00,0.000000000000000000e+00,6.060606060606060774e-02,0.000000000000000000e+00,0.000000000000000000e+00,6.060606060606060774e-02,9.090909090909091161e-02,3.030303030303030387e-02,0.000000000000000000e+00,0.000000000000000000e+00,0.000000000000000000e+00,3.030303030303030387e-02,0.000000000000000000e+00,0.000000000000000000e+00,0.000000000000000000e+00,0.000000000000000000e+00,0.000000000000000000e+00,0.000000000000000000e+00
0.000000000000000000e+00,4.166666666666666435e-02,6.250000000000000000e-02,5.833333333333333703e-01,1.041666666666666713e-01,6.250000000000000000e-02,4.166666666666666435e-02,4.166666666666666435e-02,0.000000000000000000e+00,0.000000000000000000e+00,2.083333333333333218e-02,0.000000000000000000e+00,2.083333333333333218e-02,0.000000000000000000e+00,0.000000000000000000e+00,0.000000000000000000e+00,0.000000000000000000e+00,0.000000000000000000e+00,2.083333333333333218e-02,0.000000000000000000e+00,0.000000000000000000e+00,0.000000000000000000e+00
0.000000000000000000e+00,0.000000000000000000e+00,3.571428571428571230e-02,1.250000000000000000e-01,5.535714285714286031e-01,8.928571428571428770e-02,5.357142857142856845e-02,5.357142857142856845e-02,3.571428571428571230e-02,1.785714285714285615e-02,1.785714285714285615e-02,0.000000000000000000e+00,1.785714285714285615e-02,0.000000000000000000e+00,0.000000000000000000e+00,0.000000000000000000e+00,0.000000000000000000e+00,0.000000000000000000e+00,0.000000000000000000e+00,0.000000000000000000e+00,0.000000000000000000e+00,0.000000000000000000e+00
0.000000000000000000e+00,0.000000000000000000e+00,7.194244604316547137e-03,3.597122302158273222e-02,5.755395683453237710e-02,7.410071942446042614e-01,4.316546762589928282e-02,3.597122302158273222e-02,2.158273381294964141e-02,1.438848920863309427e-02,1.438848920863309427e-02,0.000000000000000000e+00,7.194244604316547137e-03,0.000000000000000000e+00,0.000000000000000000e+00,0.000000000000000000e+00,0.000000000000000000e+00,0.000000000000000000e+00,0.000000000000000000e+00,0.000000000000000000e+00,0.000000000000000000e+00,2.158273381294964141e-02
0.000000000000000000e+00,0.000000000000000000e+00,0.000000000000000000e+00,5.319148936170212637e-03,1.063829787234042527e-02,6.382978723404254817e-02,6.968085106382978511e-01,1.382978723404255372e-01,2.659574468085106405e-02,1.063829787234042527e-02,5.319148936170212637e-03,1.595744680851063704e-02,5.319148936170212637e-03,0.000000000000000000e+00,0.000000000000000000e+00,0.000000000000000000e+00,0.000000000000000000e+00,5.319148936170212637e-03,0.000000000000000000e+00,0.000000000000000000e+00,0.000000000000000000e+00,1.595744680851063704e-02
3.021148036253776432e-03,0.000000000000000000e+00,3.021148036253776432e-03,3.021148036253776432e-03,1.208459214501510573e-02,1.208459214501510573e-02,8.459214501510574358e-02,6.918429003021148160e-01,1.329305135951661665e-01,1.510574018126888303e-02,1.812688821752266033e-02,6.042296072507552865e-03,0.000000000000000000e+00,6.042296072507552865e-03,3.021148036253776432e-03,0.000000000000000000e+00,0.000000000000000000e+00,0.000000000000000000e+00,0.000000000000000000e+00,0.000000000000000000e+00,0.000000000000000000e+00,9.063444108761330165e-03
1.515151515151515150e-03,0.000000000000000000e+00,0.000000000000000000e+00,1.515151515151515150e-03,4.545454545454545234e-03,6.060606060606060601e-03,1.060606060606060670e-02,7.727272727272727071e-02,7.378787878787879118e-01,9.696969696969696961e-02,3.030303030303030387e-02,1.060606060606060670e-02,7.575757575757575968e-03,1.515151515151515150e-03,1.515151515151515150e-03,1.515151515151515150e-03,1.515151515151515150e-03,1.515151515151515150e-03,0.000000000000000000e+00,0.000000000000000000e+00,0.000000000000000000e+00,7.575757575757575968e-03
1.874414245548266210e-03,0.000000000000000000e+00,9.372071227741331050e-04,0.000000000000000000e+00,0.000000000000000000e+00,9.372071227741331050e-04,3.748828491096532420e-03,3.748828491096532420e-03,8.997188378631677808e-02,7.741330834114339421e-01,8.341143392689784331e-02,1.874414245548266036e-02,6.560449859418931301e-03,6.560449859418931301e-03,0.000000000000000000e+00,0.000000000000000000e+00,0.000000000000000000e+00,9.372071227741331050e-04,9.372071227741331050e-04,0.000000000000000000e+00,9.372071227741331050e-04,6.560449859418931301e-03
0.000000000000000000e+00,9.009009009009009148e-04,1.801801801801801830e-03,0.000000000000000000e+00,1.801801801801801830e-03,1.801801801801801830e-03,9.009009009009009148e-04,6.306306306306306078e-03,9.009009009009008931e-03,1.270270270270270341e-01,7.396396396396396344e-01,5.585585585585585433e-02,2.072072072072072071e-02,1.081081081081081141e-02,9.909909909909909304e-03,1.801801801801801830e-03,9.009009009009009148e-04,9.009009009009009148e-04,9.009009009009009148e-04,0.000000000000000000e+00,1.801801801801801830e-03,7.207207207207207318e-03
1.893939393939393992e-03,0.000000000000000000e+00,0.000000000000000000e+00,0.000000000000000000e+00,0.000000000000000000e+00,1.893939393939393992e-03,5.681818181818181976e-03,5.681818181818181976e-03,9.469696969696969960e-03,4.545454545454545581e-02,1.780303030303030387e-01,6.193181818181817677e-01,8.143939393939393645e-02,1.704545454545454419e-02,7.575757575757575968e-03,3.787878787878787984e-03,1.893939393939393992e-03,1.893939393939393992e-03,1.893939393939393992e-03,0.000000000000000000e+00,1.893939393939393992e-03,1.515151515151515194e-02
4.444444444444444441e-03,0.000000000000000000e+00,0.000000000000000000e+00,0.000000000000000000e+00,4.444444444444444441e-03,0.000000000000000000e+00,0.000000000000000000e+00,0.000000000000000000e+00,1.777777777777777776e-02,4.888888888888889145e-02,1.288888888888888862e-01,2.355555555555555458e-01,3.955555555555555491e-01,7.111111111111111105e-02,3.111111111111111022e-02,1.777777777777777776e-02,4.444444444444444441e-03,8.888888888888888881e-03,0.000000000000000000e+00,4.444444444444444441e-03,1.777777777777777776e-02,8.888888888888888881e-03
0.000000000000000000e+00,0.000000000000000000e+00,0.000000000000000000e+00,0.000000000000000000e+00,0.000000000000000000e+00,0.000000000000000000e+00,1.162790697674418589e-02,1.162790697674418589e-02,1.162790697674418589e-02,1.046511627906976799e-01,1.279069767441860517e-01,1.744186046511627952e-01,2.093023255813953598e-01,2.325581395348837177e-01,4.651162790697674354e-02,2.325581395348837177e-02,0.000000000000000000e+00,0.000000000000000000e+00,1.162790697674418589e-02,1.162790697674418589e-02,1.162790697674418589e-02,1.162790697674418589e-02
0.000000000000000000e+00,0.000000000000000000e+00,0.000000000000000000e+00,0.000000000000000000e+00,0.000000000000000000e+00,0.000000000000000000e+00,0.000000000000000000e+00,2.083333333333333218e-02,0.000000000000000000e+00,4.166666666666666435e-02,1.458333333333333426e-01,1.458333333333333426e-01,1.458333333333333426e-01,1.041666666666666713e-01,1.875000000000000000e-01,8.333333333333332871e-02,2.083333333333333218e-02,4.166666666666666435e-02,0.000000000000000000e+00,0.000000000000000000e+00,2.083333333333333218e-02,4.166666666666666435e-02
0.000000000000000000e+00,0.000000000000000000e+00,4.166666666666666435e-02,0.000000000000000000e+00,0.000000000000000000e+00,0.000000000000000000e+00,0.000000000000000000e+00,0.000000000000000000e+00,0.000000000000000000e+00,0.000000000000000000e+00,4.166666666666666435e-02,1.250000000000000000e-01,2.083333333333333426e-01,1.250000000000000000e-01,1.666666666666666574e-01,1.250000000000000000e-01,0.000000000000000000e+00,0.000000000000000000e+00,8.333333333333332871e-02,4.166666666666666435e-02,0.000000000000000000e+00,4.166666666666666435e-02
0.000000000000000000e+00,0.000000000000000000e+00,0.000000000000000000e+00,0.000000000000000000e+00,0.000000000000000000e+00,0.000000000000000000e+00,0.000000000000000000e+00,0.000000000000000000e+00,1.818181818181818232e-01,0.000000000000000000e+00,9.090909090909091161e-02,9.090909090909091161e-02,1.818181818181818232e-01,9.090909090909091161e-02,0.000000000000000000e+00,4.545454545454545581e-02,1.363636363636363535e-01,0.000000000000000000e+00,0.000000000000000000e+00,4.545454545454545581e-02,0.000000000000000000e+00,1.363636363636363535e-01
0.000000000000000000e+00,0.000000000000000000e+00,0.000000000000000000e+00,0.000000000000000000e+00,0.000000000000000000e+00,0.000000000000000000e+00,0.000000000000000000e+00,0.000000000000000000e+00,0.000000000000000000e+00,0.000000000000000000e+00,1.428571428571428492e-01,4.761904761904761640e-02,9.523809523809523281e-02,0.000000000000000000e+00,9.523809523809523281e-02,0.000000000000000000e+00,1.428571428571428492e-01,2.857142857142856984e-01,9.523809523809523281e-02,0.000000000000000000e+00,0.000000000000000000e+00,9.523809523809523281e-02
0.000000000000000000e+00,0.000000000000000000e+00,0.000000000000000000e+00,0.000000000000000000e+00,0.000000000000000000e+00,0.000000000000000000e+00,0.000000000000000000e+00,0.000000000000000000e+00,0.000000000000000000e+00,0.000000000000000000e+00,5.555555555555555247e-02,5.555555555555555247e-02,0.000000000000000000e+00,1.111111111111111049e-01,1.111111111111111049e-01,1.111111111111111049e-01,5.555555555555555247e-02,5.555555555555555247e-02,2.777777777777777901e-01,5.555555555555555247e-02,0.000000000000000000e+00,1.111111111111111049e-01
0.000000000000000000e+00,0.000000000000000000e+00,0.000000000000000000e+00,0.000000000000000000e+00,0.000000000000000000e+00,0.000000000000000000e+00,0.000000000000000000e+00,0.000000000000000000e+00,0.000000000000000000e+00,0.000000000000000000e+00,0.000000000000000000e+00,0.000000000000000000e+00,0.000000000000000000e+00,2.500000000000000000e-01,8.333333333333332871e-02,0.000000000000000000e+00,8.333333333333332871e-02,1.666666666666666574e-01,1.666666666666666574e-01,1.666666666666666574e-01,0.000000000000000000e+00,8.333333333333332871e-02
0.000000000000000000e+00,0.000000000000000000e+00,0.000000000000000000e+00,0.000000000000000000e+00,0.000000000000000000e+00,0.000000000000000000e+00,0.000000000000000000e+00,8.333333333333332871e-02,8.333333333333332871e-02,1.666666666666666574e-01,8.333333333333332871e-02,8.333333333333332871e-02,0.000000000000000000e+00,8.333333333333332871e-02,8.333333333333332871e-02,0.000000000000000000e+00,8.333333333333332871e-02,0.000000000000000000e+00,0.000000000000000000e+00,0.000000000000000000e+00,8.333333333333332871e-02,1.666666666666666574e-01
9.259259259259258745e-03,0.000000000000000000e+00,9.259259259259258745e-03,0.000000000000000000e+00,0.000000000000000000e+00,9.259259259259258745e-03,0.000000000000000000e+00,1.851851851851851749e-02,1.851851851851851749e-02,5.555555555555555247e-02,3.703703703703703498e-02,9.259259259259258745e-02,9.259259259259258745e-02,1.851851851851851749e-02,2.777777777777777624e-02,9.259259259259258745e-03,5.555555555555555247e-02,2.777777777777777624e-02,2.777777777777777624e-02,3.703703703703703498e-02,1.851851851851851749e-02,4.351851851851851749e-01
