9.473684210526315264e-01,1.754385964912280604e-02,1.754385964912280604e-02,1.754385964912280604e-02,0.000000000000000000e+00,0.000000000000000000e+00,0.000000000000000000e+00,0.000000000000000000e+00,0.000000000000000000e+00,0.000000000000000000e+00,0.000000000000000000e+00,0.000000000000000000e+00,0.000000000000000000e+00,0.000000000000000000e+00,0.000000000000000000e+00,0.000000000000000000e+00,0.000000000000000000e+00,0.000000000000000000e+00,0.000000000000000000e+00,0.000000000000000000e+00,0.000000000000000000e+00,0.000000000000000000e+00
1.818181818181818232e-01,7.272727272727272929e-01,0.000000000000000000e+00,0.000000000000000000e+00,9.090909090909091161e-02,0.000000000000000000e+00,0.000000000000000000e+00,0.000000000000000000e+00,0.000000000000000000e+00,0.000000000000000000e+00,0.000000000000000000e+00,0.000000000000000000e+00,0.000000000000000000e+00,0.000000000000000000e+00,0.000000000000000000e+00,0.000000000000000000e+00,0.000000000000000000e+00,0.000000000000000000e+00,0.000000000000000000e+00,0.000000000000000000e+00,0.000000000000000000e+00,0.000000000000000000e+00
3.030303030303030387e-02,3.030303030303030387e-02,6.666666666666666297e-01,1.515151515151515194e-01,0.000000000000000000e+00,3.030303030303030387e-02,3.030303030303030387e-02,3.030303030303030387e-02,0.000000000000000000e+00,0.000000000000000000e+00,3.030303030303030387e-02,0.000000000000000000e+00,0.000000000000000000e+00,0.000000000000000000e+00,0.000000000000000000e+00,0.000000000000000000e+00,0.000000000000000000e+00,0.000000000000000000e+00,0.000000000000000000e+00,0.000000000000000000e+00,0.000000000000000000e+00,0.000000000000000000e+00
2.127659574468085055e-02,0.000000000000000000e+00,4.255319148936170109e-02,6.170212765957446832e-01,1.276595744680850963e-01,4.255319148936170109e-02,6.382978723404254817e-02,0.000000000000000000e+00,2.127659574468085055e-02,0.000000000000000000e+00,2.127659574468085055e-02,0.000000000000000000e+00,0.000000000000000000e+00,0.000000000000000000e+00,2.127659574468085055e-02,0.000000000000000000e+00,0.000000000000000000e+00,0.000000000000000000e+00,0.000000000000000000e+00,0.000000000000000000e+00,0.000000000000000000e+00,2.127659574468085055e-02
0.000000000000000000e+00,0.000000000000000000e+00,0.000000000000000000e+00,4.477611940298507204e-02,6.268656716417910779e-01,1.343283582089552231e-01,1.044776119402985037e-01,1.492537313432835792e-02,0.000000000000000000e+00,1.492537313432835792e-02,0.000000000000000000e+00,0.000000000000000000e+00,0.000000000000000000e+00,0.000000000000000000e+00,1.492537313432835792e-02,0.000000000000000000e+00,0.000000000000000000e+00,0.000000000000000000e+00,0.000000000000000000e+00,0.000000000000000000e+00,0.000000000000000000e+00,4.477611940298507204e-02
8.849557522123893682e-03,8.849557522123893682e-03,0.000000000000000000e+00,8.849557522123893682e-03,6.194690265486725578e-02,6.548672566371681603e-01,1.946902654867256610e-01,8.849557522123893682e-03,3.539823008849557473e-02,8.849557522123893682e-03,0.000000000000000000e+00,8.849557522123893682e-03,0.000000000000000000e+00,0.000000000000000000e+00,0.000000000000000000e+00,0.000000000000000000e+00,0.000000000000000000e+00,0.000000000000000000e+00,0.000000000000000000e+00,0.000000000000000000e+00,0.000000000000000000e+00,0.000000000000000000e+00
5.988023952095808747e-03,0.000000000000000000e+00,1.197604790419161749e-02,5.988023952095808747e-03,1.796407185628742451e-02,7.185628742514969802e-02,5.928143712574850399e-01,1.497005988023951961e-01,4.191616766467065602e-02,5.389221556886227699e-02,1.197604790419161749e-02,1.197604790419161749e-02,0.000000000000000000e+00,0.000000000000000000e+00,0.000000000000000000e+00,0.000000000000000000e+00,0.000000000000000000e+00,0.000000000000000000e+00,5.988023952095808747e-03,0.000000000000000000e+00,0.000000000000000000e+00,1.796407185628742451e-02
2.564102564102564100e-03,0.000000000000000000e+00,0.000000000000000000e+00,0.000000000000000000e+00,7.692307692307692735e-03,1.025641025641025640e-02,5.384615384615384914e-02,7.410256410256410575e-01,1.076923076923076983e-01,3.333333333333333287e-02,2.051282051282051280e-02,1.025641025641025640e-02,7.692307692307692735e-03,0.000000000000000000e+00,0.000000000000000000e+00,0.000000000000000000e+00,0.000000000000000000e+00,0.000000000000000000e+00,0.000000000000000000e+00,0.000000000000000000e+00,0.000000000000000000e+00,5.128205128205128201e-03
0.000000000000000000e+00,0.000000000000000000e+00,0.000000000000000000e+00,0.000000000000000000e+00,0.000000000000000000e+00,7.312614259597806192e-03,1.279707495429616149e-02,7.495429616087750935e-02,6.873857404021938011e-01,1.553930530164533697e-01,2.559414990859232297e-02,3.656307129798903096e-03,9.140767824497257957e-03,5.484460694698354427e-03,0.000000000000000000e+00,0.000000000000000000e+00,1.828153564899451548e-03,0.000000000000000000e+00,0.000000000000000000e+00,3.656307129798903096e-03,1.828153564899451548e-03,1.096892138939670885e-02
0.000000000000000000e+00,9.680542110358180373e-04,0.000000000000000000e+00,9.680542110358180373e-04,0.000000000000000000e+00,2.904162633107454112e-03,4.840271055179089753e-03,1.161665053242981645e-02,7.163601161665053563e-02,7.618586640851887637e-01,1.055179090029041561e-01,1.258470474346563492e-02,7.744433688286544298e-03,2.904162633107454112e-03,1.936108422071636075e-03,3.872216844143272149e-03,9.680542110358180373e-04,9.680542110358180373e-04,1.936108422071636075e-03,0.000000000000000000e+00,9.680542110358180373e-04,5.808325266214908224e-03
0.000000000000000000e+00,0.000000000000000000e+00,9.496676163342830483e-04,9.496676163342830483e-04,0.000000000000000000e+00,0.000000000000000000e+00,4.748338081671414808e-03,5.698005698005698290e-03,1.329534662867996181e-02,8.262108262108261436e-02,7.673314339981006649e-01,8.926875593542260567e-02,1.614434947768281225e-02,1.899335232668566097e-03,1.899335232668566097e-03,0.000000000000000000e+00,0.000000000000000000e+00,9.496676163342830483e-04,1.899335232668566097e-03,9.496676163342830483e-04,0.000000000000000000e+00,1.139601139601139658e-02
0.000000000000000000e+00,0.000000000000000000e+00,0.000000000000000000e+00,1.919385796545105497e-03,0.000000000000000000e+00,3.838771593090210994e-03,3.838771593090210994e-03,3.838771593090210994e-03,9.596928982725527052e-03,3.071017274472168795e-02,1.324376199616122962e-01,6.756238003838771489e-01,8.445297504798464361e-02,2.111324376199616090e-02,7.677543186180421989e-03,7.677543186180421989e-03,3.838771593090210994e-03,0.000000000000000000e+00,0.000000000000000000e+00,1.919385796545105497e-03,3.838771593090210994e-03,7.677543186180421989e-03
0.000000000000000000e+00,0.000000000000000000e+00,0.000000000000000000e+00,0.000000000000000000e+00,0.000000000000000000e+00,0.000000000000000000e+00,0.000000000000000000e+00,1.401869158878504655e-02,1.869158878504672758e-02,4.672897196261682068e-02,8.411214953271027583e-02,1.869158878504672827e-01,4.532710280373831724e-01,9.813084112149532412e-02,4.205607476635513792e-02,9.345794392523363789e-03,1.401869158878504655e-02,0.000000000000000000e+00,1.401869158878504655e-02,0.000000000000000000e+00,0.000000000000000000e+00,1.869158878504672758e-02
0.000000000000000000e+00,0.000000000000000000e+00,8.474576271186440649e-03,0.000000000000000000e+00,0.000000000000000000e+00,0.000000000000000000e+00,8.474576271186440649e-03,0.000000000000000000e+00,2.542372881355932368e-02,2.542372881355932368e-02,3.389830508474576259e-02,1.271186440677966045e-01,1.186440677966101725e-01,4.406779661016949068e-01,1.271186440677966045e-01,2.542372881355932368e-02,8.474576271186440649e-03,1.694915254237288130e-02,8.474576271186440649e-03,0.000000000000000000e+00,8.474576271186440649e-03,1.694915254237288130e-02
0.000000000000000000e+00,0.000000000000000000e+00,0.000000000000000000e+00,0.000000000000000000e+00,0.000000000000000000e+00,0.000000000000000000e+00,1.136363636363636395e-02,1.136363636363636395e-02,1.136363636363636395e-02,4.545454545454545581e-02,3.409090909090908839e-02,5.681818181818181629e-02,1.022727272727272790e-01,1.250000000000000000e-01,3.977272727272727071e-01,3.409090909090908839e-02,2.272727272727272790e-02,2.272727272727272790e-02,3.409090909090908839e-02,1.136363636363636395e-02,0.000000000000000000e+00,7.954545454545454419e-02
0.000000000000000000e+00,0.000000000000000000e+00,0.000000000000000000e+00,0.000000000000000000e+00,0.000000000000000000e+00,0.000000000000000000e+00,0.000000000000000000e+00,0.000000000000000000e+00,2.173913043478260809e-02,2.173913043478260809e-02,4.347826086956521618e-02,8.695652173913043237e-02,1.086956521739130405e-01,8.695652173913043237e-02,8.695652173913043237e-02,2.826086956521738913e-01,4.347826086956521618e-02,2.173913043478260809e-02,6.521739130434782428e-02,0.000000000000000000e+00,2.173913043478260809e-02,1.086956521739130405e-01
0.000000000000000000e+00,0.000000000000000000e+00,0.000000000000000000e+00,3.846153846153846367e-02,3.846153846153846367e-02,0.000000000000000000e+00,0.000000000000000000e+00,0.000000000000000000e+00,3.846153846153846367e-02,0.000000000000000000e+00,3.846153846153846367e-02,3.846153846153846367e-02,7.692307692307692735e-02,1.153846153846153910e-01,1.538461538461538547e-01,1.923076923076923184e-01,1.538461538461538547e-01,3.846153846153846367e-02,0.000000000000000000e+00,0.000000000000000000e+00,0.000000000000000000e+00,7.692307692307692735e-02
0.000000000000000000e+00,0.000000000000000000e+00,0.000000000000000000e+00,0.000000000000000000e+00,0.000000000000000000e+00,5.882352941176470507e-02,5.882352941176470507e-02,0.000000000000000000e+00,5.882352941176470507e-02,0.000000000000000000e+00,5.882352941176470507e-02,0.000000000000000000e+00,1.176470588235294101e-01,5.882352941176470507e-02,5.882352941176470507e-02,5.882352941176470507e-02,1.764705882352941291e-01,0.000000000000000000e+00,5.882352941176470507e-02,5.882352941176470507e-02,0.000000000000000000e+00,1.764705882352941291e-01
0.000000000000000000e+00,0.000000000000000000e+00,0.000000000000000000e+00,0.000000000000000000e+00,0.000000000000000000e+00,0.000000000000000000e+00,5.714285714285714107e-02,0.000000000000000000e+00,2.857142857142857054e-02,5.714285714285714107e-02,5.714285714285714107e-02,0.000000000000000000e+00,2.857142857142857054e-02,5.714285714285714107e-02,5.714285714285714107e-02,5.714285714285714107e-02,0.000000000000000000e+00,8.571428571428571508e-02,2.571428571428571175e-01,2.857142857142857054e-02,8.571428571428571508e-02,1.428571428571428492e-01
0.000000000000000000e+00,0.000000000000000000e+00,0.000000000000000000e+00,0.000000000000000000e+00,0.000000000000000000e+00,0.000000000000000000e+00,0.000000000000000000e+00,4.347826086956521618e-02,4.347826086956521618e-02,4.347826086956521618e-02,0.000000000000000000e+00,0.000000000000000000e+00,4.347826086956521618e-02,0.000000000000000000e+00,8.695652173913043237e-02,0.000000000000000000e+00,4.347826086956521618e-02,4.347826086956521618e-02,2.173913043478260809e-01,2.173913043478260809e-01,8.695652173913043237e-02,1.304347826086956486e-01
0.000000000000000000e+00,0.000000000000000000e+00,0.000000000000000000e+00,0.000000000000000000e+00,0.000000000000000000e+00,0.000000000000000000e+00,0.000000000000000000e+00,1.052631578947368363e-01,0.000000000000000000e+00,0.000000000000000000e+00,0.000000000000000000e+00,5.263157894736841813e-02,1.052631578947368363e-01,5.263157894736841813e-02,0.000000000000000000e+00,0.000000000000000000e+00,5.263157894736841813e-02,0.000000000000000000e+00,0.000000000000000000e+00,1.578947368421052544e-01,3.157894736842105088e-01,1.578947368421052544e-01
0.000000000000000000e+00,0.000000000000000000e+00,5.494505494505494934e-03,5.494505494505494934e-03,5.494505494505494934e-03,5.494505494505494934e-03,5.494505494505494934e-03,1.098901098901098987e-02,1.648351648351648394e-02,4.945054945054944834e-02,4.945054945054944834e-02,1.648351648351648394e-02,2.747252747252747207e-02,3.296703296703296787e-02,5.494505494505494934e-03,2.747252747252747207e-02,2.197802197802197974e-02,1.648351648351648394e-02,3.846153846153846367e-02,4.945054945054944834e-02,2.747252747252747207e-02,5.824175824175824578e-01
