7.119741100323624394e-01,1.197411003236245886e-01,1.779935275080906168e-02,3.236245954692556787e-03,4.854368932038834530e-03,1.618122977346278394e-03,0.000000000000000000e+00,0.000000000000000000e+00,0.000000000000000000e+00,0.000000000000000000e+00,0.000000000000000000e+00,0.000000000000000000e+00,1.618122977346278394e-03,0.000000000000000000e+00,1.618122977346278394e-03,1.618122977346278394e-03,0.000000000000000000e+00,9.708737864077669061e-03,1.132686084142394897e-02,1.779935275080906168e-02,9.708737864077669755e-02
1.782006920415225015e-01,6.989619377162630265e-01,4.325259515570933910e-02,6.920415224913495020e-03,3.460207612456747510e-03,5.190311418685120831e-03,1.730103806228373755e-03,0.000000000000000000e+00,3.460207612456747510e-03,0.000000000000000000e+00,3.460207612456747510e-03,0.000000000000000000e+00,0.000000000000000000e+00,1.730103806228373755e-03,0.000000000000000000e+00,0.000000000000000000e+00,3.460207612456747510e-03,3.460207612456747510e-03,6.920415224913495020e-03,1.384083044982699004e-02,2.595155709342560416e-02
3.928571428571428492e-02,1.571428571428571397e-01,6.500000000000000222e-01,4.642857142857143016e-02,2.142857142857142877e-02,1.785714285714285615e-02,1.071428571428571438e-02,3.571428571428571317e-03,7.142857142857142634e-03,0.000000000000000000e+00,0.000000000000000000e+00,0.000000000000000000e+00,0.000000000000000000e+00,0.000000000000000000e+00,0.000000000000000000e+00,0.000000000000000000e+00,0.000000000000000000e+00,0.000000000000000000e+00,7.142857142857142634e-03,1.785714285714285615e-02,2.142857142857142877e-02
9.708737864077669061e-03,5.825242718446602130e-02,2.135922330097087263e-01,5.728155339805824919e-01,7.766990291262135249e-02,1.941747572815533812e-02,9.708737864077669061e-03,0.000000000000000000e+00,0.000000000000000000e+00,0.000000000000000000e+00,3.883495145631067624e-02,0.000000000000000000e+00,0.000000000000000000e+00,0.000000000000000000e+00,0.000000000000000000e+00,0.000000000000000000e+00,0.000000000000000000e+00,0.000000000000000000e+00,0.000000000000000000e+00,0.000000000000000000e+00,0.000000000000000000e+00
0.000000000000000000e+00,1.176470588235294101e-01,1.372549019607843257e-01,2.745098039215686514e-01,3.725490196078431460e-01,0.000000000000000000e+00,1.960784313725490169e-02,1.960784313725490169e-02,0.000000000000000000e+00,0.000000000000000000e+00,3.921568627450980338e-02,0.000000000000000000e+00,0.000000000000000000e+00,0.000000000000000000e+00,0.000000000000000000e+00,0.000000000000000000e+00,0.000000000000000000e+00,0.000000000000000000e+00,1.960784313725490169e-02,0.000000000000000000e+00,0.000000000000000000e+00
8.000000000000000167e-02,1.199999999999999956e-01,1.600000000000000033e-01,8.000000000000000167e-02,1.199999999999999956e-01,2.000000000000000111e-01,1.199999999999999956e-01,4.000000000000000083e-02,0.000000000000000000e+00,0.000000000000000000e+00,4.000000000000000083e-02,0.000000000000000000e+00,0.000000000000000000e+00,0.000000000000000000e+00,0.000000000000000000e+00,0.000000000000000000e+00,0.000000000000000000e+00,0.000000000000000000e+00,0.000000000000000000e+00,0.000000000000000000e+00,4.000000000000000083e-02
0.000000000000000000e+00,5.263157894736841813e-02,1.052631578947368363e-01,0.000000000000000000e+00,5.263157894736841813e-02,2.631578947368420907e-01,3.157894736842105088e-01,0.000000000000000000e+00,5.263157894736841813e-02,0.000000000000000000e+00,1.578947368421052544e-01,0.000000000000000000e+00,0.000000000000000000e+00,0.000000000000000000e+00,0.000000000000000000e+00,0.000000000000000000e+00,0.000000000000000000e+00,0.000000000000000000e+00,0.000000000000000000e+00,0.000000000000000000e+00,0.000000000000000000e+00
0.000000000000000000e+00,0.000000000000000000e+00,2.307692307692307820e-01,0.000000000000000000e+00,1.538461538461538547e-01,7.692307692307692735e-02,7.692307692307692735e-02,2.307692307692307820e-01,7.692307692307692735e-02,0.000000000000000000e+00,7.692307692307692735e-02,0.000000000000000000e+00,0.000000000000000000e+00,0.000000000000000000e+00,0.000000000000000000e+00,0.000000000000000000e+00,0.000000000000000000e+00,0.000000000000000000e+00,0.000000000000000000e+00,0.000000000000000000e+00,7.692307692307692735e-02
0.000000000000000000e+00,8.333333333333332871e-02,2.500000000000000000e-01,8.333333333333332871e-02,1.666666666666666574e-01,8.333333333333332871e-02,8.333333333333332871e-02,8.333333333333332871e-02,8.333333333333332871e-02,8.333333333333332871e-02,0.000000000000000000e+00,0.000000000000000000e+00,0.000000000000000000e+00,0.000000000000000000e+00,0.000000000000000000e+00,0.000000000000000000e+00,0.000000000000000000e+00,0.000000000000000000e+00,0.000000000000000000e+00,0.000000000000000000e+00,0.000000000000000000e+00
0.000000000000000000e+00,0.000000000000000000e+00,0.000000000000000000e+00,0.000000000000000000e+00,0.000000000000000000e+00,0.000000000000000000e+00,0.000000000000000000e+00,0.000000000000000000e+00,3.333333333333333148e-01,3.333333333333333148e-01,3.333333333333333148e-01,0.000000000000000000e+00,0.000000000000000000e+00,0.000000000000000000e+00,0.000000000000000000e+00,0.000000000000000000e+00,0.000000000000000000e+00,0.000000000000000000e+00,0.000000000000000000e+00,0.000000000000000000e+00,0.000000000000000000e+00
3.030303030303030387e-02,1.212121212121212155e-01,3.030303030303030387e-02,3.030303030303030387e-02,1.515151515151515194e-01,6.060606060606060774e-02,0.000000000000000000e+00,6.060606060606060774e-02,3.030303030303030387e-02,0.000000000000000000e+00,4.848484848484848619e-01,0.000000000000000000e+00,0.000000000000000000e+00,0.000000000000000000e+00,0.000000000000000000e+00,0.000000000000000000e+00,0.000000000000000000e+00,0.000000000000000000e+00,0.000000000000000000e+00,0.000000000000000000e+00,0.000000000000000000e+00
0.000000000000000000e+00,0.000000000000000000e+00,0.000000000000000000e+00,0.000000000000000000e+00,0.000000000000000000e+00,0.000000000000000000e+00,0.000000000000000000e+00,0.000000000000000000e+00,0.000000000000000000e+00,0.000000000000000000e+00,1.000000000000000000e+00,0.000000000000000000e+00,0.000000000000000000e+00,0.000000000000000000e+00,0.000000000000000000e+00,0.000000000000000000e+00,0.000000000000000000e+00,0.000000000000000000e+00,0.000000000000000000e+00,0.000000000000000000e+00,0.000000000000000000e+00
0.000000000000000000e+00,0.000000000000000000e+00,0.000000000000000000e+00,0.000000000000000000e+00,0.000000000000000000e+00,0.000000000000000000e+00,0.000000000000000000e+00,0.000000000000000000e+00,1.000000000000000000e+00,0.000000000000000000e+00,0.000000000000000000e+00,0.000000000000000000e+00,0.000000000000000000e+00,0.000000000000000000e+00,0.000000000000000000e+00,0.000000000000000000e+00,0.000000000000000000e+00,0.000000000000000000e+00,0.000000000000000000e+00,0.000000000000000000e+00,0.000000000000000000e+00
0.000000000000000000e+00,3.333333333333333148e-01,0.000000000000000000e+00,0.000000000000000000e+00,0.000000000000000000e+00,0.000000000000000000e+00,0.000000000000000000e+00,0.000000000000000000e+00,0.000000000000000000e+00,0.000000000000000000e+00,0.000000000000000000e+00,0.000000000000000000e+00,0.000000000000000000e+00,0.000000000000000000e+00,0.000000000000000000e+00,0.000000000000000000e+00,0.000000000000000000e+00,3.333333333333333148e-01,0.000000000000000000e+00,3.333333333333333148e-01,0.000000000000000000e+00
5.000000000000000000e-01,0.000000000000000000e+00,0.000000000000000000e+00,0.000000000000000000e+00,0.000000000000000000e+00,0.000000000000000000e+00,0.000000000000000000e+00,0.000000000000000000e+00,0.000000000000000000e+00,0.000000000000000000e+00,0.000000000000000000e+00,0.000000000000000000e+00,0.000000000000000000e+00,0.000000000000000000e+00,0.000000000000000000e+00,5.000000000000000000e-01,0.000000000000000000e+00,0.000000000000000000e+00,0.000000000000000000e+00,0.000000000000000000e+00,0.000000000000000000e+00
0.000000000000000000e+00,0.000000000000000000e+00,0.000000000000000000e+00,0.000000000000000000e+00,0.000000000000000000e+00,0.000000000000000000e+00,0.000000000000000000e+00,0.000000000000000000e+00,0.000000000000000000e+00,0.000000000000000000e+00,0.000000000000000000e+00,7.142857142857142461e-02,0.000000000000000000e+00,0.000000000000000000e+00,0.000000000000000000e+00,8.571428571428570953e-01,0.000000000000000000e+00,7.142857142857142461e-02,0.000000000000000000e+00,0.000000000000000000e+00,0.000000000000000000e+00
5.000000000000000278e-02,0.000000000000000000e+00,5.000000000000000278e-02,0.000000000000000000e+00,0.000000000000000000e+00,0.000000000000000000e+00,0.000000000000000000e+00,0.000000000000000000e+00,0.000000000000000000e+00,0.000000000000000000e+00,0.000000000000000000e+00,0.000000000000000000e+00,0.000000000000000000e+00,0.000000000000000000e+00,0.000000000000000000e+00,0.000000000000000000e+00,8.000000000000000444e-01,5.000000000000000278e-02,0.000000000000000000e+00,5.000000000000000278e-02,0.000000000000000000e+00
7.894736842105262720e-02,5.263157894736841813e-02,2.631578947368420907e-02,0.000000000000000000e+00,0.000000000000000000e+00,0.000000000000000000e+00,0.000000000000000000e+00,0.000000000000000000e+00,0.000000000000000000e+00,0.000000000000000000e+00,0.000000000000000000e+00,2.631578947368420907e-02,0.000000000000000000e+00,0.000000000000000000e+00,2.631578947368420907e-02,2.631578947368420907e-02,2.631578947368420907e-02,5.000000000000000000e-01,1.052631578947368363e-01,7.894736842105262720e-02,5.263157894736841813e-02
6.578947368421052266e-02,7.894736842105262720e-02,2.631578947368420907e-02,0.000000000000000000e+00,1.315789473684210453e-02,0.000000000000000000e+00,0.000000000000000000e+00,2.631578947368420907e-02,0.000000000000000000e+00,0.000000000000000000e+00,1.315789473684210453e-02,0.000000000000000000e+00,0.000000000000000000e+00,2.631578947368420907e-02,0.000000000000000000e+00,0.000000000000000000e+00,0.000000000000000000e+00,5.263157894736841813e-02,5.789473684210526550e-01,6.578947368421052266e-02,5.263157894736841813e-02
8.888888888888889228e-02,8.888888888888889228e-02,3.703703703703703498e-02,0.000000000000000000e+00,0.000000000000000000e+00,0.000000000000000000e+00,0.000000000000000000e+00,0.000000000000000000e+00,0.000000000000000000e+00,0.000000000000000000e+00,0.000000000000000000e+00,0.000000000000000000e+00,0.000000000000000000e+00,0.000000000000000000e+00,0.000000000000000000e+00,0.000000000000000000e+00,7.407407407407407690e-03,1.481481481481481538e-02,6.666666666666666574e-02,6.074074074074073959e-01,8.888888888888889228e-02
1.459854014598540028e-01,6.569343065693430961e-02,1.459854014598540098e-02,1.459854014598540098e-02,0.000000000000000000e+00,0.000000000000000000e+00,0.000000000000000000e+00,0.000000000000000000e+00,0.000000000000000000e+00,0.000000000000000000e+00,0.000000000000000000e+00,0.000000000000000000e+00,0.000000000000000000e+00,0.000000000000000000e+00,0.000000000000000000e+00,0.000000000000000000e+00,0.000000000000000000e+00,1.824817518248175036e-02,3.284671532846715480e-02,6.569343065693430961e-02,6.423357664233576569e-01
