9.032258064516128782e-01,0.000000000000000000e+00,0.000000000000000000e+00,0.000000000000000000e+00,0.000000000000000000e+00,0.000000000000000000e+00,3.225806451612903136e-02,0.000000000000000000e+00,0.000000000000000000e+00,0.000000000000000000e+00,3.225806451612903136e-02,0.000000000000000000e+00,0.000000000000000000e+00,0.000000000000000000e+00,0.000000000000000000e+00,0.000000000000000000e+00,0.000000000000000000e+00,0.000000000000000000e+00,0.000000000000000000e+00,0.000000000000000000e+00,3.225806451612903136e-02,0.000000000000000000e+00
3.333333333333333148e-01,3.333333333333333148e-01,0.000000000000000000e+00,0.000000000000000000e+00,0.000000000000000000e+00,0.000000000000000000e+00,0.000000000000000000e+00,0.000000000000000000e+00,0.000000000000000000e+00,0.000000000000000000e+00,0.000000000000000000e+00,0.000000000000000000e+00,0.000000000000000000e+00,3.333333333333333148e-01,0.000000000000000000e+00,0.000000000000000000e+00,0.000000000000000000e+00,0.000000000000000000e+00,0.000000000000000000e+00,0.000000000000000000e+00,0.000000000000000000e+00,0.000000000000000000e+00
0.000000000000000000e+00,0.000000000000000000e+00,0.000000000000000000e+00,0.000000000000000000e+00,0.000000000000000000e+00,1.000000000000000000e+00,0.000000000000000000e+00,0.000000000000000000e+00,0.000000000000000000e+00,0.000000000000000000e+00,0.000000000000000000e+00,0.000000000000000000e+00,0.000000000000000000e+00,0.000000000000000000e+00,0.000000000000000000e+00,0.000000000000000000e+00,0.000000000000000000e+00,0.000000000000000000e+00,0.000000000000000000e+00,0.000000000000000000e+00,0.000000000000000000e+00,0.000000000000000000e+00
0.000000000000000000e+00,0.000000000000000000e+00,0.000000000000000000e+00,6.875000000000000000e-01,1.250000000000000000e-01,0.000000000000000000e+00,1.250000000000000000e-01,0.000000000000000000e+00,0.000000000000000000e+00,0.000000000000000000e+00,0.000000000000000000e+00,0.000000000000000000e+00,0.000000000000000000e+00,6.250000000000000000e-02,0.000000000000000000e+00,0.000000000000000000e+00,0.000000000000000000e+00,0.000000000000000000e+00,0.000000000000000000e+00,0.000000000000000000e+00,0.000000000000000000e+00,0.000000000000000000e+00
0.000000000000000000e+00,0.000000000000000000e+00,0.000000000000000000e+00,9.523809523809523281e-02,7.142857142857143016e-01,9.523809523809523281e-02,4.761904761904761640e-02,0.000000000000000000e+00,4.761904761904761640e-02,0.000000000000000000e+00,0.000000000000000000e+00,0.000000000000000000e+00,0.000000000000000000e+00,0.000000000000000000e+00,0.000000000000000000e+00,0.000000000000000000e+00,0.000000000000000000e+00,0.000000000000000000e+00,0.000000000000000000e+00,0.000000000000000000e+00,0.000000000000000000e+00,0.000000000000000000e+00
0.000000000000000000e+00,0.000000000000000000e+00,0.000000000000000000e+00,2.222222222222222307e-02,8.888888888888889228e-02,6.666666666666666297e-01,1.333333333333333315e-01,2.222222222222222307e-02,2.222222222222222307e-02,0.000000000000000000e+00,0.000000000000000000e+00,0.000000000000000000e+00,0.000000000000000000e+00,0.000000000000000000e+00,0.000000000000000000e+00,0.000000000000000000e+00,0.000000000000000000e+00,0.000000000000000000e+00,2.222222222222222307e-02,0.000000000000000000e+00,0.000000000000000000e+00,2.222222222222222307e-02
0.000000000000000000e+00,0.000000000000000000e+00,0.000000000000000000e+00,0.000000000000000000e+00,0.000000000000000000e+00,6.756756756756757132e-02,6.756756756756756577e-01,1.756756756756756854e-01,5.405405405405405705e-02,2.702702702702702853e-02,0.000000000000000000e+00,0.000000000000000000e+00,0.000000000000000000e+00,0.000000000000000000e+00,0.000000000000000000e+00,0.000000000000000000e+00,0.000000000000000000e+00,0.000000000000000000e+00,0.000000000000000000e+00,0.000000000000000000e+00,0.000000000000000000e+00,0.000000000000000000e+00
0.000000000000000000e+00,0.000000000000000000e+00,0.000000000000000000e+00,5.586592178770949900e-03,0.000000000000000000e+00,0.000000000000000000e+00,7.262569832402235304e-02,7.374301675977653625e-01,1.061452513966480438e-01,2.793296089385474690e-02,5.586592178770949900e-03,1.117318435754189980e-02,1.117318435754189980e-02,5.586592178770949900e-03,0.000000000000000000e+00,5.586592178770949900e-03,0.000000000000000000e+00,0.000000000000000000e+00,0.000000000000000000e+00,5.586592178770949900e-03,0.000000000000000000e+00,5.586592178770949900e-03
0.000000000000000000e+00,0.000000000000000000e+00,0.000000000000000000e+00,0.000000000000000000e+00,0.000000000000000000e+00,4.878048780487804874e-03,7.317073170731707744e-03,3.902439024390243899e-02,7.463414634146341431e-01,1.390243902439024515e-01,2.439024390243902524e-02,4.878048780487804874e-03,1.219512195121951262e-02,2.439024390243902437e-03,2.439024390243902437e-03,0.000000000000000000e+00,0.000000000000000000e+00,2.439024390243902437e-03,0.000000000000000000e+00,4.878048780487804874e-03,0.000000000000000000e+00,9.756097560975609748e-03
1.779359430604982115e-03,0.000000000000000000e+00,0.000000000000000000e+00,0.000000000000000000e+00,0.000000000000000000e+00,0.000000000000000000e+00,0.000000000000000000e+00,8.896797153024911878e-03,9.608540925266903510e-02,7.135231316725978434e-01,1.014234875444839923e-01,2.491103202846975048e-02,1.779359430604982376e-02,1.779359430604982115e-03,8.896797153024911878e-03,3.558718861209964231e-03,0.000000000000000000e+00,1.779359430604982115e-03,0.000000000000000000e+00,0.000000000000000000e+00,0.000000000000000000e+00,1.957295373665480370e-02
0.000000000000000000e+00,0.000000000000000000e+00,0.000000000000000000e+00,0.000000000000000000e+00,0.000000000000000000e+00,0.000000000000000000e+00,0.000000000000000000e+00,8.042895442359249483e-03,2.680965147453083161e-02,1.635388739946380676e-01,6.514745308310991856e-01,8.310991957104557626e-02,1.340482573726541581e-02,1.876675603217158039e-02,8.042895442359249483e-03,0.000000000000000000e+00,2.680965147453083161e-03,0.000000000000000000e+00,0.000000000000000000e+00,2.680965147453083161e-03,0.000000000000000000e+00,2.144772117962466529e-02
0.000000000000000000e+00,0.000000000000000000e+00,0.000000000000000000e+00,0.000000000000000000e+00,0.000000000000000000e+00,0.000000000000000000e+00,0.000000000000000000e+00,1.092896174863387977e-02,1.092896174863387977e-02,3.825136612021858007e-02,2.131147540983606425e-01,5.737704918032786594e-01,8.196721311475409222e-02,4.918032786885245811e-02,0.000000000000000000e+00,5.464480874316939886e-03,0.000000000000000000e+00,0.000000000000000000e+00,5.464480874316939886e-03,0.000000000000000000e+00,0.000000000000000000e+00,1.092896174863387977e-02
0.000000000000000000e+00,0.000000000000000000e+00,0.000000000000000000e+00,0.000000000000000000e+00,0.000000000000000000e+00,0.000000000000000000e+00,0.000000000000000000e+00,1.666666666666666644e-02,1.666666666666666644e-02,8.333333333333332871e-02,8.333333333333332871e-02,1.499999999999999944e-01,4.666666666666666741e-01,1.000000000000000056e-01,2.500000000000000139e-02,8.333333333333333218e-03,1.666666666666666644e-02,0.000000000000000000e+00,8.333333333333333218e-03,0.000000000000000000e+00,8.333333333333333218e-03,1.666666666666666644e-02
1.754385964912280604e-02,0.000000000000000000e+00,0.000000000000000000e+00,0.000000000000000000e+00,0.000000000000000000e+00,0.000000000000000000e+00,0.000000000000000000e+00,0.000000000000000000e+00,1.754385964912280604e-02,5.263157894736841813e-02,7.017543859649122417e-02,1.754385964912280604e-01,1.403508771929824483e-01,3.333333333333333148e-01,8.771929824561403022e-02,1.754385964912280604e-02,1.754385964912280604e-02,0.000000000000000000e+00,0.000000000000000000e+00,1.754385964912280604e-02,0.000000000000000000e+00,5.263157894736841813e-02
0.000000000000000000e+00,3.703703703703703498e-02,0.000000000000000000e+00,0.000000000000000000e+00,0.000000000000000000e+00,0.000000000000000000e+00,0.000000000000000000e+00,0.000000000000000000e+00,0.000000000000000000e+00,1.481481481481481399e-01,1.111111111111111049e-01,0.000000000000000000e+00,7.407407407407406996e-02,1.481481481481481399e-01,2.222222222222222099e-01,1.111111111111111049e-01,3.703703703703703498e-02,0.000000000000000000e+00,0.000000000000000000e+00,0.000000000000000000e+00,0.000000000000000000e+00,1.111111111111111049e-01
0.000000000000000000e+00,0.000000000000000000e+00,0.000000000000000000e+00,0.000000000000000000e+00,0.000000000000000000e+00,0.000000000000000000e+00,0.000000000000000000e+00,0.000000000000000000e+00,0.000000000000000000e+00,0.000000000000000000e+00,1.764705882352941291e-01,5.882352941176470507e-02,5.882352941176470507e-02,0.000000000000000000e+00,1.176470588235294101e-01,3.529411764705882582e-01,0.000000000000000000e+00,0.000000000000000000e+00,0.000000000000000000e+00,0.000000000000000000e+00,0.000000000000000000e+00,2.352941176470588203e-01
0.000000000000000000e+00,0.000000000000000000e+00,0.000000000000000000e+00,0.000000000000000000e+00,0.000000000000000000e+00,0.000000000000000000e+00,0.000000000000000000e+00,0.000000000000000000e+00,5.000000000000000278e-02,5.000000000000000278e-02,5.000000000000000278e-02,0.000000000000000000e+00,5.000000000000000278e-02,1.000000000000000056e-01,0.000000000000000000e+00,0.000000000000000000e+00,5.000000000000000000e-01,1.499999999999999944e-01,0.000000000000000000e+00,0.000000000000000000e+00,0.000000000000000000e+00,5.000000000000000278e-02
0.000000000000000000e+00,0.000000000000000000e+00,0.000000000000000000e+00,0.000000000000000000e+00,0.000000000000000000e+00,0.000000000000000000e+00,0.000000000000000000e+00,0.000000000000000000e+00,0.000000000000000000e+00,0.000000000000000000e+00,7.142857142857142461e-02,7.142857142857142461e-02,2.142857142857142738e-01,0.000000000000000000e+00,0.000000000000000000e+00,0.000000000000000000e+00,0.000000000000000000e+00,2.857142857142856984e-01,1.428571428571428492e-01,0.000000000000000000e+00,0.000000000000000000e+00,2.142857142857142738e-01
0.000000000000000000e+00,0.000000000000000000e+00,0.000000000000000000e+00,0.000000000000000000e+00,0.000000000000000000e+00,1.666666666666666574e-01,0.000000000000000000e+00,0.000000000000000000e+00,0.000000000000000000e+00,0.000000000000000000e+00,0.000000000000000000e+00,0.000000000000000000e+00,0.000000000000000000e+00,0.000000000000000000e+00,1.666666666666666574e-01,1.666666666666666574e-01,1.666666666666666574e-01,0.000000000000000000e+00,0.000000000000000000e+00,1.666666666666666574e-01,1.666666666666666574e-01,0.000000000000000000e+00
0.000000000000000000e+00,0.000000000000000000e+00,0.000000000000000000e+00,0.000000000000000000e+00,0.000000000000000000e+00,0.000000000000000000e+00,0.000000000000000000e+00,0.000000000000000000e+00,0.000000000000000000e+00,0.000000000000000000e+00,0.000000000000000000e+00,1.111111111111111049e-01,0.000000000000000000e+00,2.222222222222222099e-01,0.000000000000000000e+00,0.000000000000000000e+00,0.000000000000000000e+00,1.111111111111111049e-01,2.222222222222222099e-01,3.333333333333333148e-01,0.000000000000000000e+00,0.000000000000000000e+00
1.666666666666666574e-01,0.000000000000000000e+00,0.000000000000000000e+00,0.000000000000000000e+00,0.000000000000000000e+00,0.000000000000000000e+00,0.000000000000000000e+00,0.000000000000000000e+00,0.000000000000000000e+00,0.000000000000000000e+00,0.000000000000000000e+00,3.333333333333333148e-01,1.666666666666666574e-01,0.000000000000000000e+00,0.000000000000000000e+00,0.000000000000000000e+00,0.000000000000000000e+00,0.000000000000000000e+00,0.000000000000000000e+00,1.666666666666666574e-01,1.666666666666666574e-01,0.000000000000000000e+00
0.000000000000000000e+00,0.000000000000000000e+00,0.000000000000000000e+00,0.000000000000000000e+00,0.000000000000000000e+00,8.000000000000000167e-03,0.000000000000000000e+00,0.000000000000000000e+00,1.600000000000000033e-02,2.400000000000000050e-02,8.000000000000000167e-02,4.800000000000000100e-02,4.000000000000000083e-02,2.400000000000000050e-02,8.000000000000000167e-03,8.000000000000000167e-03,3.200000000000000067e-02,4.800000000000000100e-02,0.000000000000000000e+00,2.400000000000000050e-02,2.400000000000000050e-02,6.159999999999999920e-01
