8.592592592592592782e-01,5.185185185185185036e-02,1.481481481481481538e-02,7.407407407407407690e-03,7.407407407407407690e-03,7.407407407407407690e-03,0.000000000000000000e+00,0.000000000000000000e+00,0.000000000000000000e+00,0.000000000000000000e+00,0.000000000000000000e+00,0.000000000000000000e+00,7.407407407407407690e-03,0.000000000000000000e+00,0.000000000000000000e+00,7.407407407407407690e-03,0.000000000000000000e+00,0.000000000000000000e+00,0.000000000000000000e+00,0.000000000000000000e+00,7.407407407407407690e-03,2.962962962962963076e-02
1.250000000000000000e-01,3.750000000000000000e-01,2.187500000000000000e-01,6.250000000000000000e-02,6.250000000000000000e-02,3.125000000000000000e-02,0.000000000000000000e+00,0.000000000000000000e+00,3.125000000000000000e-02,3.125000000000000000e-02,0.000000000000000000e+00,0.000000000000000000e+00,0.000000000000000000e+00,0.000000000000000000e+00,0.000000000000000000e+00,0.000000000000000000e+00,0.000000000000000000e+00,0.000000000000000000e+00,0.000000000000000000e+00,0.000000000000000000e+00,0.000000000000000000e+00,6.250000000000000000e-02
1.333333333333333419e-02,5.333333333333333676e-02,5.466666666666666341e-01,1.733333333333333393e-01,8.000000000000000167e-02,5.333333333333333676e-02,1.333333333333333419e-02,1.333333333333333419e-02,2.666666666666666838e-02,0.000000000000000000e+00,1.333333333333333419e-02,0.000000000000000000e+00,0.000000000000000000e+00,0.000000000000000000e+00,0.000000000000000000e+00,0.000000000000000000e+00,0.000000000000000000e+00,1.333333333333333419e-02,0.000000000000000000e+00,0.000000000000000000e+00,0.000000000000000000e+00,0.000000000000000000e+00
0.000000000000000000e+00,9.174311926605505096e-03,8.256880733944954587e-02,6.422018348623853568e-01,1.926605504587156070e-01,2.752293577981651529e-02,0.000000000000000000e+00,9.174311926605505096e-03,0.000000000000000000e+00,9.174311926605505096e-03,9.174311926605505096e-03,0.000000000000000000e+00,0.000000000000000000e+00,0.000000000000000000e+00,9.174311926605505096e-03,0.000000000000000000e+00,0.000000000000000000e+00,9.174311926605505096e-03,0.000000000000000000e+00,0.000000000000000000e+00,0.000000000000000000e+00,0.000000000000000000e+00
5.917159763313609329e-03,1.183431952662721866e-02,5.917159763313609329e-03,8.284023668639053928e-02,6.213017751479289474e-01,1.242603550295857950e-01,7.100591715976331542e-02,1.183431952662721866e-02,2.958579881656804578e-02,0.000000000000000000e+00,0.000000000000000000e+00,1.183431952662721866e-02,0.000000000000000000e+00,0.000000000000000000e+00,0.000000000000000000e+00,5.917159763313609329e-03,0.000000000000000000e+00,5.917159763313609329e-03,0.000000000000000000e+00,0.000000000000000000e+00,0.000000000000000000e+00,1.183431952662721866e-02
1.204819277108433798e-02,8.032128514056224161e-03,4.016064257028112081e-03,8.032128514056224161e-03,6.425702811244979329e-02,6.184738955823293471e-01,1.927710843373494076e-01,4.819277108433735191e-02,1.204819277108433798e-02,1.204819277108433798e-02,4.016064257028112081e-03,0.000000000000000000e+00,4.016064257028112081e-03,0.000000000000000000e+00,0.000000000000000000e+00,4.016064257028112081e-03,0.000000000000000000e+00,0.000000000000000000e+00,0.000000000000000000e+00,0.000000000000000000e+00,0.000000000000000000e+00,8.032128514056224161e-03
0.000000000000000000e+00,2.066115702479338900e-03,4.132231404958677801e-03,0.000000000000000000e+00,6.198347107438016701e-03,7.644628099173553237e-02,6.466942148760330689e-01,1.694214876033057759e-01,3.512396694214876131e-02,2.685950413223140570e-02,8.264462809917355601e-03,4.132231404958677801e-03,0.000000000000000000e+00,0.000000000000000000e+00,0.000000000000000000e+00,6.198347107438016701e-03,2.066115702479338900e-03,0.000000000000000000e+00,0.000000000000000000e+00,2.066115702479338900e-03,0.000000000000000000e+00,1.033057851239669450e-02
0.000000000000000000e+00,1.246882793017456328e-03,1.246882793017456328e-03,0.000000000000000000e+00,1.246882793017456328e-03,9.975062344139650622e-03,5.735660847880299368e-02,6.882793017456358964e-01,1.571072319201995138e-01,3.241895261845386539e-02,1.995012468827930124e-02,7.481296758104737966e-03,4.987531172069825311e-03,2.493765586034912655e-03,1.246882793017456328e-03,2.493765586034912655e-03,0.000000000000000000e+00,1.246882793017456328e-03,2.493765586034912655e-03,0.000000000000000000e+00,0.000000000000000000e+00,8.728179551122193860e-03
8.481764206955046560e-04,8.481764206955046560e-04,0.000000000000000000e+00,8.481764206955046560e-04,4.240882103477523063e-03,1.696352841391009312e-03,1.781170483460559756e-02,7.039864291772689187e-02,7.031382527565733787e-01,1.153519932145886384e-01,3.223070398642917389e-02,1.696352841391009225e-02,1.187446988973706562e-02,3.392705682782018624e-03,2.544529262086514185e-03,8.481764206955046560e-04,0.000000000000000000e+00,0.000000000000000000e+00,8.481764206955046560e-04,8.481764206955046560e-04,0.000000000000000000e+00,1.526717557251908337e-02
0.000000000000000000e+00,0.000000000000000000e+00,0.000000000000000000e+00,0.000000000000000000e+00,8.474576271186440432e-04,8.474576271186440432e-04,3.389830508474576173e-03,1.864406779661017047e-02,9.915254237288136097e-02,6.999999999999999556e-01,1.177966101694915280e-01,1.610169491525423671e-02,1.016949152542372808e-02,9.322033898305085234e-03,2.542372881355932021e-03,3.389830508474576173e-03,2.542372881355932021e-03,0.000000000000000000e+00,8.474576271186440432e-04,8.474576271186440432e-04,2.542372881355932021e-03,1.101694915254237267e-02
1.138952164009111563e-03,0.000000000000000000e+00,0.000000000000000000e+00,0.000000000000000000e+00,1.138952164009111563e-03,0.000000000000000000e+00,3.416856492027334907e-03,1.138952164009111694e-02,2.277904328018223387e-02,1.321184510250569544e-01,6.526195899772209152e-01,8.428246013667425873e-02,3.758542141230068051e-02,7.972665148063782029e-03,7.972665148063782029e-03,9.111617312072892508e-03,2.277904328018223127e-03,2.277904328018223127e-03,2.277904328018223127e-03,3.416856492027334907e-03,1.138952164009111563e-03,1.708428246013667454e-02
0.000000000000000000e+00,0.000000000000000000e+00,0.000000000000000000e+00,0.000000000000000000e+00,5.509641873278237068e-03,0.000000000000000000e+00,5.509641873278237068e-03,1.652892561983471120e-02,4.132231404958677801e-02,5.785123966942148921e-02,1.845730027548209418e-01,4.683195592286501507e-01,9.641873278236914868e-02,3.856749311294765947e-02,2.203856749311294827e-02,1.101928374655647414e-02,1.101928374655647414e-02,5.509641873278237068e-03,8.264462809917355601e-03,2.754820936639118534e-03,0.000000000000000000e+00,2.479338842975206680e-02
0.000000000000000000e+00,0.000000000000000000e+00,0.000000000000000000e+00,0.000000000000000000e+00,0.000000000000000000e+00,0.000000000000000000e+00,1.700680272108843691e-02,1.700680272108843691e-02,3.401360544217687382e-02,5.102040816326530726e-02,7.482993197278911546e-02,1.054421768707483054e-01,4.727891156462585287e-01,9.523809523809523281e-02,3.741496598639455773e-02,1.020408163265306041e-02,1.360544217687074779e-02,1.020408163265306041e-02,1.020408163265306041e-02,0.000000000000000000e+00,1.020408163265306041e-02,4.081632653061224164e-02
0.000000000000000000e+00,0.000000000000000000e+00,0.000000000000000000e+00,0.000000000000000000e+00,0.000000000000000000e+00,0.000000000000000000e+00,1.562500000000000000e-02,7.812500000000000000e-03,3.125000000000000000e-02,8.593750000000000000e-02,6.250000000000000000e-02,9.375000000000000000e-02,1.640625000000000000e-01,3.203125000000000000e-01,8.593750000000000000e-02,3.906250000000000000e-02,2.343750000000000000e-02,7.812500000000000000e-03,7.812500000000000000e-03,1.562500000000000000e-02,0.000000000000000000e+00,3.906250000000000000e-02
0.000000000000000000e+00,1.123595505617977497e-02,0.000000000000000000e+00,1.123595505617977497e-02,0.000000000000000000e+00,0.000000000000000000e+00,0.000000000000000000e+00,1.123595505617977497e-02,0.000000000000000000e+00,1.573033707865168496e-01,7.865168539325842478e-02,7.865168539325842478e-02,6.741573033707864981e-02,1.123595505617977497e-01,2.247191011235954994e-01,6.741573033707864981e-02,2.247191011235954994e-02,2.247191011235954994e-02,1.123595505617977497e-02,4.494382022471909988e-02,1.123595505617977497e-02,6.741573033707864981e-02
0.000000000000000000e+00,0.000000000000000000e+00,0.000000000000000000e+00,1.351351351351351426e-02,1.351351351351351426e-02,1.351351351351351426e-02,0.000000000000000000e+00,0.000000000000000000e+00,2.702702702702702853e-02,1.351351351351351426e-02,5.405405405405405705e-02,5.405405405405405705e-02,9.459459459459459985e-02,6.756756756756757132e-02,5.405405405405405705e-02,2.837837837837837718e-01,1.216216216216216284e-01,2.702702702702702853e-02,2.702702702702702853e-02,1.351351351351351426e-02,1.351351351351351426e-02,1.081081081081081141e-01
0.000000000000000000e+00,0.000000000000000000e+00,0.000000000000000000e+00,0.000000000000000000e+00,0.000000000000000000e+00,0.000000000000000000e+00,0.000000000000000000e+00,2.000000000000000042e-02,4.000000000000000083e-02,4.000000000000000083e-02,8.000000000000000167e-02,5.999999999999999778e-02,5.999999999999999778e-02,2.000000000000000042e-02,5.999999999999999778e-02,1.000000000000000056e-01,2.999999999999999889e-01,5.999999999999999778e-02,4.000000000000000083e-02,4.000000000000000083e-02,0.000000000000000000e+00,8.000000000000000167e-02
1.785714285714285615e-02,0.000000000000000000e+00,0.000000000000000000e+00,0.000000000000000000e+00,0.000000000000000000e+00,1.785714285714285615e-02,0.000000000000000000e+00,0.000000000000000000e+00,1.785714285714285615e-02,5.357142857142856845e-02,1.785714285714285615e-02,5.357142857142856845e-02,1.071428571428571369e-01,0.000000000000000000e+00,1.785714285714285615e-02,3.571428571428571230e-02,5.357142857142856845e-02,4.285714285714285476e-01,1.785714285714285615e-02,3.571428571428571230e-02,1.785714285714285615e-02,1.071428571428571369e-01
0.000000000000000000e+00,0.000000000000000000e+00,0.000000000000000000e+00,0.000000000000000000e+00,0.000000000000000000e+00,0.000000000000000000e+00,2.127659574468085055e-02,2.127659574468085055e-02,0.000000000000000000e+00,2.127659574468085055e-02,6.382978723404254817e-02,8.510638297872340219e-02,4.255319148936170109e-02,2.127659574468085055e-02,6.382978723404254817e-02,0.000000000000000000e+00,0.000000000000000000e+00,4.255319148936170109e-02,3.829787234042553168e-01,8.510638297872340219e-02,0.000000000000000000e+00,1.489361702127659504e-01
0.000000000000000000e+00,0.000000000000000000e+00,0.000000000000000000e+00,0.000000000000000000e+00,0.000000000000000000e+00,0.000000000000000000e+00,1.666666666666666644e-02,0.000000000000000000e+00,3.333333333333333287e-02,5.000000000000000278e-02,3.333333333333333287e-02,3.333333333333333287e-02,6.666666666666666574e-02,0.000000000000000000e+00,1.666666666666666644e-02,3.333333333333333287e-02,1.666666666666666644e-02,1.666666666666666644e-02,8.333333333333332871e-02,4.166666666666666852e-01,6.666666666666666574e-02,1.166666666666666685e-01
0.000000000000000000e+00,0.000000000000000000e+00,3.448275862068965469e-02,0.000000000000000000e+00,0.000000000000000000e+00,0.000000000000000000e+00,0.000000000000000000e+00,0.000000000000000000e+00,0.000000000000000000e+00,3.448275862068965469e-02,6.896551724137930939e-02,0.000000000000000000e+00,0.000000000000000000e+00,0.000000000000000000e+00,3.448275862068965469e-02,0.000000000000000000e+00,0.000000000000000000e+00,3.448275862068965469e-02,3.448275862068965469e-02,1.724137931034482873e-01,2.758620689655172376e-01,3.103448275862069061e-01
2.298850574712643646e-02,3.831417624521072599e-03,0.000000000000000000e+00,3.831417624521072599e-03,0.000000000000000000e+00,1.532567049808429040e-02,2.298850574712643646e-02,1.149425287356321823e-02,4.980842911877394336e-02,2.681992337164751036e-02,3.065134099616858079e-02,4.597701149425287293e-02,3.065134099616858079e-02,3.448275862068965469e-02,3.065134099616858079e-02,2.681992337164751036e-02,1.532567049808429040e-02,3.448275862068965469e-02,1.915708812260536256e-02,4.214559386973180249e-02,1.532567049808429040e-02,5.172413793103448620e-01
