6.825396825396825573e-01,9.523809523809523281e-02,1.587301587301587213e-02,1.587301587301587213e-02,0.000000000000000000e+00,3.174603174603174427e-02,1.587301587301587213e-02,1.587301587301587213e-02,3.174603174603174427e-02,1.587301587301587213e-02,3.174603174603174427e-02,0.000000000000000000e+00,1.587301587301587213e-02,0.000000000000000000e+00,0.000000000000000000e+00,0.000000000000000000e+00,0.000000000000000000e+00,0.000000000000000000e+00,0.000000000000000000e+00,0.000000000000000000e+00,0.000000000000000000e+00,3.174603174603174427e-02
1.724137931034482873e-01,5.862068965517240882e-01,0.000000000000000000e+00,6.896551724137930939e-02,0.000000000000000000e+00,0.000000000000000000e+00,6.896551724137930939e-02,0.000000000000000000e+00,3.448275862068965469e-02,0.000000000000000000e+00,0.000000000000000000e+00,0.000000000000000000e+00,0.000000000000000000e+00,0.000000000000000000e+00,3.448275862068965469e-02,0.000000000000000000e+00,0.000000000000000000e+00,0.000000000000000000e+00,0.000000000000000000e+00,0.000000000000000000e+00,0.000000000000000000e+00,3.448275862068965469e-02
2.500000000000000000e-01,0.000000000000000000e+00,2.500000000000000000e-01,2.500000000000000000e-01,0.000000000000000000e+00,0.000000000000000000e+00,0.000000000000000000e+00,8.333333333333332871e-02,8.333333333333332871e-02,8.333333333333332871e-02,0.000000000000000000e+00,0.000000000000000000e+00,0.000000000000000000e+00,0.000000000000000000e+00,0.000000000000000000e+00,0.000000000000000000e+00,0.000000000000000000e+00,0.000000000000000000e+00,0.000000000000000000e+00,0.000000000000000000e+00,0.000000000000000000e+00,0.000000000000000000e+00
1.136363636363636326e-01,4.545454545454545581e-02,6.818181818181817677e-02,5.681818181818182323e-01,4.545454545454545581e-02,4.545454545454545581e-02,0.000000000000000000e+00,2.272727272727272790e-02,0.000000000000000000e+00,0.000000000000000000e+00,2.272727272727272790e-02,0.000000000000000000e+00,2.272727272727272790e-02,2.272727272727272790e-02,0.000000000000000000e+00,0.000000000000000000e+00,0.000000000000000000e+00,0.000000000000000000e+00,0.000000000000000000e+00,0.000000000000000000e+00,2.272727272727272790e-02,0.000000000000000000e+00
2.272727272727272790e-02,2.272727272727272790e-02,0.000000000000000000e+00,6.818181818181817677e-02,6.590909090909090606e-01,4.545454545454545581e-02,6.818181818181817677e-02,4.545454545454545581e-02,2.272727272727272790e-02,2.272727272727272790e-02,2.272727272727272790e-02,0.000000000000000000e+00,0.000000000000000000e+00,0.000000000000000000e+00,0.000000000000000000e+00,0.000000000000000000e+00,0.000000000000000000e+00,0.000000000000000000e+00,0.000000000000000000e+00,0.000000000000000000e+00,0.000000000000000000e+00,0.000000000000000000e+00
0.000000000000000000e+00,0.000000000000000000e+00,0.000000000000000000e+00,5.813953488372092943e-02,0.000000000000000000e+00,5.000000000000000000e-01,1.976744186046511531e-01,6.976744186046511531e-02,6.976744186046511531e-02,2.325581395348837177e-02,3.488372093023255766e-02,1.162790697674418589e-02,1.162790697674418589e-02,0.000000000000000000e+00,1.162790697674418589e-02,0.000000000000000000e+00,0.000000000000000000e+00,0.000000000000000000e+00,0.000000000000000000e+00,0.000000000000000000e+00,0.000000000000000000e+00,1.162790697674418589e-02
0.000000000000000000e+00,8.888888888888888881e-03,4.444444444444444441e-03,0.000000000000000000e+00,2.222222222222222307e-02,8.000000000000000167e-02,5.822222222222221966e-01,1.244444444444444409e-01,7.111111111111111105e-02,3.555555555555555552e-02,3.111111111111111022e-02,1.777777777777777776e-02,0.000000000000000000e+00,0.000000000000000000e+00,0.000000000000000000e+00,4.444444444444444441e-03,4.444444444444444441e-03,0.000000000000000000e+00,0.000000000000000000e+00,0.000000000000000000e+00,0.000000000000000000e+00,1.333333333333333419e-02
0.000000000000000000e+00,0.000000000000000000e+00,2.673796791443850112e-03,2.673796791443850112e-03,0.000000000000000000e+00,2.406417112299465144e-02,1.229946524064171182e-01,6.497326203208556583e-01,9.893048128342246672e-02,4.812834224598930288e-02,2.673796791443850199e-02,1.069518716577540045e-02,0.000000000000000000e+00,2.673796791443850112e-03,2.673796791443850112e-03,0.000000000000000000e+00,0.000000000000000000e+00,0.000000000000000000e+00,0.000000000000000000e+00,0.000000000000000000e+00,0.000000000000000000e+00,8.021390374331551637e-03
0.000000000000000000e+00,0.000000000000000000e+00,1.183431952662721909e-03,1.183431952662721909e-03,3.550295857988165511e-03,5.917159763313609329e-03,1.183431952662721866e-02,8.757396449704142605e-02,6.686390532544378429e-01,1.372781065088757302e-01,3.550295857988165771e-02,1.301775147928994035e-02,3.550295857988165511e-03,7.100591715976331021e-03,5.917159763313609329e-03,3.550295857988165511e-03,2.366863905325443818e-03,1.183431952662721909e-03,0.000000000000000000e+00,0.000000000000000000e+00,1.183431952662721909e-03,9.467455621301775273e-03
6.600660066006600740e-04,0.000000000000000000e+00,0.000000000000000000e+00,0.000000000000000000e+00,6.600660066006600740e-04,1.320132013201320148e-03,1.320132013201320148e-03,6.600660066006600740e-03,1.214521452145214536e-01,7.155115511551155549e-01,9.900990099009901457e-02,2.244224422442244252e-02,9.240924092409241036e-03,5.940594059405940666e-03,1.320132013201320148e-03,2.640264026402640296e-03,1.320132013201320148e-03,2.640264026402640296e-03,6.600660066006600740e-04,1.320132013201320148e-03,0.000000000000000000e+00,5.940594059405940666e-03
5.767012687427912516e-04,5.767012687427912516e-04,0.000000000000000000e+00,5.767012687427912516e-04,5.767012687427912516e-04,1.153402537485582503e-03,4.036908881199538328e-03,4.036908881199538328e-03,1.268742791234140667e-02,1.314878892733563898e-01,7.231833910034601853e-01,6.170703575547865916e-02,1.845444059976932005e-02,8.650519031141869208e-03,8.073817762399076656e-03,4.613610149942330013e-03,2.306805074971165007e-03,1.153402537485582503e-03,1.730103806228373755e-03,5.767012687427912516e-04,0.000000000000000000e+00,1.384083044982699004e-02
0.000000000000000000e+00,0.000000000000000000e+00,0.000000000000000000e+00,0.000000000000000000e+00,0.000000000000000000e+00,0.000000000000000000e+00,4.907975460122699675e-03,2.453987730061349837e-03,1.472392638036809816e-02,4.294478527607362150e-02,1.865030674846625824e-01,6.122699386503067664e-01,6.625766871165644778e-02,1.717791411042944930e-02,1.472392638036809816e-02,1.226993865030674875e-02,3.680981595092024539e-03,6.134969325153374377e-03,0.000000000000000000e+00,0.000000000000000000e+00,1.226993865030674919e-03,1.472392638036809816e-02
0.000000000000000000e+00,3.389830508474576173e-03,0.000000000000000000e+00,0.000000000000000000e+00,0.000000000000000000e+00,3.389830508474576173e-03,0.000000000000000000e+00,3.389830508474576173e-03,6.779661016949152345e-03,1.694915254237288130e-02,1.084745762711864375e-01,2.779661016949152574e-01,4.372881355932203284e-01,7.118644067796610353e-02,3.050847457627118772e-02,6.779661016949152345e-03,1.016949152542372808e-02,0.000000000000000000e+00,6.779661016949152345e-03,3.389830508474576173e-03,3.389830508474576173e-03,1.016949152542372808e-02
0.000000000000000000e+00,0.000000000000000000e+00,0.000000000000000000e+00,0.000000000000000000e+00,0.000000000000000000e+00,0.000000000000000000e+00,0.000000000000000000e+00,5.780346820809248269e-03,1.734104046242774394e-02,4.624277456647398615e-02,9.826589595375723185e-02,9.248554913294797231e-02,2.023121387283237094e-01,3.641618497109826436e-01,4.046242774566474049e-02,1.156069364161849654e-02,1.734104046242774394e-02,1.734104046242774394e-02,1.734104046242774394e-02,1.156069364161849654e-02,5.780346820809248269e-03,5.202312138728323876e-02
0.000000000000000000e+00,0.000000000000000000e+00,0.000000000000000000e+00,0.000000000000000000e+00,0.000000000000000000e+00,0.000000000000000000e+00,0.000000000000000000e+00,0.000000000000000000e+00,2.727272727272727140e-02,5.454545454545454281e-02,7.272727272727272374e-02,8.181818181818181768e-02,1.090909090909090856e-01,2.000000000000000111e-01,2.818181818181818010e-01,2.727272727272727140e-02,2.727272727272727140e-02,1.818181818181818094e-02,2.727272727272727140e-02,9.090909090909090468e-03,0.000000000000000000e+00,6.363636363636362980e-02
0.000000000000000000e+00,0.000000000000000000e+00,0.000000000000000000e+00,0.000000000000000000e+00,0.000000000000000000e+00,0.000000000000000000e+00,0.000000000000000000e+00,0.000000000000000000e+00,0.000000000000000000e+00,9.259259259259258745e-02,7.407407407407406996e-02,7.407407407407406996e-02,7.407407407407406996e-02,9.259259259259258745e-02,1.296296296296296224e-01,1.481481481481481399e-01,7.407407407407406996e-02,1.851851851851851749e-02,0.000000000000000000e+00,5.555555555555555247e-02,0.000000000000000000e+00,1.666666666666666574e-01
0.000000000000000000e+00,0.000000000000000000e+00,0.000000000000000000e+00,0.000000000000000000e+00,0.000000000000000000e+00,0.000000000000000000e+00,0.000000000000000000e+00,0.000000000000000000e+00,2.040816326530612082e-02,1.020408163265306145e-01,1.020408163265306145e-01,1.224489795918367319e-01,1.020408163265306145e-01,2.040816326530612082e-02,1.020408163265306145e-01,1.020408163265306145e-01,2.040816326530612290e-01,2.040816326530612082e-02,2.040816326530612082e-02,0.000000000000000000e+00,0.000000000000000000e+00,8.163265306122448328e-02
0.000000000000000000e+00,0.000000000000000000e+00,0.000000000000000000e+00,0.000000000000000000e+00,0.000000000000000000e+00,0.000000000000000000e+00,0.000000000000000000e+00,0.000000000000000000e+00,0.000000000000000000e+00,2.631578947368420907e-02,1.578947368421052544e-01,5.263157894736841813e-02,5.263157894736841813e-02,1.315789473684210453e-01,2.631578947368420907e-02,5.263157894736841813e-02,0.000000000000000000e+00,2.894736842105263275e-01,5.263157894736841813e-02,2.631578947368420907e-02,2.631578947368420907e-02,1.052631578947368363e-01
0.000000000000000000e+00,0.000000000000000000e+00,0.000000000000000000e+00,0.000000000000000000e+00,0.000000000000000000e+00,0.000000000000000000e+00,3.571428571428571230e-02,0.000000000000000000e+00,0.000000000000000000e+00,3.571428571428571230e-02,1.785714285714285754e-01,3.571428571428571230e-02,0.000000000000000000e+00,3.571428571428571230e-02,7.142857142857142461e-02,7.142857142857142461e-02,7.142857142857142461e-02,1.071428571428571369e-01,1.785714285714285754e-01,3.571428571428571230e-02,0.000000000000000000e+00,1.428571428571428492e-01
0.000000000000000000e+00,0.000000000000000000e+00,0.000000000000000000e+00,0.000000000000000000e+00,0.000000000000000000e+00,0.000000000000000000e+00,0.000000000000000000e+00,0.000000000000000000e+00,0.000000000000000000e+00,0.000000000000000000e+00,1.052631578947368363e-01,0.000000000000000000e+00,5.263157894736841813e-02,0.000000000000000000e+00,1.052631578947368363e-01,5.263157894736841813e-02,1.052631578947368363e-01,1.052631578947368363e-01,1.052631578947368363e-01,0.000000000000000000e+00,1.578947368421052544e-01,2.105263157894736725e-01
0.000000000000000000e+00,0.000000000000000000e+00,0.000000000000000000e+00,0.000000000000000000e+00,0.000000000000000000e+00,0.000000000000000000e+00,0.000000000000000000e+00,0.000000000000000000e+00,6.666666666666666574e-02,0.000000000000000000e+00,0.000000000000000000e+00,0.000000000000000000e+00,6.666666666666666574e-02,6.666666666666666574e-02,6.666666666666666574e-02,0.000000000000000000e+00,1.333333333333333315e-01,6.666666666666666574e-02,6.666666666666666574e-02,2.666666666666666630e-01,6.666666666666666574e-02,1.333333333333333315e-01
5.681818181818181976e-03,0.000000000000000000e+00,0.000000000000000000e+00,0.000000000000000000e+00,5.681818181818181976e-03,0.000000000000000000e+00,5.681818181818181976e-03,5.681818181818181976e-03,5.681818181818181976e-03,1.704545454545454419e-02,1.306818181818181768e-01,1.022727272727272790e-01,5.113636363636363952e-02,4.545454545454545581e-02,4.545454545454545581e-02,1.136363636363636395e-02,3.409090909090908839e-02,3.409090909090908839e-02,2.840909090909090814e-02,1.704545454545454419e-02,3.409090909090908839e-02,4.204545454545454697e-01
