6.716906946264744604e-01,1.572739187418086548e-01,2.555701179554390606e-02,4.587155963302752548e-03,1.310615989515072095e-03,1.965923984272607925e-03,0.000000000000000000e+00,0.000000000000000000e+00,0.000000000000000000e+00,0.000000000000000000e+00,0.000000000000000000e+00,2.621231979030144189e-03,6.553079947575360473e-04,0.000000000000000000e+00,6.553079947575360473e-04,3.931847968545215850e-03,5.242463958060288379e-03,7.208387942332896738e-03,1.965923984272608185e-02,2.359108781127129684e-02,7.404980340760157487e-02
9.994977398292315129e-02,7.031642390758412464e-01,8.186840783525865806e-02,1.506780512305374263e-02,5.022601707684580877e-03,1.506780512305374220e-03,0.000000000000000000e+00,5.022601707684581094e-04,5.022601707684581094e-04,0.000000000000000000e+00,2.009040683073832437e-03,2.009040683073832437e-03,1.506780512305374220e-03,2.009040683073832437e-03,1.506780512305374220e-03,1.004520341536916219e-03,3.013561024610748439e-03,8.538422903063787317e-03,1.004520341536916175e-02,2.461074836765444335e-02,3.616273229532897954e-02
5.125408942202835244e-02,1.515812431842966101e-01,6.074154852780806468e-01,6.215921483097055361e-02,9.814612868047982788e-03,6.543075245365321570e-03,2.181025081788440668e-03,3.271537622682660785e-03,0.000000000000000000e+00,1.090512540894220334e-03,2.181025081788440668e-03,5.452562704471101453e-03,1.090512540894220334e-03,2.181025081788440668e-03,2.181025081788440668e-03,3.271537622682660785e-03,5.452562704471101453e-03,6.543075245365321570e-03,1.417666303162486326e-02,2.617230098146128628e-02,3.598691384950927080e-02
3.412969283276450633e-02,6.825938566552901265e-02,1.672354948805460650e-01,5.119453924914675325e-01,6.825938566552901265e-02,1.023890784982935120e-02,1.365187713310580218e-02,0.000000000000000000e+00,6.825938566552901092e-03,1.023890784982935120e-02,0.000000000000000000e+00,3.412969283276450546e-03,3.412969283276450546e-03,6.825938566552901092e-03,6.825938566552901092e-03,0.000000000000000000e+00,1.023890784982935120e-02,1.023890784982935120e-02,2.389078498293515512e-02,2.047781569965870241e-02,2.389078498293515512e-02
1.960784313725490169e-02,5.882352941176470507e-02,4.901960784313725422e-02,1.568627450980392135e-01,3.921568627450980338e-01,9.803921568627450844e-02,3.921568627450980338e-02,1.960784313725490169e-02,0.000000000000000000e+00,1.960784313725490169e-02,3.921568627450980338e-02,2.941176470588235253e-02,0.000000000000000000e+00,0.000000000000000000e+00,0.000000000000000000e+00,0.000000000000000000e+00,0.000000000000000000e+00,1.960784313725490169e-02,1.960784313725490169e-02,1.960784313725490169e-02,1.960784313725490169e-02
1.538461538461538547e-02,9.230769230769231282e-02,1.076923076923076983e-01,4.615384615384615641e-02,4.615384615384615641e-02,4.615384615384615641e-01,9.230769230769231282e-02,0.000000000000000000e+00,4.615384615384615641e-02,3.076923076923077094e-02,0.000000000000000000e+00,1.538461538461538547e-02,0.000000000000000000e+00,0.000000000000000000e+00,1.538461538461538547e-02,1.538461538461538547e-02,0.000000000000000000e+00,1.538461538461538547e-02,0.000000000000000000e+00,0.000000000000000000e+00,0.000000000000000000e+00
4.545454545454545581e-02,2.272727272727272790e-02,1.136363636363636326e-01,9.090909090909091161e-02,9.090909090909091161e-02,0.000000000000000000e+00,3.636363636363636465e-01,6.818181818181817677e-02,9.090909090909091161e-02,0.000000000000000000e+00,9.090909090909091161e-02,0.000000000000000000e+00,0.000000000000000000e+00,0.000000000000000000e+00,0.000000000000000000e+00,0.000000000000000000e+00,0.000000000000000000e+00,0.000000000000000000e+00,2.272727272727272790e-02,0.000000000000000000e+00,0.000000000000000000e+00
0.000000000000000000e+00,5.555555555555555247e-02,2.222222222222222099e-01,0.000000000000000000e+00,5.555555555555555247e-02,0.000000000000000000e+00,1.111111111111111049e-01,1.666666666666666574e-01,5.555555555555555247e-02,5.555555555555555247e-02,1.111111111111111049e-01,0.000000000000000000e+00,0.000000000000000000e+00,0.000000000000000000e+00,5.555555555555555247e-02,0.000000000000000000e+00,0.000000000000000000e+00,5.555555555555555247e-02,0.000000000000000000e+00,5.555555555555555247e-02,0.000000000000000000e+00
3.448275862068965469e-02,6.896551724137930939e-02,6.896551724137930939e-02,6.896551724137930939e-02,3.448275862068965469e-02,3.448275862068965469e-02,1.034482758620689641e-01,6.896551724137930939e-02,3.793103448275861878e-01,3.448275862068965469e-02,6.896551724137930939e-02,0.000000000000000000e+00,0.000000000000000000e+00,0.000000000000000000e+00,0.000000000000000000e+00,0.000000000000000000e+00,3.448275862068965469e-02,0.000000000000000000e+00,0.000000000000000000e+00,0.000000000000000000e+00,0.000000000000000000e+00
0.000000000000000000e+00,0.000000000000000000e+00,5.555555555555555247e-02,1.111111111111111049e-01,1.111111111111111049e-01,0.000000000000000000e+00,1.666666666666666574e-01,0.000000000000000000e+00,0.000000000000000000e+00,2.222222222222222099e-01,2.777777777777777901e-01,0.000000000000000000e+00,5.555555555555555247e-02,0.000000000000000000e+00,0.000000000000000000e+00,0.000000000000000000e+00,0.000000000000000000e+00,0.000000000000000000e+00,0.000000000000000000e+00,0.000000000000000000e+00,0.000000000000000000e+00
0.000000000000000000e+00,1.492537313432835792e-02,1.492537313432835792e-02,1.492537313432835792e-02,5.970149253731343170e-02,4.477611940298507204e-02,1.492537313432835792e-02,2.985074626865671585e-02,4.477611940298507204e-02,2.985074626865671585e-02,6.119402985074626766e-01,4.477611940298507204e-02,1.492537313432835792e-02,0.000000000000000000e+00,0.000000000000000000e+00,0.000000000000000000e+00,0.000000000000000000e+00,1.492537313432835792e-02,0.000000000000000000e+00,2.985074626865671585e-02,1.492537313432835792e-02
1.000000000000000056e-01,0.000000000000000000e+00,0.000000000000000000e+00,5.000000000000000278e-02,0.000000000000000000e+00,0.000000000000000000e+00,0.000000000000000000e+00,0.000000000000000000e+00,0.000000000000000000e+00,0.000000000000000000e+00,0.000000000000000000e+00,5.000000000000000000e-01,5.000000000000000278e-02,0.000000000000000000e+00,0.000000000000000000e+00,5.000000000000000278e-02,5.000000000000000278e-02,0.000000000000000000e+00,1.000000000000000056e-01,1.000000000000000056e-01,0.000000000000000000e+00
0.000000000000000000e+00,0.000000000000000000e+00,0.000000000000000000e+00,0.000000000000000000e+00,0.000000000000000000e+00,0.000000000000000000e+00,0.000000000000000000e+00,0.000000000000000000e+00,0.000000000000000000e+00,0.000000000000000000e+00,0.000000000000000000e+00,1.428571428571428492e-01,4.285714285714285476e-01,0.000000000000000000e+00,1.428571428571428492e-01,1.428571428571428492e-01,0.000000000000000000e+00,0.000000000000000000e+00,0.000000000000000000e+00,1.428571428571428492e-01,0.000000000000000000e+00
2.000000000000000111e-01,0.000000000000000000e+00,0.000000000000000000e+00,2.000000000000000111e-01,0.000000000000000000e+00,0.000000000000000000e+00,0.000000000000000000e+00,0.000000000000000000e+00,0.000000000000000000e+00,0.000000000000000000e+00,0.000000000000000000e+00,0.000000000000000000e+00,0.000000000000000000e+00,0.000000000000000000e+00,0.000000000000000000e+00,0.000000000000000000e+00,0.000000000000000000e+00,2.000000000000000111e-01,0.000000000000000000e+00,2.000000000000000111e-01,2.000000000000000111e-01
5.000000000000000278e-02,0.000000000000000000e+00,0.000000000000000000e+00,5.000000000000000278e-02,0.000000000000000000e+00,0.000000000000000000e+00,0.000000000000000000e+00,0.000000000000000000e+00,0.000000000000000000e+00,0.000000000000000000e+00,0.000000000000000000e+00,0.000000000000000000e+00,0.000000000000000000e+00,0.000000000000000000e+00,6.500000000000000222e-01,5.000000000000000278e-02,0.000000000000000000e+00,5.000000000000000278e-02,5.000000000000000278e-02,1.000000000000000056e-01,0.000000000000000000e+00
2.272727272727272790e-02,0.000000000000000000e+00,0.000000000000000000e+00,0.000000000000000000e+00,0.000000000000000000e+00,0.000000000000000000e+00,0.000000000000000000e+00,0.000000000000000000e+00,0.000000000000000000e+00,0.000000000000000000e+00,0.000000000000000000e+00,0.000000000000000000e+00,0.000000000000000000e+00,2.272727272727272790e-02,0.000000000000000000e+00,7.500000000000000000e-01,6.818181818181817677e-02,4.545454545454545581e-02,2.272727272727272790e-02,0.000000000000000000e+00,6.818181818181817677e-02
1.176470588235294101e-01,3.921568627450980338e-02,0.000000000000000000e+00,1.960784313725490169e-02,0.000000000000000000e+00,0.000000000000000000e+00,0.000000000000000000e+00,0.000000000000000000e+00,0.000000000000000000e+00,0.000000000000000000e+00,0.000000000000000000e+00,0.000000000000000000e+00,1.960784313725490169e-02,0.000000000000000000e+00,0.000000000000000000e+00,3.921568627450980338e-02,4.509803921568627527e-01,7.843137254901960675e-02,7.843137254901960675e-02,9.803921568627450844e-02,5.882352941176470507e-02
6.122448979591836593e-02,8.843537414965986498e-02,1.360544217687074779e-02,0.000000000000000000e+00,6.802721088435373896e-03,0.000000000000000000e+00,0.000000000000000000e+00,0.000000000000000000e+00,0.000000000000000000e+00,0.000000000000000000e+00,0.000000000000000000e+00,0.000000000000000000e+00,0.000000000000000000e+00,6.802721088435373896e-03,6.802721088435373896e-03,6.802721088435373896e-03,2.721088435374149558e-02,5.918367346938775420e-01,4.761904761904761640e-02,5.442176870748299117e-02,8.843537414965986498e-02
1.229050279329608891e-01,7.821229050279329686e-02,5.027932960893854997e-02,5.586592178770949900e-03,0.000000000000000000e+00,0.000000000000000000e+00,0.000000000000000000e+00,0.000000000000000000e+00,0.000000000000000000e+00,0.000000000000000000e+00,5.586592178770949900e-03,5.586592178770949900e-03,0.000000000000000000e+00,0.000000000000000000e+00,1.117318435754189980e-02,5.586592178770949900e-03,1.117318435754189980e-02,2.234636871508379960e-02,4.357541899441340627e-01,1.173184357541899453e-01,1.284916201117318468e-01
6.765327695560253984e-02,4.228329809725158567e-02,2.114164904862579283e-02,1.479915433403805429e-02,4.228329809725158740e-03,0.000000000000000000e+00,0.000000000000000000e+00,0.000000000000000000e+00,0.000000000000000000e+00,0.000000000000000000e+00,0.000000000000000000e+00,4.228329809725158740e-03,1.057082452431289642e-02,0.000000000000000000e+00,0.000000000000000000e+00,0.000000000000000000e+00,6.342494714587737677e-03,1.268498942917547535e-02,4.016913319238900326e-02,6.257928118393234485e-01,1.501057082452431357e-01
1.815680880330123870e-01,9.903713892709765931e-02,3.026134800550206450e-02,8.253094910591471031e-03,0.000000000000000000e+00,1.375515818431911983e-03,1.375515818431911983e-03,0.000000000000000000e+00,0.000000000000000000e+00,0.000000000000000000e+00,0.000000000000000000e+00,4.126547455295735516e-03,0.000000000000000000e+00,1.375515818431911983e-03,1.375515818431911983e-03,4.126547455295735516e-03,5.502063273727647932e-03,1.650618982118294206e-02,2.200825309491059173e-02,6.740027510316368153e-02,5.557083906464924672e-01
