5.925925925925925597e-01,3.703703703703703498e-02,0.000000000000000000e+00,3.703703703703703498e-02,1.111111111111111049e-01,0.000000000000000000e+00,7.407407407407406996e-02,7.407407407407406996e-02,3.703703703703703498e-02,0.000000000000000000e+00,0.000000000000000000e+00,0.000000000000000000e+00,0.000000000000000000e+00,0.000000000000000000e+00,3.703703703703703498e-02,0.000000000000000000e+00,0.000000000000000000e+00,0.000000000000000000e+00,0.000000000000000000e+00,0.000000000000000000e+00,0.000000000000000000e+00,0.000000000000000000e+00
1.250000000000000000e-01,1.250000000000000000e-01,3.750000000000000000e-01,0.000000000000000000e+00,0.000000000000000000e+00,0.000000000000000000e+00,0.000000000000000000e+00,1.250000000000000000e-01,0.000000000000000000e+00,0.000000000000000000e+00,1.250000000000000000e-01,0.000000000000000000e+00,1.250000000000000000e-01,0.000000000000000000e+00,0.000000000000000000e+00,0.000000000000000000e+00,0.000000000000000000e+00,0.000000000000000000e+00,0.000000000000000000e+00,0.000000000000000000e+00,0.000000000000000000e+00,0.000000000000000000e+00
4.166666666666666435e-02,4.166666666666666435e-02,2.916666666666666852e-01,2.500000000000000000e-01,2.083333333333333426e-01,0.000000000000000000e+00,0.000000000000000000e+00,1.250000000000000000e-01,0.000000000000000000e+00,0.000000000000000000e+00,4.166666666666666435e-02,0.000000000000000000e+00,0.000000000000000000e+00,0.000000000000000000e+00,0.000000000000000000e+00,0.000000000000000000e+00,0.000000000000000000e+00,0.000000000000000000e+00,0.000000000000000000e+00,0.000000000000000000e+00,0.000000000000000000e+00,0.000000000000000000e+00
4.545454545454545581e-02,0.000000000000000000e+00,1.136363636363636326e-01,5.000000000000000000e-01,1.136363636363636326e-01,2.272727272727272790e-02,0.000000000000000000e+00,2.272727272727272790e-02,4.545454545454545581e-02,2.272727272727272790e-02,0.000000000000000000e+00,4.545454545454545581e-02,0.000000000000000000e+00,4.545454545454545581e-02,0.000000000000000000e+00,0.000000000000000000e+00,0.000000000000000000e+00,2.272727272727272790e-02,0.000000000000000000e+00,0.000000000000000000e+00,0.000000000000000000e+00,0.000000000000000000e+00
4.918032786885245811e-02,3.278688524590164105e-02,3.278688524590164105e-02,4.918032786885245811e-02,4.098360655737705027e-01,8.196721311475409222e-02,1.639344262295082053e-02,1.311475409836065642e-01,3.278688524590164105e-02,4.918032786885245811e-02,8.196721311475409222e-02,3.278688524590164105e-02,0.000000000000000000e+00,0.000000000000000000e+00,0.000000000000000000e+00,0.000000000000000000e+00,0.000000000000000000e+00,0.000000000000000000e+00,0.000000000000000000e+00,0.000000000000000000e+00,0.000000000000000000e+00,0.000000000000000000e+00
1.408450704225352144e-02,2.816901408450704289e-02,1.408450704225352144e-02,0.000000000000000000e+00,1.408450704225352144e-02,3.943661971830985657e-01,8.450704225352112520e-02,1.267605633802816878e-01,1.126760563380281716e-01,5.633802816901408578e-02,7.042253521126760896e-02,2.816901408450704289e-02,2.816901408450704289e-02,2.816901408450704289e-02,0.000000000000000000e+00,0.000000000000000000e+00,0.000000000000000000e+00,0.000000000000000000e+00,0.000000000000000000e+00,0.000000000000000000e+00,0.000000000000000000e+00,0.000000000000000000e+00
0.000000000000000000e+00,8.333333333333333218e-03,2.500000000000000139e-02,1.666666666666666644e-02,1.666666666666666644e-02,5.000000000000000278e-02,3.583333333333333370e-01,1.666666666666666574e-01,1.083333333333333370e-01,8.333333333333332871e-02,1.083333333333333370e-01,4.166666666666666435e-02,0.000000000000000000e+00,8.333333333333333218e-03,0.000000000000000000e+00,0.000000000000000000e+00,0.000000000000000000e+00,0.000000000000000000e+00,0.000000000000000000e+00,0.000000000000000000e+00,0.000000000000000000e+00,8.333333333333333218e-03
6.060606060606060601e-03,0.000000000000000000e+00,3.030303030303030300e-03,3.030303030303030300e-03,2.121212121212121340e-02,2.121212121212121340e-02,6.363636363636362980e-02,4.818181818181818121e-01,1.454545454545454475e-01,1.212121212121212155e-01,5.454545454545454281e-02,6.060606060606060774e-02,3.030303030303030300e-03,3.030303030303030300e-03,0.000000000000000000e+00,0.000000000000000000e+00,3.030303030303030300e-03,3.030303030303030300e-03,6.060606060606060601e-03,0.000000000000000000e+00,0.000000000000000000e+00,0.000000000000000000e+00
0.000000000000000000e+00,0.000000000000000000e+00,0.000000000000000000e+00,0.000000000000000000e+00,1.211072664359861585e-02,1.557093425605536249e-02,1.730103806228373842e-02,6.574394463667819488e-02,5.432525951557093391e-01,1.885813148788927363e-01,9.169550173010380945e-02,4.671280276816609095e-02,1.384083044982699004e-02,3.460207612456747510e-03,1.730103806228373755e-03,0.000000000000000000e+00,0.000000000000000000e+00,0.000000000000000000e+00,0.000000000000000000e+00,0.000000000000000000e+00,0.000000000000000000e+00,0.000000000000000000e+00
4.796163069544364180e-03,1.199040767386091045e-03,1.199040767386091045e-03,4.796163069544364180e-03,7.194244604316547137e-03,4.796163069544364180e-03,1.079136690647482071e-02,4.076738609112710160e-02,7.553956834532374320e-02,5.467625899280575963e-01,2.230215827338129508e-01,5.755395683453237710e-02,1.199040767386091132e-02,4.796163069544364180e-03,0.000000000000000000e+00,0.000000000000000000e+00,1.199040767386091045e-03,1.199040767386091045e-03,0.000000000000000000e+00,0.000000000000000000e+00,1.199040767386091045e-03,1.199040767386091045e-03
3.947368421052631707e-03,1.315789473684210497e-03,3.947368421052631707e-03,6.578947368421052483e-04,2.631578947368420993e-03,7.894736842105263414e-03,1.052631578947368397e-02,2.171052631578947525e-02,3.947368421052631360e-02,8.684210526315790102e-02,6.236842105263158409e-01,1.644736842105263275e-01,2.500000000000000139e-02,5.263157894736841987e-03,1.973684210526315853e-03,6.578947368421052483e-04,0.000000000000000000e+00,0.000000000000000000e+00,0.000000000000000000e+00,0.000000000000000000e+00,0.000000000000000000e+00,0.000000000000000000e+00
2.385211687537268799e-03,0.000000000000000000e+00,5.963029218843171999e-04,4.174120453190220507e-03,2.385211687537268799e-03,4.770423375074537599e-03,1.013714967203339229e-02,1.788908765652951621e-02,2.325581395348837177e-02,2.862254025044722733e-02,1.204531902206320837e-01,6.601073345259391711e-01,1.061419200954084735e-01,1.311866428145497948e-02,1.788908765652951708e-03,1.788908765652951708e-03,5.963029218843171999e-04,5.963029218843171999e-04,5.963029218843171999e-04,0.000000000000000000e+00,0.000000000000000000e+00,5.963029218843171999e-04
3.699136868064118421e-03,1.233045622688039474e-03,1.233045622688039474e-03,7.398273736128236841e-03,1.233045622688039474e-03,3.699136868064118421e-03,9.864364981504315788e-03,1.602959309494451229e-02,2.096177558569667018e-02,2.342786683107275086e-02,5.672009864364981752e-02,1.467324290998766878e-01,5.709001233045623014e-01,9.247842170160296138e-02,1.726263871763255089e-02,7.398273736128236841e-03,7.398273736128236841e-03,1.233045622688039474e-03,3.699136868064118421e-03,1.233045622688039474e-03,1.233045622688039474e-03,4.932182490752157894e-03
0.000000000000000000e+00,0.000000000000000000e+00,3.367003367003366856e-03,1.010101010101010187e-02,3.367003367003366856e-03,6.734006734006733712e-03,1.346801346801346742e-02,6.734006734006733712e-03,2.693602693602693485e-02,2.020202020202020374e-02,3.030303030303030387e-02,1.077441077441077394e-01,1.616161616161616299e-01,4.646464646464646409e-01,9.090909090909091161e-02,2.356902356902356929e-02,1.010101010101010187e-02,3.367003367003366856e-03,3.367003367003366856e-03,3.367003367003366856e-03,0.000000000000000000e+00,1.010101010101010187e-02
0.000000000000000000e+00,0.000000000000000000e+00,0.000000000000000000e+00,0.000000000000000000e+00,0.000000000000000000e+00,0.000000000000000000e+00,0.000000000000000000e+00,1.030927835051546372e-02,1.030927835051546372e-02,5.154639175257731687e-02,4.123711340206185488e-02,1.340206185567010266e-01,1.546391752577319645e-01,1.443298969072164817e-01,2.989690721649484462e-01,8.247422680412370977e-02,0.000000000000000000e+00,3.092783505154639290e-02,1.030927835051546372e-02,1.030927835051546372e-02,1.030927835051546372e-02,1.030927835051546372e-02
1.639344262295082053e-02,0.000000000000000000e+00,0.000000000000000000e+00,1.639344262295082053e-02,0.000000000000000000e+00,0.000000000000000000e+00,3.278688524590164105e-02,0.000000000000000000e+00,1.639344262295082053e-02,0.000000000000000000e+00,1.639344262295082053e-02,8.196721311475409222e-02,1.311475409836065642e-01,4.918032786885245811e-02,4.918032786885245811e-02,3.278688524590163689e-01,6.557377049180328210e-02,3.278688524590164105e-02,0.000000000000000000e+00,0.000000000000000000e+00,3.278688524590164105e-02,1.311475409836065642e-01
0.000000000000000000e+00,0.000000000000000000e+00,0.000000000000000000e+00,0.000000000000000000e+00,0.000000000000000000e+00,0.000000000000000000e+00,0.000000000000000000e+00,3.030303030303030387e-02,3.030303030303030387e-02,6.060606060606060774e-02,0.000000000000000000e+00,6.060606060606060774e-02,1.818181818181818232e-01,6.060606060606060774e-02,3.030303030303030387e-02,6.060606060606060774e-02,2.727272727272727071e-01,9.090909090909091161e-02,3.030303030303030387e-02,0.000000000000000000e+00,3.030303030303030387e-02,6.060606060606060774e-02
0.000000000000000000e+00,0.000000000000000000e+00,0.000000000000000000e+00,0.000000000000000000e+00,0.000000000000000000e+00,0.000000000000000000e+00,0.000000000000000000e+00,3.703703703703703498e-02,3.703703703703703498e-02,0.000000000000000000e+00,3.703703703703703498e-02,3.703703703703703498e-02,3.703703703703703498e-02,3.703703703703703498e-02,1.111111111111111049e-01,1.111111111111111049e-01,3.703703703703703498e-02,2.592592592592592449e-01,3.703703703703703498e-02,3.703703703703703498e-02,1.111111111111111049e-01,7.407407407407406996e-02
0.000000000000000000e+00,0.000000000000000000e+00,0.000000000000000000e+00,0.000000000000000000e+00,0.000000000000000000e+00,0.000000000000000000e+00,0.000000000000000000e+00,4.347826086956521618e-02,0.000000000000000000e+00,0.000000000000000000e+00,4.347826086956521618e-02,8.695652173913043237e-02,8.695652173913043237e-02,4.347826086956521618e-02,4.347826086956521618e-02,0.000000000000000000e+00,0.000000000000000000e+00,0.000000000000000000e+00,3.913043478260869734e-01,4.347826086956521618e-02,4.347826086956521618e-02,1.739130434782608647e-01
0.000000000000000000e+00,0.000000000000000000e+00,0.000000000000000000e+00,0.000000000000000000e+00,0.000000000000000000e+00,0.000000000000000000e+00,0.000000000000000000e+00,0.000000000000000000e+00,0.000000000000000000e+00,0.000000000000000000e+00,0.000000000000000000e+00,0.000000000000000000e+00,1.250000000000000000e-01,1.250000000000000000e-01,1.250000000000000000e-01,1.250000000000000000e-01,0.000000000000000000e+00,1.250000000000000000e-01,0.000000000000000000e+00,1.250000000000000000e-01,1.250000000000000000e-01,1.250000000000000000e-01
6.250000000000000000e-02,0.000000000000000000e+00,0.000000000000000000e+00,0.000000000000000000e+00,0.000000000000000000e+00,0.000000000000000000e+00,0.000000000000000000e+00,0.000000000000000000e+00,0.000000000000000000e+00,0.000000000000000000e+00,0.000000000000000000e+00,0.000000000000000000e+00,0.000000000000000000e+00,6.250000000000000000e-02,0.000000000000000000e+00,6.250000000000000000e-02,1.250000000000000000e-01,1.250000000000000000e-01,0.000000000000000000e+00,6.250000000000000000e-02,1.875000000000000000e-01,3.125000000000000000e-01
1.315789473684210453e-02,1.315789473684210453e-02,1.315789473684210453e-02,0.000000000000000000e+00,1.315789473684210453e-02,0.000000000000000000e+00,1.315789473684210453e-02,2.631578947368420907e-02,0.000000000000000000e+00,2.631578947368420907e-02,6.578947368421052266e-02,0.000000000000000000e+00,1.315789473684210453e-02,7.894736842105262720e-02,5.263157894736841813e-02,6.578947368421052266e-02,1.315789473684210453e-02,2.631578947368420907e-02,1.315789473684210453e-02,1.315789473684210453e-02,1.315789473684210453e-02,5.263157894736841813e-01
