8.333333333333333703e-01,6.060606060606060774e-02,0.000000000000000000e+00,0.000000000000000000e+00,3.030303030303030387e-02,1.515151515151515194e-02,1.515151515151515194e-02,1.515151515151515194e-02,1.515151515151515194e-02,1.515151515151515194e-02,0.000000000000000000e+00,0.000000000000000000e+00,0.000000000000000000e+00,0.000000000000000000e+00,0.000000000000000000e+00,0.000000000000000000e+00,0.000000000000000000e+00,0.000000000000000000e+00,0.000000000000000000e+00,0.000000000000000000e+00,0.000000000000000000e+00,0.000000000000000000e+00
2.857142857142857054e-02,7.142857142857143016e-01,1.142857142857142821e-01,5.714285714285714107e-02,5.714285714285714107e-02,2.857142857142857054e-02,0.000000000000000000e+00,0.000000000000000000e+00,0.000000000000000000e+00,0.000000000000000000e+00,0.000000000000000000e+00,0.000000000000000000e+00,0.000000000000000000e+00,0.000000000000000000e+00,0.000000000000000000e+00,0.000000000000000000e+00,0.000000000000000000e+00,0.000000000000000000e+00,0.000000000000000000e+00,0.000000000000000000e+00,0.000000000000000000e+00,0.000000000000000000e+00
3.333333333333333287e-02,6.666666666666666574e-02,6.666666666666666297e-01,6.666666666666666574e-02,6.666666666666666574e-02,3.333333333333333287e-02,3.333333333333333287e-02,0.000000000000000000e+00,0.000000000000000000e+00,0.000000000000000000e+00,0.000000000000000000e+00,0.000000000000000000e+00,0.000000000000000000e+00,0.000000000000000000e+00,0.000000000000000000e+00,3.333333333333333287e-02,0.000000000000000000e+00,0.000000000000000000e+00,0.000000000000000000e+00,0.000000000000000000e+00,0.000000000000000000e+00,0.000000000000000000e+00
0.000000000000000000e+00,0.000000000000000000e+00,2.500000000000000139e-02,7.249999999999999778e-01,1.000000000000000056e-01,5.000000000000000278e-02,7.499999999999999722e-02,0.000000000000000000e+00,0.000000000000000000e+00,0.000000000000000000e+00,0.000000000000000000e+00,0.000000000000000000e+00,0.000000000000000000e+00,0.000000000000000000e+00,0.000000000000000000e+00,0.000000000000000000e+00,0.000000000000000000e+00,0.000000000000000000e+00,2.500000000000000139e-02,0.000000000000000000e+00,0.000000000000000000e+00,0.000000000000000000e+00
4.081632653061224164e-02,0.000000000000000000e+00,0.000000000000000000e+00,1.020408163265306145e-01,4.081632653061224580e-01,2.040816326530612290e-01,1.020408163265306145e-01,4.081632653061224164e-02,0.000000000000000000e+00,8.163265306122448328e-02,0.000000000000000000e+00,0.000000000000000000e+00,0.000000000000000000e+00,0.000000000000000000e+00,0.000000000000000000e+00,0.000000000000000000e+00,0.000000000000000000e+00,0.000000000000000000e+00,0.000000000000000000e+00,0.000000000000000000e+00,0.000000000000000000e+00,2.040816326530612082e-02
0.000000000000000000e+00,1.739130434782608717e-02,1.739130434782608717e-02,8.695652173913043584e-03,5.217391304347825803e-02,6.173913043478260754e-01,1.478260869565217461e-01,2.608695652173912902e-02,5.217391304347825803e-02,1.739130434782608717e-02,1.739130434782608717e-02,0.000000000000000000e+00,0.000000000000000000e+00,0.000000000000000000e+00,8.695652173913043584e-03,0.000000000000000000e+00,0.000000000000000000e+00,0.000000000000000000e+00,0.000000000000000000e+00,0.000000000000000000e+00,0.000000000000000000e+00,1.739130434782608717e-02
0.000000000000000000e+00,0.000000000000000000e+00,1.250000000000000069e-02,1.250000000000000069e-02,6.250000000000000347e-03,8.749999999999999445e-02,5.687499999999999778e-01,1.625000000000000056e-01,9.375000000000000000e-02,2.500000000000000139e-02,6.250000000000000347e-03,6.250000000000000347e-03,6.250000000000000347e-03,0.000000000000000000e+00,0.000000000000000000e+00,6.250000000000000347e-03,6.250000000000000347e-03,0.000000000000000000e+00,0.000000000000000000e+00,0.000000000000000000e+00,0.000000000000000000e+00,0.000000000000000000e+00
0.000000000000000000e+00,2.325581395348837177e-03,2.325581395348837177e-03,2.325581395348837177e-03,4.651162790697674354e-03,1.162790697674418589e-02,5.813953488372092943e-02,7.279069767441860295e-01,1.372093023255814004e-01,2.325581395348837177e-02,1.162790697674418589e-02,2.325581395348837177e-03,4.651162790697674354e-03,0.000000000000000000e+00,0.000000000000000000e+00,0.000000000000000000e+00,2.325581395348837177e-03,0.000000000000000000e+00,0.000000000000000000e+00,0.000000000000000000e+00,0.000000000000000000e+00,9.302325581395348708e-03
1.136363636363636308e-03,0.000000000000000000e+00,0.000000000000000000e+00,0.000000000000000000e+00,2.272727272727272617e-03,4.545454545454545234e-03,1.022727272727272721e-02,5.568181818181817955e-02,7.193181818181818565e-01,1.534090909090909116e-01,3.409090909090908839e-02,7.954545454545453725e-03,3.409090909090908925e-03,1.136363636363636308e-03,3.409090909090908925e-03,0.000000000000000000e+00,0.000000000000000000e+00,0.000000000000000000e+00,0.000000000000000000e+00,0.000000000000000000e+00,1.136363636363636308e-03,2.272727272727272617e-03
6.426735218508996964e-04,0.000000000000000000e+00,0.000000000000000000e+00,0.000000000000000000e+00,1.285347043701799393e-03,1.928020565552699198e-03,2.570694087403598786e-03,5.141388174807197571e-03,6.812339331619536587e-02,7.461439588688946190e-01,1.330334190231362568e-01,1.606683804627249273e-02,9.640102827763495988e-03,2.570694087403598786e-03,2.570694087403598786e-03,1.285347043701799393e-03,6.426735218508996964e-04,1.285347043701799393e-03,6.426735218508996964e-04,1.285347043701799393e-03,0.000000000000000000e+00,5.141388174807197571e-03
0.000000000000000000e+00,0.000000000000000000e+00,0.000000000000000000e+00,0.000000000000000000e+00,1.156069364161849784e-03,0.000000000000000000e+00,1.734104046242774567e-03,3.468208092485549135e-03,1.618497109826589481e-02,9.306358381502889687e-02,7.635838150289017134e-01,7.976878612716763184e-02,1.387283236994219654e-02,1.040462427745664740e-02,2.312138728323699568e-03,2.890173410404624135e-03,1.156069364161849784e-03,1.734104046242774567e-03,1.734104046242774567e-03,1.156069364161849784e-03,0.000000000000000000e+00,5.780346820809248269e-03
0.000000000000000000e+00,0.000000000000000000e+00,0.000000000000000000e+00,0.000000000000000000e+00,1.455604075691412005e-03,0.000000000000000000e+00,0.000000000000000000e+00,1.455604075691412005e-03,1.164483260553129604e-02,2.765647743813682766e-02,1.586608442503638916e-01,6.506550218340610980e-01,8.588064046579330091e-02,2.765647743813682766e-02,8.733624454148471161e-03,4.366812227074235581e-03,5.822416302765648019e-03,1.455604075691412005e-03,1.455604075691412005e-03,0.000000000000000000e+00,0.000000000000000000e+00,1.310043668122270674e-02
0.000000000000000000e+00,0.000000000000000000e+00,0.000000000000000000e+00,0.000000000000000000e+00,0.000000000000000000e+00,2.890173410404624135e-03,2.890173410404624135e-03,2.890173410404624135e-03,0.000000000000000000e+00,4.335260115606936332e-02,7.803468208092485814e-02,1.387283236994219515e-01,5.635838150289017578e-01,6.647398843930635293e-02,5.202312138728323876e-02,1.445086705202312111e-02,2.890173410404624135e-03,8.670520231213871970e-03,2.890173410404624135e-03,0.000000000000000000e+00,0.000000000000000000e+00,2.023121387283237024e-02
0.000000000000000000e+00,0.000000000000000000e+00,0.000000000000000000e+00,0.000000000000000000e+00,0.000000000000000000e+00,0.000000000000000000e+00,0.000000000000000000e+00,0.000000000000000000e+00,2.097902097902097987e-02,2.797202797202797200e-02,8.391608391608391948e-02,1.048951048951048959e-01,1.258741258741258862e-01,3.636363636363636465e-01,1.048951048951048959e-01,4.895104895104895187e-02,2.797202797202797200e-02,2.097902097902097987e-02,1.398601398601398600e-02,6.993006993006993001e-03,0.000000000000000000e+00,4.895104895104895187e-02
0.000000000000000000e+00,0.000000000000000000e+00,0.000000000000000000e+00,0.000000000000000000e+00,0.000000000000000000e+00,0.000000000000000000e+00,0.000000000000000000e+00,0.000000000000000000e+00,4.545454545454545581e-02,6.818181818181817677e-02,4.545454545454545581e-02,9.090909090909091161e-02,1.136363636363636326e-01,1.590909090909090884e-01,2.840909090909091161e-01,3.409090909090908839e-02,2.272727272727272790e-02,4.545454545454545581e-02,0.000000000000000000e+00,1.136363636363636395e-02,0.000000000000000000e+00,7.954545454545454419e-02
0.000000000000000000e+00,0.000000000000000000e+00,0.000000000000000000e+00,0.000000000000000000e+00,0.000000000000000000e+00,0.000000000000000000e+00,0.000000000000000000e+00,0.000000000000000000e+00,4.878048780487805047e-02,4.878048780487805047e-02,9.756097560975610095e-02,4.878048780487805047e-02,1.463414634146341375e-01,1.463414634146341375e-01,7.317073170731706877e-02,1.463414634146341375e-01,4.878048780487805047e-02,2.439024390243902524e-02,2.439024390243902524e-02,0.000000000000000000e+00,0.000000000000000000e+00,1.463414634146341375e-01
0.000000000000000000e+00,0.000000000000000000e+00,0.000000000000000000e+00,0.000000000000000000e+00,0.000000000000000000e+00,0.000000000000000000e+00,2.500000000000000139e-02,0.000000000000000000e+00,0.000000000000000000e+00,1.000000000000000056e-01,5.000000000000000278e-02,7.499999999999999722e-02,7.499999999999999722e-02,2.500000000000000139e-02,0.000000000000000000e+00,5.000000000000000278e-02,2.750000000000000222e-01,2.500000000000000139e-02,5.000000000000000278e-02,0.000000000000000000e+00,0.000000000000000000e+00,2.500000000000000000e-01
0.000000000000000000e+00,0.000000000000000000e+00,0.000000000000000000e+00,0.000000000000000000e+00,0.000000000000000000e+00,0.000000000000000000e+00,0.000000000000000000e+00,0.000000000000000000e+00,0.000000000000000000e+00,3.225806451612903136e-02,6.451612903225806273e-02,6.451612903225806273e-02,6.451612903225806273e-02,9.677419354838709409e-02,9.677419354838709409e-02,3.225806451612903136e-02,1.290322580645161255e-01,1.935483870967741882e-01,1.290322580645161255e-01,0.000000000000000000e+00,0.000000000000000000e+00,9.677419354838709409e-02
4.166666666666666435e-02,0.000000000000000000e+00,0.000000000000000000e+00,0.000000000000000000e+00,0.000000000000000000e+00,0.000000000000000000e+00,0.000000000000000000e+00,0.000000000000000000e+00,4.166666666666666435e-02,4.166666666666666435e-02,1.250000000000000000e-01,0.000000000000000000e+00,8.333333333333332871e-02,8.333333333333332871e-02,0.000000000000000000e+00,0.000000000000000000e+00,1.666666666666666574e-01,1.250000000000000000e-01,1.666666666666666574e-01,4.166666666666666435e-02,0.000000000000000000e+00,8.333333333333332871e-02
0.000000000000000000e+00,0.000000000000000000e+00,0.000000000000000000e+00,0.000000000000000000e+00,0.000000000000000000e+00,0.000000000000000000e+00,0.000000000000000000e+00,0.000000000000000000e+00,0.000000000000000000e+00,4.761904761904761640e-02,4.761904761904761640e-02,0.000000000000000000e+00,4.761904761904761640e-02,1.428571428571428492e-01,4.761904761904761640e-02,0.000000000000000000e+00,9.523809523809523281e-02,9.523809523809523281e-02,4.761904761904761640e-02,2.857142857142856984e-01,0.000000000000000000e+00,1.428571428571428492e-01
0.000000000000000000e+00,0.000000000000000000e+00,0.000000000000000000e+00,0.000000000000000000e+00,0.000000000000000000e+00,0.000000000000000000e+00,0.000000000000000000e+00,0.000000000000000000e+00,0.000000000000000000e+00,0.000000000000000000e+00,0.000000000000000000e+00,0.000000000000000000e+00,4.166666666666666435e-02,0.000000000000000000e+00,0.000000000000000000e+00,4.166666666666666435e-02,4.166666666666666435e-02,0.000000000000000000e+00,4.166666666666666435e-02,0.000000000000000000e+00,7.083333333333333703e-01,1.250000000000000000e-01
4.830917874396135035e-03,4.830917874396135035e-03,4.830917874396135035e-03,0.000000000000000000e+00,0.000000000000000000e+00,9.661835748792270070e-03,4.830917874396135035e-03,4.830917874396135035e-03,9.661835748792270070e-03,4.830917874396135209e-02,3.381642512077294438e-02,2.415458937198067604e-02,3.864734299516908028e-02,1.932367149758454014e-02,3.864734299516908028e-02,2.898550724637681195e-02,1.449275362318840597e-02,2.415458937198067604e-02,9.661835748792270070e-03,3.381642512077294438e-02,3.381642512077294438e-02,6.086956521739130821e-01
