4.285714285714285476e-01,1.428571428571428492e-01,1.428571428571428492e-01,0.000000000000000000e+00,0.000000000000000000e+00,0.000000000000000000e+00,1.428571428571428492e-01,0.000000000000000000e+00,0.000000000000000000e+00,0.000000000000000000e+00,0.000000000000000000e+00,0.000000000000000000e+00,0.000000000000000000e+00,0.000000000000000000e+00,0.000000000000000000e+00,0.000000000000000000e+00,0.000000000000000000e+00,0.000000000000000000e+00,0.000000000000000000e+00,0.000000000000000000e+00,0.000000000000000000e+00,1.428571428571428492e-01
1.052631578947368397e-02,8.105263157894736503e-01,9.473684210526316096e-02,7.368421052631578261e-02,0.000000000000000000e+00,1.052631578947368397e-02,0.000000000000000000e+00,0.000000000000000000e+00,0.000000000000000000e+00,0.000000000000000000e+00,0.000000000000000000e+00,0.000000000000000000e+00,0.000000000000000000e+00,0.000000000000000000e+00,0.000000000000000000e+00,0.000000000000000000e+00,0.000000000000000000e+00,0.000000000000000000e+00,0.000000000000000000e+00,0.000000000000000000e+00,0.000000000000000000e+00,0.000000000000000000e+00
0.000000000000000000e+00,1.104972375690607689e-02,7.587476979742172611e-01,1.952117863720073676e-01,1.657458563535911533e-02,7.366482504604051837e-03,3.683241252302025918e-03,0.000000000000000000e+00,3.683241252302025918e-03,0.000000000000000000e+00,0.000000000000000000e+00,0.000000000000000000e+00,0.000000000000000000e+00,0.000000000000000000e+00,0.000000000000000000e+00,1.841620626151012959e-03,0.000000000000000000e+00,1.841620626151012959e-03,0.000000000000000000e+00,0.000000000000000000e+00,0.000000000000000000e+00,0.000000000000000000e+00
0.000000000000000000e+00,1.924927815206929843e-03,4.427333974975938141e-02,8.325312800769970600e-01,8.084696823869104432e-02,1.828681424446583145e-02,7.218479307025986100e-03,3.368623676612126847e-03,1.443695861405197220e-03,4.812319538017324609e-04,9.624639076034649217e-04,9.624639076034649217e-04,4.812319538017324609e-04,0.000000000000000000e+00,9.624639076034649217e-04,1.443695861405197220e-03,4.812319538017324609e-04,9.624639076034649217e-04,4.812319538017324609e-04,4.812319538017324609e-04,9.624639076034649217e-04,1.443695861405197220e-03
0.000000000000000000e+00,5.546311702717693229e-04,2.773155851358846506e-03,9.151414309484193210e-02,7.598447032723238959e-01,9.317803660565723844e-02,2.052135330005546224e-02,5.546311702717693012e-03,2.773155851358846506e-03,3.327787021630615721e-03,2.773155851358846506e-03,5.546311702717693229e-04,3.327787021630615721e-03,0.000000000000000000e+00,0.000000000000000000e+00,5.546311702717693229e-04,5.546311702717693229e-04,5.546311702717693229e-04,0.000000000000000000e+00,1.109262340543538646e-03,0.000000000000000000e+00,1.053799223516361551e-02
0.000000000000000000e+00,1.175088131609870702e-03,5.875440658049353726e-03,4.935370152761456991e-02,1.786133960047003588e-01,6.404230317273795769e-01,6.227967097532315088e-02,1.645123384253819113e-02,3.525264394829612322e-03,5.875440658049353726e-03,4.700352526439482807e-03,3.525264394829612322e-03,2.350176263219741404e-03,3.525264394829612322e-03,1.175088131609870702e-03,2.350176263219741404e-03,2.350176263219741404e-03,1.175088131609870702e-03,0.000000000000000000e+00,0.000000000000000000e+00,2.350176263219741404e-03,1.292596944770857750e-02
0.000000000000000000e+00,0.000000000000000000e+00,4.914004914004913883e-03,3.685503685503685456e-02,1.105651105651105637e-01,1.646191646191646207e-01,5.184275184275184412e-01,5.651105651105651356e-02,2.457002457002456855e-02,1.474201474201474252e-02,1.965601965601965553e-02,7.371007371007371259e-03,9.828009828009827767e-03,0.000000000000000000e+00,2.457002457002456942e-03,2.457002457002456942e-03,2.457002457002456942e-03,4.914004914004913883e-03,2.457002457002456942e-03,0.000000000000000000e+00,0.000000000000000000e+00,1.719901719901719903e-02
0.000000000000000000e+00,0.000000000000000000e+00,1.234567901234567833e-02,5.555555555555555247e-02,4.938271604938271331e-02,1.111111111111111049e-01,1.913580246913580141e-01,3.765432098765432167e-01,8.024691358024690913e-02,3.703703703703703498e-02,2.469135802469135665e-02,6.172839506172839164e-03,0.000000000000000000e+00,6.172839506172839164e-03,6.172839506172839164e-03,6.172839506172839164e-03,0.000000000000000000e+00,0.000000000000000000e+00,6.172839506172839164e-03,0.000000000000000000e+00,0.000000000000000000e+00,3.086419753086419582e-02
0.000000000000000000e+00,0.000000000000000000e+00,9.523809523809524669e-03,1.904761904761904934e-02,1.904761904761904934e-02,6.666666666666666574e-02,1.714285714285714302e-01,1.714285714285714302e-01,3.809523809523809312e-01,4.761904761904761640e-02,1.904761904761904934e-02,3.809523809523809867e-02,0.000000000000000000e+00,9.523809523809524669e-03,0.000000000000000000e+00,0.000000000000000000e+00,0.000000000000000000e+00,0.000000000000000000e+00,0.000000000000000000e+00,0.000000000000000000e+00,0.000000000000000000e+00,4.761904761904761640e-02
0.000000000000000000e+00,0.000000000000000000e+00,0.000000000000000000e+00,2.173913043478260809e-02,5.434782608695652023e-02,6.521739130434782428e-02,5.434782608695652023e-02,7.608695652173913526e-02,1.086956521739130405e-01,4.673913043478261087e-01,1.086956521739130405e-02,3.260869565217391214e-02,1.086956521739130405e-02,1.086956521739130405e-02,0.000000000000000000e+00,0.000000000000000000e+00,0.000000000000000000e+00,0.000000000000000000e+00,1.086956521739130405e-02,0.000000000000000000e+00,1.086956521739130405e-02,6.521739130434782428e-02
0.000000000000000000e+00,0.000000000000000000e+00,1.724137931034482735e-02,0.000000000000000000e+00,5.172413793103448204e-02,1.206896551724137984e-01,3.448275862068965469e-02,6.896551724137930939e-02,0.000000000000000000e+00,5.172413793103448204e-02,3.448275862068965747e-01,8.620689655172414367e-02,6.896551724137930939e-02,0.000000000000000000e+00,1.724137931034482735e-02,1.724137931034482735e-02,0.000000000000000000e+00,1.724137931034482735e-02,1.724137931034482735e-02,0.000000000000000000e+00,0.000000000000000000e+00,8.620689655172414367e-02
0.000000000000000000e+00,0.000000000000000000e+00,0.000000000000000000e+00,0.000000000000000000e+00,1.960784313725490169e-02,0.000000000000000000e+00,1.176470588235294101e-01,3.921568627450980338e-02,7.843137254901960675e-02,3.921568627450980338e-02,9.803921568627450844e-02,4.313725490196078649e-01,7.843137254901960675e-02,1.960784313725490169e-02,1.960784313725490169e-02,0.000000000000000000e+00,0.000000000000000000e+00,0.000000000000000000e+00,0.000000000000000000e+00,0.000000000000000000e+00,1.960784313725490169e-02,3.921568627450980338e-02
0.000000000000000000e+00,0.000000000000000000e+00,0.000000000000000000e+00,0.000000000000000000e+00,2.777777777777777624e-02,2.777777777777777624e-02,1.388888888888888812e-02,5.555555555555555247e-02,6.944444444444444753e-02,1.388888888888888812e-02,6.944444444444444753e-02,5.555555555555555247e-02,4.583333333333333148e-01,6.944444444444444753e-02,2.777777777777777624e-02,2.777777777777777624e-02,0.000000000000000000e+00,2.777777777777777624e-02,1.388888888888888812e-02,1.388888888888888812e-02,0.000000000000000000e+00,2.777777777777777624e-02
0.000000000000000000e+00,0.000000000000000000e+00,0.000000000000000000e+00,0.000000000000000000e+00,0.000000000000000000e+00,3.773584905660377214e-02,0.000000000000000000e+00,1.886792452830188607e-02,3.773584905660377214e-02,0.000000000000000000e+00,3.773584905660377214e-02,0.000000000000000000e+00,1.886792452830188815e-01,4.905660377358490587e-01,1.886792452830188607e-02,3.773584905660377214e-02,0.000000000000000000e+00,5.660377358490566169e-02,0.000000000000000000e+00,0.000000000000000000e+00,0.000000000000000000e+00,7.547169811320754429e-02
0.000000000000000000e+00,0.000000000000000000e+00,0.000000000000000000e+00,0.000000000000000000e+00,3.125000000000000000e-02,3.125000000000000000e-02,6.250000000000000000e-02,6.250000000000000000e-02,3.125000000000000000e-02,3.125000000000000000e-02,6.250000000000000000e-02,0.000000000000000000e+00,6.250000000000000000e-02,1.562500000000000000e-01,2.187500000000000000e-01,9.375000000000000000e-02,3.125000000000000000e-02,6.250000000000000000e-02,0.000000000000000000e+00,0.000000000000000000e+00,0.000000000000000000e+00,6.250000000000000000e-02
0.000000000000000000e+00,0.000000000000000000e+00,0.000000000000000000e+00,4.166666666666666435e-02,2.083333333333333218e-02,6.250000000000000000e-02,2.083333333333333218e-02,0.000000000000000000e+00,2.083333333333333218e-02,2.083333333333333218e-02,0.000000000000000000e+00,0.000000000000000000e+00,6.250000000000000000e-02,6.250000000000000000e-02,8.333333333333332871e-02,4.375000000000000000e-01,4.166666666666666435e-02,2.083333333333333218e-02,2.083333333333333218e-02,2.083333333333333218e-02,0.000000000000000000e+00,6.250000000000000000e-02
0.000000000000000000e+00,0.000000000000000000e+00,0.000000000000000000e+00,0.000000000000000000e+00,0.000000000000000000e+00,1.111111111111111049e-01,0.000000000000000000e+00,5.555555555555555247e-02,0.000000000000000000e+00,0.000000000000000000e+00,0.000000000000000000e+00,0.000000000000000000e+00,0.000000000000000000e+00,1.111111111111111049e-01,5.555555555555555247e-02,2.222222222222222099e-01,2.222222222222222099e-01,5.555555555555555247e-02,5.555555555555555247e-02,0.000000000000000000e+00,0.000000000000000000e+00,1.111111111111111049e-01
0.000000000000000000e+00,0.000000000000000000e+00,0.000000000000000000e+00,7.142857142857142461e-02,3.571428571428571230e-02,1.071428571428571369e-01,7.142857142857142461e-02,0.000000000000000000e+00,0.000000000000000000e+00,0.000000000000000000e+00,3.571428571428571230e-02,0.000000000000000000e+00,0.000000000000000000e+00,7.142857142857142461e-02,3.571428571428571230e-02,7.142857142857142461e-02,7.142857142857142461e-02,2.857142857142856984e-01,0.000000000000000000e+00,0.000000000000000000e+00,0.000000000000000000e+00,1.428571428571428492e-01
0.000000000000000000e+00,0.000000000000000000e+00,0.000000000000000000e+00,0.000000000000000000e+00,1.428571428571428492e-01,0.000000000000000000e+00,7.142857142857142461e-02,0.000000000000000000e+00,0.000000000000000000e+00,0.000000000000000000e+00,7.142857142857142461e-02,0.000000000000000000e+00,0.000000000000000000e+00,0.000000000000000000e+00,0.000000000000000000e+00,7.142857142857142461e-02,7.142857142857142461e-02,0.000000000000000000e+00,1.428571428571428492e-01,7.142857142857142461e-02,7.142857142857142461e-02,2.857142857142856984e-01
0.000000000000000000e+00,0.000000000000000000e+00,0.000000000000000000e+00,0.000000000000000000e+00,0.000000000000000000e+00,2.000000000000000111e-01,0.000000000000000000e+00,1.000000000000000056e-01,1.000000000000000056e-01,0.000000000000000000e+00,0.000000000000000000e+00,0.000000000000000000e+00,0.000000000000000000e+00,0.000000000000000000e+00,0.000000000000000000e+00,1.000000000000000056e-01,1.000000000000000056e-01,0.000000000000000000e+00,0.000000000000000000e+00,0.000000000000000000e+00,0.000000000000000000e+00,4.000000000000000222e-01
0.000000000000000000e+00,0.000000000000000000e+00,0.000000000000000000e+00,0.000000000000000000e+00,0.000000000000000000e+00,6.250000000000000000e-02,0.000000000000000000e+00,1.250000000000000000e-01,1.875000000000000000e-01,1.250000000000000000e-01,6.250000000000000000e-02,0.000000000000000000e+00,0.000000000000000000e+00,0.000000000000000000e+00,0.000000000000000000e+00,0.000000000000000000e+00,0.000000000000000000e+00,0.000000000000000000e+00,0.000000000000000000e+00,1.250000000000000000e-01,1.250000000000000000e-01,1.875000000000000000e-01
5.000000000000000104e-03,0.000000000000000000e+00,0.000000000000000000e+00,1.000000000000000021e-02,2.999999999999999889e-02,4.499999999999999833e-02,4.499999999999999833e-02,2.999999999999999889e-02,2.500000000000000139e-02,5.500000000000000028e-02,5.000000000000000104e-03,2.500000000000000139e-02,1.000000000000000021e-02,1.000000000000000021e-02,2.500000000000000139e-02,1.499999999999999944e-02,1.000000000000000021e-02,1.499999999999999944e-02,2.000000000000000042e-02,1.499999999999999944e-02,2.500000000000000139e-02,5.799999999999999600e-01
