6.890331890331889975e-01,9.812409812409812748e-02,2.813852813852813980e-02,1.370851370851370807e-02,8.658008658008658001e-03,5.050505050505050934e-03,4.329004329004329001e-03,0.000000000000000000e+00,0.000000000000000000e+00,1.443001443001443000e-03,7.936507936507936067e-03,0.000000000000000000e+00,0.000000000000000000e+00,7.215007215007215001e-04,0.000000000000000000e+00,7.215007215007215001e-04,0.000000000000000000e+00,3.607503607503607500e-03,8.658008658008658001e-03,2.092352092352092394e-02,1.089466089466089443e-01
1.563981042654028486e-01,5.450236966824644202e-01,1.216429699842022094e-01,3.475513428120063225e-02,1.737756714060031613e-02,1.579778830963664976e-02,3.159557661927330126e-03,7.898894154818324881e-03,1.579778830963665063e-03,0.000000000000000000e+00,6.319115323854660252e-03,0.000000000000000000e+00,0.000000000000000000e+00,0.000000000000000000e+00,1.579778830963665063e-03,3.159557661927330126e-03,3.159557661927330126e-03,1.579778830963665063e-03,1.579778830963664976e-02,1.579778830963664976e-02,4.897314375987361912e-02
1.182108626198083018e-01,1.821086261980830734e-01,3.290734824281150162e-01,1.214057507987220397e-01,3.194888178913737886e-02,2.875399361022364098e-02,6.389776357827475772e-03,1.597444089456868943e-02,6.389776357827475772e-03,1.277955271565495154e-02,4.153354632587859252e-02,3.194888178913737886e-03,0.000000000000000000e+00,0.000000000000000000e+00,3.194888178913737886e-03,0.000000000000000000e+00,0.000000000000000000e+00,3.194888178913737886e-03,1.916932907348242732e-02,3.194888178913737886e-02,4.472843450479233041e-02
1.155778894472361817e-01,1.005025125628140753e-01,1.457286432160803946e-01,3.969849246231155759e-01,6.532663316582915103e-02,2.512562814070351883e-02,1.005025125628140718e-02,1.005025125628140718e-02,5.025125628140703592e-03,5.025125628140703592e-03,3.015075376884421982e-02,0.000000000000000000e+00,0.000000000000000000e+00,0.000000000000000000e+00,0.000000000000000000e+00,0.000000000000000000e+00,5.025125628140703592e-03,0.000000000000000000e+00,5.025125628140703592e-03,4.522613065326633319e-02,3.517587939698492427e-02
5.825242718446602130e-02,6.796116504854368690e-02,5.825242718446602130e-02,7.766990291262135249e-02,3.398058252427184622e-01,1.262135922330097082e-01,5.825242718446602130e-02,4.854368932038834877e-02,9.708737864077669061e-03,0.000000000000000000e+00,6.796116504854368690e-02,9.708737864077669061e-03,0.000000000000000000e+00,0.000000000000000000e+00,0.000000000000000000e+00,0.000000000000000000e+00,0.000000000000000000e+00,0.000000000000000000e+00,9.708737864077669061e-03,2.912621359223301065e-02,3.883495145631067624e-02
1.139240506329113889e-01,7.594936708860759722e-02,6.329113924050633333e-02,6.329113924050633333e-02,7.594936708860759722e-02,3.037974683544303889e-01,5.063291139240506250e-02,3.797468354430379861e-02,2.531645569620253125e-02,1.265822784810126563e-02,7.594936708860759722e-02,0.000000000000000000e+00,0.000000000000000000e+00,0.000000000000000000e+00,0.000000000000000000e+00,0.000000000000000000e+00,0.000000000000000000e+00,1.265822784810126563e-02,0.000000000000000000e+00,2.531645569620253125e-02,6.329113924050633333e-02
1.764705882352941291e-01,8.823529411764706454e-02,2.941176470588235253e-02,2.941176470588235253e-02,2.941176470588235253e-02,1.470588235294117696e-01,2.352941176470588203e-01,5.882352941176470507e-02,0.000000000000000000e+00,0.000000000000000000e+00,1.764705882352941291e-01,0.000000000000000000e+00,0.000000000000000000e+00,0.000000000000000000e+00,0.000000000000000000e+00,0.000000000000000000e+00,0.000000000000000000e+00,0.000000000000000000e+00,0.000000000000000000e+00,0.000000000000000000e+00,2.941176470588235253e-02
1.960784313725490169e-02,7.843137254901960675e-02,1.960784313725490169e-02,3.921568627450980338e-02,7.843137254901960675e-02,0.000000000000000000e+00,0.000000000000000000e+00,3.921568627450980338e-01,5.882352941176470507e-02,0.000000000000000000e+00,1.764705882352941291e-01,1.960784313725490169e-02,0.000000000000000000e+00,0.000000000000000000e+00,0.000000000000000000e+00,0.000000000000000000e+00,0.000000000000000000e+00,3.921568627450980338e-02,1.960784313725490169e-02,3.921568627450980338e-02,1.960784313725490169e-02
9.523809523809523281e-02,0.000000000000000000e+00,1.428571428571428492e-01,4.761904761904761640e-02,4.761904761904761640e-02,9.523809523809523281e-02,0.000000000000000000e+00,1.904761904761904656e-01,9.523809523809523281e-02,4.761904761904761640e-02,1.428571428571428492e-01,0.000000000000000000e+00,0.000000000000000000e+00,0.000000000000000000e+00,0.000000000000000000e+00,0.000000000000000000e+00,0.000000000000000000e+00,0.000000000000000000e+00,0.000000000000000000e+00,9.523809523809523281e-02,0.000000000000000000e+00
5.000000000000000278e-02,0.000000000000000000e+00,2.500000000000000000e-01,0.000000000000000000e+00,5.000000000000000278e-02,0.000000000000000000e+00,1.000000000000000056e-01,0.000000000000000000e+00,5.000000000000000278e-02,5.000000000000000278e-02,3.499999999999999778e-01,0.000000000000000000e+00,0.000000000000000000e+00,0.000000000000000000e+00,0.000000000000000000e+00,0.000000000000000000e+00,5.000000000000000278e-02,0.000000000000000000e+00,0.000000000000000000e+00,0.000000000000000000e+00,5.000000000000000278e-02
4.926108374384236682e-02,6.403940886699507895e-02,4.433497536945812945e-02,5.418719211822660420e-02,1.970443349753694603e-02,1.970443349753694603e-02,4.926108374384236509e-03,1.970443349753694603e-02,3.940886699507389207e-02,3.940886699507389207e-02,4.975369458128078848e-01,4.926108374384236509e-03,0.000000000000000000e+00,0.000000000000000000e+00,0.000000000000000000e+00,4.926108374384236509e-03,0.000000000000000000e+00,0.000000000000000000e+00,2.955665024630541732e-02,3.940886699507389207e-02,6.896551724137930939e-02
0.000000000000000000e+00,0.000000000000000000e+00,2.777777777777777624e-02,0.000000000000000000e+00,0.000000000000000000e+00,0.000000000000000000e+00,0.000000000000000000e+00,0.000000000000000000e+00,0.000000000000000000e+00,0.000000000000000000e+00,0.000000000000000000e+00,6.111111111111111605e-01,8.333333333333332871e-02,8.333333333333332871e-02,5.555555555555555247e-02,2.777777777777777624e-02,2.777777777777777624e-02,0.000000000000000000e+00,5.555555555555555247e-02,0.000000000000000000e+00,2.777777777777777624e-02
0.000000000000000000e+00,0.000000000000000000e+00,0.000000000000000000e+00,0.000000000000000000e+00,0.000000000000000000e+00,0.000000000000000000e+00,0.000000000000000000e+00,0.000000000000000000e+00,0.000000000000000000e+00,0.000000000000000000e+00,0.000000000000000000e+00,1.176470588235294101e-01,7.058823529411765163e-01,5.882352941176470507e-02,0.000000000000000000e+00,0.000000000000000000e+00,0.000000000000000000e+00,5.882352941176470507e-02,0.000000000000000000e+00,0.000000000000000000e+00,5.882352941176470507e-02
0.000000000000000000e+00,0.000000000000000000e+00,4.545454545454545581e-02,0.000000000000000000e+00,0.000000000000000000e+00,0.000000000000000000e+00,0.000000000000000000e+00,0.000000000000000000e+00,0.000000000000000000e+00,0.000000000000000000e+00,4.545454545454545581e-02,4.545454545454545581e-02,0.000000000000000000e+00,6.818181818181817677e-01,9.090909090909091161e-02,0.000000000000000000e+00,0.000000000000000000e+00,0.000000000000000000e+00,4.545454545454545581e-02,4.545454545454545581e-02,0.000000000000000000e+00
0.000000000000000000e+00,2.325581395348837177e-02,0.000000000000000000e+00,0.000000000000000000e+00,2.325581395348837177e-02,0.000000000000000000e+00,0.000000000000000000e+00,0.000000000000000000e+00,0.000000000000000000e+00,0.000000000000000000e+00,0.000000000000000000e+00,2.325581395348837177e-02,0.000000000000000000e+00,0.000000000000000000e+00,6.279069767441860517e-01,1.395348837209302306e-01,6.976744186046511531e-02,2.325581395348837177e-02,4.651162790697674354e-02,0.000000000000000000e+00,2.325581395348837177e-02
0.000000000000000000e+00,1.515151515151515194e-02,0.000000000000000000e+00,0.000000000000000000e+00,0.000000000000000000e+00,0.000000000000000000e+00,0.000000000000000000e+00,0.000000000000000000e+00,0.000000000000000000e+00,0.000000000000000000e+00,0.000000000000000000e+00,1.515151515151515194e-02,0.000000000000000000e+00,0.000000000000000000e+00,6.060606060606060774e-02,5.606060606060605522e-01,1.969696969696969613e-01,7.575757575757575968e-02,4.545454545454545581e-02,3.030303030303030387e-02,0.000000000000000000e+00
0.000000000000000000e+00,0.000000000000000000e+00,7.352941176470588133e-03,0.000000000000000000e+00,0.000000000000000000e+00,0.000000000000000000e+00,0.000000000000000000e+00,0.000000000000000000e+00,0.000000000000000000e+00,0.000000000000000000e+00,7.352941176470588133e-03,7.352941176470588133e-03,0.000000000000000000e+00,0.000000000000000000e+00,0.000000000000000000e+00,4.411764705882353227e-02,5.955882352941176405e-01,2.279411764705882304e-01,7.352941176470588480e-02,2.941176470588235253e-02,7.352941176470588133e-03
1.632653061224489943e-02,0.000000000000000000e+00,0.000000000000000000e+00,0.000000000000000000e+00,0.000000000000000000e+00,0.000000000000000000e+00,0.000000000000000000e+00,0.000000000000000000e+00,0.000000000000000000e+00,4.081632653061224858e-03,8.163265306122449716e-03,0.000000000000000000e+00,0.000000000000000000e+00,0.000000000000000000e+00,0.000000000000000000e+00,1.224489795918367284e-02,6.122448979591836593e-02,5.469387755102040893e-01,2.163265306122449105e-01,9.387755102040816479e-02,4.081632653061224164e-02
1.870748299319727886e-02,5.102040816326530205e-03,5.102040816326530205e-03,3.401360544217686948e-03,0.000000000000000000e+00,0.000000000000000000e+00,0.000000000000000000e+00,1.700680272108843474e-03,0.000000000000000000e+00,1.700680272108843474e-03,3.401360544217686948e-03,1.700680272108843474e-03,0.000000000000000000e+00,3.401360544217686948e-03,5.102040816326530205e-03,3.401360544217686948e-03,1.190476190476190410e-02,5.612244897959183659e-02,6.190476190476190688e-01,2.193877551020408101e-01,4.081632653061224164e-02
3.298774740810556105e-02,1.319509896324222442e-02,8.482563619227143775e-03,6.597549481621112211e-03,0.000000000000000000e+00,0.000000000000000000e+00,0.000000000000000000e+00,0.000000000000000000e+00,0.000000000000000000e+00,0.000000000000000000e+00,2.827521206409048214e-03,0.000000000000000000e+00,0.000000000000000000e+00,1.885014137606031998e-03,1.885014137606031998e-03,1.885014137606031998e-03,4.712535344015079779e-03,1.036757775683317707e-02,7.445805843543826241e-02,6.682375117813383891e-01,1.724787935909519454e-01
1.371889710827168818e-01,2.353732347007397516e-02,1.143241425689307290e-02,6.724949562878278740e-03,4.034969737726967418e-03,2.689979825151311323e-03,1.344989912575655661e-03,2.689979825151311323e-03,6.724949562878278306e-04,0.000000000000000000e+00,1.277740416946872813e-02,0.000000000000000000e+00,6.724949562878278306e-04,6.724949562878278306e-04,1.344989912575655661e-03,2.017484868863483709e-03,2.689979825151311323e-03,8.742434431741762449e-03,1.613987895090786967e-02,7.330195023537323940e-02,6.913248150638869882e-01
