6.666666666666666297e-01,1.666666666666666574e-01,0.000000000000000000e+00,0.000000000000000000e+00,0.000000000000000000e+00,0.000000000000000000e+00,8.333333333333332871e-02,8.333333333333332871e-02,0.000000000000000000e+00,0.000000000000000000e+00,0.000000000000000000e+00,0.000000000000000000e+00,0.000000000000000000e+00,0.000000000000000000e+00,0.000000000000000000e+00,0.000000000000000000e+00,0.000000000000000000e+00,0.000000000000000000e+00,0.000000000000000000e+00,0.000000000000000000e+00,0.000000000000000000e+00,0.000000000000000000e+00
7.692307692307692735e-02,6.153846153846154188e-01,7.692307692307692735e-02,7.692307692307692735e-02,0.000000000000000000e+00,0.000000000000000000e+00,7.692307692307692735e-02,0.000000000000000000e+00,7.692307692307692735e-02,0.000000000000000000e+00,0.000000000000000000e+00,0.000000000000000000e+00,0.000000000000000000e+00,0.000000000000000000e+00,0.000000000000000000e+00,0.000000000000000000e+00,0.000000000000000000e+00,0.000000000000000000e+00,0.000000000000000000e+00,0.000000000000000000e+00,0.000000000000000000e+00,0.000000000000000000e+00
0.000000000000000000e+00,5.882352941176470507e-02,7.058823529411765163e-01,1.764705882352941291e-01,0.000000000000000000e+00,0.000000000000000000e+00,0.000000000000000000e+00,0.000000000000000000e+00,0.000000000000000000e+00,0.000000000000000000e+00,0.000000000000000000e+00,0.000000000000000000e+00,5.882352941176470507e-02,0.000000000000000000e+00,0.000000000000000000e+00,0.000000000000000000e+00,0.000000000000000000e+00,0.000000000000000000e+00,0.000000000000000000e+00,0.000000000000000000e+00,0.000000000000000000e+00,0.000000000000000000e+00
0.000000000000000000e+00,2.439024390243902524e-02,2.439024390243902524e-02,7.804878048780488076e-01,0.000000000000000000e+00,7.317073170731706877e-02,4.878048780487805047e-02,0.000000000000000000e+00,0.000000000000000000e+00,4.878048780487805047e-02,0.000000000000000000e+00,0.000000000000000000e+00,0.000000000000000000e+00,0.000000000000000000e+00,0.000000000000000000e+00,0.000000000000000000e+00,0.000000000000000000e+00,0.000000000000000000e+00,0.000000000000000000e+00,0.000000000000000000e+00,0.000000000000000000e+00,0.000000000000000000e+00
0.000000000000000000e+00,0.000000000000000000e+00,0.000000000000000000e+00,0.000000000000000000e+00,6.551724137931034253e-01,1.034482758620689641e-01,6.896551724137930939e-02,6.896551724137930939e-02,3.448275862068965469e-02,0.000000000000000000e+00,6.896551724137930939e-02,0.000000000000000000e+00,0.000000000000000000e+00,0.000000000000000000e+00,0.000000000000000000e+00,0.000000000000000000e+00,0.000000000000000000e+00,0.000000000000000000e+00,0.000000000000000000e+00,0.000000000000000000e+00,0.000000000000000000e+00,0.000000000000000000e+00
0.000000000000000000e+00,0.000000000000000000e+00,0.000000000000000000e+00,3.846153846153846367e-02,7.692307692307692735e-02,5.897435897435897578e-01,8.974358974358974395e-02,6.410256410256409687e-02,6.410256410256409687e-02,2.564102564102564014e-02,3.846153846153846367e-02,0.000000000000000000e+00,0.000000000000000000e+00,0.000000000000000000e+00,0.000000000000000000e+00,0.000000000000000000e+00,0.000000000000000000e+00,0.000000000000000000e+00,1.282051282051282007e-02,0.000000000000000000e+00,0.000000000000000000e+00,0.000000000000000000e+00
0.000000000000000000e+00,0.000000000000000000e+00,6.993006993006993001e-03,1.398601398601398600e-02,0.000000000000000000e+00,6.293706293706294308e-02,7.342657342657342712e-01,6.993006993006993521e-02,4.895104895104895187e-02,2.797202797202797200e-02,2.797202797202797200e-02,0.000000000000000000e+00,6.993006993006993001e-03,0.000000000000000000e+00,0.000000000000000000e+00,0.000000000000000000e+00,0.000000000000000000e+00,0.000000000000000000e+00,0.000000000000000000e+00,0.000000000000000000e+00,0.000000000000000000e+00,0.000000000000000000e+00
0.000000000000000000e+00,0.000000000000000000e+00,0.000000000000000000e+00,3.891050583657587603e-03,3.891050583657587603e-03,1.945525291828793801e-02,3.891050583657587603e-02,6.887159533073929918e-01,1.634241245136186793e-01,4.280155642023346363e-02,2.723735408560311322e-02,7.782101167315175205e-03,3.891050583657587603e-03,0.000000000000000000e+00,0.000000000000000000e+00,0.000000000000000000e+00,0.000000000000000000e+00,0.000000000000000000e+00,0.000000000000000000e+00,0.000000000000000000e+00,0.000000000000000000e+00,0.000000000000000000e+00
1.572327044025157317e-03,0.000000000000000000e+00,0.000000000000000000e+00,0.000000000000000000e+00,4.716981132075471518e-03,6.289308176100629269e-03,1.257861635220125854e-02,8.647798742138364247e-02,7.452830188679244738e-01,1.053459119496855390e-01,2.358490566037736019e-02,7.861635220125786153e-03,3.144654088050314635e-03,0.000000000000000000e+00,1.572327044025157317e-03,0.000000000000000000e+00,0.000000000000000000e+00,0.000000000000000000e+00,0.000000000000000000e+00,1.572327044025157317e-03,0.000000000000000000e+00,0.000000000000000000e+00
0.000000000000000000e+00,0.000000000000000000e+00,0.000000000000000000e+00,7.163323782234956799e-04,0.000000000000000000e+00,2.148997134670487148e-03,2.865329512893982720e-03,6.446991404011461445e-03,6.017191977077363668e-02,8.137535816618911566e-01,9.025787965616045849e-02,1.432664756446991490e-02,4.297994269340974297e-03,1.432664756446991360e-03,7.163323782234956799e-04,7.163323782234956799e-04,0.000000000000000000e+00,1.432664756446991360e-03,7.163323782234956799e-04,0.000000000000000000e+00,0.000000000000000000e+00,0.000000000000000000e+00
0.000000000000000000e+00,0.000000000000000000e+00,5.330490405117270687e-04,0.000000000000000000e+00,1.599147121535181206e-03,1.599147121535181206e-03,1.066098081023454137e-03,4.797441364605544052e-03,1.119402985074626801e-02,7.729211087420043147e-02,8.097014925373133831e-01,6.076759061833688497e-02,1.066098081023454137e-02,8.528784648187633100e-03,3.198294243070362412e-03,2.665245202558635344e-03,5.330490405117270687e-04,2.132196162046908275e-03,1.066098081023454137e-03,5.330490405117270687e-04,5.330490405117270687e-04,1.599147121535181206e-03
0.000000000000000000e+00,0.000000000000000000e+00,0.000000000000000000e+00,0.000000000000000000e+00,0.000000000000000000e+00,0.000000000000000000e+00,0.000000000000000000e+00,0.000000000000000000e+00,7.285974499089253181e-03,2.003642987249544538e-02,1.265938069216757667e-01,7.340619307832422225e-01,7.012750455373406577e-02,2.185792349726775954e-02,7.285974499089253181e-03,3.642987249544626591e-03,3.642987249544626591e-03,0.000000000000000000e+00,0.000000000000000000e+00,0.000000000000000000e+00,9.107468123861566477e-04,4.553734061930783672e-03
0.000000000000000000e+00,0.000000000000000000e+00,0.000000000000000000e+00,0.000000000000000000e+00,0.000000000000000000e+00,0.000000000000000000e+00,1.949317738791422894e-03,3.898635477582845787e-03,3.898635477582845787e-03,9.746588693957114469e-03,5.458089668615984102e-02,1.695906432748537918e-01,6.354775828460038634e-01,6.432748538011695549e-02,2.729044834307992051e-02,5.847953216374268681e-03,3.898635477582845787e-03,3.898635477582845787e-03,1.949317738791422894e-03,3.898635477582845787e-03,1.949317738791422894e-03,7.797270955165691575e-03
0.000000000000000000e+00,0.000000000000000000e+00,0.000000000000000000e+00,0.000000000000000000e+00,0.000000000000000000e+00,5.434782608695652023e-03,5.434782608695652023e-03,0.000000000000000000e+00,0.000000000000000000e+00,2.173913043478260809e-02,5.978260869565217572e-02,8.695652173913043237e-02,2.065217391304347838e-01,4.836956521739130266e-01,3.804347826086956763e-02,2.173913043478260809e-02,2.717391304347826012e-02,5.434782608695652023e-03,2.173913043478260809e-02,0.000000000000000000e+00,0.000000000000000000e+00,1.630434782608695607e-02
0.000000000000000000e+00,0.000000000000000000e+00,0.000000000000000000e+00,0.000000000000000000e+00,0.000000000000000000e+00,0.000000000000000000e+00,8.695652173913043584e-03,0.000000000000000000e+00,8.695652173913043584e-03,0.000000000000000000e+00,6.086956521739130682e-02,1.043478260869565161e-01,1.217391304347826136e-01,1.478260869565217461e-01,3.565217391304347783e-01,1.217391304347826136e-01,2.608695652173912902e-02,0.000000000000000000e+00,0.000000000000000000e+00,8.695652173913043584e-03,0.000000000000000000e+00,3.478260869565217434e-02
0.000000000000000000e+00,0.000000000000000000e+00,0.000000000000000000e+00,0.000000000000000000e+00,0.000000000000000000e+00,0.000000000000000000e+00,0.000000000000000000e+00,0.000000000000000000e+00,0.000000000000000000e+00,4.000000000000000083e-02,1.333333333333333419e-02,6.666666666666666574e-02,2.666666666666666838e-02,6.666666666666666574e-02,2.133333333333333470e-01,3.733333333333333504e-01,6.666666666666666574e-02,1.333333333333333419e-02,1.333333333333333419e-02,5.333333333333333676e-02,1.333333333333333419e-02,4.000000000000000083e-02
0.000000000000000000e+00,0.000000000000000000e+00,0.000000000000000000e+00,0.000000000000000000e+00,0.000000000000000000e+00,0.000000000000000000e+00,0.000000000000000000e+00,0.000000000000000000e+00,0.000000000000000000e+00,0.000000000000000000e+00,4.444444444444444614e-02,6.666666666666666574e-02,6.666666666666666574e-02,8.888888888888889228e-02,6.666666666666666574e-02,1.777777777777777846e-01,3.555555555555555691e-01,2.222222222222222307e-02,2.222222222222222307e-02,0.000000000000000000e+00,2.222222222222222307e-02,6.666666666666666574e-02
0.000000000000000000e+00,0.000000000000000000e+00,0.000000000000000000e+00,0.000000000000000000e+00,0.000000000000000000e+00,0.000000000000000000e+00,0.000000000000000000e+00,0.000000000000000000e+00,4.545454545454545581e-02,0.000000000000000000e+00,9.090909090909091161e-02,1.818181818181818232e-01,9.090909090909091161e-02,0.000000000000000000e+00,4.545454545454545581e-02,0.000000000000000000e+00,1.363636363636363535e-01,4.090909090909091161e-01,0.000000000000000000e+00,0.000000000000000000e+00,0.000000000000000000e+00,0.000000000000000000e+00
0.000000000000000000e+00,0.000000000000000000e+00,0.000000000000000000e+00,0.000000000000000000e+00,0.000000000000000000e+00,0.000000000000000000e+00,0.000000000000000000e+00,0.000000000000000000e+00,0.000000000000000000e+00,4.545454545454545581e-02,4.545454545454545581e-02,0.000000000000000000e+00,1.363636363636363535e-01,4.545454545454545581e-02,9.090909090909091161e-02,0.000000000000000000e+00,0.000000000000000000e+00,0.000000000000000000e+00,1.818181818181818232e-01,2.727272727272727071e-01,4.545454545454545581e-02,1.363636363636363535e-01
0.000000000000000000e+00,0.000000000000000000e+00,0.000000000000000000e+00,0.000000000000000000e+00,0.000000000000000000e+00,0.000000000000000000e+00,0.000000000000000000e+00,0.000000000000000000e+00,2.777777777777777624e-02,2.777777777777777624e-02,0.000000000000000000e+00,1.111111111111111049e-01,0.000000000000000000e+00,0.000000000000000000e+00,2.777777777777777624e-02,8.333333333333332871e-02,2.777777777777777624e-02,2.777777777777777624e-02,5.555555555555555247e-02,3.888888888888888951e-01,1.111111111111111049e-01,1.111111111111111049e-01
0.000000000000000000e+00,0.000000000000000000e+00,0.000000000000000000e+00,0.000000000000000000e+00,0.000000000000000000e+00,0.000000000000000000e+00,0.000000000000000000e+00,0.000000000000000000e+00,0.000000000000000000e+00,0.000000000000000000e+00,0.000000000000000000e+00,6.666666666666666574e-02,0.000000000000000000e+00,6.666666666666666574e-02,6.666666666666666574e-02,6.666666666666666574e-02,6.666666666666666574e-02,6.666666666666666574e-02,0.000000000000000000e+00,1.333333333333333315e-01,2.666666666666666630e-01,2.000000000000000111e-01
0.000000000000000000e+00,0.000000000000000000e+00,0.000000000000000000e+00,0.000000000000000000e+00,0.000000000000000000e+00,0.000000000000000000e+00,0.000000000000000000e+00,0.000000000000000000e+00,0.000000000000000000e+00,1.666666666666666644e-02,8.333333333333333218e-03,1.666666666666666644e-02,4.166666666666666435e-02,5.833333333333333426e-02,4.166666666666666435e-02,2.500000000000000139e-02,3.333333333333333287e-02,2.500000000000000139e-02,1.666666666666666644e-02,1.666666666666666644e-02,2.500000000000000139e-02,6.750000000000000444e-01
