5.000000000000000000e-01,5.000000000000000278e-02,0.000000000000000000e+00,0.000000000000000000e+00,5.000000000000000278e-02,5.000000000000000278e-02,0.000000000000000000e+00,1.000000000000000056e-01,1.000000000000000056e-01,0.000000000000000000e+00,1.000000000000000056e-01,0.000000000000000000e+00,0.000000000000000000e+00,5.000000000000000278e-02,0.000000000000000000e+00,0.000000000000000000e+00,0.000000000000000000e+00,0.000000000000000000e+00,0.000000000000000000e+00,0.000000000000000000e+00,0.000000000000000000e+00,0.000000000000000000e+00
1.428571428571428492e-01,4.285714285714285476e-01,0.000000000000000000e+00,1.428571428571428492e-01,1.428571428571428492e-01,0.000000000000000000e+00,0.000000000000000000e+00,0.000000000000000000e+00,1.428571428571428492e-01,0.000000000000000000e+00,0.000000000000000000e+00,0.000000000000000000e+00,0.000000000000000000e+00,0.000000000000000000e+00,0.000000000000000000e+00,0.000000000000000000e+00,0.000000000000000000e+00,0.000000000000000000e+00,0.000000000000000000e+00,0.000000000000000000e+00,0.000000000000000000e+00,0.000000000000000000e+00
0.000000000000000000e+00,0.000000000000000000e+00,0.000000000000000000e+00,0.000000000000000000e+00,0.000000000000000000e+00,0.000000000000000000e+00,2.000000000000000111e-01,0.000000000000000000e+00,2.000000000000000111e-01,2.000000000000000111e-01,2.000000000000000111e-01,0.000000000000000000e+00,0.000000000000000000e+00,2.000000000000000111e-01,0.000000000000000000e+00,0.000000000000000000e+00,0.000000000000000000e+00,0.000000000000000000e+00,0.000000000000000000e+00,0.000000000000000000e+00,0.000000000000000000e+00,0.000000000000000000e+00
0.000000000000000000e+00,0.000000000000000000e+00,0.000000000000000000e+00,6.500000000000000222e-01,5.000000000000000278e-02,0.000000000000000000e+00,5.000000000000000278e-02,5.000000000000000278e-02,1.000000000000000056e-01,0.000000000000000000e+00,5.000000000000000278e-02,0.000000000000000000e+00,0.000000000000000000e+00,5.000000000000000278e-02,0.000000000000000000e+00,0.000000000000000000e+00,0.000000000000000000e+00,0.000000000000000000e+00,0.000000000000000000e+00,0.000000000000000000e+00,0.000000000000000000e+00,0.000000000000000000e+00
0.000000000000000000e+00,0.000000000000000000e+00,2.272727272727272790e-02,0.000000000000000000e+00,7.500000000000000000e-01,6.818181818181817677e-02,4.545454545454545581e-02,2.272727272727272790e-02,0.000000000000000000e+00,6.818181818181817677e-02,2.272727272727272790e-02,0.000000000000000000e+00,0.000000000000000000e+00,0.000000000000000000e+00,0.000000000000000000e+00,0.000000000000000000e+00,0.000000000000000000e+00,0.000000000000000000e+00,0.000000000000000000e+00,0.000000000000000000e+00,0.000000000000000000e+00,0.000000000000000000e+00
0.000000000000000000e+00,1.960784313725490169e-02,0.000000000000000000e+00,0.000000000000000000e+00,3.921568627450980338e-02,4.509803921568627527e-01,7.843137254901960675e-02,7.843137254901960675e-02,9.803921568627450844e-02,5.882352941176470507e-02,1.176470588235294101e-01,3.921568627450980338e-02,0.000000000000000000e+00,1.960784313725490169e-02,0.000000000000000000e+00,0.000000000000000000e+00,0.000000000000000000e+00,0.000000000000000000e+00,0.000000000000000000e+00,0.000000000000000000e+00,0.000000000000000000e+00,0.000000000000000000e+00
0.000000000000000000e+00,0.000000000000000000e+00,6.756756756756757132e-03,6.756756756756757132e-03,6.756756756756757132e-03,2.702702702702702853e-02,5.878378378378378288e-01,4.729729729729729992e-02,5.405405405405405705e-02,9.459459459459459985e-02,6.081081081081081419e-02,8.783783783783784271e-02,1.351351351351351426e-02,0.000000000000000000e+00,6.756756756756757132e-03,0.000000000000000000e+00,0.000000000000000000e+00,0.000000000000000000e+00,0.000000000000000000e+00,0.000000000000000000e+00,0.000000000000000000e+00,0.000000000000000000e+00
5.617977528089887485e-03,0.000000000000000000e+00,0.000000000000000000e+00,1.123595505617977497e-02,5.617977528089887485e-03,1.123595505617977497e-02,2.247191011235954994e-02,4.382022471910112515e-01,1.179775280898876372e-01,1.235955056179775247e-01,1.235955056179775247e-01,7.865168539325842478e-02,5.056179775280898736e-02,5.617977528089887485e-03,0.000000000000000000e+00,0.000000000000000000e+00,0.000000000000000000e+00,0.000000000000000000e+00,0.000000000000000000e+00,0.000000000000000000e+00,0.000000000000000000e+00,5.617977528089887485e-03
4.219409282700421586e-03,1.054852320675105440e-02,0.000000000000000000e+00,0.000000000000000000e+00,0.000000000000000000e+00,6.329113924050632813e-03,1.265822784810126563e-02,4.008438818565401157e-02,6.244725738396624815e-01,1.518987341772151944e-01,6.751054852320674537e-02,4.219409282700421759e-02,2.109704641350210880e-02,1.476793248945147685e-02,4.219409282700421586e-03,0.000000000000000000e+00,0.000000000000000000e+00,0.000000000000000000e+00,0.000000000000000000e+00,0.000000000000000000e+00,0.000000000000000000e+00,0.000000000000000000e+00
4.109589041095890009e-03,0.000000000000000000e+00,1.369863013698630148e-03,1.369863013698630148e-03,4.109589041095890009e-03,5.479452054794520591e-03,1.643835616438356004e-02,2.191780821917808236e-02,6.712328767123287854e-02,5.561643835616438825e-01,1.808219178082191847e-01,9.863013698630136716e-02,3.013698630136986412e-02,8.219178082191780019e-03,0.000000000000000000e+00,2.739726027397260295e-03,1.369863013698630148e-03,0.000000000000000000e+00,0.000000000000000000e+00,0.000000000000000000e+00,0.000000000000000000e+00,0.000000000000000000e+00
2.616088947024198998e-03,6.540222367560497496e-04,0.000000000000000000e+00,6.540222367560497496e-04,3.924133420536298281e-03,5.232177894048397997e-03,7.848266841072596561e-03,1.962066710268148967e-02,2.354480052321778968e-02,7.455853499018966213e-02,6.690647482014387970e-01,1.602354480052321783e-01,2.485284499672988853e-02,4.578155657292347705e-03,1.308044473512099499e-03,1.308044473512099499e-03,0.000000000000000000e+00,0.000000000000000000e+00,0.000000000000000000e+00,0.000000000000000000e+00,0.000000000000000000e+00,0.000000000000000000e+00
2.013085052843482589e-03,1.509813789632611942e-03,2.013085052843482589e-03,1.509813789632611942e-03,1.006542526421741295e-03,3.019627579265223884e-03,8.052340211373930356e-03,1.006542526421741295e-02,2.466029189733266389e-02,3.573225968797181379e-02,1.021640664318067410e-01,7.010568696527428312e-01,8.253648716658279483e-02,1.509813789632612029e-02,5.032712632108706473e-03,1.509813789632611942e-03,0.000000000000000000e+00,5.032712632108706473e-04,5.032712632108706473e-04,0.000000000000000000e+00,0.000000000000000000e+00,2.013085052843482589e-03
5.470459518599562164e-03,1.094091903719912433e-03,2.188183807439824866e-03,2.188183807439824866e-03,4.376367614879649731e-03,4.376367614879649731e-03,7.658643326039387030e-03,1.312910284463894919e-02,2.735229759299781169e-02,3.501094091903719785e-02,5.142231947483588694e-02,1.509846827133479175e-01,6.072210065645514687e-01,6.236323851203501301e-02,9.846827133479212762e-03,6.564551422319474597e-03,2.188183807439824866e-03,3.282275711159737298e-03,0.000000000000000000e+00,1.094091903719912433e-03,0.000000000000000000e+00,2.188183807439824866e-03
3.412969283276450546e-03,3.412969283276450546e-03,6.825938566552901092e-03,6.825938566552901092e-03,0.000000000000000000e+00,1.023890784982935120e-02,1.023890784982935120e-02,2.389078498293515512e-02,2.047781569965870241e-02,2.389078498293515512e-02,3.412969283276450633e-02,6.825938566552901265e-02,1.672354948805460650e-01,5.119453924914675325e-01,6.825938566552901265e-02,1.023890784982935120e-02,1.365187713310580218e-02,0.000000000000000000e+00,6.825938566552901092e-03,1.023890784982935120e-02,0.000000000000000000e+00,0.000000000000000000e+00
2.941176470588235253e-02,0.000000000000000000e+00,0.000000000000000000e+00,0.000000000000000000e+00,0.000000000000000000e+00,0.000000000000000000e+00,1.960784313725490169e-02,1.960784313725490169e-02,1.960784313725490169e-02,1.960784313725490169e-02,1.960784313725490169e-02,5.882352941176470507e-02,4.901960784313725422e-02,1.568627450980392135e-01,3.921568627450980338e-01,9.803921568627450844e-02,3.921568627450980338e-02,1.960784313725490169e-02,0.000000000000000000e+00,1.960784313725490169e-02,1.960784313725490169e-02,1.960784313725490169e-02
1.538461538461538547e-02,0.000000000000000000e+00,0.000000000000000000e+00,1.538461538461538547e-02,1.538461538461538547e-02,0.000000000000000000e+00,1.538461538461538547e-02,0.000000000000000000e+00,0.000000000000000000e+00,0.000000000000000000e+00,1.538461538461538547e-02,9.230769230769231282e-02,1.076923076923076983e-01,4.615384615384615641e-02,4.615384615384615641e-02,4.615384615384615641e-01,9.230769230769231282e-02,0.000000000000000000e+00,4.615384615384615641e-02,3.076923076923077094e-02,0.000000000000000000e+00,0.000000000000000000e+00
0.000000000000000000e+00,0.000000000000000000e+00,0.000000000000000000e+00,0.000000000000000000e+00,0.000000000000000000e+00,0.000000000000000000e+00,0.000000000000000000e+00,2.272727272727272790e-02,0.000000000000000000e+00,0.000000000000000000e+00,4.545454545454545581e-02,2.272727272727272790e-02,1.136363636363636326e-01,9.090909090909091161e-02,9.090909090909091161e-02,0.000000000000000000e+00,3.636363636363636465e-01,6.818181818181817677e-02,9.090909090909091161e-02,0.000000000000000000e+00,2.272727272727272790e-02,6.818181818181817677e-02
0.000000000000000000e+00,0.000000000000000000e+00,0.000000000000000000e+00,5.555555555555555247e-02,0.000000000000000000e+00,0.000000000000000000e+00,5.555555555555555247e-02,0.000000000000000000e+00,5.555555555555555247e-02,0.000000000000000000e+00,0.000000000000000000e+00,5.555555555555555247e-02,2.222222222222222099e-01,0.000000000000000000e+00,5.555555555555555247e-02,0.000000000000000000e+00,1.111111111111111049e-01,1.666666666666666574e-01,5.555555555555555247e-02,5.555555555555555247e-02,0.000000000000000000e+00,1.111111111111111049e-01
0.000000000000000000e+00,0.000000000000000000e+00,0.000000000000000000e+00,0.000000000000000000e+00,0.000000000000000000e+00,3.448275862068965469e-02,0.000000000000000000e+00,0.000000000000000000e+00,0.000000000000000000e+00,0.000000000000000000e+00,3.448275862068965469e-02,6.896551724137930939e-02,6.896551724137930939e-02,6.896551724137930939e-02,3.448275862068965469e-02,3.448275862068965469e-02,1.034482758620689641e-01,6.896551724137930939e-02,3.793103448275861878e-01,3.448275862068965469e-02,0.000000000000000000e+00,6.896551724137930939e-02
0.000000000000000000e+00,5.555555555555555247e-02,0.000000000000000000e+00,0.000000000000000000e+00,0.000000000000000000e+00,0.000000000000000000e+00,0.000000000000000000e+00,0.000000000000000000e+00,0.000000000000000000e+00,0.000000000000000000e+00,0.000000000000000000e+00,0.000000000000000000e+00,5.555555555555555247e-02,1.111111111111111049e-01,1.111111111111111049e-01,0.000000000000000000e+00,1.666666666666666574e-01,0.000000000000000000e+00,0.000000000000000000e+00,2.222222222222222099e-01,5.555555555555555247e-02,2.222222222222222099e-01
0.000000000000000000e+00,0.000000000000000000e+00,0.000000000000000000e+00,0.000000000000000000e+00,0.000000000000000000e+00,0.000000000000000000e+00,1.250000000000000000e-01,0.000000000000000000e+00,0.000000000000000000e+00,1.250000000000000000e-01,0.000000000000000000e+00,0.000000000000000000e+00,0.000000000000000000e+00,0.000000000000000000e+00,0.000000000000000000e+00,1.250000000000000000e-01,1.250000000000000000e-01,0.000000000000000000e+00,0.000000000000000000e+00,1.250000000000000000e-01,3.750000000000000000e-01,0.000000000000000000e+00
5.084745762711864736e-02,1.694915254237288130e-02,0.000000000000000000e+00,0.000000000000000000e+00,0.000000000000000000e+00,0.000000000000000000e+00,0.000000000000000000e+00,0.000000000000000000e+00,3.389830508474576259e-02,0.000000000000000000e+00,0.000000000000000000e+00,1.694915254237288130e-02,1.694915254237288130e-02,1.694915254237288130e-02,6.779661016949152519e-02,3.389830508474576259e-02,0.000000000000000000e+00,3.389830508474576259e-02,5.084745762711864736e-02,1.694915254237288130e-02,1.694915254237288130e-02,6.271186440677966045e-01
