8.448275862068965747e-01,3.448275862068965469e-02,3.448275862068965469e-02,1.724137931034482735e-02,0.000000000000000000e+00,8.620689655172413673e-03,0.000000000000000000e+00,8.620689655172413673e-03,8.620689655172413673e-03,0.000000000000000000e+00,0.000000000000000000e+00,0.000000000000000000e+00,0.000000000000000000e+00,1.724137931034482735e-02,0.000000000000000000e+00,0.000000000000000000e+00,0.000000000000000000e+00,0.000000000000000000e+00,8.620689655172413673e-03,0.000000000000000000e+00,0.000000000000000000e+00,1.724137931034482735e-02
2.307692307692307820e-01,2.307692307692307820e-01,1.538461538461538547e-01,1.153846153846153910e-01,3.846153846153846367e-02,0.000000000000000000e+00,7.692307692307692735e-02,3.846153846153846367e-02,0.000000000000000000e+00,3.846153846153846367e-02,0.000000000000000000e+00,0.000000000000000000e+00,0.000000000000000000e+00,0.000000000000000000e+00,0.000000000000000000e+00,0.000000000000000000e+00,0.000000000000000000e+00,0.000000000000000000e+00,0.000000000000000000e+00,0.000000000000000000e+00,0.000000000000000000e+00,7.692307692307692735e-02
0.000000000000000000e+00,1.044776119402985037e-01,7.014925373134328623e-01,7.462686567164178442e-02,4.477611940298507204e-02,1.492537313432835792e-02,0.000000000000000000e+00,0.000000000000000000e+00,1.492537313432835792e-02,0.000000000000000000e+00,0.000000000000000000e+00,0.000000000000000000e+00,0.000000000000000000e+00,0.000000000000000000e+00,0.000000000000000000e+00,1.492537313432835792e-02,0.000000000000000000e+00,0.000000000000000000e+00,0.000000000000000000e+00,0.000000000000000000e+00,0.000000000000000000e+00,2.985074626865671585e-02
2.325581395348837177e-02,2.325581395348837177e-02,4.651162790697674354e-02,6.860465116279069742e-01,6.976744186046511531e-02,1.162790697674418589e-02,2.325581395348837177e-02,1.162790697674418589e-02,1.162790697674418589e-02,0.000000000000000000e+00,0.000000000000000000e+00,3.488372093023255766e-02,0.000000000000000000e+00,0.000000000000000000e+00,0.000000000000000000e+00,1.162790697674418589e-02,0.000000000000000000e+00,0.000000000000000000e+00,1.162790697674418589e-02,1.162790697674418589e-02,0.000000000000000000e+00,2.325581395348837177e-02
7.407407407407407690e-03,7.407407407407407690e-03,2.222222222222222307e-02,5.185185185185185036e-02,6.074074074074073959e-01,1.555555555555555580e-01,3.703703703703703498e-02,2.962962962962963076e-02,1.481481481481481538e-02,2.222222222222222307e-02,0.000000000000000000e+00,7.407407407407407690e-03,7.407407407407407690e-03,7.407407407407407690e-03,0.000000000000000000e+00,0.000000000000000000e+00,0.000000000000000000e+00,0.000000000000000000e+00,0.000000000000000000e+00,0.000000000000000000e+00,1.481481481481481538e-02,7.407407407407407690e-03
0.000000000000000000e+00,0.000000000000000000e+00,4.385964912280701511e-03,1.315789473684210453e-02,1.096491228070175378e-01,6.578947368421053099e-01,1.315789473684210453e-01,1.754385964912280604e-02,2.631578947368420907e-02,4.385964912280701511e-03,0.000000000000000000e+00,8.771929824561403022e-03,4.385964912280701511e-03,0.000000000000000000e+00,0.000000000000000000e+00,4.385964912280701511e-03,0.000000000000000000e+00,8.771929824561403022e-03,0.000000000000000000e+00,0.000000000000000000e+00,4.385964912280701511e-03,4.385964912280701511e-03
0.000000000000000000e+00,0.000000000000000000e+00,2.770083102493074798e-03,5.540166204986149597e-03,1.939058171745152229e-02,8.033240997229916525e-02,6.177285318559556648e-01,1.717451523545706349e-01,3.878116343490304457e-02,2.216066481994459839e-02,8.310249307479224828e-03,5.540166204986149597e-03,2.770083102493074798e-03,0.000000000000000000e+00,0.000000000000000000e+00,0.000000000000000000e+00,2.770083102493074798e-03,2.770083102493074798e-03,0.000000000000000000e+00,0.000000000000000000e+00,0.000000000000000000e+00,1.939058171745152229e-02
0.000000000000000000e+00,0.000000000000000000e+00,2.344665885111371466e-03,0.000000000000000000e+00,2.344665885111371466e-03,8.206330597889801431e-03,6.330597889800702871e-02,7.174677608440797050e-01,1.336459554513481918e-01,3.399765533411489016e-02,9.378663540445485863e-03,1.055099648300117203e-02,3.516998827667057632e-03,1.172332942555685733e-03,0.000000000000000000e+00,2.344665885111371466e-03,1.172332942555685733e-03,1.172332942555685733e-03,1.172332942555685733e-03,1.172332942555685733e-03,0.000000000000000000e+00,7.033997655334115265e-03
0.000000000000000000e+00,0.000000000000000000e+00,7.763975155279502580e-04,7.763975155279502580e-04,0.000000000000000000e+00,3.105590062111801032e-03,6.211180124223602064e-03,8.695652173913043237e-02,7.088509316770186253e-01,1.024844720496894401e-01,3.105590062111801206e-02,1.552795031055900603e-02,1.009316770186335400e-02,7.763975155279503014e-03,7.763975155279502580e-04,0.000000000000000000e+00,5.434782608695652023e-03,1.552795031055900516e-03,7.763975155279502580e-04,7.763975155279502580e-04,7.763975155279502580e-04,1.630434782608695607e-02
0.000000000000000000e+00,7.836990595611284961e-04,0.000000000000000000e+00,7.836990595611284961e-04,7.836990595611284961e-04,2.351097178683385705e-03,6.269592476489027968e-03,1.489028213166144164e-02,1.089341692789968646e-01,6.849529780564262982e-01,8.855799373040752764e-02,1.802507836990595649e-02,1.880877742946708564e-02,9.404388714733542820e-03,1.018808777429467023e-02,5.485893416927899689e-03,3.134796238244513984e-03,1.567398119122256992e-03,1.567398119122256992e-03,0.000000000000000000e+00,2.351097178683385705e-03,2.115987460815046961e-02
0.000000000000000000e+00,0.000000000000000000e+00,0.000000000000000000e+00,0.000000000000000000e+00,0.000000000000000000e+00,0.000000000000000000e+00,5.012531328320801727e-03,1.253132832080200432e-02,4.135338345864661425e-02,1.629072681704260561e-01,6.052631578947368363e-01,7.894736842105262720e-02,3.634085213032581252e-02,1.378446115288220475e-02,3.759398496240601295e-03,1.127819548872180389e-02,6.265664160401002158e-03,0.000000000000000000e+00,0.000000000000000000e+00,3.759398496240601295e-03,0.000000000000000000e+00,1.879699248120300648e-02
0.000000000000000000e+00,0.000000000000000000e+00,0.000000000000000000e+00,0.000000000000000000e+00,2.624671916010498651e-03,2.624671916010498651e-03,5.249343832020997302e-03,2.362204724409448786e-02,4.986876640419947437e-02,6.824146981627296493e-02,1.968503937007874127e-01,4.593175853018372501e-01,8.661417322834645549e-02,3.674540682414698112e-02,1.837270341207349056e-02,7.874015748031495954e-03,2.624671916010498651e-03,2.624671916010498651e-03,2.624671916010498651e-03,0.000000000000000000e+00,7.874015748031495954e-03,2.624671916010498651e-02
0.000000000000000000e+00,0.000000000000000000e+00,0.000000000000000000e+00,0.000000000000000000e+00,0.000000000000000000e+00,4.149377593360995854e-03,8.298755186721991708e-03,1.244813278008298670e-02,8.298755186721991361e-02,9.543568464730289858e-02,9.128630705394190359e-02,1.867219917012448160e-01,3.775933609958506132e-01,5.394190871369294871e-02,2.074688796680497840e-02,8.298755186721991708e-03,8.298755186721991708e-03,0.000000000000000000e+00,0.000000000000000000e+00,8.298755186721991708e-03,4.149377593360995854e-03,3.734439834024896182e-02
0.000000000000000000e+00,0.000000000000000000e+00,0.000000000000000000e+00,0.000000000000000000e+00,5.555555555555555768e-03,5.555555555555555768e-03,1.666666666666666644e-02,5.555555555555555768e-03,5.000000000000000278e-02,1.000000000000000056e-01,6.111111111111110911e-02,8.333333333333332871e-02,6.666666666666666574e-02,3.722222222222222321e-01,8.333333333333332871e-02,2.222222222222222307e-02,1.111111111111111154e-02,1.666666666666666644e-02,1.111111111111111154e-02,1.111111111111111154e-02,1.666666666666666644e-02,6.111111111111110911e-02
9.523809523809524669e-03,9.523809523809524669e-03,0.000000000000000000e+00,0.000000000000000000e+00,0.000000000000000000e+00,0.000000000000000000e+00,0.000000000000000000e+00,1.904761904761904934e-02,9.523809523809524669e-03,8.571428571428571508e-02,1.333333333333333315e-01,3.809523809523809867e-02,1.904761904761904934e-02,1.619047619047619124e-01,3.047619047619047894e-01,6.666666666666666574e-02,3.809523809523809867e-02,1.904761904761904934e-02,1.904761904761904934e-02,2.857142857142857054e-02,0.000000000000000000e+00,3.809523809523809867e-02
0.000000000000000000e+00,0.000000000000000000e+00,0.000000000000000000e+00,0.000000000000000000e+00,0.000000000000000000e+00,0.000000000000000000e+00,0.000000000000000000e+00,0.000000000000000000e+00,3.278688524590164105e-02,3.278688524590164105e-02,1.803278688524590223e-01,9.836065573770491621e-02,1.311475409836065642e-01,9.836065573770491621e-02,9.836065573770491621e-02,8.196721311475409222e-02,6.557377049180328210e-02,3.278688524590164105e-02,0.000000000000000000e+00,4.918032786885245811e-02,1.639344262295082053e-02,8.196721311475409222e-02
0.000000000000000000e+00,0.000000000000000000e+00,0.000000000000000000e+00,0.000000000000000000e+00,0.000000000000000000e+00,0.000000000000000000e+00,1.587301587301587213e-02,4.761904761904761640e-02,3.174603174603174427e-02,1.587301587301587213e-02,6.349206349206348854e-02,1.587301587301587213e-02,3.174603174603174427e-02,6.349206349206348854e-02,9.523809523809523281e-02,1.111111111111111049e-01,3.492063492063491870e-01,4.761904761904761640e-02,3.174603174603174427e-02,0.000000000000000000e+00,1.587301587301587213e-02,6.349206349206348854e-02
0.000000000000000000e+00,0.000000000000000000e+00,0.000000000000000000e+00,0.000000000000000000e+00,0.000000000000000000e+00,0.000000000000000000e+00,7.407407407407406996e-02,3.703703703703703498e-02,1.111111111111111049e-01,3.703703703703703498e-02,3.703703703703703498e-02,3.703703703703703498e-02,7.407407407407406996e-02,3.703703703703703498e-02,3.703703703703703498e-02,3.703703703703703498e-02,1.111111111111111049e-01,1.111111111111111049e-01,0.000000000000000000e+00,7.407407407407406996e-02,0.000000000000000000e+00,1.851851851851851749e-01
0.000000000000000000e+00,0.000000000000000000e+00,0.000000000000000000e+00,2.000000000000000042e-02,0.000000000000000000e+00,0.000000000000000000e+00,2.000000000000000042e-02,0.000000000000000000e+00,2.000000000000000042e-02,4.000000000000000083e-02,2.000000000000000042e-02,2.000000000000000042e-02,5.999999999999999778e-02,1.199999999999999956e-01,5.999999999999999778e-02,2.000000000000000042e-02,4.000000000000000083e-02,2.000000000000000042e-02,4.400000000000000022e-01,4.000000000000000083e-02,0.000000000000000000e+00,5.999999999999999778e-02
0.000000000000000000e+00,0.000000000000000000e+00,0.000000000000000000e+00,0.000000000000000000e+00,0.000000000000000000e+00,0.000000000000000000e+00,0.000000000000000000e+00,1.515151515151515194e-02,6.060606060606060774e-02,4.545454545454545581e-02,1.515151515151515194e-02,1.515151515151515194e-02,1.515151515151515194e-02,4.545454545454545581e-02,3.030303030303030387e-02,4.545454545454545581e-02,0.000000000000000000e+00,0.000000000000000000e+00,4.545454545454545581e-02,4.393939393939393923e-01,4.545454545454545581e-02,1.818181818181818232e-01
0.000000000000000000e+00,0.000000000000000000e+00,0.000000000000000000e+00,0.000000000000000000e+00,2.777777777777777624e-02,0.000000000000000000e+00,0.000000000000000000e+00,0.000000000000000000e+00,2.777777777777777624e-02,2.777777777777777624e-02,1.111111111111111049e-01,2.777777777777777624e-02,8.333333333333332871e-02,8.333333333333332871e-02,8.333333333333332871e-02,2.777777777777777624e-02,0.000000000000000000e+00,2.777777777777777624e-02,5.555555555555555247e-02,2.777777777777777624e-02,2.500000000000000000e-01,1.388888888888888951e-01
6.688963210702341018e-03,3.344481605351170509e-03,3.344481605351170509e-03,0.000000000000000000e+00,6.688963210702341018e-03,0.000000000000000000e+00,6.688963210702341018e-03,0.000000000000000000e+00,1.672240802675585211e-02,4.347826086956521618e-02,4.013377926421404784e-02,4.347826086956521618e-02,4.347826086956521618e-02,5.351170568561872815e-02,3.344481605351170422e-02,2.675585284280936407e-02,2.341137123745819226e-02,2.341137123745819226e-02,4.347826086956521618e-02,4.682274247491638453e-02,3.010033444816053588e-02,5.050167224080267525e-01
