6.999999999999999556e-01,0.000000000000000000e+00,1.000000000000000056e-01,2.000000000000000111e-01,0.000000000000000000e+00,0.000000000000000000e+00,0.000000000000000000e+00,0.000000000000000000e+00,0.000000000000000000e+00,0.000000000000000000e+00,0.000000000000000000e+00,0.000000000000000000e+00,0.000000000000000000e+00,0.000000000000000000e+00,0.000000000000000000e+00,0.000000000000000000e+00,0.000000000000000000e+00,0.000000000000000000e+00,0.000000000000000000e+00,0.000000000000000000e+00,0.000000000000000000e+00,0.000000000000000000e+00
1.869158878504672758e-02,7.943925233644859585e-01,1.401869158878504551e-01,4.672897196261682068e-02,0.000000000000000000e+00,0.000000000000000000e+00,0.000000000000000000e+00,0.000000000000000000e+00,0.000000000000000000e+00,0.000000000000000000e+00,0.000000000000000000e+00,0.000000000000000000e+00,0.000000000000000000e+00,0.000000000000000000e+00,0.000000000000000000e+00,0.000000000000000000e+00,0.000000000000000000e+00,0.000000000000000000e+00,0.000000000000000000e+00,0.000000000000000000e+00,0.000000000000000000e+00,0.000000000000000000e+00
3.246753246753246967e-03,3.246753246753246447e-02,7.370129870129870087e-01,2.110389610389610260e-01,6.493506493506493935e-03,0.000000000000000000e+00,3.246753246753246967e-03,0.000000000000000000e+00,3.246753246753246967e-03,0.000000000000000000e+00,0.000000000000000000e+00,0.000000000000000000e+00,0.000000000000000000e+00,0.000000000000000000e+00,0.000000000000000000e+00,0.000000000000000000e+00,0.000000000000000000e+00,0.000000000000000000e+00,0.000000000000000000e+00,0.000000000000000000e+00,0.000000000000000000e+00,3.246753246753246967e-03
7.107320540156360916e-04,2.842928216062544367e-03,3.695806680881307676e-02,8.358208955223880299e-01,1.073205401563610550e-01,1.137171286425017747e-02,2.842928216062544367e-03,1.421464108031272183e-03,0.000000000000000000e+00,0.000000000000000000e+00,0.000000000000000000e+00,0.000000000000000000e+00,0.000000000000000000e+00,0.000000000000000000e+00,0.000000000000000000e+00,0.000000000000000000e+00,0.000000000000000000e+00,0.000000000000000000e+00,0.000000000000000000e+00,0.000000000000000000e+00,0.000000000000000000e+00,7.107320540156360916e-04
0.000000000000000000e+00,8.090614886731391968e-04,8.090614886731391968e-04,9.789644012944984097e-02,7.944983818770227080e-01,7.686084142394822294e-02,1.213592233009708719e-02,2.427184466019417265e-03,2.427184466019417265e-03,8.090614886731391968e-04,3.236245954692556787e-03,0.000000000000000000e+00,0.000000000000000000e+00,1.618122977346278394e-03,1.618122977346278394e-03,8.090614886731391968e-04,0.000000000000000000e+00,0.000000000000000000e+00,0.000000000000000000e+00,0.000000000000000000e+00,0.000000000000000000e+00,4.045307443365695442e-03
0.000000000000000000e+00,0.000000000000000000e+00,3.460207612456747510e-03,2.595155709342560416e-02,1.366782006920415349e-01,7.024221453287197159e-01,7.785467128027681594e-02,2.768166089965398008e-02,5.190311418685120831e-03,1.730103806228373755e-03,1.730103806228373755e-03,1.730103806228373755e-03,0.000000000000000000e+00,0.000000000000000000e+00,0.000000000000000000e+00,1.730103806228373755e-03,1.730103806228373755e-03,0.000000000000000000e+00,0.000000000000000000e+00,0.000000000000000000e+00,0.000000000000000000e+00,1.211072664359861585e-02
0.000000000000000000e+00,0.000000000000000000e+00,0.000000000000000000e+00,1.932367149758454014e-02,8.695652173913043237e-02,2.028985507246376940e-01,5.507246376811594235e-01,6.763285024154588876e-02,1.932367149758454014e-02,1.449275362318840597e-02,0.000000000000000000e+00,9.661835748792270070e-03,4.830917874396135035e-03,9.661835748792270070e-03,0.000000000000000000e+00,4.830917874396135035e-03,4.830917874396135035e-03,0.000000000000000000e+00,0.000000000000000000e+00,0.000000000000000000e+00,0.000000000000000000e+00,4.830917874396135035e-03
0.000000000000000000e+00,0.000000000000000000e+00,8.547008547008547868e-03,8.547008547008547868e-03,7.692307692307692735e-02,5.128205128205128027e-02,1.196581196581196632e-01,5.982905982905982745e-01,7.692307692307692735e-02,8.547008547008547868e-03,0.000000000000000000e+00,0.000000000000000000e+00,0.000000000000000000e+00,0.000000000000000000e+00,8.547008547008547868e-03,8.547008547008547868e-03,8.547008547008547868e-03,8.547008547008547868e-03,0.000000000000000000e+00,0.000000000000000000e+00,0.000000000000000000e+00,1.709401709401709574e-02
0.000000000000000000e+00,0.000000000000000000e+00,0.000000000000000000e+00,2.083333333333333218e-02,0.000000000000000000e+00,7.291666666666667129e-02,4.166666666666666435e-02,9.375000000000000000e-02,6.458333333333333703e-01,4.166666666666666435e-02,1.041666666666666609e-02,2.083333333333333218e-02,0.000000000000000000e+00,0.000000000000000000e+00,0.000000000000000000e+00,1.041666666666666609e-02,0.000000000000000000e+00,0.000000000000000000e+00,0.000000000000000000e+00,0.000000000000000000e+00,0.000000000000000000e+00,4.166666666666666435e-02
0.000000000000000000e+00,0.000000000000000000e+00,0.000000000000000000e+00,0.000000000000000000e+00,1.960784313725490169e-02,1.960784313725490169e-02,5.882352941176470507e-02,3.921568627450980338e-02,7.843137254901960675e-02,6.078431372549019107e-01,5.882352941176470507e-02,1.960784313725490169e-02,0.000000000000000000e+00,1.960784313725490169e-02,0.000000000000000000e+00,0.000000000000000000e+00,1.960784313725490169e-02,0.000000000000000000e+00,0.000000000000000000e+00,0.000000000000000000e+00,0.000000000000000000e+00,5.882352941176470507e-02
0.000000000000000000e+00,0.000000000000000000e+00,0.000000000000000000e+00,0.000000000000000000e+00,0.000000000000000000e+00,0.000000000000000000e+00,4.000000000000000083e-02,0.000000000000000000e+00,0.000000000000000000e+00,2.399999999999999911e-01,4.400000000000000022e-01,8.000000000000000167e-02,0.000000000000000000e+00,0.000000000000000000e+00,4.000000000000000083e-02,4.000000000000000083e-02,0.000000000000000000e+00,0.000000000000000000e+00,0.000000000000000000e+00,0.000000000000000000e+00,0.000000000000000000e+00,1.199999999999999956e-01
0.000000000000000000e+00,0.000000000000000000e+00,0.000000000000000000e+00,0.000000000000000000e+00,0.000000000000000000e+00,2.380952380952380820e-02,2.380952380952380820e-02,2.380952380952380820e-02,2.380952380952380820e-02,4.761904761904761640e-02,7.142857142857142461e-02,5.238095238095238360e-01,9.523809523809523281e-02,7.142857142857142461e-02,2.380952380952380820e-02,2.380952380952380820e-02,2.380952380952380820e-02,0.000000000000000000e+00,0.000000000000000000e+00,0.000000000000000000e+00,0.000000000000000000e+00,2.380952380952380820e-02
0.000000000000000000e+00,0.000000000000000000e+00,0.000000000000000000e+00,0.000000000000000000e+00,3.921568627450980338e-02,0.000000000000000000e+00,0.000000000000000000e+00,0.000000000000000000e+00,0.000000000000000000e+00,0.000000000000000000e+00,0.000000000000000000e+00,9.803921568627450844e-02,6.078431372549019107e-01,2.352941176470588203e-01,1.960784313725490169e-02,0.000000000000000000e+00,0.000000000000000000e+00,0.000000000000000000e+00,0.000000000000000000e+00,0.000000000000000000e+00,0.000000000000000000e+00,0.000000000000000000e+00
0.000000000000000000e+00,0.000000000000000000e+00,0.000000000000000000e+00,0.000000000000000000e+00,0.000000000000000000e+00,6.521739130434782428e-02,0.000000000000000000e+00,0.000000000000000000e+00,0.000000000000000000e+00,0.000000000000000000e+00,0.000000000000000000e+00,4.347826086956521618e-02,1.304347826086956486e-01,5.000000000000000000e-01,1.304347826086956486e-01,2.173913043478260809e-02,0.000000000000000000e+00,2.173913043478260809e-02,0.000000000000000000e+00,2.173913043478260809e-02,2.173913043478260809e-02,4.347826086956521618e-02
0.000000000000000000e+00,0.000000000000000000e+00,0.000000000000000000e+00,5.000000000000000278e-02,5.000000000000000278e-02,0.000000000000000000e+00,0.000000000000000000e+00,0.000000000000000000e+00,5.000000000000000278e-02,1.000000000000000056e-01,0.000000000000000000e+00,5.000000000000000278e-02,5.000000000000000278e-02,1.499999999999999944e-01,2.999999999999999889e-01,5.000000000000000278e-02,0.000000000000000000e+00,5.000000000000000278e-02,0.000000000000000000e+00,5.000000000000000278e-02,5.000000000000000278e-02,0.000000000000000000e+00
0.000000000000000000e+00,0.000000000000000000e+00,0.000000000000000000e+00,0.000000000000000000e+00,3.125000000000000000e-02,3.125000000000000000e-02,3.125000000000000000e-02,3.125000000000000000e-02,0.000000000000000000e+00,0.000000000000000000e+00,0.000000000000000000e+00,9.375000000000000000e-02,0.000000000000000000e+00,0.000000000000000000e+00,0.000000000000000000e+00,5.000000000000000000e-01,6.250000000000000000e-02,3.125000000000000000e-02,6.250000000000000000e-02,3.125000000000000000e-02,0.000000000000000000e+00,9.375000000000000000e-02
0.000000000000000000e+00,0.000000000000000000e+00,0.000000000000000000e+00,0.000000000000000000e+00,0.000000000000000000e+00,5.263157894736841813e-02,1.052631578947368363e-01,0.000000000000000000e+00,5.263157894736841813e-02,0.000000000000000000e+00,0.000000000000000000e+00,0.000000000000000000e+00,5.263157894736841813e-02,0.000000000000000000e+00,5.263157894736841813e-02,5.263157894736841813e-02,2.105263157894736725e-01,1.052631578947368363e-01,1.052631578947368363e-01,5.263157894736841813e-02,5.263157894736841813e-02,1.052631578947368363e-01
0.000000000000000000e+00,0.000000000000000000e+00,0.000000000000000000e+00,0.000000000000000000e+00,0.000000000000000000e+00,1.111111111111111049e-01,0.000000000000000000e+00,0.000000000000000000e+00,0.000000000000000000e+00,0.000000000000000000e+00,0.000000000000000000e+00,0.000000000000000000e+00,1.111111111111111049e-01,0.000000000000000000e+00,2.222222222222222099e-01,1.111111111111111049e-01,1.111111111111111049e-01,1.111111111111111049e-01,0.000000000000000000e+00,0.000000000000000000e+00,0.000000000000000000e+00,2.222222222222222099e-01
0.000000000000000000e+00,0.000000000000000000e+00,0.000000000000000000e+00,0.000000000000000000e+00,8.333333333333332871e-02,0.000000000000000000e+00,0.000000000000000000e+00,0.000000000000000000e+00,0.000000000000000000e+00,0.000000000000000000e+00,8.333333333333332871e-02,0.000000000000000000e+00,8.333333333333332871e-02,0.000000000000000000e+00,0.000000000000000000e+00,0.000000000000000000e+00,8.333333333333332871e-02,0.000000000000000000e+00,4.166666666666666852e-01,8.333333333333332871e-02,8.333333333333332871e-02,8.333333333333332871e-02
0.000000000000000000e+00,0.000000000000000000e+00,0.000000000000000000e+00,0.000000000000000000e+00,0.000000000000000000e+00,9.090909090909091161e-02,0.000000000000000000e+00,0.000000000000000000e+00,0.000000000000000000e+00,0.000000000000000000e+00,0.000000000000000000e+00,0.000000000000000000e+00,9.090909090909091161e-02,0.000000000000000000e+00,0.000000000000000000e+00,0.000000000000000000e+00,2.727272727272727071e-01,0.000000000000000000e+00,9.090909090909091161e-02,4.545454545454545303e-01,0.000000000000000000e+00,0.000000000000000000e+00
0.000000000000000000e+00,0.000000000000000000e+00,0.000000000000000000e+00,0.000000000000000000e+00,0.000000000000000000e+00,0.000000000000000000e+00,0.000000000000000000e+00,0.000000000000000000e+00,0.000000000000000000e+00,2.000000000000000111e-01,0.000000000000000000e+00,0.000000000000000000e+00,4.000000000000000222e-01,0.000000000000000000e+00,0.000000000000000000e+00,0.000000000000000000e+00,0.000000000000000000e+00,2.000000000000000111e-01,0.000000000000000000e+00,0.000000000000000000e+00,2.000000000000000111e-01,0.000000000000000000e+00
0.000000000000000000e+00,0.000000000000000000e+00,0.000000000000000000e+00,0.000000000000000000e+00,3.030303030303030387e-02,6.060606060606060774e-02,3.030303030303030387e-02,2.020202020202020374e-02,2.020202020202020374e-02,2.020202020202020374e-02,2.020202020202020374e-02,1.010101010101010187e-02,1.010101010101010187e-02,1.010101010101010187e-02,0.000000000000000000e+00,3.030303030303030387e-02,4.040404040404040747e-02,1.010101010101010187e-02,1.010101010101010187e-02,1.010101010101010187e-02,0.000000000000000000e+00,6.666666666666666297e-01
