6.014669926650366705e-01,1.075794621026894826e-01,4.156479217603911702e-02,9.779951100244498735e-03,1.222493887530562429e-02,7.334963325183374051e-03,1.466992665036674810e-02,0.000000000000000000e+00,4.889975550122249368e-03,0.000000000000000000e+00,2.200488997555012302e-02,0.000000000000000000e+00,0.000000000000000000e+00,0.000000000000000000e+00,0.000000000000000000e+00,2.444987775061124684e-03,4.889975550122249368e-03,2.444987775061124684e-03,1.711491442542787192e-02,3.911980440097799494e-02,1.124694376528117407e-01
9.663865546218487756e-02,5.126050420168066779e-01,8.403361344537815802e-02,2.941176470588235253e-02,2.521008403361344602e-02,1.260504201680672301e-02,8.403361344537814762e-03,1.260504201680672301e-02,0.000000000000000000e+00,1.680672268907562952e-02,3.781512605042016556e-02,8.403361344537814762e-03,0.000000000000000000e+00,4.201680672268907381e-03,0.000000000000000000e+00,8.403361344537814762e-03,0.000000000000000000e+00,1.260504201680672301e-02,2.521008403361344602e-02,3.781512605042016556e-02,6.722689075630251809e-02
6.321839080459770721e-02,7.471264367816092544e-02,4.942528735632183978e-01,1.091954022988505801e-01,2.873563218390804558e-02,1.149425287356321823e-02,1.724137931034482735e-02,2.298850574712643646e-02,5.747126436781609116e-03,5.747126436781609116e-03,6.321839080459770721e-02,5.747126436781609116e-03,0.000000000000000000e+00,0.000000000000000000e+00,0.000000000000000000e+00,0.000000000000000000e+00,5.747126436781609116e-03,5.747126436781609116e-03,1.149425287356321823e-02,2.873563218390804558e-02,4.597701149425287293e-02
3.947368421052631360e-02,6.578947368421052266e-02,8.552631578947368640e-02,5.197368421052631637e-01,4.605263157894736586e-02,2.631578947368420907e-02,0.000000000000000000e+00,0.000000000000000000e+00,6.578947368421052266e-03,0.000000000000000000e+00,5.921052631578947040e-02,6.578947368421052266e-03,0.000000000000000000e+00,0.000000000000000000e+00,0.000000000000000000e+00,1.315789473684210453e-02,0.000000000000000000e+00,6.578947368421052266e-03,3.289473684210526133e-02,3.289473684210526133e-02,5.921052631578947040e-02
6.024096385542168641e-02,4.819277108433735191e-02,9.638554216867470381e-02,7.228915662650602092e-02,3.975903614457831359e-01,9.638554216867470381e-02,0.000000000000000000e+00,1.204819277108433798e-02,0.000000000000000000e+00,4.819277108433735191e-02,8.433734939759035543e-02,0.000000000000000000e+00,0.000000000000000000e+00,0.000000000000000000e+00,0.000000000000000000e+00,0.000000000000000000e+00,0.000000000000000000e+00,0.000000000000000000e+00,2.409638554216867595e-02,2.409638554216867595e-02,3.614457831325301046e-02
2.352941176470588203e-02,1.176470588235294101e-02,5.882352941176470507e-02,7.058823529411764608e-02,1.176470588235294101e-01,5.294117647058823595e-01,0.000000000000000000e+00,1.176470588235294101e-02,0.000000000000000000e+00,4.705882352941176405e-02,1.058823529411764691e-01,0.000000000000000000e+00,0.000000000000000000e+00,0.000000000000000000e+00,0.000000000000000000e+00,0.000000000000000000e+00,0.000000000000000000e+00,1.176470588235294101e-02,0.000000000000000000e+00,0.000000000000000000e+00,1.176470588235294101e-02
7.894736842105262720e-02,5.263157894736841813e-02,5.263157894736841813e-02,0.000000000000000000e+00,2.631578947368420907e-02,1.842105263157894635e-01,3.421052631578947456e-01,7.894736842105262720e-02,2.631578947368420907e-02,0.000000000000000000e+00,2.631578947368420907e-02,0.000000000000000000e+00,2.631578947368420907e-02,2.631578947368420907e-02,0.000000000000000000e+00,0.000000000000000000e+00,2.631578947368420907e-02,2.631578947368420907e-02,2.631578947368420907e-02,0.000000000000000000e+00,0.000000000000000000e+00
0.000000000000000000e+00,4.255319148936170109e-02,6.382978723404254817e-02,0.000000000000000000e+00,0.000000000000000000e+00,0.000000000000000000e+00,8.510638297872340219e-02,4.255319148936170248e-01,1.063829787234042562e-01,8.510638297872340219e-02,6.382978723404254817e-02,2.127659574468085055e-02,0.000000000000000000e+00,2.127659574468085055e-02,0.000000000000000000e+00,0.000000000000000000e+00,2.127659574468085055e-02,4.255319148936170109e-02,0.000000000000000000e+00,0.000000000000000000e+00,2.127659574468085055e-02
2.380952380952380820e-02,2.380952380952380820e-02,2.380952380952380820e-02,4.761904761904761640e-02,0.000000000000000000e+00,0.000000000000000000e+00,0.000000000000000000e+00,9.523809523809523281e-02,5.714285714285713969e-01,9.523809523809523281e-02,9.523809523809523281e-02,0.000000000000000000e+00,0.000000000000000000e+00,0.000000000000000000e+00,0.000000000000000000e+00,0.000000000000000000e+00,0.000000000000000000e+00,0.000000000000000000e+00,0.000000000000000000e+00,0.000000000000000000e+00,2.380952380952380820e-02
0.000000000000000000e+00,6.666666666666666574e-02,6.666666666666666574e-02,0.000000000000000000e+00,2.222222222222222307e-02,0.000000000000000000e+00,0.000000000000000000e+00,4.444444444444444614e-02,8.888888888888889228e-02,3.555555555555555691e-01,2.888888888888888618e-01,0.000000000000000000e+00,2.222222222222222307e-02,0.000000000000000000e+00,0.000000000000000000e+00,0.000000000000000000e+00,0.000000000000000000e+00,0.000000000000000000e+00,2.222222222222222307e-02,0.000000000000000000e+00,2.222222222222222307e-02
3.875968992248061962e-02,1.937984496124030981e-02,4.263565891472868158e-02,3.488372093023255766e-02,3.100775193798449569e-02,2.713178294573643373e-02,1.162790697674418589e-02,7.751937984496123923e-03,1.162790697674418589e-02,5.426356589147286746e-02,5.852713178294574048e-01,7.751937984496123923e-03,3.875968992248061962e-03,0.000000000000000000e+00,7.751937984496123923e-03,1.162790697674418589e-02,7.751937984496123923e-03,1.550387596899224785e-02,2.325581395348837177e-02,3.488372093023255766e-02,2.325581395348837177e-02
0.000000000000000000e+00,5.128205128205128201e-03,0.000000000000000000e+00,0.000000000000000000e+00,0.000000000000000000e+00,0.000000000000000000e+00,0.000000000000000000e+00,5.128205128205128201e-03,0.000000000000000000e+00,0.000000000000000000e+00,2.564102564102564014e-02,7.743589743589743835e-01,8.205128205128205121e-02,3.076923076923077094e-02,2.051282051282051280e-02,5.128205128205128201e-03,2.051282051282051280e-02,1.025641025641025640e-02,1.025641025641025640e-02,5.128205128205128201e-03,5.128205128205128201e-03
1.098901098901098987e-02,0.000000000000000000e+00,0.000000000000000000e+00,0.000000000000000000e+00,0.000000000000000000e+00,0.000000000000000000e+00,0.000000000000000000e+00,0.000000000000000000e+00,0.000000000000000000e+00,1.098901098901098987e-02,3.296703296703296787e-02,1.208791208791208799e-01,6.043956043956043578e-01,1.208791208791208799e-01,1.098901098901098987e-02,3.296703296703296787e-02,1.098901098901098987e-02,0.000000000000000000e+00,2.197802197802197974e-02,2.197802197802197974e-02,0.000000000000000000e+00
0.000000000000000000e+00,0.000000000000000000e+00,0.000000000000000000e+00,0.000000000000000000e+00,0.000000000000000000e+00,8.000000000000000167e-03,0.000000000000000000e+00,8.000000000000000167e-03,0.000000000000000000e+00,0.000000000000000000e+00,1.600000000000000033e-02,5.600000000000000117e-02,7.199999999999999456e-02,6.159999999999999920e-01,1.839999999999999969e-01,3.200000000000000067e-02,0.000000000000000000e+00,8.000000000000000167e-03,0.000000000000000000e+00,0.000000000000000000e+00,0.000000000000000000e+00
1.298701298701298787e-02,1.298701298701298787e-02,0.000000000000000000e+00,0.000000000000000000e+00,0.000000000000000000e+00,0.000000000000000000e+00,0.000000000000000000e+00,0.000000000000000000e+00,0.000000000000000000e+00,0.000000000000000000e+00,2.597402597402597574e-02,1.298701298701298787e-02,1.298701298701298787e-02,9.740259740259740728e-02,5.779220779220779480e-01,1.948051948051948146e-01,3.246753246753246447e-02,0.000000000000000000e+00,0.000000000000000000e+00,1.298701298701298787e-02,6.493506493506493935e-03
4.273504273504273934e-03,4.273504273504273934e-03,0.000000000000000000e+00,0.000000000000000000e+00,4.273504273504273934e-03,4.273504273504273934e-03,0.000000000000000000e+00,4.273504273504273934e-03,0.000000000000000000e+00,0.000000000000000000e+00,2.564102564102564014e-02,4.273504273504273934e-03,0.000000000000000000e+00,1.282051282051282007e-02,8.547008547008547175e-02,6.324786324786324521e-01,1.666666666666666574e-01,1.709401709401709574e-02,1.709401709401709574e-02,1.282051282051282007e-02,4.273504273504273934e-03
1.041666666666666609e-02,1.041666666666666609e-02,0.000000000000000000e+00,6.944444444444444059e-03,0.000000000000000000e+00,0.000000000000000000e+00,3.472222222222222029e-03,3.472222222222222029e-03,0.000000000000000000e+00,0.000000000000000000e+00,6.944444444444444059e-03,1.388888888888888812e-02,6.944444444444444059e-03,3.472222222222222029e-03,3.472222222222222376e-02,9.027777777777777624e-02,6.388888888888888395e-01,1.006944444444444475e-01,3.125000000000000000e-02,2.083333333333333218e-02,1.736111111111111188e-02
2.754820936639118534e-03,5.509641873278237068e-03,2.754820936639118534e-03,0.000000000000000000e+00,0.000000000000000000e+00,0.000000000000000000e+00,2.754820936639118534e-03,5.509641873278237068e-03,0.000000000000000000e+00,0.000000000000000000e+00,1.377410468319559267e-02,2.754820936639118534e-03,0.000000000000000000e+00,5.509641873278237068e-03,8.264462809917355601e-03,5.509641873278237068e-03,4.683195592286501507e-02,6.914600550964187242e-01,1.460055096418732823e-01,4.407713498622589654e-02,1.652892561983471120e-02
3.044496487119437850e-02,7.025761124121779853e-03,2.341920374707259951e-03,4.683840749414519902e-03,4.683840749414519902e-03,4.683840749414519902e-03,4.683840749414519902e-03,0.000000000000000000e+00,0.000000000000000000e+00,0.000000000000000000e+00,1.639344262295082053e-02,0.000000000000000000e+00,0.000000000000000000e+00,2.341920374707259951e-03,4.683840749414519902e-03,7.025761124121779853e-03,2.341920374707260125e-02,8.430913348946135477e-02,6.323185011709602232e-01,1.405152224824355867e-01,3.044496487119437850e-02
3.495145631067961278e-02,1.553398058252427119e-02,5.825242718446602130e-03,1.359223300970873773e-02,3.883495145631067798e-03,1.941747572815533899e-03,1.941747572815533899e-03,0.000000000000000000e+00,0.000000000000000000e+00,0.000000000000000000e+00,2.330097087378640852e-02,3.883495145631067798e-03,1.941747572815533899e-03,0.000000000000000000e+00,0.000000000000000000e+00,1.941747572815533899e-03,7.766990291262135596e-03,1.165048543689320426e-02,8.737864077669903196e-02,6.718446601941747698e-01,1.126213592233009653e-01
1.104761904761904778e-01,3.238095238095237832e-02,7.619047619047619041e-03,1.904761904761904934e-02,3.809523809523809521e-03,1.904761904761904760e-03,1.904761904761904760e-03,1.904761904761904760e-03,3.809523809523809521e-03,0.000000000000000000e+00,1.333333333333333419e-02,3.809523809523809521e-03,0.000000000000000000e+00,1.904761904761904760e-03,0.000000000000000000e+00,0.000000000000000000e+00,7.619047619047619041e-03,1.333333333333333419e-02,1.714285714285714371e-02,8.761904761904762418e-02,6.723809523809524125e-01
