8.184931506849315586e-01,5.136986301369862729e-02,1.712328767123287576e-02,2.739726027397260122e-02,1.369863013698630061e-02,1.027397260273972546e-02,1.712328767123287576e-02,6.849315068493150305e-03,3.424657534246575152e-03,0.000000000000000000e+00,0.000000000000000000e+00,0.000000000000000000e+00,3.424657534246575152e-03,0.000000000000000000e+00,3.424657534246575152e-03,0.000000000000000000e+00,0.000000000000000000e+00,0.000000000000000000e+00,0.000000000000000000e+00,0.000000000000000000e+00,0.000000000000000000e+00,2.739726027397260122e-02
2.098765432098765316e-01,5.061728395061728669e-01,1.728395061728394966e-01,2.469135802469135665e-02,1.234567901234567833e-02,0.000000000000000000e+00,0.000000000000000000e+00,1.234567901234567833e-02,1.234567901234567833e-02,0.000000000000000000e+00,0.000000000000000000e+00,0.000000000000000000e+00,1.234567901234567833e-02,0.000000000000000000e+00,0.000000000000000000e+00,1.234567901234567833e-02,0.000000000000000000e+00,0.000000000000000000e+00,0.000000000000000000e+00,0.000000000000000000e+00,0.000000000000000000e+00,2.469135802469135665e-02
3.225806451612903136e-02,1.075268817204301092e-01,5.591397849462365066e-01,1.827956989247311870e-01,3.225806451612903136e-02,3.225806451612903136e-02,1.075268817204301161e-02,0.000000000000000000e+00,0.000000000000000000e+00,0.000000000000000000e+00,0.000000000000000000e+00,0.000000000000000000e+00,0.000000000000000000e+00,1.075268817204301161e-02,0.000000000000000000e+00,0.000000000000000000e+00,0.000000000000000000e+00,0.000000000000000000e+00,0.000000000000000000e+00,0.000000000000000000e+00,0.000000000000000000e+00,3.225806451612903136e-02
3.468208092485548788e-02,3.468208092485548788e-02,6.358381502890173009e-02,5.780346820809248998e-01,1.387283236994219515e-01,4.624277456647398615e-02,2.312138728323699308e-02,2.890173410404624221e-02,1.156069364161849654e-02,5.780346820809248269e-03,0.000000000000000000e+00,0.000000000000000000e+00,5.780346820809248269e-03,5.780346820809248269e-03,0.000000000000000000e+00,0.000000000000000000e+00,0.000000000000000000e+00,0.000000000000000000e+00,5.780346820809248269e-03,5.780346820809248269e-03,5.780346820809248269e-03,5.780346820809248269e-03
1.224489795918367284e-02,0.000000000000000000e+00,8.163265306122449716e-03,6.938775510204081565e-02,6.612244897959184131e-01,1.061224489795918324e-01,3.673469387755102372e-02,3.673469387755102372e-02,1.224489795918367284e-02,8.163265306122449716e-03,0.000000000000000000e+00,8.163265306122449716e-03,8.163265306122449716e-03,0.000000000000000000e+00,4.081632653061224858e-03,0.000000000000000000e+00,8.163265306122449716e-03,0.000000000000000000e+00,0.000000000000000000e+00,0.000000000000000000e+00,0.000000000000000000e+00,2.040816326530612082e-02
9.374999999999999653e-03,0.000000000000000000e+00,1.874999999999999931e-02,2.500000000000000139e-02,8.437500000000000555e-02,5.968750000000000444e-01,1.406250000000000000e-01,4.374999999999999722e-02,2.812500000000000069e-02,6.250000000000000347e-03,6.250000000000000347e-03,6.250000000000000347e-03,3.125000000000000173e-03,3.125000000000000173e-03,3.125000000000000173e-03,0.000000000000000000e+00,0.000000000000000000e+00,9.374999999999999653e-03,0.000000000000000000e+00,0.000000000000000000e+00,3.125000000000000173e-03,1.250000000000000069e-02
5.263157894736841987e-03,1.578947368421052683e-02,5.263157894736841987e-03,1.578947368421052683e-02,3.684210526315789130e-02,1.131578947368421101e-01,6.131578947368421240e-01,1.052631578947368363e-01,1.315789473684210453e-02,2.105263157894736795e-02,1.052631578947368397e-02,7.894736842105263414e-03,1.052631578947368397e-02,2.631578947368420993e-03,5.263157894736841987e-03,0.000000000000000000e+00,2.631578947368420993e-03,0.000000000000000000e+00,0.000000000000000000e+00,0.000000000000000000e+00,0.000000000000000000e+00,1.578947368421052683e-02
1.845018450184501791e-03,0.000000000000000000e+00,0.000000000000000000e+00,0.000000000000000000e+00,9.225092250922509174e-03,3.505535055350553209e-02,8.302583025830258256e-02,6.715867158671586790e-01,9.594095940959410096e-02,3.136531365313652980e-02,2.583025830258302638e-02,1.291512915129151319e-02,3.690036900369003583e-03,1.845018450184501791e-03,0.000000000000000000e+00,5.535055350553505157e-03,1.845018450184501791e-03,0.000000000000000000e+00,0.000000000000000000e+00,1.845018450184501791e-03,0.000000000000000000e+00,1.845018450184501835e-02
0.000000000000000000e+00,1.692047377326565084e-03,0.000000000000000000e+00,1.692047377326565084e-03,1.692047377326565084e-03,1.522842639593908684e-02,1.184433164128595624e-02,1.015228426395939076e-01,6.835871404399322948e-01,8.798646362098139218e-02,2.030456852791878014e-02,2.030456852791878014e-02,1.184433164128595624e-02,1.015228426395939007e-02,5.076142131979695035e-03,1.692047377326565084e-03,0.000000000000000000e+00,3.384094754653130168e-03,1.692047377326565084e-03,0.000000000000000000e+00,0.000000000000000000e+00,2.030456852791878014e-02
0.000000000000000000e+00,0.000000000000000000e+00,2.444987775061124684e-03,2.444987775061124684e-03,0.000000000000000000e+00,1.466992665036674810e-02,9.779951100244498735e-03,2.689486552567237065e-02,1.613691931540342239e-01,5.843520782396087743e-01,1.026894865525672385e-01,1.955990220048899747e-02,2.689486552567237065e-02,1.222493887530562429e-02,2.444987775061124684e-03,2.444987775061124684e-03,4.889975550122249368e-03,2.444987775061124684e-03,2.444987775061124684e-03,0.000000000000000000e+00,2.444987775061124684e-03,1.955990220048899747e-02
0.000000000000000000e+00,0.000000000000000000e+00,0.000000000000000000e+00,3.355704697986577108e-03,3.355704697986577108e-03,6.711409395973154217e-03,2.348993288590604106e-02,4.026845637583892357e-02,3.691275167785235123e-02,1.409395973154362325e-01,5.268456375838925787e-01,1.073825503355704675e-01,3.355704697986577195e-02,1.342281879194630843e-02,1.006711409395973089e-02,0.000000000000000000e+00,3.355704697986577108e-03,6.711409395973154217e-03,3.355704697986577108e-03,6.711409395973154217e-03,0.000000000000000000e+00,3.355704697986577195e-02
0.000000000000000000e+00,0.000000000000000000e+00,0.000000000000000000e+00,4.149377593360995854e-03,0.000000000000000000e+00,0.000000000000000000e+00,2.074688796680497840e-02,3.319502074688796683e-02,4.979253112033194678e-02,2.904564315352697185e-02,1.493775933609958473e-01,5.643153526970954292e-01,5.394190871369294871e-02,3.734439834024896182e-02,4.149377593360995854e-03,0.000000000000000000e+00,0.000000000000000000e+00,0.000000000000000000e+00,4.149377593360995854e-03,4.149377593360995854e-03,0.000000000000000000e+00,4.564315352697095179e-02
5.714285714285714281e-03,5.714285714285714281e-03,0.000000000000000000e+00,0.000000000000000000e+00,5.714285714285714281e-03,1.714285714285714371e-02,1.142857142857142856e-02,2.857142857142857054e-02,2.857142857142857054e-02,8.000000000000000167e-02,3.428571428571428742e-02,1.257142857142857229e-01,4.799999999999999822e-01,7.428571428571428825e-02,2.857142857142857054e-02,2.285714285714285712e-02,5.714285714285714281e-03,0.000000000000000000e+00,5.714285714285714281e-03,5.714285714285714281e-03,0.000000000000000000e+00,3.428571428571428742e-02
0.000000000000000000e+00,9.523809523809524669e-03,0.000000000000000000e+00,0.000000000000000000e+00,0.000000000000000000e+00,0.000000000000000000e+00,1.904761904761904934e-02,9.523809523809524669e-03,5.714285714285714107e-02,2.857142857142857054e-02,5.714285714285714107e-02,7.619047619047619735e-02,1.238095238095238138e-01,4.857142857142857095e-01,2.857142857142857054e-02,9.523809523809524669e-03,9.523809523809524669e-03,9.523809523809524669e-03,2.857142857142857054e-02,0.000000000000000000e+00,0.000000000000000000e+00,4.761904761904761640e-02
2.702702702702702853e-02,0.000000000000000000e+00,0.000000000000000000e+00,1.351351351351351426e-02,1.351351351351351426e-02,0.000000000000000000e+00,2.702702702702702853e-02,4.054054054054054279e-02,0.000000000000000000e+00,4.054054054054054279e-02,6.756756756756757132e-02,2.702702702702702853e-02,5.405405405405405705e-02,9.459459459459459985e-02,3.243243243243243423e-01,1.081081081081081141e-01,1.351351351351351426e-02,0.000000000000000000e+00,4.054054054054054279e-02,0.000000000000000000e+00,0.000000000000000000e+00,1.081081081081081141e-01
0.000000000000000000e+00,0.000000000000000000e+00,0.000000000000000000e+00,0.000000000000000000e+00,2.380952380952380820e-02,2.380952380952380820e-02,0.000000000000000000e+00,4.761904761904761640e-02,0.000000000000000000e+00,4.761904761904761640e-02,2.380952380952380820e-02,0.000000000000000000e+00,2.380952380952380820e-02,7.142857142857142461e-02,2.142857142857142738e-01,3.095238095238095344e-01,7.142857142857142461e-02,2.380952380952380820e-02,7.142857142857142461e-02,0.000000000000000000e+00,0.000000000000000000e+00,4.761904761904761640e-02
0.000000000000000000e+00,0.000000000000000000e+00,0.000000000000000000e+00,0.000000000000000000e+00,2.127659574468085055e-02,0.000000000000000000e+00,2.127659574468085055e-02,4.255319148936170109e-02,0.000000000000000000e+00,4.255319148936170109e-02,4.255319148936170109e-02,0.000000000000000000e+00,2.127659574468085055e-02,4.255319148936170109e-02,4.255319148936170109e-02,8.510638297872340219e-02,4.893617021276595591e-01,2.127659574468085055e-02,4.255319148936170109e-02,0.000000000000000000e+00,0.000000000000000000e+00,8.510638297872340219e-02
0.000000000000000000e+00,0.000000000000000000e+00,0.000000000000000000e+00,0.000000000000000000e+00,0.000000000000000000e+00,0.000000000000000000e+00,0.000000000000000000e+00,0.000000000000000000e+00,7.692307692307692735e-02,3.846153846153846367e-02,3.846153846153846367e-02,0.000000000000000000e+00,0.000000000000000000e+00,7.692307692307692735e-02,1.153846153846153910e-01,0.000000000000000000e+00,1.538461538461538547e-01,2.692307692307692180e-01,7.692307692307692735e-02,0.000000000000000000e+00,0.000000000000000000e+00,1.538461538461538547e-01
0.000000000000000000e+00,0.000000000000000000e+00,0.000000000000000000e+00,0.000000000000000000e+00,0.000000000000000000e+00,2.173913043478260809e-02,0.000000000000000000e+00,0.000000000000000000e+00,2.173913043478260809e-02,4.347826086956521618e-02,6.521739130434782428e-02,4.347826086956521618e-02,1.086956521739130405e-01,6.521739130434782428e-02,4.347826086956521618e-02,2.173913043478260809e-02,2.173913043478260809e-02,0.000000000000000000e+00,4.565217391304347561e-01,0.000000000000000000e+00,0.000000000000000000e+00,8.695652173913043237e-02
0.000000000000000000e+00,0.000000000000000000e+00,0.000000000000000000e+00,3.125000000000000000e-02,0.000000000000000000e+00,0.000000000000000000e+00,0.000000000000000000e+00,0.000000000000000000e+00,0.000000000000000000e+00,6.250000000000000000e-02,0.000000000000000000e+00,0.000000000000000000e+00,3.125000000000000000e-02,0.000000000000000000e+00,6.250000000000000000e-02,3.125000000000000000e-02,3.125000000000000000e-02,0.000000000000000000e+00,6.250000000000000000e-02,5.000000000000000000e-01,9.375000000000000000e-02,9.375000000000000000e-02
3.030303030303030387e-02,0.000000000000000000e+00,0.000000000000000000e+00,0.000000000000000000e+00,0.000000000000000000e+00,0.000000000000000000e+00,0.000000000000000000e+00,3.030303030303030387e-02,0.000000000000000000e+00,3.030303030303030387e-02,3.030303030303030387e-02,0.000000000000000000e+00,3.030303030303030387e-02,0.000000000000000000e+00,9.090909090909091161e-02,0.000000000000000000e+00,3.030303030303030387e-02,0.000000000000000000e+00,0.000000000000000000e+00,3.030303030303030387e-02,5.757575757575758013e-01,1.212121212121212155e-01
8.230452674897120041e-03,8.230452674897120041e-03,0.000000000000000000e+00,4.115226337448560021e-03,4.115226337448560021e-03,8.230452674897120041e-03,2.057613168724279837e-02,1.646090534979424008e-02,5.349794238683127506e-02,2.880658436213991841e-02,3.703703703703703498e-02,2.880658436213991841e-02,4.938271604938271331e-02,2.057613168724279837e-02,3.292181069958848016e-02,1.646090534979424008e-02,2.880658436213991841e-02,3.292181069958848016e-02,2.880658436213991841e-02,3.292181069958848016e-02,2.880658436213991841e-02,5.102880658436214079e-01
