5.866666666666666696e-01,1.722222222222222210e-01,2.555555555555555705e-02,8.888888888888888881e-03,4.444444444444444441e-03,0.000000000000000000e+00,1.111111111111111110e-03,0.000000000000000000e+00,0.000000000000000000e+00,1.111111111111111110e-03,2.222222222222222220e-03,6.666666666666667095e-03,3.333333333333333547e-03,4.444444444444444441e-03,4.444444444444444441e-03,5.555555555555555768e-03,1.111111111111111154e-02,8.888888888888888881e-03,2.555555555555555705e-02,3.333333333333333287e-02,9.444444444444444198e-02
1.238938053097345116e-01,6.261061946902655162e-01,1.128318584070796410e-01,1.991150442477876079e-02,8.849557522123893682e-03,3.318584070796460131e-03,1.106194690265486710e-03,1.106194690265486710e-03,0.000000000000000000e+00,0.000000000000000000e+00,0.000000000000000000e+00,2.212389380530973421e-03,0.000000000000000000e+00,2.212389380530973421e-03,6.637168141592920262e-03,2.212389380530973421e-03,3.318584070796460131e-03,1.106194690265486710e-02,2.101769911504424923e-02,2.433628318584070763e-02,2.986725663716814291e-02
7.213930348258706937e-02,1.467661691542288538e-01,5.000000000000000000e-01,1.019900497512437748e-01,3.482587064676617022e-02,1.990049751243781057e-02,1.243781094527363247e-02,2.487562189054726321e-03,2.487562189054726321e-03,2.487562189054726321e-03,7.462686567164178962e-03,2.487562189054726321e-03,2.487562189054726321e-03,2.487562189054726321e-03,4.975124378109452641e-03,2.487562189054726321e-03,4.975124378109452641e-03,9.950248756218905283e-03,2.487562189054726494e-02,1.990049751243781057e-02,2.238805970149253602e-02
4.639175257731958935e-02,8.247422680412370977e-02,1.185567010309278302e-01,4.639175257731958935e-01,1.030927835051546337e-01,5.670103092783505133e-02,1.030927835051546372e-02,5.154639175257731860e-03,1.030927835051546372e-02,1.030927835051546372e-02,1.546391752577319645e-02,0.000000000000000000e+00,0.000000000000000000e+00,5.154639175257731860e-03,1.030927835051546372e-02,5.154639175257731860e-03,0.000000000000000000e+00,1.030927835051546372e-02,1.546391752577319645e-02,2.061855670103092744e-02,1.030927835051546372e-02
4.285714285714285754e-02,7.857142857142856984e-02,7.857142857142856984e-02,6.428571428571427937e-02,4.714285714285714191e-01,7.142857142857142461e-02,2.142857142857142877e-02,1.428571428571428527e-02,3.571428571428571230e-02,1.428571428571428527e-02,2.857142857142857054e-02,0.000000000000000000e+00,0.000000000000000000e+00,0.000000000000000000e+00,0.000000000000000000e+00,0.000000000000000000e+00,7.142857142857142634e-03,1.428571428571428527e-02,1.428571428571428527e-02,0.000000000000000000e+00,4.285714285714285754e-02
1.315789473684210453e-02,6.578947368421052266e-02,3.947368421052631360e-02,5.263157894736841813e-02,9.210526315789473173e-02,3.552631578947368363e-01,3.947368421052631360e-02,5.263157894736841813e-02,3.947368421052631360e-02,1.315789473684210453e-02,1.184210526315789408e-01,1.315789473684210453e-02,0.000000000000000000e+00,0.000000000000000000e+00,0.000000000000000000e+00,0.000000000000000000e+00,0.000000000000000000e+00,0.000000000000000000e+00,2.631578947368420907e-02,5.263157894736841813e-02,2.631578947368420907e-02
0.000000000000000000e+00,3.225806451612903136e-02,3.225806451612903136e-02,3.225806451612903136e-02,6.451612903225806273e-02,3.225806451612903136e-02,2.903225806451613100e-01,6.451612903225806273e-02,3.225806451612903136e-02,6.451612903225806273e-02,9.677419354838709409e-02,0.000000000000000000e+00,0.000000000000000000e+00,0.000000000000000000e+00,0.000000000000000000e+00,0.000000000000000000e+00,0.000000000000000000e+00,3.225806451612903136e-02,0.000000000000000000e+00,3.225806451612903136e-02,1.935483870967741882e-01
6.666666666666666574e-02,0.000000000000000000e+00,0.000000000000000000e+00,1.000000000000000056e-01,1.000000000000000056e-01,6.666666666666666574e-02,3.333333333333333287e-02,2.333333333333333370e-01,3.333333333333333287e-02,3.333333333333333287e-02,1.333333333333333315e-01,0.000000000000000000e+00,0.000000000000000000e+00,0.000000000000000000e+00,0.000000000000000000e+00,0.000000000000000000e+00,6.666666666666666574e-02,0.000000000000000000e+00,0.000000000000000000e+00,6.666666666666666574e-02,6.666666666666666574e-02
6.250000000000000000e-02,6.250000000000000000e-02,6.250000000000000000e-02,6.250000000000000000e-02,1.250000000000000000e-01,6.250000000000000000e-02,6.250000000000000000e-02,1.250000000000000000e-01,6.250000000000000000e-02,6.250000000000000000e-02,1.875000000000000000e-01,0.000000000000000000e+00,0.000000000000000000e+00,0.000000000000000000e+00,0.000000000000000000e+00,0.000000000000000000e+00,0.000000000000000000e+00,0.000000000000000000e+00,6.250000000000000000e-02,0.000000000000000000e+00,0.000000000000000000e+00
7.692307692307692735e-02,0.000000000000000000e+00,7.692307692307692735e-02,1.538461538461538547e-01,7.692307692307692735e-02,7.692307692307692735e-02,0.000000000000000000e+00,7.692307692307692735e-02,0.000000000000000000e+00,7.692307692307692735e-02,2.307692307692307820e-01,7.692307692307692735e-02,0.000000000000000000e+00,0.000000000000000000e+00,0.000000000000000000e+00,0.000000000000000000e+00,7.692307692307692735e-02,0.000000000000000000e+00,0.000000000000000000e+00,0.000000000000000000e+00,0.000000000000000000e+00
2.777777777777777624e-02,0.000000000000000000e+00,3.703703703703703498e-02,1.851851851851851749e-02,5.555555555555555247e-02,5.555555555555555247e-02,1.851851851851851749e-02,5.555555555555555247e-02,9.259259259259258745e-03,9.259259259259258745e-03,5.740740740740740700e-01,9.259259259259258745e-03,9.259259259259258745e-03,9.259259259259258745e-03,9.259259259259258745e-03,0.000000000000000000e+00,0.000000000000000000e+00,1.851851851851851749e-02,2.777777777777777624e-02,2.777777777777777624e-02,2.777777777777777624e-02
0.000000000000000000e+00,0.000000000000000000e+00,0.000000000000000000e+00,6.896551724137930939e-02,0.000000000000000000e+00,0.000000000000000000e+00,0.000000000000000000e+00,0.000000000000000000e+00,0.000000000000000000e+00,0.000000000000000000e+00,0.000000000000000000e+00,5.517241379310344751e-01,3.448275862068965469e-02,0.000000000000000000e+00,0.000000000000000000e+00,6.896551724137930939e-02,3.448275862068965469e-02,1.379310344827586188e-01,3.448275862068965469e-02,6.896551724137930939e-02,0.000000000000000000e+00
0.000000000000000000e+00,0.000000000000000000e+00,0.000000000000000000e+00,0.000000000000000000e+00,0.000000000000000000e+00,0.000000000000000000e+00,0.000000000000000000e+00,0.000000000000000000e+00,0.000000000000000000e+00,0.000000000000000000e+00,0.000000000000000000e+00,2.727272727272727071e-01,0.000000000000000000e+00,9.090909090909091161e-02,9.090909090909091161e-02,1.818181818181818232e-01,9.090909090909091161e-02,9.090909090909091161e-02,0.000000000000000000e+00,9.090909090909091161e-02,9.090909090909091161e-02
3.030303030303030387e-02,0.000000000000000000e+00,0.000000000000000000e+00,0.000000000000000000e+00,0.000000000000000000e+00,0.000000000000000000e+00,0.000000000000000000e+00,0.000000000000000000e+00,0.000000000000000000e+00,0.000000000000000000e+00,0.000000000000000000e+00,3.030303030303030387e-02,0.000000000000000000e+00,5.757575757575758013e-01,1.212121212121212155e-01,1.212121212121212155e-01,6.060606060606060774e-02,0.000000000000000000e+00,3.030303030303030387e-02,3.030303030303030387e-02,0.000000000000000000e+00
3.571428571428571230e-02,3.571428571428571230e-02,0.000000000000000000e+00,0.000000000000000000e+00,0.000000000000000000e+00,0.000000000000000000e+00,0.000000000000000000e+00,0.000000000000000000e+00,0.000000000000000000e+00,0.000000000000000000e+00,0.000000000000000000e+00,3.571428571428571230e-02,3.571428571428571230e-02,1.071428571428571369e-01,2.857142857142856984e-01,1.428571428571428492e-01,1.071428571428571369e-01,7.142857142857142461e-02,3.571428571428571230e-02,7.142857142857142461e-02,3.571428571428571230e-02
4.054054054054054279e-02,2.702702702702702853e-02,0.000000000000000000e+00,0.000000000000000000e+00,0.000000000000000000e+00,0.000000000000000000e+00,0.000000000000000000e+00,0.000000000000000000e+00,0.000000000000000000e+00,0.000000000000000000e+00,0.000000000000000000e+00,2.702702702702702853e-02,4.054054054054054279e-02,2.702702702702702853e-02,5.405405405405405705e-02,4.594594594594594850e-01,8.108108108108108558e-02,1.216216216216216284e-01,6.756756756756757132e-02,4.054054054054054279e-02,1.351351351351351426e-02
2.247191011235954994e-02,2.247191011235954994e-02,0.000000000000000000e+00,0.000000000000000000e+00,0.000000000000000000e+00,0.000000000000000000e+00,0.000000000000000000e+00,0.000000000000000000e+00,0.000000000000000000e+00,0.000000000000000000e+00,0.000000000000000000e+00,2.247191011235954994e-02,0.000000000000000000e+00,2.247191011235954994e-02,3.370786516853932491e-02,5.617977528089887485e-02,5.280898876404493958e-01,1.123595505617977497e-01,1.011235955056179747e-01,3.370786516853932491e-02,4.494382022471909988e-02
4.907975460122699501e-02,3.067484662576687102e-02,1.226993865030674875e-02,1.226993865030674875e-02,0.000000000000000000e+00,0.000000000000000000e+00,6.134969325153374377e-03,0.000000000000000000e+00,0.000000000000000000e+00,0.000000000000000000e+00,6.134969325153374377e-03,4.294478527607362150e-02,6.134969325153374377e-03,1.226993865030674875e-02,0.000000000000000000e+00,4.294478527607362150e-02,6.134969325153374203e-02,4.785276073619632031e-01,1.349693251533742311e-01,6.748466257668711554e-02,3.680981595092024800e-02
5.000000000000000278e-02,4.642857142857143016e-02,1.071428571428571438e-02,0.000000000000000000e+00,0.000000000000000000e+00,3.571428571428571317e-03,0.000000000000000000e+00,0.000000000000000000e+00,0.000000000000000000e+00,0.000000000000000000e+00,3.571428571428571317e-03,3.571428571428571317e-03,0.000000000000000000e+00,3.571428571428571317e-03,1.428571428571428527e-02,1.428571428571428527e-02,7.142857142857142634e-03,7.499999999999999722e-02,4.785714285714285920e-01,1.749999999999999889e-01,1.142857142857142821e-01
8.762886597938143729e-02,3.608247422680412042e-02,5.154639175257731860e-03,2.577319587628865930e-03,2.577319587628865930e-03,0.000000000000000000e+00,0.000000000000000000e+00,0.000000000000000000e+00,0.000000000000000000e+00,2.577319587628865930e-03,0.000000000000000000e+00,7.731958762886598224e-03,5.154639175257731860e-03,5.154639175257731860e-03,5.154639175257731860e-03,1.030927835051546372e-02,1.804123711340206021e-02,2.319587628865979467e-02,9.020618556701030799e-02,5.283505154639175361e-01,1.701030927835051609e-01
2.107081174438687476e-01,6.044905008635578780e-02,1.381692573402417898e-02,6.908462867012089489e-03,1.727115716753022372e-03,5.181347150259067551e-03,1.727115716753022372e-03,1.727115716753022372e-03,0.000000000000000000e+00,0.000000000000000000e+00,3.454231433506044745e-03,1.727115716753022372e-03,0.000000000000000000e+00,0.000000000000000000e+00,1.727115716753022372e-03,6.908462867012089489e-03,8.635578583765112295e-03,1.554404145077720178e-02,3.454231433506044918e-02,7.599309153713298959e-02,5.492227979274610927e-01
