2.857142857142856984e-01,1.428571428571428492e-01,1.428571428571428492e-01,2.857142857142856984e-01,0.000000000000000000e+00,0.000000000000000000e+00,0.000000000000000000e+00,0.000000000000000000e+00,0.000000000000000000e+00,0.000000000000000000e+00,0.000000000000000000e+00,0.000000000000000000e+00,0.000000000000000000e+00,0.000000000000000000e+00,0.000000000000000000e+00,0.000000000000000000e+00,0.000000000000000000e+00,1.428571428571428492e-01,0.000000000000000000e+00,0.000000000000000000e+00,0.000000000000000000e+00,0.000000000000000000e+00
2.150537634408602322e-02,7.956989247311827551e-01,1.182795698924731242e-01,2.150537634408602322e-02,0.000000000000000000e+00,1.075268817204301161e-02,2.150537634408602322e-02,0.000000000000000000e+00,0.000000000000000000e+00,0.000000000000000000e+00,0.000000000000000000e+00,0.000000000000000000e+00,0.000000000000000000e+00,1.075268817204301161e-02,0.000000000000000000e+00,0.000000000000000000e+00,0.000000000000000000e+00,0.000000000000000000e+00,0.000000000000000000e+00,0.000000000000000000e+00,0.000000000000000000e+00,0.000000000000000000e+00
5.797101449275362389e-03,4.347826086956521618e-02,7.536231884057971175e-01,1.536231884057971120e-01,1.449275362318840597e-02,2.028985507246376663e-02,0.000000000000000000e+00,2.898550724637681195e-03,2.898550724637681195e-03,2.898550724637681195e-03,0.000000000000000000e+00,0.000000000000000000e+00,0.000000000000000000e+00,0.000000000000000000e+00,0.000000000000000000e+00,0.000000000000000000e+00,0.000000000000000000e+00,0.000000000000000000e+00,0.000000000000000000e+00,0.000000000000000000e+00,0.000000000000000000e+00,0.000000000000000000e+00
6.435006435006434796e-04,2.574002574002573918e-03,5.148005148005147663e-02,8.371943371943372236e-01,7.014157014157014480e-02,1.415701415701415763e-02,9.652509652509652302e-03,3.861003861003861094e-03,1.287001287001286959e-03,1.930501930501930547e-03,6.435006435006434796e-04,0.000000000000000000e+00,0.000000000000000000e+00,1.287001287001286959e-03,0.000000000000000000e+00,0.000000000000000000e+00,6.435006435006434796e-04,0.000000000000000000e+00,0.000000000000000000e+00,0.000000000000000000e+00,0.000000000000000000e+00,4.504504504504504465e-03
0.000000000000000000e+00,9.025270758122744003e-04,2.707581227436822984e-03,1.570397111913357513e-01,7.157039711191335307e-01,5.415162454873646142e-02,3.158844765342960076e-02,8.122743682310468519e-03,4.512635379061371785e-03,1.805054151624548801e-03,1.805054151624548801e-03,9.025270758122744003e-04,0.000000000000000000e+00,0.000000000000000000e+00,1.805054151624548801e-03,9.025270758122744003e-04,2.707581227436822984e-03,0.000000000000000000e+00,0.000000000000000000e+00,0.000000000000000000e+00,9.025270758122744003e-04,1.444043321299639041e-02
0.000000000000000000e+00,2.044989775051124937e-03,2.044989775051124937e-03,5.521472392638036852e-02,2.147239263803681075e-01,6.237218813905930359e-01,4.089979550102249700e-02,1.431492842535787326e-02,1.431492842535787326e-02,6.134969325153374377e-03,0.000000000000000000e+00,2.044989775051124937e-03,0.000000000000000000e+00,0.000000000000000000e+00,2.044989775051124937e-03,0.000000000000000000e+00,0.000000000000000000e+00,2.044989775051124937e-03,0.000000000000000000e+00,0.000000000000000000e+00,2.044989775051124937e-03,1.840490797546012400e-02
0.000000000000000000e+00,0.000000000000000000e+00,0.000000000000000000e+00,3.211009174311926784e-02,1.467889908256880815e-01,1.834862385321101019e-01,4.174311926605504541e-01,9.174311926605505096e-02,3.211009174311926784e-02,1.834862385321101019e-02,9.174311926605505096e-03,1.376146788990825764e-02,0.000000000000000000e+00,4.587155963302752548e-03,0.000000000000000000e+00,9.174311926605505096e-03,0.000000000000000000e+00,0.000000000000000000e+00,9.174311926605505096e-03,1.834862385321101019e-02,0.000000000000000000e+00,1.376146788990825764e-02
0.000000000000000000e+00,0.000000000000000000e+00,0.000000000000000000e+00,2.500000000000000139e-02,6.250000000000000000e-02,1.125000000000000028e-01,1.187499999999999944e-01,5.124999999999999556e-01,5.000000000000000278e-02,1.874999999999999931e-02,2.500000000000000139e-02,6.250000000000000347e-03,1.874999999999999931e-02,0.000000000000000000e+00,1.250000000000000069e-02,0.000000000000000000e+00,6.250000000000000347e-03,6.250000000000000347e-03,0.000000000000000000e+00,0.000000000000000000e+00,0.000000000000000000e+00,2.500000000000000139e-02
0.000000000000000000e+00,0.000000000000000000e+00,0.000000000000000000e+00,1.587301587301587213e-02,6.349206349206348854e-02,9.523809523809523281e-02,1.428571428571428492e-01,1.269841269841269771e-01,3.809523809523809312e-01,7.936507936507936067e-02,1.587301587301587213e-02,0.000000000000000000e+00,1.587301587301587213e-02,0.000000000000000000e+00,0.000000000000000000e+00,1.587301587301587213e-02,1.587301587301587213e-02,0.000000000000000000e+00,0.000000000000000000e+00,0.000000000000000000e+00,0.000000000000000000e+00,3.174603174603174427e-02
0.000000000000000000e+00,0.000000000000000000e+00,0.000000000000000000e+00,2.040816326530612082e-02,0.000000000000000000e+00,1.020408163265306145e-01,6.122448979591836593e-02,1.020408163265306145e-01,2.040816326530612290e-01,2.653061224489796088e-01,2.040816326530612082e-02,1.020408163265306145e-01,4.081632653061224164e-02,0.000000000000000000e+00,0.000000000000000000e+00,0.000000000000000000e+00,2.040816326530612082e-02,0.000000000000000000e+00,0.000000000000000000e+00,0.000000000000000000e+00,0.000000000000000000e+00,6.122448979591836593e-02
0.000000000000000000e+00,0.000000000000000000e+00,0.000000000000000000e+00,5.714285714285714107e-02,2.857142857142857054e-02,0.000000000000000000e+00,1.142857142857142821e-01,8.571428571428571508e-02,2.857142857142857054e-02,1.142857142857142821e-01,3.142857142857142794e-01,1.428571428571428492e-01,5.714285714285714107e-02,0.000000000000000000e+00,0.000000000000000000e+00,0.000000000000000000e+00,0.000000000000000000e+00,0.000000000000000000e+00,0.000000000000000000e+00,0.000000000000000000e+00,0.000000000000000000e+00,5.714285714285714107e-02
0.000000000000000000e+00,0.000000000000000000e+00,0.000000000000000000e+00,5.172413793103448204e-02,5.172413793103448204e-02,1.724137931034482735e-02,3.448275862068965469e-02,6.896551724137930939e-02,1.724137931034482735e-02,6.896551724137930939e-02,8.620689655172414367e-02,4.827586206896551935e-01,6.896551724137930939e-02,3.448275862068965469e-02,1.724137931034482735e-02,0.000000000000000000e+00,0.000000000000000000e+00,0.000000000000000000e+00,0.000000000000000000e+00,0.000000000000000000e+00,0.000000000000000000e+00,0.000000000000000000e+00
0.000000000000000000e+00,0.000000000000000000e+00,0.000000000000000000e+00,0.000000000000000000e+00,4.761904761904761640e-02,0.000000000000000000e+00,0.000000000000000000e+00,4.761904761904761640e-02,4.761904761904761640e-02,4.761904761904761640e-02,1.428571428571428492e-01,1.428571428571428492e-01,3.333333333333333148e-01,9.523809523809523281e-02,4.761904761904761640e-02,4.761904761904761640e-02,0.000000000000000000e+00,0.000000000000000000e+00,0.000000000000000000e+00,0.000000000000000000e+00,0.000000000000000000e+00,0.000000000000000000e+00
0.000000000000000000e+00,0.000000000000000000e+00,0.000000000000000000e+00,0.000000000000000000e+00,0.000000000000000000e+00,0.000000000000000000e+00,9.090909090909091161e-02,0.000000000000000000e+00,0.000000000000000000e+00,9.090909090909091161e-02,0.000000000000000000e+00,1.363636363636363535e-01,4.545454545454545581e-02,4.545454545454545303e-01,4.545454545454545581e-02,0.000000000000000000e+00,0.000000000000000000e+00,4.545454545454545581e-02,0.000000000000000000e+00,0.000000000000000000e+00,0.000000000000000000e+00,9.090909090909091161e-02
0.000000000000000000e+00,0.000000000000000000e+00,0.000000000000000000e+00,0.000000000000000000e+00,1.071428571428571369e-01,0.000000000000000000e+00,0.000000000000000000e+00,7.142857142857142461e-02,0.000000000000000000e+00,3.571428571428571230e-02,3.571428571428571230e-02,3.571428571428571230e-02,0.000000000000000000e+00,7.142857142857142461e-02,4.285714285714285476e-01,1.785714285714285754e-01,0.000000000000000000e+00,0.000000000000000000e+00,0.000000000000000000e+00,0.000000000000000000e+00,0.000000000000000000e+00,3.571428571428571230e-02
0.000000000000000000e+00,0.000000000000000000e+00,0.000000000000000000e+00,0.000000000000000000e+00,6.250000000000000000e-02,0.000000000000000000e+00,0.000000000000000000e+00,1.250000000000000000e-01,0.000000000000000000e+00,0.000000000000000000e+00,6.250000000000000000e-02,0.000000000000000000e+00,0.000000000000000000e+00,6.250000000000000000e-02,3.125000000000000000e-01,2.500000000000000000e-01,0.000000000000000000e+00,0.000000000000000000e+00,0.000000000000000000e+00,0.000000000000000000e+00,0.000000000000000000e+00,1.250000000000000000e-01
0.000000000000000000e+00,0.000000000000000000e+00,0.000000000000000000e+00,0.000000000000000000e+00,4.761904761904761640e-02,1.904761904761904656e-01,0.000000000000000000e+00,4.761904761904761640e-02,0.000000000000000000e+00,0.000000000000000000e+00,0.000000000000000000e+00,4.761904761904761640e-02,0.000000000000000000e+00,0.000000000000000000e+00,4.761904761904761640e-02,0.000000000000000000e+00,5.238095238095238360e-01,4.761904761904761640e-02,0.000000000000000000e+00,0.000000000000000000e+00,4.761904761904761640e-02,0.000000000000000000e+00
0.000000000000000000e+00,0.000000000000000000e+00,0.000000000000000000e+00,3.030303030303030387e-02,0.000000000000000000e+00,6.060606060606060774e-02,0.000000000000000000e+00,3.030303030303030387e-02,0.000000000000000000e+00,0.000000000000000000e+00,0.000000000000000000e+00,0.000000000000000000e+00,0.000000000000000000e+00,0.000000000000000000e+00,3.030303030303030387e-02,3.030303030303030387e-02,1.515151515151515194e-01,6.363636363636363535e-01,3.030303030303030387e-02,0.000000000000000000e+00,0.000000000000000000e+00,0.000000000000000000e+00
0.000000000000000000e+00,0.000000000000000000e+00,0.000000000000000000e+00,0.000000000000000000e+00,0.000000000000000000e+00,2.000000000000000111e-01,2.000000000000000111e-01,0.000000000000000000e+00,0.000000000000000000e+00,0.000000000000000000e+00,0.000000000000000000e+00,0.000000000000000000e+00,0.000000000000000000e+00,0.000000000000000000e+00,0.000000000000000000e+00,0.000000000000000000e+00,0.000000000000000000e+00,0.000000000000000000e+00,0.000000000000000000e+00,2.000000000000000111e-01,0.000000000000000000e+00,4.000000000000000222e-01
0.000000000000000000e+00,0.000000000000000000e+00,0.000000000000000000e+00,1.428571428571428492e-01,7.142857142857142461e-02,7.142857142857142461e-02,0.000000000000000000e+00,7.142857142857142461e-02,0.000000000000000000e+00,0.000000000000000000e+00,0.000000000000000000e+00,0.000000000000000000e+00,0.000000000000000000e+00,0.000000000000000000e+00,0.000000000000000000e+00,7.142857142857142461e-02,7.142857142857142461e-02,7.142857142857142461e-02,0.000000000000000000e+00,3.571428571428571508e-01,0.000000000000000000e+00,7.142857142857142461e-02
0.000000000000000000e+00,0.000000000000000000e+00,0.000000000000000000e+00,0.000000000000000000e+00,5.555555555555555247e-02,0.000000000000000000e+00,0.000000000000000000e+00,1.111111111111111049e-01,5.555555555555555247e-02,5.555555555555555247e-02,0.000000000000000000e+00,0.000000000000000000e+00,0.000000000000000000e+00,0.000000000000000000e+00,0.000000000000000000e+00,1.111111111111111049e-01,0.000000000000000000e+00,1.111111111111111049e-01,5.555555555555555247e-02,0.000000000000000000e+00,3.333333333333333148e-01,1.111111111111111049e-01
0.000000000000000000e+00,0.000000000000000000e+00,7.633587786259541687e-03,3.816793893129771104e-02,6.870229007633588125e-02,5.343511450381679267e-02,5.343511450381679267e-02,1.526717557251908337e-02,1.526717557251908337e-02,1.526717557251908337e-02,1.526717557251908337e-02,1.526717557251908337e-02,7.633587786259541687e-03,7.633587786259541687e-03,7.633587786259541687e-03,7.633587786259541687e-03,0.000000000000000000e+00,2.290076335877862593e-02,7.633587786259541687e-03,0.000000000000000000e+00,5.343511450381679267e-02,5.877862595419847125e-01
