7.830188679245283501e-01,4.716981132075472039e-02,1.886792452830188607e-02,9.433962264150943036e-03,1.886792452830188607e-02,9.433962264150943036e-03,9.433962264150943036e-03,0.000000000000000000e+00,0.000000000000000000e+00,0.000000000000000000e+00,9.433962264150943036e-03,9.433962264150943036e-03,1.886792452830188607e-02,1.886792452830188607e-02,9.433962264150943036e-03,0.000000000000000000e+00,9.433962264150943036e-03,9.433962264150943036e-03,0.000000000000000000e+00,0.000000000000000000e+00,0.000000000000000000e+00,1.886792452830188607e-02
8.695652173913043237e-02,5.869565217391304879e-01,6.521739130434782428e-02,1.086956521739130405e-01,4.347826086956521618e-02,0.000000000000000000e+00,2.173913043478260809e-02,0.000000000000000000e+00,0.000000000000000000e+00,4.347826086956521618e-02,0.000000000000000000e+00,0.000000000000000000e+00,0.000000000000000000e+00,0.000000000000000000e+00,0.000000000000000000e+00,0.000000000000000000e+00,0.000000000000000000e+00,2.173913043478260809e-02,2.173913043478260809e-02,0.000000000000000000e+00,0.000000000000000000e+00,0.000000000000000000e+00
4.054054054054054279e-02,8.108108108108108558e-02,6.756756756756756577e-01,6.756756756756757132e-02,0.000000000000000000e+00,1.351351351351351426e-02,1.351351351351351426e-02,1.351351351351351426e-02,1.351351351351351426e-02,4.054054054054054279e-02,0.000000000000000000e+00,0.000000000000000000e+00,1.351351351351351426e-02,0.000000000000000000e+00,1.351351351351351426e-02,0.000000000000000000e+00,1.351351351351351426e-02,0.000000000000000000e+00,0.000000000000000000e+00,0.000000000000000000e+00,0.000000000000000000e+00,0.000000000000000000e+00
0.000000000000000000e+00,1.369863013698630061e-02,8.219178082191780366e-02,7.328767123287671659e-01,8.219178082191780366e-02,2.054794520547945091e-02,6.849315068493150305e-03,1.369863013698630061e-02,6.849315068493150305e-03,6.849315068493150305e-03,6.849315068493150305e-03,0.000000000000000000e+00,6.849315068493150305e-03,6.849315068493150305e-03,0.000000000000000000e+00,0.000000000000000000e+00,0.000000000000000000e+00,0.000000000000000000e+00,0.000000000000000000e+00,0.000000000000000000e+00,0.000000000000000000e+00,1.369863013698630061e-02
1.298701298701298787e-02,0.000000000000000000e+00,6.493506493506493935e-03,1.168831168831168804e-01,6.233766233766233622e-01,1.168831168831168804e-01,7.142857142857142461e-02,1.948051948051948007e-02,1.298701298701298787e-02,0.000000000000000000e+00,0.000000000000000000e+00,6.493506493506493935e-03,0.000000000000000000e+00,0.000000000000000000e+00,0.000000000000000000e+00,0.000000000000000000e+00,6.493506493506493935e-03,0.000000000000000000e+00,0.000000000000000000e+00,0.000000000000000000e+00,0.000000000000000000e+00,6.493506493506493935e-03
3.521126760563380361e-03,0.000000000000000000e+00,7.042253521126760722e-03,1.056338028169014065e-02,1.091549295774647821e-01,6.725352112676056260e-01,8.450704225352112520e-02,2.112676056338028130e-02,1.760563380281690224e-02,1.408450704225352144e-02,1.408450704225352144e-02,0.000000000000000000e+00,3.521126760563380361e-03,1.408450704225352144e-02,3.521126760563380361e-03,0.000000000000000000e+00,3.521126760563380361e-03,0.000000000000000000e+00,0.000000000000000000e+00,3.521126760563380361e-03,0.000000000000000000e+00,1.760563380281690224e-02
7.751937984496123923e-03,0.000000000000000000e+00,2.583979328165374786e-03,0.000000000000000000e+00,1.550387596899224785e-02,1.059431524547803649e-01,6.744186046511627675e-01,9.043927648578811707e-02,2.325581395348837177e-02,2.842377260981912221e-02,2.842377260981912221e-02,5.167958656330749571e-03,2.583979328165374786e-03,5.167958656330749571e-03,2.583979328165374786e-03,2.583979328165374786e-03,2.583979328165374786e-03,0.000000000000000000e+00,0.000000000000000000e+00,0.000000000000000000e+00,0.000000000000000000e+00,2.583979328165374786e-03
1.897533206831119581e-03,0.000000000000000000e+00,1.897533206831119581e-03,1.897533206831119581e-03,5.692599620493358527e-03,1.707779886148007645e-02,7.969639468690702111e-02,6.774193548387096309e-01,1.252371916508538963e-01,2.466793168880455564e-02,2.277039848197343411e-02,9.487666034155597256e-03,3.795066413662239162e-03,3.795066413662239162e-03,0.000000000000000000e+00,0.000000000000000000e+00,0.000000000000000000e+00,1.897533206831119581e-03,1.897533206831119581e-03,1.897533206831119581e-03,0.000000000000000000e+00,1.897533206831119451e-02
1.303780964797913913e-03,0.000000000000000000e+00,0.000000000000000000e+00,0.000000000000000000e+00,0.000000000000000000e+00,7.822685788787484343e-03,1.955671447196870999e-02,1.134289439374185082e-01,7.235984354628421933e-01,7.822685788787483996e-02,1.564537157757496869e-02,6.518904823989569997e-03,6.518904823989569997e-03,5.215123859191655650e-03,3.911342894393742171e-03,0.000000000000000000e+00,0.000000000000000000e+00,1.303780964797913913e-03,0.000000000000000000e+00,0.000000000000000000e+00,2.607561929595827825e-03,1.434159061277705260e-02
1.579778830963665063e-03,3.159557661927330126e-03,3.159557661927330126e-03,0.000000000000000000e+00,3.159557661927330126e-03,6.319115323854660252e-03,1.263823064770932050e-02,3.633491311216429515e-02,1.595576619273301744e-01,6.461295418641390675e-01,5.687203791469194053e-02,2.843601895734597026e-02,1.579778830963664976e-02,4.739336492890995622e-03,6.319115323854660252e-03,1.579778830963665063e-03,3.159557661927330126e-03,0.000000000000000000e+00,0.000000000000000000e+00,1.579778830963665063e-03,1.579778830963665063e-03,7.898894154818324881e-03
0.000000000000000000e+00,3.067484662576687188e-03,3.067484662576687188e-03,0.000000000000000000e+00,0.000000000000000000e+00,3.067484662576687188e-03,2.147239263803681075e-02,2.453987730061349751e-02,4.601226993865030479e-02,1.840490797546012192e-01,5.092024539877300082e-01,9.509202453987730674e-02,4.907975460122699501e-02,2.760736196319018426e-02,3.067484662576687188e-03,9.202453987730061999e-03,0.000000000000000000e+00,3.067484662576687188e-03,0.000000000000000000e+00,3.067484662576687188e-03,0.000000000000000000e+00,1.533742331288343551e-02
0.000000000000000000e+00,0.000000000000000000e+00,0.000000000000000000e+00,0.000000000000000000e+00,0.000000000000000000e+00,7.812500000000000000e-03,1.562500000000000000e-02,1.953125000000000000e-02,3.515625000000000000e-02,1.015625000000000000e-01,1.718750000000000000e-01,5.000000000000000000e-01,5.468750000000000000e-02,2.343750000000000000e-02,7.812500000000000000e-03,3.906250000000000000e-03,0.000000000000000000e+00,7.812500000000000000e-03,7.812500000000000000e-03,1.171875000000000000e-02,0.000000000000000000e+00,3.125000000000000000e-02
6.666666666666667095e-03,0.000000000000000000e+00,0.000000000000000000e+00,0.000000000000000000e+00,0.000000000000000000e+00,0.000000000000000000e+00,0.000000000000000000e+00,2.000000000000000042e-02,4.666666666666666879e-02,9.333333333333333759e-02,1.199999999999999956e-01,1.600000000000000033e-01,3.866666666666666585e-01,8.666666666666666963e-02,1.333333333333333419e-02,6.666666666666667095e-03,0.000000000000000000e+00,6.666666666666667095e-03,6.666666666666667095e-03,1.333333333333333419e-02,0.000000000000000000e+00,3.333333333333333287e-02
5.847953216374268681e-03,0.000000000000000000e+00,0.000000000000000000e+00,0.000000000000000000e+00,5.847953216374268681e-03,0.000000000000000000e+00,5.847953216374268681e-03,1.754385964912280604e-02,2.339181286549707472e-02,2.923976608187134341e-02,9.941520467836256758e-02,4.093567251461988077e-02,1.111111111111111049e-01,5.204678362573099681e-01,4.093567251461988077e-02,0.000000000000000000e+00,1.754385964912280604e-02,1.169590643274853736e-02,1.169590643274853736e-02,0.000000000000000000e+00,1.754385964912280604e-02,4.093567251461988077e-02
1.369863013698630061e-02,0.000000000000000000e+00,0.000000000000000000e+00,0.000000000000000000e+00,0.000000000000000000e+00,0.000000000000000000e+00,0.000000000000000000e+00,0.000000000000000000e+00,2.739726027397260122e-02,5.479452054794520244e-02,4.109589041095890183e-02,9.589041095890410427e-02,4.109589041095890183e-02,1.369863013698630061e-01,4.246575342465753189e-01,4.109589041095890183e-02,1.369863013698630061e-02,1.369863013698630061e-02,0.000000000000000000e+00,1.369863013698630061e-02,1.369863013698630061e-02,6.849315068493150305e-02
2.941176470588235253e-02,0.000000000000000000e+00,0.000000000000000000e+00,0.000000000000000000e+00,0.000000000000000000e+00,2.941176470588235253e-02,2.941176470588235253e-02,0.000000000000000000e+00,0.000000000000000000e+00,8.823529411764706454e-02,1.176470588235294101e-01,8.823529411764706454e-02,5.882352941176470507e-02,8.823529411764706454e-02,2.941176470588235253e-02,2.941176470588235392e-01,0.000000000000000000e+00,0.000000000000000000e+00,2.941176470588235253e-02,0.000000000000000000e+00,2.941176470588235253e-02,8.823529411764706454e-02
0.000000000000000000e+00,0.000000000000000000e+00,0.000000000000000000e+00,4.000000000000000083e-02,0.000000000000000000e+00,0.000000000000000000e+00,8.000000000000000167e-02,0.000000000000000000e+00,0.000000000000000000e+00,8.000000000000000167e-02,8.000000000000000167e-02,8.000000000000000167e-02,4.000000000000000083e-02,8.000000000000000167e-02,4.000000000000000083e-02,4.000000000000000083e-02,2.399999999999999911e-01,0.000000000000000000e+00,4.000000000000000083e-02,4.000000000000000083e-02,0.000000000000000000e+00,1.199999999999999956e-01
0.000000000000000000e+00,2.564102564102564014e-02,0.000000000000000000e+00,0.000000000000000000e+00,0.000000000000000000e+00,0.000000000000000000e+00,2.564102564102564014e-02,0.000000000000000000e+00,0.000000000000000000e+00,0.000000000000000000e+00,0.000000000000000000e+00,1.282051282051281937e-01,7.692307692307692735e-02,5.128205128205128027e-02,7.692307692307692735e-02,0.000000000000000000e+00,2.564102564102564014e-02,4.358974358974359031e-01,2.564102564102564014e-02,0.000000000000000000e+00,0.000000000000000000e+00,1.282051282051281937e-01
0.000000000000000000e+00,0.000000000000000000e+00,0.000000000000000000e+00,0.000000000000000000e+00,0.000000000000000000e+00,0.000000000000000000e+00,0.000000000000000000e+00,0.000000000000000000e+00,0.000000000000000000e+00,0.000000000000000000e+00,3.125000000000000000e-02,3.125000000000000000e-02,6.250000000000000000e-02,9.375000000000000000e-02,6.250000000000000000e-02,0.000000000000000000e+00,6.250000000000000000e-02,6.250000000000000000e-02,3.437500000000000000e-01,9.375000000000000000e-02,3.125000000000000000e-02,1.250000000000000000e-01
0.000000000000000000e+00,0.000000000000000000e+00,0.000000000000000000e+00,0.000000000000000000e+00,0.000000000000000000e+00,0.000000000000000000e+00,0.000000000000000000e+00,0.000000000000000000e+00,3.846153846153846367e-02,0.000000000000000000e+00,0.000000000000000000e+00,1.538461538461538547e-01,3.846153846153846367e-02,3.846153846153846367e-02,0.000000000000000000e+00,3.846153846153846367e-02,3.846153846153846367e-02,1.153846153846153910e-01,1.538461538461538547e-01,2.692307692307692180e-01,3.846153846153846367e-02,7.692307692307692735e-02
0.000000000000000000e+00,0.000000000000000000e+00,0.000000000000000000e+00,0.000000000000000000e+00,0.000000000000000000e+00,0.000000000000000000e+00,0.000000000000000000e+00,0.000000000000000000e+00,0.000000000000000000e+00,4.166666666666666435e-02,0.000000000000000000e+00,0.000000000000000000e+00,0.000000000000000000e+00,8.333333333333332871e-02,4.166666666666666435e-02,4.166666666666666435e-02,4.166666666666666435e-02,8.333333333333332871e-02,4.166666666666666435e-02,0.000000000000000000e+00,4.166666666666666852e-01,2.083333333333333426e-01
4.807692307692307959e-03,0.000000000000000000e+00,0.000000000000000000e+00,4.807692307692307959e-03,0.000000000000000000e+00,0.000000000000000000e+00,1.442307692307692388e-02,9.615384615384615918e-03,4.326923076923076816e-02,5.769230769230769551e-02,2.403846153846153980e-02,2.884615384615384776e-02,3.846153846153846367e-02,1.923076923076923184e-02,2.884615384615384776e-02,4.326923076923076816e-02,1.442307692307692388e-02,2.403846153846153980e-02,1.442307692307692388e-02,1.923076923076923184e-02,1.923076923076923184e-02,5.913461538461538547e-01
