6.424418604651163101e-01,1.046511627906976799e-01,2.325581395348837177e-02,8.720930232558139414e-03,2.906976744186046471e-03,0.000000000000000000e+00,0.000000000000000000e+00,2.906976744186046471e-03,2.906976744186046471e-03,0.000000000000000000e+00,8.720930232558139414e-03,0.000000000000000000e+00,2.906976744186046471e-03,2.906976744186046471e-03,0.000000000000000000e+00,2.906976744186046471e-03,0.000000000000000000e+00,8.720930232558139414e-03,1.162790697674418589e-02,3.488372093023255766e-02,1.395348837209302306e-01
1.317073170731707377e-01,5.170731707317073322e-01,1.073170731707317055e-01,1.951219512195121950e-02,1.951219512195121950e-02,9.756097560975609748e-03,0.000000000000000000e+00,9.756097560975609748e-03,4.878048780487804874e-03,4.878048780487804874e-03,3.414634146341463672e-02,0.000000000000000000e+00,0.000000000000000000e+00,0.000000000000000000e+00,0.000000000000000000e+00,4.878048780487804874e-03,0.000000000000000000e+00,1.951219512195121950e-02,9.756097560975609748e-03,3.902439024390243899e-02,6.829268292682927344e-02
8.771929824561403022e-02,1.140350877192982393e-01,5.438596491228070429e-01,6.140350877192982115e-02,4.385964912280701511e-02,4.385964912280701511e-02,0.000000000000000000e+00,8.771929824561403022e-03,0.000000000000000000e+00,0.000000000000000000e+00,1.754385964912280604e-02,8.771929824561403022e-03,0.000000000000000000e+00,0.000000000000000000e+00,0.000000000000000000e+00,0.000000000000000000e+00,0.000000000000000000e+00,8.771929824561403022e-03,0.000000000000000000e+00,2.631578947368420907e-02,3.508771929824561209e-02
2.631578947368420907e-02,5.263157894736841813e-02,1.315789473684210453e-01,5.657894736842105088e-01,6.578947368421052266e-02,1.315789473684210453e-02,1.315789473684210453e-02,0.000000000000000000e+00,0.000000000000000000e+00,2.631578947368420907e-02,7.894736842105262720e-02,0.000000000000000000e+00,0.000000000000000000e+00,0.000000000000000000e+00,0.000000000000000000e+00,0.000000000000000000e+00,0.000000000000000000e+00,0.000000000000000000e+00,0.000000000000000000e+00,0.000000000000000000e+00,2.631578947368420907e-02
3.448275862068965469e-02,6.896551724137930939e-02,3.448275862068965469e-02,5.172413793103448204e-02,6.034482758620689502e-01,5.172413793103448204e-02,0.000000000000000000e+00,1.724137931034482735e-02,0.000000000000000000e+00,0.000000000000000000e+00,1.034482758620689641e-01,0.000000000000000000e+00,0.000000000000000000e+00,0.000000000000000000e+00,0.000000000000000000e+00,0.000000000000000000e+00,1.724137931034482735e-02,0.000000000000000000e+00,0.000000000000000000e+00,1.724137931034482735e-02,0.000000000000000000e+00
0.000000000000000000e+00,9.090909090909091161e-02,1.212121212121212155e-01,0.000000000000000000e+00,1.818181818181818232e-01,3.636363636363636465e-01,0.000000000000000000e+00,0.000000000000000000e+00,0.000000000000000000e+00,0.000000000000000000e+00,1.818181818181818232e-01,0.000000000000000000e+00,0.000000000000000000e+00,0.000000000000000000e+00,0.000000000000000000e+00,0.000000000000000000e+00,0.000000000000000000e+00,0.000000000000000000e+00,0.000000000000000000e+00,6.060606060606060774e-02,0.000000000000000000e+00
4.347826086956521618e-02,4.347826086956521618e-02,0.000000000000000000e+00,8.695652173913043237e-02,0.000000000000000000e+00,8.695652173913043237e-02,4.347826086956521618e-01,0.000000000000000000e+00,0.000000000000000000e+00,0.000000000000000000e+00,3.043478260869565410e-01,0.000000000000000000e+00,0.000000000000000000e+00,0.000000000000000000e+00,0.000000000000000000e+00,0.000000000000000000e+00,0.000000000000000000e+00,0.000000000000000000e+00,0.000000000000000000e+00,0.000000000000000000e+00,0.000000000000000000e+00
1.250000000000000000e-01,3.750000000000000000e-01,0.000000000000000000e+00,0.000000000000000000e+00,2.500000000000000000e-01,0.000000000000000000e+00,0.000000000000000000e+00,1.250000000000000000e-01,1.250000000000000000e-01,0.000000000000000000e+00,0.000000000000000000e+00,0.000000000000000000e+00,0.000000000000000000e+00,0.000000000000000000e+00,0.000000000000000000e+00,0.000000000000000000e+00,0.000000000000000000e+00,0.000000000000000000e+00,0.000000000000000000e+00,0.000000000000000000e+00,0.000000000000000000e+00
0.000000000000000000e+00,0.000000000000000000e+00,0.000000000000000000e+00,1.666666666666666574e-01,1.666666666666666574e-01,1.666666666666666574e-01,0.000000000000000000e+00,0.000000000000000000e+00,3.333333333333333148e-01,0.000000000000000000e+00,1.666666666666666574e-01,0.000000000000000000e+00,0.000000000000000000e+00,0.000000000000000000e+00,0.000000000000000000e+00,0.000000000000000000e+00,0.000000000000000000e+00,0.000000000000000000e+00,0.000000000000000000e+00,0.000000000000000000e+00,0.000000000000000000e+00
0.000000000000000000e+00,0.000000000000000000e+00,0.000000000000000000e+00,4.347826086956521618e-02,4.347826086956521618e-02,4.347826086956521618e-02,4.347826086956521618e-02,4.347826086956521618e-02,4.347826086956521618e-02,5.217391304347825942e-01,2.173913043478260809e-01,0.000000000000000000e+00,0.000000000000000000e+00,0.000000000000000000e+00,0.000000000000000000e+00,0.000000000000000000e+00,0.000000000000000000e+00,0.000000000000000000e+00,0.000000000000000000e+00,0.000000000000000000e+00,0.000000000000000000e+00
3.252032520325203596e-02,6.504065040650407192e-02,4.878048780487805047e-02,4.878048780487805047e-02,3.252032520325203596e-02,2.439024390243902524e-02,3.252032520325203596e-02,0.000000000000000000e+00,0.000000000000000000e+00,5.691056910569105426e-02,5.691056910569105565e-01,1.626016260162601798e-02,8.130081300813008990e-03,0.000000000000000000e+00,0.000000000000000000e+00,1.626016260162601798e-02,0.000000000000000000e+00,0.000000000000000000e+00,0.000000000000000000e+00,8.130081300813008990e-03,4.065040650406503975e-02
0.000000000000000000e+00,0.000000000000000000e+00,1.136363636363636395e-02,0.000000000000000000e+00,0.000000000000000000e+00,0.000000000000000000e+00,0.000000000000000000e+00,0.000000000000000000e+00,0.000000000000000000e+00,0.000000000000000000e+00,0.000000000000000000e+00,8.409090909090909394e-01,7.954545454545454419e-02,1.136363636363636395e-02,2.272727272727272790e-02,0.000000000000000000e+00,1.136363636363636395e-02,0.000000000000000000e+00,2.272727272727272790e-02,0.000000000000000000e+00,0.000000000000000000e+00
0.000000000000000000e+00,0.000000000000000000e+00,0.000000000000000000e+00,0.000000000000000000e+00,0.000000000000000000e+00,0.000000000000000000e+00,0.000000000000000000e+00,0.000000000000000000e+00,0.000000000000000000e+00,0.000000000000000000e+00,0.000000000000000000e+00,2.857142857142856984e-01,5.357142857142856984e-01,3.571428571428571230e-02,7.142857142857142461e-02,3.571428571428571230e-02,3.571428571428571230e-02,0.000000000000000000e+00,0.000000000000000000e+00,0.000000000000000000e+00,0.000000000000000000e+00
0.000000000000000000e+00,0.000000000000000000e+00,0.000000000000000000e+00,0.000000000000000000e+00,0.000000000000000000e+00,0.000000000000000000e+00,0.000000000000000000e+00,0.000000000000000000e+00,0.000000000000000000e+00,0.000000000000000000e+00,2.702702702702702853e-02,2.702702702702702853e-02,5.405405405405405705e-02,7.567567567567567988e-01,2.702702702702702853e-02,0.000000000000000000e+00,8.108108108108108558e-02,0.000000000000000000e+00,0.000000000000000000e+00,0.000000000000000000e+00,2.702702702702702853e-02
0.000000000000000000e+00,0.000000000000000000e+00,0.000000000000000000e+00,0.000000000000000000e+00,0.000000000000000000e+00,0.000000000000000000e+00,0.000000000000000000e+00,0.000000000000000000e+00,0.000000000000000000e+00,0.000000000000000000e+00,2.222222222222222307e-02,0.000000000000000000e+00,0.000000000000000000e+00,2.222222222222222307e-02,6.222222222222222321e-01,2.444444444444444364e-01,0.000000000000000000e+00,4.444444444444444614e-02,2.222222222222222307e-02,2.222222222222222307e-02,0.000000000000000000e+00
0.000000000000000000e+00,8.928571428571428076e-03,0.000000000000000000e+00,0.000000000000000000e+00,0.000000000000000000e+00,0.000000000000000000e+00,0.000000000000000000e+00,0.000000000000000000e+00,0.000000000000000000e+00,0.000000000000000000e+00,0.000000000000000000e+00,8.928571428571428076e-03,0.000000000000000000e+00,0.000000000000000000e+00,7.142857142857142461e-02,6.696428571428570953e-01,1.875000000000000000e-01,3.571428571428571230e-02,8.928571428571428076e-03,8.928571428571428076e-03,0.000000000000000000e+00
6.666666666666667095e-03,1.333333333333333419e-02,0.000000000000000000e+00,0.000000000000000000e+00,0.000000000000000000e+00,0.000000000000000000e+00,0.000000000000000000e+00,0.000000000000000000e+00,0.000000000000000000e+00,0.000000000000000000e+00,0.000000000000000000e+00,0.000000000000000000e+00,0.000000000000000000e+00,6.666666666666667095e-03,1.333333333333333419e-02,8.000000000000000167e-02,6.999999999999999556e-01,1.066666666666666735e-01,2.666666666666666838e-02,3.333333333333333287e-02,1.333333333333333419e-02
2.424242424242424240e-02,6.060606060606060601e-03,6.060606060606060601e-03,1.212121212121212120e-02,0.000000000000000000e+00,0.000000000000000000e+00,0.000000000000000000e+00,0.000000000000000000e+00,0.000000000000000000e+00,0.000000000000000000e+00,0.000000000000000000e+00,0.000000000000000000e+00,0.000000000000000000e+00,0.000000000000000000e+00,1.212121212121212120e-02,2.424242424242424240e-02,6.060606060606060774e-02,6.969696969696970168e-01,1.151515151515151575e-01,1.818181818181818094e-02,2.424242424242424240e-02
1.020408163265306041e-02,1.020408163265306041e-02,0.000000000000000000e+00,0.000000000000000000e+00,2.551020408163265103e-03,0.000000000000000000e+00,0.000000000000000000e+00,0.000000000000000000e+00,0.000000000000000000e+00,0.000000000000000000e+00,7.653061224489795741e-03,5.102040816326530205e-03,0.000000000000000000e+00,0.000000000000000000e+00,2.551020408163265103e-03,5.102040816326530205e-03,1.275510204081632681e-02,3.826530612244898044e-02,7.755102040816326259e-01,1.096938775510204050e-01,2.040816326530612082e-02
1.484230055658627111e-02,9.276437847866419659e-03,1.855287569573283888e-03,1.855287569573283888e-03,0.000000000000000000e+00,0.000000000000000000e+00,1.855287569573283888e-03,0.000000000000000000e+00,0.000000000000000000e+00,0.000000000000000000e+00,7.421150278293135553e-03,0.000000000000000000e+00,0.000000000000000000e+00,1.855287569573283888e-03,0.000000000000000000e+00,3.710575139146567777e-03,3.710575139146567777e-03,5.565862708719851448e-03,9.090909090909091161e-02,7.495361781076066432e-01,1.076066790352504660e-01
8.544303797468354167e-02,1.898734177215189931e-02,6.329113924050632813e-03,6.329113924050632813e-03,0.000000000000000000e+00,0.000000000000000000e+00,0.000000000000000000e+00,1.582278481012658203e-03,0.000000000000000000e+00,0.000000000000000000e+00,1.265822784810126563e-02,0.000000000000000000e+00,0.000000000000000000e+00,1.582278481012658203e-03,0.000000000000000000e+00,0.000000000000000000e+00,0.000000000000000000e+00,1.582278481012658203e-03,2.215189873417721528e-02,9.018987341772151389e-02,7.531645569620253333e-01
