7.466887417218542877e-01,6.953642384105959695e-02,3.311258278145695622e-02,6.622516556291390723e-03,0.000000000000000000e+00,0.000000000000000000e+00,0.000000000000000000e+00,0.000000000000000000e+00,0.000000000000000000e+00,1.655629139072847681e-03,4.966887417218543259e-03,0.000000000000000000e+00,0.000000000000000000e+00,3.311258278145695361e-03,3.311258278145695361e-03,0.000000000000000000e+00,1.655629139072847681e-03,1.655629139072847681e-03,1.655629139072847681e-03,9.933774834437086518e-03,1.158940397350993329e-01
1.339563862928348781e-01,6.573208722741432641e-01,7.165109034267912180e-02,3.115264797507788161e-02,1.246105919003115230e-02,9.345794392523363789e-03,3.115264797507788074e-03,3.115264797507788074e-03,0.000000000000000000e+00,0.000000000000000000e+00,0.000000000000000000e+00,3.115264797507788074e-03,3.115264797507788074e-03,0.000000000000000000e+00,0.000000000000000000e+00,0.000000000000000000e+00,0.000000000000000000e+00,3.115264797507788074e-03,9.345794392523363789e-03,9.345794392523363789e-03,4.984423676012460919e-02
6.726457399103139001e-02,9.417040358744394046e-02,6.771300448430492835e-01,5.829596412556053986e-02,3.139013452914798247e-02,0.000000000000000000e+00,8.968609865470851886e-03,0.000000000000000000e+00,4.484304932735425943e-03,4.484304932735425943e-03,8.968609865470851886e-03,0.000000000000000000e+00,0.000000000000000000e+00,0.000000000000000000e+00,0.000000000000000000e+00,4.484304932735425943e-03,0.000000000000000000e+00,0.000000000000000000e+00,4.484304932735425943e-03,1.345291479820627870e-02,2.242152466367712885e-02
3.816793893129771104e-02,6.106870229007633349e-02,1.526717557251908441e-01,6.030534351145038219e-01,5.343511450381679267e-02,7.633587786259541687e-03,0.000000000000000000e+00,1.526717557251908337e-02,0.000000000000000000e+00,0.000000000000000000e+00,3.816793893129771104e-02,0.000000000000000000e+00,0.000000000000000000e+00,0.000000000000000000e+00,0.000000000000000000e+00,7.633587786259541687e-03,7.633587786259541687e-03,0.000000000000000000e+00,0.000000000000000000e+00,0.000000000000000000e+00,1.526717557251908337e-02
1.449275362318840597e-02,1.449275362318840597e-02,1.014492753623188470e-01,1.159420289855072478e-01,6.521739130434782705e-01,1.449275362318840597e-02,1.449275362318840597e-02,0.000000000000000000e+00,1.449275362318840597e-02,0.000000000000000000e+00,1.449275362318840597e-02,1.449275362318840597e-02,0.000000000000000000e+00,0.000000000000000000e+00,0.000000000000000000e+00,0.000000000000000000e+00,0.000000000000000000e+00,0.000000000000000000e+00,0.000000000000000000e+00,0.000000000000000000e+00,2.898550724637681195e-02
0.000000000000000000e+00,6.896551724137930939e-02,6.896551724137930939e-02,6.896551724137930939e-02,0.000000000000000000e+00,4.827586206896551935e-01,6.896551724137930939e-02,6.896551724137930939e-02,6.896551724137930939e-02,0.000000000000000000e+00,6.896551724137930939e-02,3.448275862068965469e-02,0.000000000000000000e+00,0.000000000000000000e+00,0.000000000000000000e+00,0.000000000000000000e+00,0.000000000000000000e+00,0.000000000000000000e+00,0.000000000000000000e+00,0.000000000000000000e+00,0.000000000000000000e+00
0.000000000000000000e+00,6.250000000000000000e-02,0.000000000000000000e+00,1.250000000000000000e-01,0.000000000000000000e+00,1.875000000000000000e-01,3.125000000000000000e-01,1.250000000000000000e-01,1.250000000000000000e-01,0.000000000000000000e+00,6.250000000000000000e-02,0.000000000000000000e+00,0.000000000000000000e+00,0.000000000000000000e+00,0.000000000000000000e+00,0.000000000000000000e+00,0.000000000000000000e+00,0.000000000000000000e+00,0.000000000000000000e+00,0.000000000000000000e+00,0.000000000000000000e+00
0.000000000000000000e+00,9.090909090909091161e-02,4.545454545454545581e-02,9.090909090909091161e-02,4.545454545454545581e-02,4.545454545454545581e-02,4.545454545454545581e-02,4.090909090909091161e-01,4.545454545454545581e-02,0.000000000000000000e+00,1.363636363636363535e-01,0.000000000000000000e+00,0.000000000000000000e+00,0.000000000000000000e+00,0.000000000000000000e+00,0.000000000000000000e+00,0.000000000000000000e+00,0.000000000000000000e+00,0.000000000000000000e+00,4.545454545454545581e-02,0.000000000000000000e+00
0.000000000000000000e+00,0.000000000000000000e+00,2.000000000000000111e-01,0.000000000000000000e+00,2.000000000000000111e-01,1.000000000000000056e-01,1.000000000000000056e-01,2.000000000000000111e-01,1.000000000000000056e-01,0.000000000000000000e+00,1.000000000000000056e-01,0.000000000000000000e+00,0.000000000000000000e+00,0.000000000000000000e+00,0.000000000000000000e+00,0.000000000000000000e+00,0.000000000000000000e+00,0.000000000000000000e+00,0.000000000000000000e+00,0.000000000000000000e+00,0.000000000000000000e+00
0.000000000000000000e+00,0.000000000000000000e+00,0.000000000000000000e+00,0.000000000000000000e+00,0.000000000000000000e+00,0.000000000000000000e+00,0.000000000000000000e+00,1.666666666666666574e-01,0.000000000000000000e+00,5.000000000000000000e-01,1.666666666666666574e-01,0.000000000000000000e+00,0.000000000000000000e+00,0.000000000000000000e+00,0.000000000000000000e+00,0.000000000000000000e+00,0.000000000000000000e+00,0.000000000000000000e+00,0.000000000000000000e+00,1.666666666666666574e-01,0.000000000000000000e+00
2.500000000000000139e-02,2.500000000000000139e-02,0.000000000000000000e+00,8.749999999999999445e-02,2.500000000000000139e-02,3.749999999999999861e-02,5.000000000000000278e-02,3.749999999999999861e-02,0.000000000000000000e+00,1.250000000000000069e-02,6.750000000000000444e-01,0.000000000000000000e+00,0.000000000000000000e+00,0.000000000000000000e+00,0.000000000000000000e+00,0.000000000000000000e+00,0.000000000000000000e+00,1.250000000000000069e-02,0.000000000000000000e+00,1.250000000000000069e-02,0.000000000000000000e+00
0.000000000000000000e+00,2.000000000000000111e-01,0.000000000000000000e+00,1.000000000000000056e-01,0.000000000000000000e+00,1.000000000000000056e-01,0.000000000000000000e+00,0.000000000000000000e+00,0.000000000000000000e+00,0.000000000000000000e+00,0.000000000000000000e+00,5.000000000000000000e-01,0.000000000000000000e+00,1.000000000000000056e-01,0.000000000000000000e+00,0.000000000000000000e+00,0.000000000000000000e+00,0.000000000000000000e+00,0.000000000000000000e+00,0.000000000000000000e+00,0.000000000000000000e+00
0.000000000000000000e+00,0.000000000000000000e+00,0.000000000000000000e+00,0.000000000000000000e+00,0.000000000000000000e+00,0.000000000000000000e+00,0.000000000000000000e+00,0.000000000000000000e+00,0.000000000000000000e+00,0.000000000000000000e+00,0.000000000000000000e+00,0.000000000000000000e+00,5.000000000000000000e-01,1.666666666666666574e-01,3.333333333333333148e-01,0.000000000000000000e+00,0.000000000000000000e+00,0.000000000000000000e+00,0.000000000000000000e+00,0.000000000000000000e+00,0.000000000000000000e+00
3.703703703703703498e-02,0.000000000000000000e+00,0.000000000000000000e+00,0.000000000000000000e+00,0.000000000000000000e+00,0.000000000000000000e+00,0.000000000000000000e+00,0.000000000000000000e+00,0.000000000000000000e+00,0.000000000000000000e+00,0.000000000000000000e+00,0.000000000000000000e+00,3.703703703703703498e-02,7.777777777777777901e-01,3.703703703703703498e-02,0.000000000000000000e+00,7.407407407407406996e-02,0.000000000000000000e+00,0.000000000000000000e+00,0.000000000000000000e+00,3.703703703703703498e-02
5.405405405405405705e-02,0.000000000000000000e+00,0.000000000000000000e+00,0.000000000000000000e+00,0.000000000000000000e+00,0.000000000000000000e+00,0.000000000000000000e+00,0.000000000000000000e+00,0.000000000000000000e+00,0.000000000000000000e+00,0.000000000000000000e+00,0.000000000000000000e+00,5.405405405405405705e-02,5.405405405405405705e-02,7.567567567567567988e-01,5.405405405405405705e-02,2.702702702702702853e-02,0.000000000000000000e+00,0.000000000000000000e+00,0.000000000000000000e+00,0.000000000000000000e+00
0.000000000000000000e+00,0.000000000000000000e+00,0.000000000000000000e+00,3.125000000000000000e-02,0.000000000000000000e+00,0.000000000000000000e+00,0.000000000000000000e+00,0.000000000000000000e+00,0.000000000000000000e+00,0.000000000000000000e+00,0.000000000000000000e+00,0.000000000000000000e+00,0.000000000000000000e+00,0.000000000000000000e+00,6.250000000000000000e-02,6.250000000000000000e-01,1.250000000000000000e-01,1.250000000000000000e-01,0.000000000000000000e+00,0.000000000000000000e+00,3.125000000000000000e-02
0.000000000000000000e+00,0.000000000000000000e+00,0.000000000000000000e+00,0.000000000000000000e+00,0.000000000000000000e+00,0.000000000000000000e+00,0.000000000000000000e+00,0.000000000000000000e+00,0.000000000000000000e+00,0.000000000000000000e+00,0.000000000000000000e+00,0.000000000000000000e+00,1.000000000000000021e-02,2.000000000000000042e-02,1.000000000000000021e-02,7.000000000000000666e-02,7.199999999999999734e-01,8.999999999999999667e-02,5.000000000000000278e-02,1.000000000000000021e-02,2.000000000000000042e-02
0.000000000000000000e+00,5.882352941176470507e-03,5.882352941176470507e-03,0.000000000000000000e+00,0.000000000000000000e+00,0.000000000000000000e+00,0.000000000000000000e+00,0.000000000000000000e+00,0.000000000000000000e+00,0.000000000000000000e+00,0.000000000000000000e+00,0.000000000000000000e+00,0.000000000000000000e+00,0.000000000000000000e+00,5.882352941176470507e-03,1.176470588235294101e-02,8.235294117647058709e-02,7.823529411764705843e-01,8.235294117647058709e-02,1.176470588235294101e-02,1.176470588235294101e-02
6.993006993006993001e-03,6.993006993006993001e-03,0.000000000000000000e+00,3.496503496503496500e-03,0.000000000000000000e+00,0.000000000000000000e+00,0.000000000000000000e+00,0.000000000000000000e+00,0.000000000000000000e+00,0.000000000000000000e+00,0.000000000000000000e+00,0.000000000000000000e+00,0.000000000000000000e+00,0.000000000000000000e+00,0.000000000000000000e+00,0.000000000000000000e+00,1.048951048951048994e-02,7.342657342657342434e-02,7.797202797202796853e-01,1.048951048951048959e-01,1.398601398601398600e-02
1.980198019801980222e-02,7.425742574257425399e-03,2.475247524752475278e-03,2.475247524752475278e-03,0.000000000000000000e+00,0.000000000000000000e+00,0.000000000000000000e+00,0.000000000000000000e+00,0.000000000000000000e+00,2.475247524752475278e-03,2.475247524752475278e-03,0.000000000000000000e+00,0.000000000000000000e+00,0.000000000000000000e+00,2.475247524752475278e-03,0.000000000000000000e+00,7.425742574257425399e-03,9.900990099009901110e-03,8.415841584158416377e-02,7.450495049504950451e-01,1.138613861386138654e-01
9.385113268608413772e-02,2.588996763754045430e-02,4.854368932038834530e-03,1.618122977346278394e-03,3.236245954692556787e-03,0.000000000000000000e+00,0.000000000000000000e+00,3.236245954692556787e-03,0.000000000000000000e+00,0.000000000000000000e+00,3.236245954692556787e-03,0.000000000000000000e+00,1.618122977346278394e-03,0.000000000000000000e+00,1.618122977346278394e-03,0.000000000000000000e+00,0.000000000000000000e+00,3.236245954692556787e-03,6.472491909385113575e-03,1.067961165048543631e-01,7.443365695792880654e-01
