5.233644859813083583e-01,1.261682242990654068e-01,3.271028037383177239e-02,1.401869158878504655e-02,9.345794392523363789e-03,0.000000000000000000e+00,4.672897196261681894e-03,9.345794392523363789e-03,4.672897196261681894e-03,4.672897196261681894e-03,4.205607476635513792e-02,0.000000000000000000e+00,0.000000000000000000e+00,0.000000000000000000e+00,4.672897196261681894e-03,0.000000000000000000e+00,4.672897196261681894e-03,1.869158878504672758e-02,3.738317757009345516e-02,3.738317757009345516e-02,1.261682242990654068e-01
1.538461538461538547e-01,5.329670329670329609e-01,6.043956043956043994e-02,4.395604395604395948e-02,0.000000000000000000e+00,0.000000000000000000e+00,0.000000000000000000e+00,0.000000000000000000e+00,5.494505494505494934e-03,5.494505494505494934e-03,5.494505494505494414e-02,0.000000000000000000e+00,0.000000000000000000e+00,0.000000000000000000e+00,5.494505494505494934e-03,0.000000000000000000e+00,0.000000000000000000e+00,2.747252747252747207e-02,2.747252747252747207e-02,4.945054945054944834e-02,3.296703296703296787e-02
2.857142857142857054e-02,1.428571428571428492e-01,4.380952380952380931e-01,5.714285714285714107e-02,2.857142857142857054e-02,1.904761904761904934e-02,9.523809523809524669e-03,0.000000000000000000e+00,9.523809523809524669e-03,9.523809523809524669e-03,3.809523809523809867e-02,0.000000000000000000e+00,9.523809523809524669e-03,0.000000000000000000e+00,0.000000000000000000e+00,9.523809523809524669e-03,1.904761904761904934e-02,1.904761904761904934e-02,3.809523809523809867e-02,2.857142857142857054e-02,9.523809523809523281e-02
3.225806451612903136e-02,8.064516129032257841e-02,9.677419354838709409e-02,4.354838709677419373e-01,3.225806451612903136e-02,1.612903225806451568e-02,0.000000000000000000e+00,1.612903225806451568e-02,4.838709677419354704e-02,0.000000000000000000e+00,8.064516129032257841e-02,0.000000000000000000e+00,1.612903225806451568e-02,0.000000000000000000e+00,0.000000000000000000e+00,0.000000000000000000e+00,0.000000000000000000e+00,1.612903225806451568e-02,1.612903225806451568e-02,6.451612903225806273e-02,4.838709677419354704e-02
7.142857142857142461e-02,3.571428571428571230e-02,3.571428571428571230e-02,7.142857142857142461e-02,3.928571428571428492e-01,8.928571428571428770e-02,1.785714285714285615e-02,0.000000000000000000e+00,1.785714285714285615e-02,0.000000000000000000e+00,7.142857142857142461e-02,3.571428571428571230e-02,0.000000000000000000e+00,0.000000000000000000e+00,1.785714285714285615e-02,1.785714285714285615e-02,0.000000000000000000e+00,1.785714285714285615e-02,5.357142857142856845e-02,0.000000000000000000e+00,5.357142857142856845e-02
0.000000000000000000e+00,0.000000000000000000e+00,3.333333333333333287e-02,1.000000000000000056e-01,2.333333333333333370e-01,4.000000000000000222e-01,0.000000000000000000e+00,0.000000000000000000e+00,3.333333333333333287e-02,0.000000000000000000e+00,6.666666666666666574e-02,0.000000000000000000e+00,0.000000000000000000e+00,0.000000000000000000e+00,0.000000000000000000e+00,0.000000000000000000e+00,3.333333333333333287e-02,0.000000000000000000e+00,6.666666666666666574e-02,0.000000000000000000e+00,3.333333333333333287e-02
6.250000000000000000e-02,0.000000000000000000e+00,0.000000000000000000e+00,0.000000000000000000e+00,3.125000000000000000e-02,6.250000000000000000e-02,5.625000000000000000e-01,3.125000000000000000e-02,3.125000000000000000e-02,0.000000000000000000e+00,1.250000000000000000e-01,0.000000000000000000e+00,0.000000000000000000e+00,0.000000000000000000e+00,0.000000000000000000e+00,3.125000000000000000e-02,0.000000000000000000e+00,0.000000000000000000e+00,3.125000000000000000e-02,0.000000000000000000e+00,3.125000000000000000e-02
4.166666666666666435e-02,0.000000000000000000e+00,0.000000000000000000e+00,8.333333333333332871e-02,8.333333333333332871e-02,0.000000000000000000e+00,1.250000000000000000e-01,2.916666666666666852e-01,8.333333333333332871e-02,0.000000000000000000e+00,1.666666666666666574e-01,0.000000000000000000e+00,0.000000000000000000e+00,0.000000000000000000e+00,0.000000000000000000e+00,0.000000000000000000e+00,0.000000000000000000e+00,0.000000000000000000e+00,0.000000000000000000e+00,8.333333333333332871e-02,4.166666666666666435e-02
8.333333333333332871e-02,5.555555555555555247e-02,1.111111111111111049e-01,5.555555555555555247e-02,2.777777777777777624e-02,0.000000000000000000e+00,0.000000000000000000e+00,0.000000000000000000e+00,5.000000000000000000e-01,0.000000000000000000e+00,8.333333333333332871e-02,0.000000000000000000e+00,0.000000000000000000e+00,0.000000000000000000e+00,0.000000000000000000e+00,0.000000000000000000e+00,2.777777777777777624e-02,0.000000000000000000e+00,0.000000000000000000e+00,0.000000000000000000e+00,5.555555555555555247e-02
0.000000000000000000e+00,0.000000000000000000e+00,0.000000000000000000e+00,0.000000000000000000e+00,8.333333333333332871e-02,4.166666666666666435e-02,4.166666666666666435e-02,0.000000000000000000e+00,8.333333333333332871e-02,5.416666666666666297e-01,1.666666666666666574e-01,0.000000000000000000e+00,0.000000000000000000e+00,0.000000000000000000e+00,0.000000000000000000e+00,0.000000000000000000e+00,0.000000000000000000e+00,0.000000000000000000e+00,0.000000000000000000e+00,0.000000000000000000e+00,4.166666666666666435e-02
3.645833333333333565e-02,3.125000000000000000e-02,5.729166666666666435e-02,1.562500000000000000e-02,4.166666666666666435e-02,1.562500000000000000e-02,3.645833333333333565e-02,3.645833333333333565e-02,3.125000000000000000e-02,3.645833333333333565e-02,4.895833333333333148e-01,5.208333333333333044e-03,1.041666666666666609e-02,0.000000000000000000e+00,5.208333333333333044e-03,5.208333333333333044e-03,1.041666666666666609e-02,2.083333333333333218e-02,2.083333333333333218e-02,5.729166666666666435e-02,3.645833333333333565e-02
0.000000000000000000e+00,0.000000000000000000e+00,0.000000000000000000e+00,0.000000000000000000e+00,4.385964912280701511e-03,0.000000000000000000e+00,0.000000000000000000e+00,0.000000000000000000e+00,0.000000000000000000e+00,0.000000000000000000e+00,3.070175438596491058e-02,8.114035087719297934e-01,6.578947368421052266e-02,1.754385964912280604e-02,1.754385964912280604e-02,1.315789473684210453e-02,8.771929824561403022e-03,1.754385964912280604e-02,8.771929824561403022e-03,4.385964912280701511e-03,0.000000000000000000e+00
0.000000000000000000e+00,0.000000000000000000e+00,1.562500000000000000e-02,0.000000000000000000e+00,0.000000000000000000e+00,1.562500000000000000e-02,0.000000000000000000e+00,0.000000000000000000e+00,0.000000000000000000e+00,0.000000000000000000e+00,1.562500000000000000e-02,2.343750000000000000e-01,5.000000000000000000e-01,1.875000000000000000e-01,1.562500000000000000e-02,0.000000000000000000e+00,0.000000000000000000e+00,0.000000000000000000e+00,0.000000000000000000e+00,1.562500000000000000e-02,0.000000000000000000e+00
0.000000000000000000e+00,0.000000000000000000e+00,0.000000000000000000e+00,1.492537313432835792e-02,0.000000000000000000e+00,0.000000000000000000e+00,0.000000000000000000e+00,0.000000000000000000e+00,0.000000000000000000e+00,0.000000000000000000e+00,2.985074626865671585e-02,4.477611940298507204e-02,1.194029850746268634e-01,5.223880597014924909e-01,1.940298507462686617e-01,2.985074626865671585e-02,2.985074626865671585e-02,1.492537313432835792e-02,0.000000000000000000e+00,0.000000000000000000e+00,0.000000000000000000e+00
0.000000000000000000e+00,0.000000000000000000e+00,8.474576271186440649e-03,8.474576271186440649e-03,0.000000000000000000e+00,0.000000000000000000e+00,0.000000000000000000e+00,0.000000000000000000e+00,8.474576271186440649e-03,0.000000000000000000e+00,8.474576271186440649e-03,2.542372881355932368e-02,1.694915254237288130e-02,7.627118644067797104e-02,5.677966101694915668e-01,1.186440677966101725e-01,6.779661016949152519e-02,3.389830508474576259e-02,3.389830508474576259e-02,1.694915254237288130e-02,8.474576271186440649e-03
0.000000000000000000e+00,5.649717514124293766e-03,5.649717514124293766e-03,0.000000000000000000e+00,5.649717514124293766e-03,0.000000000000000000e+00,1.129943502824858753e-02,0.000000000000000000e+00,0.000000000000000000e+00,0.000000000000000000e+00,1.694915254237288130e-02,1.694915254237288130e-02,0.000000000000000000e+00,5.649717514124293766e-03,6.779661016949152519e-02,6.949152542372881713e-01,1.016949152542372947e-01,1.694915254237288130e-02,3.389830508474576259e-02,1.129943502824858753e-02,5.649717514124293766e-03
8.032128514056224161e-03,4.016064257028112081e-03,0.000000000000000000e+00,4.016064257028112081e-03,4.016064257028112081e-03,0.000000000000000000e+00,0.000000000000000000e+00,8.032128514056224161e-03,0.000000000000000000e+00,0.000000000000000000e+00,1.606425702811244832e-02,1.204819277108433798e-02,0.000000000000000000e+00,2.008032128514056214e-02,2.811244979919678630e-02,8.433734939759035543e-02,6.104417670682731334e-01,1.445783132530120418e-01,2.409638554216867595e-02,2.409638554216867595e-02,8.032128514056224161e-03
3.759398496240601295e-03,1.127819548872180389e-02,1.503759398496240518e-02,3.759398496240601295e-03,7.518796992481202590e-03,0.000000000000000000e+00,3.759398496240601295e-03,0.000000000000000000e+00,0.000000000000000000e+00,0.000000000000000000e+00,1.503759398496240518e-02,7.518796992481202590e-03,1.503759398496240518e-02,7.518796992481202590e-03,1.879699248120300648e-02,2.631578947368420907e-02,1.203007518796992414e-01,6.090225563909774653e-01,1.052631578947368363e-01,7.518796992481202590e-03,2.255639097744360777e-02
3.197674418604651292e-02,1.453488372093023236e-02,5.813953488372092943e-03,2.906976744186046471e-03,0.000000000000000000e+00,2.906976744186046471e-03,0.000000000000000000e+00,0.000000000000000000e+00,0.000000000000000000e+00,2.906976744186046471e-03,1.453488372093023236e-02,2.906976744186046471e-03,0.000000000000000000e+00,0.000000000000000000e+00,0.000000000000000000e+00,1.162790697674418589e-02,3.488372093023255766e-02,7.848837209302325646e-02,6.627906976744185608e-01,9.302325581395348708e-02,4.069767441860465407e-02
2.200488997555012302e-02,2.444987775061124857e-02,9.779951100244498735e-03,9.779951100244498735e-03,7.334963325183374051e-03,2.444987775061124684e-03,0.000000000000000000e+00,4.889975550122249368e-03,2.444987775061124684e-03,0.000000000000000000e+00,2.444987775061124857e-02,0.000000000000000000e+00,2.444987775061124684e-03,0.000000000000000000e+00,2.444987775061124684e-03,0.000000000000000000e+00,1.466992665036674810e-02,1.466992665036674810e-02,9.046454767726161417e-02,6.870415647921760405e-01,8.068459657701711196e-02
8.695652173913043237e-02,1.863354037267080793e-02,2.484472049689440826e-02,1.552795031055900603e-02,0.000000000000000000e+00,3.105590062111801032e-03,3.105590062111801032e-03,3.105590062111801032e-03,3.105590062111801032e-03,0.000000000000000000e+00,2.795031055900621189e-02,0.000000000000000000e+00,0.000000000000000000e+00,3.105590062111801032e-03,3.105590062111801032e-03,0.000000000000000000e+00,1.863354037267080793e-02,9.316770186335403964e-03,1.552795031055900603e-02,1.490683229813664634e-01,6.149068322981366963e-01
