6.820925553319919787e-01,7.042253521126760896e-02,2.816901408450704289e-02,1.006036217303822936e-02,8.048289738430584178e-03,0.000000000000000000e+00,2.012072434607646045e-03,0.000000000000000000e+00,0.000000000000000000e+00,4.024144869215292089e-03,8.048289738430584178e-03,0.000000000000000000e+00,2.012072434607646045e-03,0.000000000000000000e+00,4.024144869215292089e-03,0.000000000000000000e+00,8.048289738430584178e-03,4.024144869215292089e-03,1.609657947686116836e-02,2.012072434607645871e-02,1.327967806841046372e-01
1.756756756756756854e-01,5.495495495495495986e-01,1.081081081081081141e-01,1.801801801801801786e-02,1.801801801801801786e-02,1.351351351351351426e-02,4.504504504504504465e-03,4.504504504504504465e-03,4.504504504504504465e-03,0.000000000000000000e+00,1.801801801801801786e-02,0.000000000000000000e+00,0.000000000000000000e+00,0.000000000000000000e+00,0.000000000000000000e+00,4.504504504504504465e-03,4.504504504504504465e-03,0.000000000000000000e+00,9.009009009009008931e-03,1.801801801801801786e-02,4.954954954954954999e-02
6.097560975609755962e-02,1.280487804878048808e-01,5.609756097560976151e-01,6.707317073170732113e-02,2.439024390243902524e-02,1.219512195121951262e-02,0.000000000000000000e+00,2.439024390243902524e-02,0.000000000000000000e+00,6.097560975609756309e-03,2.439024390243902524e-02,0.000000000000000000e+00,0.000000000000000000e+00,0.000000000000000000e+00,0.000000000000000000e+00,0.000000000000000000e+00,0.000000000000000000e+00,1.219512195121951262e-02,1.219512195121951262e-02,1.219512195121951262e-02,5.487804878048780505e-02
1.358024691358024616e-01,1.111111111111111049e-01,1.234567901234567833e-01,4.444444444444444198e-01,6.172839506172839164e-02,1.234567901234567833e-02,0.000000000000000000e+00,0.000000000000000000e+00,2.469135802469135665e-02,0.000000000000000000e+00,2.469135802469135665e-02,0.000000000000000000e+00,0.000000000000000000e+00,0.000000000000000000e+00,0.000000000000000000e+00,0.000000000000000000e+00,0.000000000000000000e+00,0.000000000000000000e+00,1.234567901234567833e-02,2.469135802469135665e-02,2.469135802469135665e-02
4.444444444444444614e-02,8.888888888888889228e-02,1.777777777777777846e-01,1.333333333333333315e-01,2.666666666666666630e-01,4.444444444444444614e-02,4.444444444444444614e-02,2.222222222222222307e-02,0.000000000000000000e+00,2.222222222222222307e-02,1.111111111111111049e-01,0.000000000000000000e+00,0.000000000000000000e+00,0.000000000000000000e+00,0.000000000000000000e+00,0.000000000000000000e+00,0.000000000000000000e+00,0.000000000000000000e+00,2.222222222222222307e-02,0.000000000000000000e+00,2.222222222222222307e-02
9.677419354838709409e-02,3.225806451612903136e-02,1.290322580645161255e-01,0.000000000000000000e+00,1.935483870967741882e-01,2.903225806451613100e-01,1.935483870967741882e-01,0.000000000000000000e+00,0.000000000000000000e+00,0.000000000000000000e+00,3.225806451612903136e-02,0.000000000000000000e+00,0.000000000000000000e+00,0.000000000000000000e+00,0.000000000000000000e+00,0.000000000000000000e+00,3.225806451612903136e-02,0.000000000000000000e+00,0.000000000000000000e+00,0.000000000000000000e+00,0.000000000000000000e+00
8.333333333333332871e-02,5.555555555555555247e-02,2.777777777777777624e-02,5.555555555555555247e-02,0.000000000000000000e+00,8.333333333333332871e-02,6.111111111111111605e-01,2.777777777777777624e-02,0.000000000000000000e+00,2.777777777777777624e-02,0.000000000000000000e+00,0.000000000000000000e+00,0.000000000000000000e+00,2.777777777777777624e-02,0.000000000000000000e+00,0.000000000000000000e+00,0.000000000000000000e+00,0.000000000000000000e+00,0.000000000000000000e+00,0.000000000000000000e+00,0.000000000000000000e+00
2.000000000000000111e-01,0.000000000000000000e+00,0.000000000000000000e+00,1.333333333333333315e-01,6.666666666666666574e-02,1.333333333333333315e-01,6.666666666666666574e-02,2.666666666666666630e-01,0.000000000000000000e+00,0.000000000000000000e+00,1.333333333333333315e-01,0.000000000000000000e+00,0.000000000000000000e+00,0.000000000000000000e+00,0.000000000000000000e+00,0.000000000000000000e+00,0.000000000000000000e+00,0.000000000000000000e+00,0.000000000000000000e+00,0.000000000000000000e+00,0.000000000000000000e+00
8.333333333333332871e-02,0.000000000000000000e+00,8.333333333333332871e-02,1.666666666666666574e-01,8.333333333333332871e-02,0.000000000000000000e+00,8.333333333333332871e-02,8.333333333333332871e-02,2.500000000000000000e-01,8.333333333333332871e-02,8.333333333333332871e-02,0.000000000000000000e+00,0.000000000000000000e+00,0.000000000000000000e+00,0.000000000000000000e+00,0.000000000000000000e+00,0.000000000000000000e+00,0.000000000000000000e+00,0.000000000000000000e+00,0.000000000000000000e+00,0.000000000000000000e+00
0.000000000000000000e+00,0.000000000000000000e+00,8.333333333333332871e-02,4.166666666666666435e-02,0.000000000000000000e+00,4.166666666666666435e-02,0.000000000000000000e+00,0.000000000000000000e+00,0.000000000000000000e+00,6.666666666666666297e-01,1.250000000000000000e-01,0.000000000000000000e+00,0.000000000000000000e+00,0.000000000000000000e+00,0.000000000000000000e+00,0.000000000000000000e+00,0.000000000000000000e+00,0.000000000000000000e+00,0.000000000000000000e+00,0.000000000000000000e+00,4.166666666666666435e-02
2.564102564102564014e-02,3.418803418803419147e-02,5.982905982905983161e-02,4.273504273504273587e-02,3.418803418803419147e-02,3.418803418803419147e-02,2.564102564102564014e-02,1.709401709401709574e-02,2.564102564102564014e-02,1.709401709401709574e-02,6.324786324786324521e-01,8.547008547008547868e-03,0.000000000000000000e+00,0.000000000000000000e+00,0.000000000000000000e+00,0.000000000000000000e+00,8.547008547008547868e-03,8.547008547008547868e-03,0.000000000000000000e+00,8.547008547008547868e-03,1.709401709401709574e-02
2.325581395348837177e-02,0.000000000000000000e+00,0.000000000000000000e+00,0.000000000000000000e+00,0.000000000000000000e+00,2.325581395348837177e-02,0.000000000000000000e+00,0.000000000000000000e+00,0.000000000000000000e+00,0.000000000000000000e+00,4.651162790697674354e-02,7.674418604651163101e-01,0.000000000000000000e+00,2.325581395348837177e-02,9.302325581395348708e-02,2.325581395348837177e-02,0.000000000000000000e+00,0.000000000000000000e+00,0.000000000000000000e+00,0.000000000000000000e+00,0.000000000000000000e+00
3.333333333333333287e-02,0.000000000000000000e+00,0.000000000000000000e+00,0.000000000000000000e+00,0.000000000000000000e+00,0.000000000000000000e+00,0.000000000000000000e+00,0.000000000000000000e+00,0.000000000000000000e+00,0.000000000000000000e+00,3.333333333333333287e-02,1.000000000000000056e-01,5.999999999999999778e-01,6.666666666666666574e-02,6.666666666666666574e-02,3.333333333333333287e-02,3.333333333333333287e-02,0.000000000000000000e+00,3.333333333333333287e-02,0.000000000000000000e+00,0.000000000000000000e+00
0.000000000000000000e+00,0.000000000000000000e+00,0.000000000000000000e+00,1.639344262295082053e-02,0.000000000000000000e+00,0.000000000000000000e+00,0.000000000000000000e+00,0.000000000000000000e+00,0.000000000000000000e+00,0.000000000000000000e+00,0.000000000000000000e+00,3.278688524590164105e-02,1.311475409836065642e-01,7.540983606557376540e-01,6.557377049180328210e-02,0.000000000000000000e+00,0.000000000000000000e+00,0.000000000000000000e+00,0.000000000000000000e+00,0.000000000000000000e+00,0.000000000000000000e+00
0.000000000000000000e+00,1.265822784810126563e-02,0.000000000000000000e+00,0.000000000000000000e+00,0.000000000000000000e+00,0.000000000000000000e+00,0.000000000000000000e+00,0.000000000000000000e+00,0.000000000000000000e+00,0.000000000000000000e+00,2.531645569620253125e-02,2.531645569620253125e-02,0.000000000000000000e+00,1.012658227848101250e-01,6.835443037974683334e-01,6.329113924050633333e-02,5.063291139240506250e-02,1.265822784810126563e-02,0.000000000000000000e+00,1.265822784810126563e-02,1.265822784810126563e-02
1.298701298701298787e-02,0.000000000000000000e+00,0.000000000000000000e+00,0.000000000000000000e+00,0.000000000000000000e+00,0.000000000000000000e+00,1.298701298701298787e-02,0.000000000000000000e+00,0.000000000000000000e+00,0.000000000000000000e+00,1.298701298701298787e-02,0.000000000000000000e+00,0.000000000000000000e+00,0.000000000000000000e+00,1.038961038961039030e-01,6.623376623376623362e-01,1.038961038961039030e-01,2.597402597402597574e-02,2.597402597402597574e-02,2.597402597402597574e-02,1.298701298701298787e-02
1.020408163265306041e-02,0.000000000000000000e+00,0.000000000000000000e+00,0.000000000000000000e+00,0.000000000000000000e+00,0.000000000000000000e+00,0.000000000000000000e+00,0.000000000000000000e+00,0.000000000000000000e+00,0.000000000000000000e+00,0.000000000000000000e+00,0.000000000000000000e+00,2.040816326530612082e-02,0.000000000000000000e+00,4.081632653061224164e-02,8.163265306122448328e-02,6.632653061224489388e-01,1.122448979591836732e-01,1.020408163265306041e-02,6.122448979591836593e-02,0.000000000000000000e+00
2.884615384615384776e-02,0.000000000000000000e+00,0.000000000000000000e+00,0.000000000000000000e+00,0.000000000000000000e+00,0.000000000000000000e+00,0.000000000000000000e+00,0.000000000000000000e+00,0.000000000000000000e+00,0.000000000000000000e+00,9.615384615384615918e-03,0.000000000000000000e+00,0.000000000000000000e+00,0.000000000000000000e+00,0.000000000000000000e+00,4.807692307692307959e-02,9.615384615384615918e-02,6.153846153846154188e-01,1.346153846153846090e-01,3.846153846153846367e-02,2.884615384615384776e-02
8.849557522123893682e-03,2.359882005899704982e-02,5.899705014749262455e-03,2.949852507374631227e-03,0.000000000000000000e+00,0.000000000000000000e+00,0.000000000000000000e+00,0.000000000000000000e+00,0.000000000000000000e+00,0.000000000000000000e+00,1.179941002949852491e-02,0.000000000000000000e+00,0.000000000000000000e+00,0.000000000000000000e+00,0.000000000000000000e+00,2.949852507374631227e-03,5.899705014749262455e-03,5.604719764011799332e-02,7.581120943952802671e-01,1.120943952802359866e-01,1.179941002949852491e-02
2.402957486136783616e-02,7.393715341959334469e-03,5.545286506469500852e-03,3.696857670979667235e-03,0.000000000000000000e+00,0.000000000000000000e+00,0.000000000000000000e+00,0.000000000000000000e+00,0.000000000000000000e+00,0.000000000000000000e+00,3.696857670979667235e-03,0.000000000000000000e+00,0.000000000000000000e+00,0.000000000000000000e+00,0.000000000000000000e+00,7.393715341959334469e-03,3.696857670979667235e-03,7.393715341959334469e-03,6.469500924214417747e-02,7.634011090573012970e-01,1.090573012939001912e-01
1.008547008547008572e-01,1.880341880341880254e-02,8.547008547008547868e-03,6.837606837606837601e-03,1.709401709401709400e-03,1.709401709401709400e-03,0.000000000000000000e+00,0.000000000000000000e+00,0.000000000000000000e+00,0.000000000000000000e+00,3.418803418803418800e-03,0.000000000000000000e+00,1.709401709401709400e-03,0.000000000000000000e+00,0.000000000000000000e+00,0.000000000000000000e+00,0.000000000000000000e+00,3.418803418803418800e-03,1.709401709401709574e-02,1.025641025641025605e-01,7.333333333333332815e-01
