7.674418604651163101e-01,0.000000000000000000e+00,2.325581395348837177e-02,9.302325581395348708e-02,2.325581395348837177e-02,0.000000000000000000e+00,0.000000000000000000e+00,0.000000000000000000e+00,0.000000000000000000e+00,0.000000000000000000e+00,2.325581395348837177e-02,0.000000000000000000e+00,0.000000000000000000e+00,0.000000000000000000e+00,0.000000000000000000e+00,2.325581395348837177e-02,0.000000000000000000e+00,0.000000000000000000e+00,0.000000000000000000e+00,0.000000000000000000e+00,0.000000000000000000e+00,4.651162790697674354e-02
1.000000000000000056e-01,5.999999999999999778e-01,6.666666666666666574e-02,6.666666666666666574e-02,3.333333333333333287e-02,3.333333333333333287e-02,0.000000000000000000e+00,3.333333333333333287e-02,0.000000000000000000e+00,0.000000000000000000e+00,3.333333333333333287e-02,0.000000000000000000e+00,0.000000000000000000e+00,0.000000000000000000e+00,0.000000000000000000e+00,0.000000000000000000e+00,0.000000000000000000e+00,0.000000000000000000e+00,0.000000000000000000e+00,0.000000000000000000e+00,0.000000000000000000e+00,3.333333333333333287e-02
3.278688524590164105e-02,1.311475409836065642e-01,7.540983606557376540e-01,6.557377049180328210e-02,0.000000000000000000e+00,0.000000000000000000e+00,0.000000000000000000e+00,0.000000000000000000e+00,0.000000000000000000e+00,0.000000000000000000e+00,0.000000000000000000e+00,0.000000000000000000e+00,0.000000000000000000e+00,1.639344262295082053e-02,0.000000000000000000e+00,0.000000000000000000e+00,0.000000000000000000e+00,0.000000000000000000e+00,0.000000000000000000e+00,0.000000000000000000e+00,0.000000000000000000e+00,0.000000000000000000e+00
2.500000000000000139e-02,0.000000000000000000e+00,1.000000000000000056e-01,6.875000000000000000e-01,6.250000000000000000e-02,5.000000000000000278e-02,1.250000000000000069e-02,0.000000000000000000e+00,1.250000000000000069e-02,1.250000000000000069e-02,0.000000000000000000e+00,1.250000000000000069e-02,0.000000000000000000e+00,0.000000000000000000e+00,0.000000000000000000e+00,0.000000000000000000e+00,0.000000000000000000e+00,0.000000000000000000e+00,0.000000000000000000e+00,0.000000000000000000e+00,0.000000000000000000e+00,2.500000000000000139e-02
0.000000000000000000e+00,0.000000000000000000e+00,0.000000000000000000e+00,1.052631578947368363e-01,6.578947368421053099e-01,1.052631578947368363e-01,2.631578947368420907e-02,2.631578947368420907e-02,2.631578947368420907e-02,1.315789473684210453e-02,1.315789473684210453e-02,0.000000000000000000e+00,0.000000000000000000e+00,0.000000000000000000e+00,0.000000000000000000e+00,0.000000000000000000e+00,1.315789473684210453e-02,0.000000000000000000e+00,0.000000000000000000e+00,0.000000000000000000e+00,0.000000000000000000e+00,1.315789473684210453e-02
0.000000000000000000e+00,2.040816326530612082e-02,0.000000000000000000e+00,4.081632653061224164e-02,8.163265306122448328e-02,6.632653061224489388e-01,1.122448979591836732e-01,1.020408163265306041e-02,6.122448979591836593e-02,0.000000000000000000e+00,1.020408163265306041e-02,0.000000000000000000e+00,0.000000000000000000e+00,0.000000000000000000e+00,0.000000000000000000e+00,0.000000000000000000e+00,0.000000000000000000e+00,0.000000000000000000e+00,0.000000000000000000e+00,0.000000000000000000e+00,0.000000000000000000e+00,0.000000000000000000e+00
0.000000000000000000e+00,0.000000000000000000e+00,0.000000000000000000e+00,0.000000000000000000e+00,4.807692307692307959e-02,9.615384615384615918e-02,6.153846153846154188e-01,1.346153846153846090e-01,3.846153846153846367e-02,2.884615384615384776e-02,2.884615384615384776e-02,0.000000000000000000e+00,0.000000000000000000e+00,0.000000000000000000e+00,0.000000000000000000e+00,0.000000000000000000e+00,0.000000000000000000e+00,0.000000000000000000e+00,0.000000000000000000e+00,0.000000000000000000e+00,0.000000000000000000e+00,9.615384615384615918e-03
0.000000000000000000e+00,0.000000000000000000e+00,0.000000000000000000e+00,0.000000000000000000e+00,2.949852507374631227e-03,5.899705014749262455e-03,5.604719764011799332e-02,7.581120943952802671e-01,1.120943952802359866e-01,1.179941002949852491e-02,8.849557522123893682e-03,2.359882005899704982e-02,5.899705014749262455e-03,2.949852507374631227e-03,0.000000000000000000e+00,0.000000000000000000e+00,0.000000000000000000e+00,0.000000000000000000e+00,0.000000000000000000e+00,0.000000000000000000e+00,0.000000000000000000e+00,1.179941002949852491e-02
0.000000000000000000e+00,0.000000000000000000e+00,0.000000000000000000e+00,0.000000000000000000e+00,7.380073800738007166e-03,3.690036900369003583e-03,7.380073800738007166e-03,6.457564575645756422e-02,7.619926199261992661e-01,1.107011070110701101e-01,2.398523985239852524e-02,7.380073800738007166e-03,5.535055350553505157e-03,3.690036900369003583e-03,0.000000000000000000e+00,0.000000000000000000e+00,0.000000000000000000e+00,0.000000000000000000e+00,0.000000000000000000e+00,0.000000000000000000e+00,0.000000000000000000e+00,3.690036900369003583e-03
0.000000000000000000e+00,1.709401709401709400e-03,0.000000000000000000e+00,0.000000000000000000e+00,0.000000000000000000e+00,0.000000000000000000e+00,3.418803418803418800e-03,1.709401709401709574e-02,1.042735042735042778e-01,7.316239316239315782e-01,1.008547008547008572e-01,1.880341880341880254e-02,8.547008547008547868e-03,6.837606837606837601e-03,1.709401709401709400e-03,1.709401709401709400e-03,0.000000000000000000e+00,0.000000000000000000e+00,0.000000000000000000e+00,0.000000000000000000e+00,0.000000000000000000e+00,3.418803418803418800e-03
0.000000000000000000e+00,2.016129032258064460e-03,0.000000000000000000e+00,4.032258064516128920e-03,0.000000000000000000e+00,8.064516129032257841e-03,4.032258064516128920e-03,1.612903225806451568e-02,2.016129032258064460e-02,1.330645161290322509e-01,6.814516129032257563e-01,7.056451612903226478e-02,2.822580645161290244e-02,1.008064516129032230e-02,8.064516129032257841e-03,0.000000000000000000e+00,2.016129032258064460e-03,0.000000000000000000e+00,0.000000000000000000e+00,4.032258064516128920e-03,0.000000000000000000e+00,8.064516129032257841e-03
0.000000000000000000e+00,0.000000000000000000e+00,0.000000000000000000e+00,0.000000000000000000e+00,4.484304932735425943e-03,4.484304932735425943e-03,0.000000000000000000e+00,8.968609865470851886e-03,1.793721973094170377e-02,4.932735426008968277e-02,1.748878923766816196e-01,5.515695067264574369e-01,1.076233183856502296e-01,1.793721973094170377e-02,1.793721973094170377e-02,1.345291479820627870e-02,4.484304932735425943e-03,4.484304932735425943e-03,4.484304932735425943e-03,0.000000000000000000e+00,0.000000000000000000e+00,1.793721973094170377e-02
0.000000000000000000e+00,0.000000000000000000e+00,0.000000000000000000e+00,0.000000000000000000e+00,0.000000000000000000e+00,0.000000000000000000e+00,1.226993865030674875e-02,1.226993865030674875e-02,1.226993865030674875e-02,5.521472392638036852e-02,6.134969325153374203e-02,1.288343558282208645e-01,5.582822085889570518e-01,6.748466257668711554e-02,2.453987730061349751e-02,1.226993865030674875e-02,0.000000000000000000e+00,2.453987730061349751e-02,0.000000000000000000e+00,6.134969325153374377e-03,0.000000000000000000e+00,2.453987730061349751e-02
0.000000000000000000e+00,0.000000000000000000e+00,0.000000000000000000e+00,0.000000000000000000e+00,0.000000000000000000e+00,0.000000000000000000e+00,0.000000000000000000e+00,1.234567901234567833e-02,2.469135802469135665e-02,2.469135802469135665e-02,1.358024691358024616e-01,1.111111111111111049e-01,1.234567901234567833e-01,4.444444444444444198e-01,6.172839506172839164e-02,1.234567901234567833e-02,0.000000000000000000e+00,0.000000000000000000e+00,2.469135802469135665e-02,0.000000000000000000e+00,0.000000000000000000e+00,2.469135802469135665e-02
0.000000000000000000e+00,0.000000000000000000e+00,0.000000000000000000e+00,0.000000000000000000e+00,0.000000000000000000e+00,0.000000000000000000e+00,0.000000000000000000e+00,2.222222222222222307e-02,0.000000000000000000e+00,2.222222222222222307e-02,4.444444444444444614e-02,8.888888888888889228e-02,1.777777777777777846e-01,1.333333333333333315e-01,2.666666666666666630e-01,4.444444444444444614e-02,4.444444444444444614e-02,2.222222222222222307e-02,0.000000000000000000e+00,2.222222222222222307e-02,0.000000000000000000e+00,1.111111111111111049e-01
0.000000000000000000e+00,0.000000000000000000e+00,0.000000000000000000e+00,0.000000000000000000e+00,0.000000000000000000e+00,3.225806451612903136e-02,0.000000000000000000e+00,0.000000000000000000e+00,0.000000000000000000e+00,0.000000000000000000e+00,9.677419354838709409e-02,3.225806451612903136e-02,1.290322580645161255e-01,0.000000000000000000e+00,1.935483870967741882e-01,2.903225806451613100e-01,1.935483870967741882e-01,0.000000000000000000e+00,0.000000000000000000e+00,0.000000000000000000e+00,0.000000000000000000e+00,3.225806451612903136e-02
0.000000000000000000e+00,0.000000000000000000e+00,2.777777777777777624e-02,0.000000000000000000e+00,0.000000000000000000e+00,0.000000000000000000e+00,0.000000000000000000e+00,0.000000000000000000e+00,0.000000000000000000e+00,0.000000000000000000e+00,8.333333333333332871e-02,5.555555555555555247e-02,2.777777777777777624e-02,5.555555555555555247e-02,0.000000000000000000e+00,8.333333333333332871e-02,6.111111111111111605e-01,2.777777777777777624e-02,0.000000000000000000e+00,2.777777777777777624e-02,0.000000000000000000e+00,0.000000000000000000e+00
0.000000000000000000e+00,0.000000000000000000e+00,0.000000000000000000e+00,0.000000000000000000e+00,0.000000000000000000e+00,0.000000000000000000e+00,0.000000000000000000e+00,0.000000000000000000e+00,0.000000000000000000e+00,0.000000000000000000e+00,2.000000000000000111e-01,0.000000000000000000e+00,0.000000000000000000e+00,1.333333333333333315e-01,6.666666666666666574e-02,1.333333333333333315e-01,6.666666666666666574e-02,2.666666666666666630e-01,0.000000000000000000e+00,0.000000000000000000e+00,0.000000000000000000e+00,1.333333333333333315e-01
0.000000000000000000e+00,0.000000000000000000e+00,0.000000000000000000e+00,0.000000000000000000e+00,0.000000000000000000e+00,0.000000000000000000e+00,0.000000000000000000e+00,0.000000000000000000e+00,0.000000000000000000e+00,0.000000000000000000e+00,8.333333333333332871e-02,0.000000000000000000e+00,8.333333333333332871e-02,1.666666666666666574e-01,8.333333333333332871e-02,0.000000000000000000e+00,8.333333333333332871e-02,8.333333333333332871e-02,2.500000000000000000e-01,8.333333333333332871e-02,0.000000000000000000e+00,8.333333333333332871e-02
0.000000000000000000e+00,0.000000000000000000e+00,0.000000000000000000e+00,0.000000000000000000e+00,0.000000000000000000e+00,0.000000000000000000e+00,0.000000000000000000e+00,0.000000000000000000e+00,0.000000000000000000e+00,4.166666666666666435e-02,0.000000000000000000e+00,0.000000000000000000e+00,8.333333333333332871e-02,4.166666666666666435e-02,0.000000000000000000e+00,4.166666666666666435e-02,0.000000000000000000e+00,0.000000000000000000e+00,0.000000000000000000e+00,6.666666666666666297e-01,0.000000000000000000e+00,1.250000000000000000e-01
0.000000000000000000e+00,0.000000000000000000e+00,0.000000000000000000e+00,0.000000000000000000e+00,0.000000000000000000e+00,0.000000000000000000e+00,0.000000000000000000e+00,0.000000000000000000e+00,0.000000000000000000e+00,0.000000000000000000e+00,0.000000000000000000e+00,0.000000000000000000e+00,2.000000000000000111e-01,0.000000000000000000e+00,0.000000000000000000e+00,2.000000000000000111e-01,0.000000000000000000e+00,0.000000000000000000e+00,0.000000000000000000e+00,0.000000000000000000e+00,4.000000000000000222e-01,2.000000000000000111e-01
8.928571428571428076e-03,0.000000000000000000e+00,0.000000000000000000e+00,0.000000000000000000e+00,0.000000000000000000e+00,8.928571428571428076e-03,8.928571428571428076e-03,0.000000000000000000e+00,8.928571428571428076e-03,1.785714285714285615e-02,2.678571428571428423e-02,3.571428571428571230e-02,5.357142857142856845e-02,4.464285714285714385e-02,3.571428571428571230e-02,2.678571428571428423e-02,2.678571428571428423e-02,1.785714285714285615e-02,2.678571428571428423e-02,1.785714285714285615e-02,1.785714285714285615e-02,6.160714285714286031e-01
