7.369369369369369593e-01,6.846846846846846302e-02,1.981981981981981861e-02,5.405405405405405705e-03,3.603603603603603659e-03,1.801801801801801830e-03,3.603603603603603659e-03,1.801801801801801830e-03,1.801801801801801830e-03,3.603603603603603659e-03,1.801801801801801830e-03,0.000000000000000000e+00,0.000000000000000000e+00,0.000000000000000000e+00,1.801801801801801830e-03,0.000000000000000000e+00,0.000000000000000000e+00,5.405405405405405705e-03,9.009009009009008931e-03,3.063063063063063002e-02,1.045045045045045057e-01
1.422924901185770863e-01,6.007905138339920681e-01,1.225296442687747039e-01,1.185770750988142212e-02,1.185770750988142212e-02,3.952569169960474041e-03,1.185770750988142212e-02,7.905138339920948082e-03,0.000000000000000000e+00,0.000000000000000000e+00,1.185770750988142212e-02,0.000000000000000000e+00,0.000000000000000000e+00,0.000000000000000000e+00,0.000000000000000000e+00,0.000000000000000000e+00,0.000000000000000000e+00,7.905138339920948082e-03,1.185770750988142212e-02,7.905138339920948082e-03,4.743083003952568849e-02
6.521739130434782428e-02,1.391304347826086973e-01,5.652173913043477826e-01,6.956521739130434867e-02,3.478260869565217434e-02,4.347826086956521792e-03,1.304347826086956451e-02,8.695652173913043584e-03,0.000000000000000000e+00,8.695652173913043584e-03,3.043478260869565341e-02,0.000000000000000000e+00,0.000000000000000000e+00,0.000000000000000000e+00,0.000000000000000000e+00,0.000000000000000000e+00,0.000000000000000000e+00,8.695652173913043584e-03,4.347826086956521792e-03,1.304347826086956451e-02,3.478260869565217434e-02
5.555555555555555247e-02,7.142857142857142461e-02,1.428571428571428492e-01,5.396825396825396526e-01,8.730158730158729674e-02,3.968253968253968034e-02,7.936507936507936067e-03,0.000000000000000000e+00,0.000000000000000000e+00,0.000000000000000000e+00,3.174603174603174427e-02,0.000000000000000000e+00,0.000000000000000000e+00,0.000000000000000000e+00,0.000000000000000000e+00,0.000000000000000000e+00,0.000000000000000000e+00,7.936507936507936067e-03,0.000000000000000000e+00,0.000000000000000000e+00,1.587301587301587213e-02
9.230769230769231282e-02,3.076923076923077094e-02,1.384615384615384692e-01,1.692307692307692402e-01,3.846153846153846367e-01,9.230769230769231282e-02,1.538461538461538547e-02,3.076923076923077094e-02,0.000000000000000000e+00,0.000000000000000000e+00,0.000000000000000000e+00,1.538461538461538547e-02,0.000000000000000000e+00,0.000000000000000000e+00,0.000000000000000000e+00,0.000000000000000000e+00,0.000000000000000000e+00,0.000000000000000000e+00,0.000000000000000000e+00,1.538461538461538547e-02,1.538461538461538547e-02
0.000000000000000000e+00,3.333333333333333287e-02,3.333333333333333287e-02,1.000000000000000056e-01,2.666666666666666630e-01,4.000000000000000222e-01,3.333333333333333287e-02,0.000000000000000000e+00,0.000000000000000000e+00,0.000000000000000000e+00,6.666666666666666574e-02,0.000000000000000000e+00,0.000000000000000000e+00,0.000000000000000000e+00,0.000000000000000000e+00,0.000000000000000000e+00,0.000000000000000000e+00,0.000000000000000000e+00,0.000000000000000000e+00,0.000000000000000000e+00,6.666666666666666574e-02
0.000000000000000000e+00,0.000000000000000000e+00,7.142857142857142461e-02,7.142857142857142461e-02,7.142857142857142461e-02,7.142857142857142461e-02,3.928571428571428492e-01,7.142857142857142461e-02,3.571428571428571230e-02,0.000000000000000000e+00,7.142857142857142461e-02,0.000000000000000000e+00,0.000000000000000000e+00,0.000000000000000000e+00,0.000000000000000000e+00,0.000000000000000000e+00,0.000000000000000000e+00,0.000000000000000000e+00,3.571428571428571230e-02,3.571428571428571230e-02,7.142857142857142461e-02
0.000000000000000000e+00,0.000000000000000000e+00,7.142857142857142461e-02,0.000000000000000000e+00,0.000000000000000000e+00,7.142857142857142461e-02,1.071428571428571369e-01,5.357142857142856984e-01,3.571428571428571230e-02,3.571428571428571230e-02,1.071428571428571369e-01,0.000000000000000000e+00,0.000000000000000000e+00,0.000000000000000000e+00,0.000000000000000000e+00,0.000000000000000000e+00,0.000000000000000000e+00,3.571428571428571230e-02,0.000000000000000000e+00,0.000000000000000000e+00,0.000000000000000000e+00
8.333333333333332871e-02,0.000000000000000000e+00,0.000000000000000000e+00,8.333333333333332871e-02,0.000000000000000000e+00,8.333333333333332871e-02,0.000000000000000000e+00,1.666666666666666574e-01,2.500000000000000000e-01,8.333333333333332871e-02,2.500000000000000000e-01,0.000000000000000000e+00,0.000000000000000000e+00,0.000000000000000000e+00,0.000000000000000000e+00,0.000000000000000000e+00,0.000000000000000000e+00,0.000000000000000000e+00,0.000000000000000000e+00,0.000000000000000000e+00,0.000000000000000000e+00
1.428571428571428492e-01,0.000000000000000000e+00,1.428571428571428492e-01,1.428571428571428492e-01,1.428571428571428492e-01,0.000000000000000000e+00,0.000000000000000000e+00,0.000000000000000000e+00,0.000000000000000000e+00,1.428571428571428492e-01,2.857142857142856984e-01,0.000000000000000000e+00,0.000000000000000000e+00,0.000000000000000000e+00,0.000000000000000000e+00,0.000000000000000000e+00,0.000000000000000000e+00,0.000000000000000000e+00,0.000000000000000000e+00,0.000000000000000000e+00,0.000000000000000000e+00
6.060606060606060774e-02,4.545454545454545581e-02,6.060606060606060774e-02,7.575757575757575968e-02,6.060606060606060774e-02,1.515151515151515194e-02,3.030303030303030387e-02,0.000000000000000000e+00,6.060606060606060774e-02,3.030303030303030387e-02,5.303030303030302761e-01,0.000000000000000000e+00,0.000000000000000000e+00,0.000000000000000000e+00,0.000000000000000000e+00,1.515151515151515194e-02,0.000000000000000000e+00,1.515151515151515194e-02,0.000000000000000000e+00,0.000000000000000000e+00,0.000000000000000000e+00
0.000000000000000000e+00,0.000000000000000000e+00,0.000000000000000000e+00,0.000000000000000000e+00,0.000000000000000000e+00,0.000000000000000000e+00,0.000000000000000000e+00,0.000000000000000000e+00,0.000000000000000000e+00,0.000000000000000000e+00,0.000000000000000000e+00,6.206896551724138122e-01,1.034482758620689641e-01,1.034482758620689641e-01,3.448275862068965469e-02,0.000000000000000000e+00,6.896551724137930939e-02,6.896551724137930939e-02,0.000000000000000000e+00,0.000000000000000000e+00,0.000000000000000000e+00
0.000000000000000000e+00,0.000000000000000000e+00,0.000000000000000000e+00,0.000000000000000000e+00,0.000000000000000000e+00,0.000000000000000000e+00,0.000000000000000000e+00,0.000000000000000000e+00,0.000000000000000000e+00,0.000000000000000000e+00,0.000000000000000000e+00,1.875000000000000000e-01,3.125000000000000000e-01,3.125000000000000000e-01,6.250000000000000000e-02,1.250000000000000000e-01,0.000000000000000000e+00,0.000000000000000000e+00,0.000000000000000000e+00,0.000000000000000000e+00,0.000000000000000000e+00
4.347826086956521618e-02,0.000000000000000000e+00,0.000000000000000000e+00,0.000000000000000000e+00,0.000000000000000000e+00,0.000000000000000000e+00,0.000000000000000000e+00,0.000000000000000000e+00,0.000000000000000000e+00,0.000000000000000000e+00,0.000000000000000000e+00,8.695652173913043237e-02,1.739130434782608647e-01,5.217391304347825942e-01,8.695652173913043237e-02,8.695652173913043237e-02,0.000000000000000000e+00,0.000000000000000000e+00,0.000000000000000000e+00,0.000000000000000000e+00,0.000000000000000000e+00
2.173913043478260809e-02,0.000000000000000000e+00,0.000000000000000000e+00,0.000000000000000000e+00,0.000000000000000000e+00,0.000000000000000000e+00,0.000000000000000000e+00,0.000000000000000000e+00,0.000000000000000000e+00,0.000000000000000000e+00,0.000000000000000000e+00,2.173913043478260809e-02,2.173913043478260809e-02,8.695652173913043237e-02,7.173913043478260532e-01,4.347826086956521618e-02,2.173913043478260809e-02,2.173913043478260809e-02,0.000000000000000000e+00,2.173913043478260809e-02,2.173913043478260809e-02
0.000000000000000000e+00,0.000000000000000000e+00,0.000000000000000000e+00,0.000000000000000000e+00,0.000000000000000000e+00,0.000000000000000000e+00,0.000000000000000000e+00,0.000000000000000000e+00,0.000000000000000000e+00,0.000000000000000000e+00,2.380952380952380820e-02,0.000000000000000000e+00,2.380952380952380820e-02,0.000000000000000000e+00,1.190476190476190410e-01,5.238095238095238360e-01,1.190476190476190410e-01,9.523809523809523281e-02,2.380952380952380820e-02,0.000000000000000000e+00,7.142857142857142461e-02
0.000000000000000000e+00,0.000000000000000000e+00,0.000000000000000000e+00,0.000000000000000000e+00,0.000000000000000000e+00,0.000000000000000000e+00,0.000000000000000000e+00,0.000000000000000000e+00,0.000000000000000000e+00,0.000000000000000000e+00,0.000000000000000000e+00,0.000000000000000000e+00,1.123595505617977497e-02,1.123595505617977497e-02,0.000000000000000000e+00,6.741573033707864981e-02,6.966292134831461036e-01,1.797752808988763995e-01,1.123595505617977497e-02,2.247191011235954994e-02,0.000000000000000000e+00
1.874999999999999931e-02,1.250000000000000069e-02,0.000000000000000000e+00,0.000000000000000000e+00,0.000000000000000000e+00,0.000000000000000000e+00,0.000000000000000000e+00,0.000000000000000000e+00,0.000000000000000000e+00,0.000000000000000000e+00,0.000000000000000000e+00,1.250000000000000069e-02,6.250000000000000347e-03,0.000000000000000000e+00,0.000000000000000000e+00,1.874999999999999931e-02,1.187499999999999944e-01,6.562500000000000000e-01,8.125000000000000278e-02,4.374999999999999722e-02,3.125000000000000000e-02
7.518796992481202590e-03,1.127819548872180389e-02,1.127819548872180389e-02,0.000000000000000000e+00,0.000000000000000000e+00,0.000000000000000000e+00,3.759398496240601295e-03,0.000000000000000000e+00,0.000000000000000000e+00,0.000000000000000000e+00,3.759398496240601295e-03,0.000000000000000000e+00,0.000000000000000000e+00,0.000000000000000000e+00,0.000000000000000000e+00,7.518796992481202590e-03,1.503759398496240518e-02,5.639097744360901943e-02,7.631578947368421462e-01,8.270676691729322849e-02,3.759398496240601295e-02
1.580135440180586992e-02,0.000000000000000000e+00,9.029345372460495858e-03,4.514672686230247929e-03,0.000000000000000000e+00,0.000000000000000000e+00,0.000000000000000000e+00,0.000000000000000000e+00,0.000000000000000000e+00,0.000000000000000000e+00,2.257336343115123965e-03,0.000000000000000000e+00,0.000000000000000000e+00,0.000000000000000000e+00,2.257336343115123965e-03,0.000000000000000000e+00,2.257336343115123965e-03,1.354401805869074465e-02,6.320541760722347968e-02,7.607223476297968467e-01,1.264108352144469594e-01
8.151382823871906880e-02,1.601164483260553162e-02,7.278020378457059590e-03,1.455604075691412005e-03,1.455604075691412005e-03,0.000000000000000000e+00,1.455604075691412005e-03,1.455604075691412005e-03,0.000000000000000000e+00,0.000000000000000000e+00,2.911208151382824010e-03,1.455604075691412005e-03,0.000000000000000000e+00,0.000000000000000000e+00,0.000000000000000000e+00,1.455604075691412005e-03,0.000000000000000000e+00,5.822416302765648019e-03,1.455604075691411918e-02,8.296943231441047950e-02,7.802037845705968033e-01
