6.153846153846154188e-01,2.051282051282051211e-01,5.128205128205128027e-02,5.128205128205128027e-02,5.128205128205128027e-02,0.000000000000000000e+00,0.000000000000000000e+00,2.564102564102564014e-02,0.000000000000000000e+00,0.000000000000000000e+00,0.000000000000000000e+00,0.000000000000000000e+00,0.000000000000000000e+00,0.000000000000000000e+00,0.000000000000000000e+00,0.000000000000000000e+00,0.000000000000000000e+00,0.000000000000000000e+00,0.000000000000000000e+00,0.000000000000000000e+00,0.000000000000000000e+00,0.000000000000000000e+00
1.111111111111111049e-01,1.666666666666666574e-01,1.666666666666666574e-01,2.777777777777777901e-01,0.000000000000000000e+00,0.000000000000000000e+00,0.000000000000000000e+00,1.111111111111111049e-01,1.111111111111111049e-01,0.000000000000000000e+00,5.555555555555555247e-02,0.000000000000000000e+00,0.000000000000000000e+00,0.000000000000000000e+00,0.000000000000000000e+00,0.000000000000000000e+00,0.000000000000000000e+00,0.000000000000000000e+00,0.000000000000000000e+00,0.000000000000000000e+00,0.000000000000000000e+00,0.000000000000000000e+00
3.030303030303030387e-02,0.000000000000000000e+00,3.939393939393939226e-01,3.030303030303030387e-01,6.060606060606060774e-02,1.212121212121212155e-01,3.030303030303030387e-02,0.000000000000000000e+00,3.030303030303030387e-02,0.000000000000000000e+00,0.000000000000000000e+00,0.000000000000000000e+00,0.000000000000000000e+00,0.000000000000000000e+00,0.000000000000000000e+00,0.000000000000000000e+00,0.000000000000000000e+00,0.000000000000000000e+00,0.000000000000000000e+00,0.000000000000000000e+00,0.000000000000000000e+00,3.030303030303030387e-02
0.000000000000000000e+00,2.061855670103092744e-02,2.061855670103092744e-02,7.319587628865978912e-01,9.278350515463917869e-02,5.154639175257731687e-02,4.123711340206185488e-02,2.061855670103092744e-02,0.000000000000000000e+00,0.000000000000000000e+00,0.000000000000000000e+00,1.030927835051546372e-02,0.000000000000000000e+00,0.000000000000000000e+00,0.000000000000000000e+00,0.000000000000000000e+00,0.000000000000000000e+00,0.000000000000000000e+00,0.000000000000000000e+00,0.000000000000000000e+00,0.000000000000000000e+00,1.030927835051546372e-02
1.162790697674418589e-02,1.162790697674418589e-02,4.651162790697674354e-02,4.651162790697674354e-02,5.116279069767442067e-01,1.860465116279069742e-01,4.651162790697674354e-02,5.813953488372092943e-02,2.325581395348837177e-02,0.000000000000000000e+00,2.325581395348837177e-02,2.325581395348837177e-02,0.000000000000000000e+00,0.000000000000000000e+00,0.000000000000000000e+00,0.000000000000000000e+00,0.000000000000000000e+00,0.000000000000000000e+00,0.000000000000000000e+00,0.000000000000000000e+00,0.000000000000000000e+00,1.162790697674418589e-02
7.751937984496123923e-03,0.000000000000000000e+00,7.751937984496123923e-03,2.325581395348837177e-02,8.527131782945736316e-02,5.736434108527131981e-01,1.627906976744186163e-01,5.426356589147286746e-02,2.325581395348837177e-02,3.100775193798449569e-02,7.751937984496123923e-03,7.751937984496123923e-03,7.751937984496123923e-03,0.000000000000000000e+00,0.000000000000000000e+00,0.000000000000000000e+00,0.000000000000000000e+00,0.000000000000000000e+00,0.000000000000000000e+00,0.000000000000000000e+00,0.000000000000000000e+00,7.751937984496123923e-03
0.000000000000000000e+00,0.000000000000000000e+00,0.000000000000000000e+00,0.000000000000000000e+00,2.150537634408602322e-02,5.376344086021505458e-02,5.430107526881720048e-01,2.419354838709677491e-01,7.526881720430107781e-02,4.301075268817204644e-02,1.612903225806451568e-02,0.000000000000000000e+00,0.000000000000000000e+00,0.000000000000000000e+00,0.000000000000000000e+00,0.000000000000000000e+00,5.376344086021505805e-03,0.000000000000000000e+00,0.000000000000000000e+00,0.000000000000000000e+00,0.000000000000000000e+00,0.000000000000000000e+00
3.773584905660377388e-03,0.000000000000000000e+00,0.000000000000000000e+00,3.773584905660377388e-03,3.773584905660377388e-03,2.641509433962264258e-02,6.037735849056603821e-02,4.716981132075471761e-01,2.679245283018867885e-01,9.056603773584905037e-02,3.018867924528301910e-02,1.509433962264150955e-02,1.132075471698113130e-02,0.000000000000000000e+00,0.000000000000000000e+00,0.000000000000000000e+00,3.773584905660377388e-03,0.000000000000000000e+00,0.000000000000000000e+00,0.000000000000000000e+00,3.773584905660377388e-03,7.547169811320754776e-03
4.016064257028112081e-03,0.000000000000000000e+00,0.000000000000000000e+00,2.008032128514056040e-03,4.016064257028112081e-03,6.024096385542168988e-03,2.208835341365461905e-02,6.224899598393573985e-02,5.983935742971887572e-01,1.927710843373494076e-01,5.421686746987951916e-02,8.032128514056224161e-03,2.008032128514056214e-02,8.032128514056224161e-03,2.008032128514056040e-03,2.008032128514056040e-03,0.000000000000000000e+00,0.000000000000000000e+00,2.008032128514056040e-03,0.000000000000000000e+00,2.008032128514056040e-03,1.004016064257028107e-02
0.000000000000000000e+00,0.000000000000000000e+00,0.000000000000000000e+00,0.000000000000000000e+00,0.000000000000000000e+00,3.546099290780141758e-03,3.546099290780141758e-03,2.304964539007092056e-02,1.099290780141844032e-01,6.258865248226950229e-01,1.648936170212765839e-01,2.482269503546099404e-02,1.063829787234042527e-02,1.063829787234042527e-02,7.092198581560283516e-03,0.000000000000000000e+00,0.000000000000000000e+00,3.546099290780141758e-03,1.773049645390070879e-03,5.319148936170212637e-03,0.000000000000000000e+00,5.319148936170212637e-03
0.000000000000000000e+00,0.000000000000000000e+00,0.000000000000000000e+00,0.000000000000000000e+00,1.992031872509960125e-03,3.984063745019920250e-03,5.976095617529880374e-03,1.992031872509960125e-02,3.585657370517928572e-02,1.075697211155378502e-01,6.414342629482071567e-01,1.414342629482071845e-01,1.593625498007968100e-02,1.195219123505976075e-02,3.984063745019920250e-03,1.992031872509960125e-03,0.000000000000000000e+00,0.000000000000000000e+00,1.992031872509960125e-03,0.000000000000000000e+00,0.000000000000000000e+00,5.976095617529880374e-03
0.000000000000000000e+00,0.000000000000000000e+00,4.048582995951417046e-03,0.000000000000000000e+00,0.000000000000000000e+00,4.048582995951417046e-03,0.000000000000000000e+00,1.214574898785425114e-02,4.048582995951417046e-02,6.882591093117408632e-02,1.497975708502024272e-01,5.222672064777328371e-01,1.093117408906882637e-01,4.048582995951417046e-02,2.024291497975708523e-02,4.048582995951417046e-03,0.000000000000000000e+00,0.000000000000000000e+00,0.000000000000000000e+00,4.048582995951417046e-03,0.000000000000000000e+00,2.024291497975708523e-02
0.000000000000000000e+00,0.000000000000000000e+00,0.000000000000000000e+00,0.000000000000000000e+00,0.000000000000000000e+00,6.622516556291390723e-03,1.324503311258278145e-02,6.622516556291390723e-03,5.960264900662251564e-02,2.649006622516556289e-02,7.947019867549669214e-02,8.609271523178807506e-02,4.701986754966887561e-01,8.609271523178807506e-02,2.649006622516556289e-02,1.986754966887417304e-02,6.622516556291390723e-03,1.324503311258278145e-02,0.000000000000000000e+00,6.622516556291390723e-03,2.649006622516556289e-02,6.622516556291391243e-02
0.000000000000000000e+00,0.000000000000000000e+00,0.000000000000000000e+00,0.000000000000000000e+00,0.000000000000000000e+00,0.000000000000000000e+00,1.162790697674418589e-02,2.325581395348837177e-02,3.488372093023255766e-02,3.488372093023255766e-02,4.651162790697674354e-02,1.395348837209302306e-01,1.046511627906976799e-01,3.720930232558139483e-01,1.046511627906976799e-01,2.325581395348837177e-02,4.651162790697674354e-02,0.000000000000000000e+00,1.162790697674418589e-02,1.162790697674418589e-02,0.000000000000000000e+00,3.488372093023255766e-02
1.818181818181818094e-02,0.000000000000000000e+00,0.000000000000000000e+00,0.000000000000000000e+00,0.000000000000000000e+00,0.000000000000000000e+00,1.818181818181818094e-02,3.636363636363636187e-02,1.818181818181818094e-02,1.818181818181818094e-02,9.090909090909091161e-02,1.818181818181818094e-02,9.090909090909091161e-02,1.272727272727272596e-01,3.818181818181818343e-01,5.454545454545454281e-02,0.000000000000000000e+00,0.000000000000000000e+00,3.636363636363636187e-02,1.818181818181818094e-02,0.000000000000000000e+00,7.272727272727272374e-02
0.000000000000000000e+00,0.000000000000000000e+00,0.000000000000000000e+00,0.000000000000000000e+00,0.000000000000000000e+00,0.000000000000000000e+00,0.000000000000000000e+00,0.000000000000000000e+00,4.166666666666666435e-02,0.000000000000000000e+00,0.000000000000000000e+00,4.166666666666666435e-02,0.000000000000000000e+00,1.250000000000000000e-01,4.166666666666666435e-02,2.500000000000000000e-01,1.250000000000000000e-01,1.250000000000000000e-01,1.250000000000000000e-01,0.000000000000000000e+00,0.000000000000000000e+00,1.250000000000000000e-01
0.000000000000000000e+00,0.000000000000000000e+00,0.000000000000000000e+00,0.000000000000000000e+00,0.000000000000000000e+00,0.000000000000000000e+00,4.166666666666666435e-02,0.000000000000000000e+00,4.166666666666666435e-02,4.166666666666666435e-02,4.166666666666666435e-02,0.000000000000000000e+00,4.166666666666666435e-02,1.666666666666666574e-01,4.166666666666666435e-02,8.333333333333332871e-02,1.250000000000000000e-01,4.166666666666666435e-02,8.333333333333332871e-02,0.000000000000000000e+00,4.166666666666666435e-02,2.083333333333333426e-01
7.692307692307692735e-02,0.000000000000000000e+00,0.000000000000000000e+00,0.000000000000000000e+00,0.000000000000000000e+00,0.000000000000000000e+00,0.000000000000000000e+00,0.000000000000000000e+00,0.000000000000000000e+00,0.000000000000000000e+00,2.307692307692307820e-01,0.000000000000000000e+00,7.692307692307692735e-02,7.692307692307692735e-02,0.000000000000000000e+00,7.692307692307692735e-02,0.000000000000000000e+00,1.538461538461538547e-01,2.307692307692307820e-01,0.000000000000000000e+00,0.000000000000000000e+00,7.692307692307692735e-02
0.000000000000000000e+00,0.000000000000000000e+00,0.000000000000000000e+00,0.000000000000000000e+00,0.000000000000000000e+00,0.000000000000000000e+00,0.000000000000000000e+00,0.000000000000000000e+00,3.846153846153846367e-02,3.846153846153846367e-02,1.538461538461538547e-01,0.000000000000000000e+00,3.846153846153846367e-02,0.000000000000000000e+00,1.153846153846153910e-01,7.692307692307692735e-02,3.846153846153846367e-02,0.000000000000000000e+00,3.461538461538461453e-01,0.000000000000000000e+00,3.846153846153846367e-02,1.153846153846153910e-01
5.882352941176470507e-02,0.000000000000000000e+00,0.000000000000000000e+00,0.000000000000000000e+00,0.000000000000000000e+00,0.000000000000000000e+00,0.000000000000000000e+00,5.882352941176470507e-02,0.000000000000000000e+00,0.000000000000000000e+00,5.882352941176470507e-02,1.176470588235294101e-01,5.882352941176470507e-02,0.000000000000000000e+00,0.000000000000000000e+00,5.882352941176470507e-02,0.000000000000000000e+00,0.000000000000000000e+00,5.882352941176470507e-02,2.941176470588235392e-01,0.000000000000000000e+00,2.352941176470588203e-01
0.000000000000000000e+00,0.000000000000000000e+00,0.000000000000000000e+00,0.000000000000000000e+00,0.000000000000000000e+00,0.000000000000000000e+00,0.000000000000000000e+00,0.000000000000000000e+00,1.111111111111111049e-01,1.111111111111111049e-01,0.000000000000000000e+00,0.000000000000000000e+00,1.111111111111111049e-01,0.000000000000000000e+00,2.222222222222222099e-01,0.000000000000000000e+00,1.111111111111111049e-01,1.111111111111111049e-01,0.000000000000000000e+00,0.000000000000000000e+00,0.000000000000000000e+00,2.222222222222222099e-01
0.000000000000000000e+00,0.000000000000000000e+00,7.575757575757575968e-03,0.000000000000000000e+00,7.575757575757575968e-03,0.000000000000000000e+00,7.575757575757575968e-03,1.515151515151515194e-02,3.030303030303030387e-02,2.272727272727272790e-02,3.030303030303030387e-02,4.545454545454545581e-02,6.060606060606060774e-02,2.272727272727272790e-02,2.272727272727272790e-02,7.575757575757575968e-03,7.575757575757575968e-02,1.515151515151515194e-02,4.545454545454545581e-02,3.787878787878787984e-02,1.515151515151515194e-02,5.303030303030302761e-01
