0.000000000000000000e+00,5.000000000000000000e-01,5.000000000000000000e-01,0.000000000000000000e+00,0.000000000000000000e+00,0.000000000000000000e+00,0.000000000000000000e+00,0.000000000000000000e+00,0.000000000000000000e+00,0.000000000000000000e+00,0.000000000000000000e+00,0.000000000000000000e+00,0.000000000000000000e+00,0.000000000000000000e+00,0.000000000000000000e+00,0.000000000000000000e+00,0.000000000000000000e+00,0.000000000000000000e+00,0.000000000000000000e+00,0.000000000000000000e+00,0.000000000000000000e+00,0.000000000000000000e+00
7.812500000000000000e-03,9.609375000000000000e-01,7.812500000000000000e-03,0.000000000000000000e+00,7.812500000000000000e-03,0.000000000000000000e+00,0.000000000000000000e+00,0.000000000000000000e+00,0.000000000000000000e+00,0.000000000000000000e+00,0.000000000000000000e+00,0.000000000000000000e+00,7.812500000000000000e-03,0.000000000000000000e+00,0.000000000000000000e+00,0.000000000000000000e+00,0.000000000000000000e+00,0.000000000000000000e+00,0.000000000000000000e+00,0.000000000000000000e+00,7.812500000000000000e-03,0.000000000000000000e+00
2.141327623126338450e-03,8.565310492505353798e-03,9.229122055674517933e-01,6.638115631691648977e-02,0.000000000000000000e+00,0.000000000000000000e+00,0.000000000000000000e+00,0.000000000000000000e+00,0.000000000000000000e+00,0.000000000000000000e+00,0.000000000000000000e+00,0.000000000000000000e+00,0.000000000000000000e+00,0.000000000000000000e+00,0.000000000000000000e+00,0.000000000000000000e+00,0.000000000000000000e+00,0.000000000000000000e+00,0.000000000000000000e+00,0.000000000000000000e+00,0.000000000000000000e+00,0.000000000000000000e+00
0.000000000000000000e+00,9.900990099009901110e-04,3.366336633663366551e-02,8.940594059405940763e-01,5.841584158415841915e-02,5.940594059405940666e-03,1.980198019801980222e-03,1.980198019801980222e-03,9.900990099009901110e-04,0.000000000000000000e+00,0.000000000000000000e+00,0.000000000000000000e+00,0.000000000000000000e+00,9.900990099009901110e-04,0.000000000000000000e+00,0.000000000000000000e+00,0.000000000000000000e+00,0.000000000000000000e+00,0.000000000000000000e+00,0.000000000000000000e+00,0.000000000000000000e+00,9.900990099009901110e-04
0.000000000000000000e+00,0.000000000000000000e+00,1.164144353899883560e-03,6.519208381839347588e-02,8.218859138533177733e-01,7.916181606519208380e-02,6.984866123399301359e-03,3.492433061699650679e-03,4.656577415599534239e-03,2.328288707799767120e-03,1.164144353899883560e-03,0.000000000000000000e+00,0.000000000000000000e+00,4.656577415599534239e-03,1.164144353899883560e-03,1.164144353899883560e-03,0.000000000000000000e+00,1.164144353899883560e-03,0.000000000000000000e+00,1.164144353899883560e-03,0.000000000000000000e+00,4.656577415599534239e-03
0.000000000000000000e+00,0.000000000000000000e+00,2.136752136752136967e-03,8.547008547008547868e-03,1.538461538461538547e-01,7.136752136752136932e-01,5.982905982905983161e-02,2.350427350427350404e-02,6.410256410256410034e-03,6.410256410256410034e-03,1.068376068376068397e-02,0.000000000000000000e+00,0.000000000000000000e+00,0.000000000000000000e+00,2.136752136752136967e-03,0.000000000000000000e+00,0.000000000000000000e+00,0.000000000000000000e+00,4.273504273504273934e-03,0.000000000000000000e+00,4.273504273504273934e-03,4.273504273504273934e-03
0.000000000000000000e+00,8.333333333333333218e-03,0.000000000000000000e+00,1.666666666666666644e-02,5.000000000000000278e-02,2.416666666666666685e-01,4.249999999999999889e-01,5.833333333333333426e-02,8.333333333333332871e-02,2.500000000000000139e-02,1.666666666666666644e-02,8.333333333333333218e-03,0.000000000000000000e+00,1.666666666666666644e-02,8.333333333333333218e-03,8.333333333333333218e-03,8.333333333333333218e-03,0.000000000000000000e+00,0.000000000000000000e+00,0.000000000000000000e+00,0.000000000000000000e+00,2.500000000000000139e-02
0.000000000000000000e+00,0.000000000000000000e+00,0.000000000000000000e+00,0.000000000000000000e+00,8.064516129032257841e-02,8.064516129032257841e-02,1.612903225806451568e-01,4.677419354838709409e-01,1.451612903225806550e-01,3.225806451612903136e-02,0.000000000000000000e+00,0.000000000000000000e+00,0.000000000000000000e+00,0.000000000000000000e+00,1.612903225806451568e-02,1.612903225806451568e-02,0.000000000000000000e+00,0.000000000000000000e+00,0.000000000000000000e+00,0.000000000000000000e+00,0.000000000000000000e+00,0.000000000000000000e+00
0.000000000000000000e+00,0.000000000000000000e+00,0.000000000000000000e+00,1.204819277108433798e-02,4.819277108433735191e-02,9.638554216867470381e-02,8.433734939759035543e-02,7.228915662650602092e-02,4.939759036144578119e-01,9.638554216867470381e-02,1.204819277108433798e-02,1.204819277108433798e-02,0.000000000000000000e+00,0.000000000000000000e+00,2.409638554216867595e-02,1.204819277108433798e-02,0.000000000000000000e+00,0.000000000000000000e+00,0.000000000000000000e+00,0.000000000000000000e+00,0.000000000000000000e+00,3.614457831325301046e-02
0.000000000000000000e+00,0.000000000000000000e+00,0.000000000000000000e+00,0.000000000000000000e+00,0.000000000000000000e+00,2.061855670103092744e-02,5.154639175257731687e-02,2.061855670103092744e-02,5.154639175257731687e-02,5.773195876288659267e-01,6.185567010309278579e-02,5.154639175257731687e-02,3.092783505154639290e-02,0.000000000000000000e+00,2.061855670103092744e-02,4.123711340206185488e-02,2.061855670103092744e-02,0.000000000000000000e+00,0.000000000000000000e+00,0.000000000000000000e+00,0.000000000000000000e+00,5.154639175257731687e-02
0.000000000000000000e+00,0.000000000000000000e+00,0.000000000000000000e+00,0.000000000000000000e+00,2.777777777777777624e-02,0.000000000000000000e+00,0.000000000000000000e+00,0.000000000000000000e+00,1.111111111111111049e-01,8.333333333333332871e-02,3.888888888888888951e-01,5.555555555555555247e-02,1.111111111111111049e-01,0.000000000000000000e+00,2.777777777777777624e-02,2.777777777777777624e-02,5.555555555555555247e-02,2.777777777777777624e-02,2.777777777777777624e-02,5.555555555555555247e-02,0.000000000000000000e+00,0.000000000000000000e+00
0.000000000000000000e+00,0.000000000000000000e+00,0.000000000000000000e+00,0.000000000000000000e+00,0.000000000000000000e+00,7.142857142857142461e-02,7.142857142857142461e-02,3.571428571428571230e-02,0.000000000000000000e+00,1.071428571428571369e-01,0.000000000000000000e+00,4.285714285714285476e-01,1.428571428571428492e-01,0.000000000000000000e+00,3.571428571428571230e-02,0.000000000000000000e+00,3.571428571428571230e-02,0.000000000000000000e+00,3.571428571428571230e-02,3.571428571428571230e-02,0.000000000000000000e+00,0.000000000000000000e+00
0.000000000000000000e+00,0.000000000000000000e+00,0.000000000000000000e+00,0.000000000000000000e+00,0.000000000000000000e+00,0.000000000000000000e+00,0.000000000000000000e+00,8.333333333333332871e-02,0.000000000000000000e+00,8.333333333333332871e-02,2.083333333333333426e-01,4.166666666666666435e-02,3.333333333333333148e-01,8.333333333333332871e-02,4.166666666666666435e-02,0.000000000000000000e+00,8.333333333333332871e-02,4.166666666666666435e-02,0.000000000000000000e+00,0.000000000000000000e+00,0.000000000000000000e+00,0.000000000000000000e+00
0.000000000000000000e+00,0.000000000000000000e+00,0.000000000000000000e+00,0.000000000000000000e+00,1.666666666666666574e-01,2.500000000000000000e-01,8.333333333333332871e-02,0.000000000000000000e+00,8.333333333333332871e-02,0.000000000000000000e+00,0.000000000000000000e+00,0.000000000000000000e+00,1.666666666666666574e-01,0.000000000000000000e+00,8.333333333333332871e-02,0.000000000000000000e+00,0.000000000000000000e+00,0.000000000000000000e+00,0.000000000000000000e+00,0.000000000000000000e+00,0.000000000000000000e+00,1.666666666666666574e-01
0.000000000000000000e+00,0.000000000000000000e+00,0.000000000000000000e+00,0.000000000000000000e+00,6.250000000000000000e-02,1.250000000000000000e-01,0.000000000000000000e+00,6.250000000000000000e-02,6.250000000000000000e-02,1.250000000000000000e-01,0.000000000000000000e+00,6.250000000000000000e-02,6.250000000000000000e-02,6.250000000000000000e-02,1.250000000000000000e-01,0.000000000000000000e+00,0.000000000000000000e+00,1.875000000000000000e-01,6.250000000000000000e-02,0.000000000000000000e+00,0.000000000000000000e+00,0.000000000000000000e+00
0.000000000000000000e+00,1.000000000000000056e-01,0.000000000000000000e+00,0.000000000000000000e+00,1.000000000000000056e-01,0.000000000000000000e+00,0.000000000000000000e+00,0.000000000000000000e+00,0.000000000000000000e+00,1.000000000000000056e-01,0.000000000000000000e+00,0.000000000000000000e+00,0.000000000000000000e+00,1.000000000000000056e-01,0.000000000000000000e+00,0.000000000000000000e+00,0.000000000000000000e+00,0.000000000000000000e+00,2.999999999999999889e-01,0.000000000000000000e+00,0.000000000000000000e+00,2.999999999999999889e-01
0.000000000000000000e+00,0.000000000000000000e+00,0.000000000000000000e+00,0.000000000000000000e+00,5.263157894736841813e-02,0.000000000000000000e+00,0.000000000000000000e+00,0.000000000000000000e+00,5.263157894736841813e-02,1.052631578947368363e-01,0.000000000000000000e+00,5.263157894736841813e-02,0.000000000000000000e+00,0.000000000000000000e+00,5.263157894736841813e-02,5.263157894736841813e-02,3.684210526315789269e-01,5.263157894736841813e-02,0.000000000000000000e+00,1.052631578947368363e-01,1.052631578947368363e-01,0.000000000000000000e+00
0.000000000000000000e+00,0.000000000000000000e+00,0.000000000000000000e+00,0.000000000000000000e+00,7.142857142857142461e-02,0.000000000000000000e+00,0.000000000000000000e+00,0.000000000000000000e+00,0.000000000000000000e+00,1.428571428571428492e-01,7.142857142857142461e-02,0.000000000000000000e+00,0.000000000000000000e+00,0.000000000000000000e+00,0.000000000000000000e+00,0.000000000000000000e+00,2.142857142857142738e-01,3.571428571428571508e-01,7.142857142857142461e-02,0.000000000000000000e+00,7.142857142857142461e-02,0.000000000000000000e+00
0.000000000000000000e+00,0.000000000000000000e+00,0.000000000000000000e+00,0.000000000000000000e+00,0.000000000000000000e+00,7.142857142857142461e-02,1.428571428571428492e-01,0.000000000000000000e+00,0.000000000000000000e+00,0.000000000000000000e+00,7.142857142857142461e-02,0.000000000000000000e+00,0.000000000000000000e+00,0.000000000000000000e+00,7.142857142857142461e-02,0.000000000000000000e+00,7.142857142857142461e-02,7.142857142857142461e-02,7.142857142857142461e-02,7.142857142857142461e-02,7.142857142857142461e-02,2.857142857142856984e-01
0.000000000000000000e+00,0.000000000000000000e+00,0.000000000000000000e+00,0.000000000000000000e+00,0.000000000000000000e+00,1.250000000000000000e-01,0.000000000000000000e+00,0.000000000000000000e+00,1.250000000000000000e-01,0.000000000000000000e+00,0.000000000000000000e+00,0.000000000000000000e+00,0.000000000000000000e+00,0.000000000000000000e+00,1.250000000000000000e-01,1.250000000000000000e-01,1.250000000000000000e-01,1.250000000000000000e-01,0.000000000000000000e+00,1.250000000000000000e-01,0.000000000000000000e+00,1.250000000000000000e-01
0.000000000000000000e+00,0.000000000000000000e+00,0.000000000000000000e+00,0.000000000000000000e+00,0.000000000000000000e+00,0.000000000000000000e+00,0.000000000000000000e+00,0.000000000000000000e+00,0.000000000000000000e+00,0.000000000000000000e+00,0.000000000000000000e+00,0.000000000000000000e+00,0.000000000000000000e+00,0.000000000000000000e+00,0.000000000000000000e+00,0.000000000000000000e+00,0.000000000000000000e+00,2.222222222222222099e-01,1.111111111111111049e-01,1.111111111111111049e-01,4.444444444444444198e-01,1.111111111111111049e-01
0.000000000000000000e+00,0.000000000000000000e+00,0.000000000000000000e+00,0.000000000000000000e+00,5.357142857142856845e-02,7.142857142857142461e-02,3.571428571428571230e-02,1.785714285714285615e-02,3.571428571428571230e-02,5.357142857142856845e-02,0.000000000000000000e+00,0.000000000000000000e+00,5.357142857142856845e-02,7.142857142857142461e-02,1.785714285714285615e-02,0.000000000000000000e+00,0.000000000000000000e+00,1.785714285714285615e-02,7.142857142857142461e-02,0.000000000000000000e+00,0.000000000000000000e+00,5.000000000000000000e-01
