0.000000000000000000e+00,0.000000000000000000e+00,1.000000000000000000e+00,0.000000000000000000e+00,0.000000000000000000e+00,0.000000000000000000e+00,0.000000000000000000e+00,0.000000000000000000e+00,0.000000000000000000e+00,0.000000000000000000e+00,0.000000000000000000e+00,0.000000000000000000e+00,0.000000000000000000e+00,0.000000000000000000e+00,0.000000000000000000e+00,0.000000000000000000e+00,0.000000000000000000e+00,0.000000000000000000e+00,0.000000000000000000e+00,0.000000000000000000e+00,0.000000000000000000e+00,0.000000000000000000e+00
8.403361344537814762e-03,9.327731092436974958e-01,4.201680672268907901e-02,8.403361344537814762e-03,8.403361344537814762e-03,0.000000000000000000e+00,0.000000000000000000e+00,0.000000000000000000e+00,0.000000000000000000e+00,0.000000000000000000e+00,0.000000000000000000e+00,0.000000000000000000e+00,0.000000000000000000e+00,0.000000000000000000e+00,0.000000000000000000e+00,0.000000000000000000e+00,0.000000000000000000e+00,0.000000000000000000e+00,0.000000000000000000e+00,0.000000000000000000e+00,0.000000000000000000e+00,0.000000000000000000e+00
0.000000000000000000e+00,2.362204724409448786e-02,9.133858267716535861e-01,6.036745406824146898e-02,2.624671916010498651e-03,0.000000000000000000e+00,0.000000000000000000e+00,0.000000000000000000e+00,0.000000000000000000e+00,0.000000000000000000e+00,0.000000000000000000e+00,0.000000000000000000e+00,0.000000000000000000e+00,0.000000000000000000e+00,0.000000000000000000e+00,0.000000000000000000e+00,0.000000000000000000e+00,0.000000000000000000e+00,0.000000000000000000e+00,0.000000000000000000e+00,0.000000000000000000e+00,0.000000000000000000e+00
0.000000000000000000e+00,8.097165991902833659e-04,2.267206477732793685e-02,9.101214574898784937e-01,5.587044534412955593e-02,3.238866396761133463e-03,2.429149797570850314e-03,0.000000000000000000e+00,8.097165991902833659e-04,8.097165991902833659e-04,0.000000000000000000e+00,0.000000000000000000e+00,0.000000000000000000e+00,8.097165991902833659e-04,0.000000000000000000e+00,0.000000000000000000e+00,0.000000000000000000e+00,0.000000000000000000e+00,0.000000000000000000e+00,0.000000000000000000e+00,8.097165991902833659e-04,1.619433198380566732e-03
0.000000000000000000e+00,1.138952164009111563e-03,0.000000000000000000e+00,7.403189066059225054e-02,8.348519362186788140e-01,6.492027334851936671e-02,9.111617312072892508e-03,5.694760820045558468e-03,0.000000000000000000e+00,0.000000000000000000e+00,1.138952164009111563e-03,0.000000000000000000e+00,1.138952164009111563e-03,1.138952164009111563e-03,2.277904328018223127e-03,0.000000000000000000e+00,2.277904328018223127e-03,1.138952164009111563e-03,0.000000000000000000e+00,1.138952164009111563e-03,0.000000000000000000e+00,0.000000000000000000e+00
0.000000000000000000e+00,0.000000000000000000e+00,0.000000000000000000e+00,1.126126126126126073e-02,1.216216216216216284e-01,7.432432432432432012e-01,5.630630630630630712e-02,2.027027027027027140e-02,2.027027027027027140e-02,4.504504504504504465e-03,0.000000000000000000e+00,4.504504504504504465e-03,2.252252252252252233e-03,0.000000000000000000e+00,6.756756756756757132e-03,0.000000000000000000e+00,0.000000000000000000e+00,0.000000000000000000e+00,0.000000000000000000e+00,2.252252252252252233e-03,0.000000000000000000e+00,6.756756756756757132e-03
0.000000000000000000e+00,0.000000000000000000e+00,0.000000000000000000e+00,2.500000000000000139e-02,1.250000000000000000e-01,2.333333333333333370e-01,4.666666666666666741e-01,5.833333333333333426e-02,5.000000000000000278e-02,8.333333333333333218e-03,1.666666666666666644e-02,0.000000000000000000e+00,8.333333333333333218e-03,0.000000000000000000e+00,0.000000000000000000e+00,0.000000000000000000e+00,0.000000000000000000e+00,0.000000000000000000e+00,0.000000000000000000e+00,0.000000000000000000e+00,0.000000000000000000e+00,8.333333333333333218e-03
0.000000000000000000e+00,0.000000000000000000e+00,0.000000000000000000e+00,0.000000000000000000e+00,8.163265306122448328e-02,1.020408163265306145e-01,1.224489795918367319e-01,3.265306122448979331e-01,1.428571428571428492e-01,6.122448979591836593e-02,6.122448979591836593e-02,4.081632653061224164e-02,0.000000000000000000e+00,0.000000000000000000e+00,0.000000000000000000e+00,4.081632653061224164e-02,0.000000000000000000e+00,0.000000000000000000e+00,2.040816326530612082e-02,0.000000000000000000e+00,0.000000000000000000e+00,0.000000000000000000e+00
0.000000000000000000e+00,0.000000000000000000e+00,0.000000000000000000e+00,1.562500000000000000e-02,6.250000000000000000e-02,1.250000000000000000e-01,1.093750000000000000e-01,4.687500000000000000e-02,3.906250000000000000e-01,9.375000000000000000e-02,9.375000000000000000e-02,1.562500000000000000e-02,0.000000000000000000e+00,0.000000000000000000e+00,0.000000000000000000e+00,0.000000000000000000e+00,3.125000000000000000e-02,0.000000000000000000e+00,0.000000000000000000e+00,0.000000000000000000e+00,1.562500000000000000e-02,0.000000000000000000e+00
0.000000000000000000e+00,0.000000000000000000e+00,0.000000000000000000e+00,1.639344262295082053e-02,1.639344262295082053e-02,3.278688524590164105e-02,4.918032786885245811e-02,1.639344262295082053e-02,4.918032786885245811e-02,5.573770491803278215e-01,9.836065573770491621e-02,4.918032786885245811e-02,3.278688524590164105e-02,4.918032786885245811e-02,1.639344262295082053e-02,0.000000000000000000e+00,0.000000000000000000e+00,0.000000000000000000e+00,0.000000000000000000e+00,0.000000000000000000e+00,0.000000000000000000e+00,1.639344262295082053e-02
0.000000000000000000e+00,0.000000000000000000e+00,0.000000000000000000e+00,0.000000000000000000e+00,0.000000000000000000e+00,5.263157894736841813e-02,1.052631578947368363e-01,7.894736842105262720e-02,2.631578947368420907e-02,2.105263157894736725e-01,2.631578947368420907e-01,5.263157894736841813e-02,1.052631578947368363e-01,7.894736842105262720e-02,0.000000000000000000e+00,0.000000000000000000e+00,2.631578947368420907e-02,0.000000000000000000e+00,0.000000000000000000e+00,0.000000000000000000e+00,0.000000000000000000e+00,0.000000000000000000e+00
0.000000000000000000e+00,0.000000000000000000e+00,0.000000000000000000e+00,0.000000000000000000e+00,4.545454545454545581e-02,0.000000000000000000e+00,9.090909090909091161e-02,0.000000000000000000e+00,9.090909090909091161e-02,4.545454545454545581e-02,1.818181818181818232e-01,2.727272727272727071e-01,4.545454545454545581e-02,9.090909090909091161e-02,4.545454545454545581e-02,4.545454545454545581e-02,0.000000000000000000e+00,0.000000000000000000e+00,0.000000000000000000e+00,0.000000000000000000e+00,0.000000000000000000e+00,4.545454545454545581e-02
0.000000000000000000e+00,0.000000000000000000e+00,0.000000000000000000e+00,0.000000000000000000e+00,5.263157894736841813e-02,0.000000000000000000e+00,1.052631578947368363e-01,0.000000000000000000e+00,1.052631578947368363e-01,1.052631578947368363e-01,1.052631578947368363e-01,0.000000000000000000e+00,1.052631578947368363e-01,1.578947368421052544e-01,5.263157894736841813e-02,5.263157894736841813e-02,0.000000000000000000e+00,0.000000000000000000e+00,1.052631578947368363e-01,0.000000000000000000e+00,0.000000000000000000e+00,5.263157894736841813e-02
0.000000000000000000e+00,0.000000000000000000e+00,0.000000000000000000e+00,9.523809523809523281e-02,0.000000000000000000e+00,0.000000000000000000e+00,0.000000000000000000e+00,0.000000000000000000e+00,9.523809523809523281e-02,0.000000000000000000e+00,9.523809523809523281e-02,1.428571428571428492e-01,9.523809523809523281e-02,2.380952380952380820e-01,1.428571428571428492e-01,0.000000000000000000e+00,4.761904761904761640e-02,0.000000000000000000e+00,0.000000000000000000e+00,0.000000000000000000e+00,0.000000000000000000e+00,4.761904761904761640e-02
0.000000000000000000e+00,0.000000000000000000e+00,0.000000000000000000e+00,0.000000000000000000e+00,1.764705882352941291e-01,1.764705882352941291e-01,5.882352941176470507e-02,5.882352941176470507e-02,0.000000000000000000e+00,5.882352941176470507e-02,0.000000000000000000e+00,0.000000000000000000e+00,5.882352941176470507e-02,1.176470588235294101e-01,0.000000000000000000e+00,1.764705882352941291e-01,0.000000000000000000e+00,5.882352941176470507e-02,0.000000000000000000e+00,5.882352941176470507e-02,0.000000000000000000e+00,0.000000000000000000e+00
0.000000000000000000e+00,0.000000000000000000e+00,0.000000000000000000e+00,0.000000000000000000e+00,0.000000000000000000e+00,8.333333333333332871e-02,8.333333333333332871e-02,0.000000000000000000e+00,0.000000000000000000e+00,1.666666666666666574e-01,0.000000000000000000e+00,0.000000000000000000e+00,0.000000000000000000e+00,8.333333333333332871e-02,1.666666666666666574e-01,1.666666666666666574e-01,8.333333333333332871e-02,0.000000000000000000e+00,0.000000000000000000e+00,8.333333333333332871e-02,8.333333333333332871e-02,0.000000000000000000e+00
0.000000000000000000e+00,0.000000000000000000e+00,0.000000000000000000e+00,0.000000000000000000e+00,0.000000000000000000e+00,8.333333333333332871e-02,0.000000000000000000e+00,0.000000000000000000e+00,8.333333333333332871e-02,0.000000000000000000e+00,0.000000000000000000e+00,0.000000000000000000e+00,0.000000000000000000e+00,0.000000000000000000e+00,8.333333333333332871e-02,1.666666666666666574e-01,2.500000000000000000e-01,1.666666666666666574e-01,8.333333333333332871e-02,0.000000000000000000e+00,0.000000000000000000e+00,8.333333333333332871e-02
0.000000000000000000e+00,0.000000000000000000e+00,0.000000000000000000e+00,0.000000000000000000e+00,1.666666666666666574e-01,0.000000000000000000e+00,0.000000000000000000e+00,0.000000000000000000e+00,0.000000000000000000e+00,0.000000000000000000e+00,0.000000000000000000e+00,1.666666666666666574e-01,0.000000000000000000e+00,0.000000000000000000e+00,0.000000000000000000e+00,1.666666666666666574e-01,1.666666666666666574e-01,0.000000000000000000e+00,0.000000000000000000e+00,1.666666666666666574e-01,0.000000000000000000e+00,1.666666666666666574e-01
0.000000000000000000e+00,0.000000000000000000e+00,0.000000000000000000e+00,0.000000000000000000e+00,1.250000000000000000e-01,0.000000000000000000e+00,1.250000000000000000e-01,1.250000000000000000e-01,0.000000000000000000e+00,0.000000000000000000e+00,0.000000000000000000e+00,0.000000000000000000e+00,0.000000000000000000e+00,0.000000000000000000e+00,0.000000000000000000e+00,0.000000000000000000e+00,0.000000000000000000e+00,0.000000000000000000e+00,3.750000000000000000e-01,0.000000000000000000e+00,1.250000000000000000e-01,1.250000000000000000e-01
0.000000000000000000e+00,0.000000000000000000e+00,0.000000000000000000e+00,0.000000000000000000e+00,0.000000000000000000e+00,1.666666666666666574e-01,1.666666666666666574e-01,1.666666666666666574e-01,0.000000000000000000e+00,0.000000000000000000e+00,0.000000000000000000e+00,0.000000000000000000e+00,0.000000000000000000e+00,0.000000000000000000e+00,1.666666666666666574e-01,0.000000000000000000e+00,1.666666666666666574e-01,0.000000000000000000e+00,0.000000000000000000e+00,1.666666666666666574e-01,0.000000000000000000e+00,0.000000000000000000e+00
0.000000000000000000e+00,0.000000000000000000e+00,0.000000000000000000e+00,0.000000000000000000e+00,0.000000000000000000e+00,0.000000000000000000e+00,2.000000000000000111e-01,0.000000000000000000e+00,4.000000000000000222e-01,0.000000000000000000e+00,4.000000000000000222e-01,0.000000000000000000e+00,0.000000000000000000e+00,0.000000000000000000e+00,0.000000000000000000e+00,0.000000000000000000e+00,0.000000000000000000e+00,0.000000000000000000e+00,0.000000000000000000e+00,0.000000000000000000e+00,0.000000000000000000e+00,0.000000000000000000e+00
0.000000000000000000e+00,0.000000000000000000e+00,0.000000000000000000e+00,0.000000000000000000e+00,4.166666666666666435e-02,1.250000000000000000e-01,8.333333333333332871e-02,0.000000000000000000e+00,1.250000000000000000e-01,8.333333333333332871e-02,0.000000000000000000e+00,8.333333333333332871e-02,4.166666666666666435e-02,0.000000000000000000e+00,4.166666666666666435e-02,0.000000000000000000e+00,0.000000000000000000e+00,0.000000000000000000e+00,4.166666666666666435e-02,0.000000000000000000e+00,0.000000000000000000e+00,3.333333333333333148e-01
