7.574370709382151068e-01,7.208237986270023268e-02,1.372997711670480465e-02,6.864988558352402327e-03,2.288329519450800920e-03,3.432494279176201164e-03,3.432494279176201164e-03,1.144164759725400460e-03,0.000000000000000000e+00,0.000000000000000000e+00,1.487414187643020663e-02,0.000000000000000000e+00,0.000000000000000000e+00,0.000000000000000000e+00,0.000000000000000000e+00,0.000000000000000000e+00,1.144164759725400460e-03,0.000000000000000000e+00,2.288329519450800920e-03,1.144164759725400417e-02,1.098398169336384372e-01
1.733746130030959787e-01,6.408668730650154410e-01,9.597523219814241280e-02,1.857585139318885387e-02,9.287925696594426933e-03,0.000000000000000000e+00,9.287925696594426933e-03,3.095975232198142600e-03,0.000000000000000000e+00,0.000000000000000000e+00,1.238390092879257040e-02,0.000000000000000000e+00,0.000000000000000000e+00,0.000000000000000000e+00,0.000000000000000000e+00,0.000000000000000000e+00,0.000000000000000000e+00,0.000000000000000000e+00,3.095975232198142600e-03,9.287925696594426933e-03,2.476780185758514080e-02
8.450704225352112520e-02,1.690140845070422504e-01,5.422535211267606181e-01,5.633802816901408578e-02,7.042253521126760722e-03,1.408450704225352144e-02,2.112676056338028130e-02,7.042253521126760722e-03,0.000000000000000000e+00,7.042253521126760722e-03,2.112676056338028130e-02,0.000000000000000000e+00,0.000000000000000000e+00,0.000000000000000000e+00,0.000000000000000000e+00,0.000000000000000000e+00,0.000000000000000000e+00,0.000000000000000000e+00,7.042253521126760722e-03,2.112676056338028130e-02,4.225352112676056260e-02
7.246376811594203160e-02,1.449275362318840632e-01,1.449275362318840632e-01,3.623188405797101441e-01,4.347826086956521618e-02,4.347826086956521618e-02,0.000000000000000000e+00,8.695652173913043237e-02,1.449275362318840597e-02,0.000000000000000000e+00,1.449275362318840597e-02,0.000000000000000000e+00,0.000000000000000000e+00,1.449275362318840597e-02,0.000000000000000000e+00,0.000000000000000000e+00,0.000000000000000000e+00,0.000000000000000000e+00,1.449275362318840597e-02,1.449275362318840597e-02,2.898550724637681195e-02
6.896551724137930939e-02,1.379310344827586188e-01,1.034482758620689641e-01,3.448275862068965469e-02,2.413793103448275967e-01,3.448275862068965469e-02,0.000000000000000000e+00,3.448275862068965469e-02,0.000000000000000000e+00,0.000000000000000000e+00,1.034482758620689641e-01,0.000000000000000000e+00,0.000000000000000000e+00,0.000000000000000000e+00,0.000000000000000000e+00,0.000000000000000000e+00,0.000000000000000000e+00,0.000000000000000000e+00,0.000000000000000000e+00,3.448275862068965469e-02,2.068965517241379282e-01
9.090909090909091161e-02,0.000000000000000000e+00,9.090909090909091161e-02,4.545454545454545581e-02,9.090909090909091161e-02,3.181818181818181768e-01,9.090909090909091161e-02,4.545454545454545581e-02,0.000000000000000000e+00,0.000000000000000000e+00,4.545454545454545581e-02,0.000000000000000000e+00,0.000000000000000000e+00,0.000000000000000000e+00,0.000000000000000000e+00,0.000000000000000000e+00,0.000000000000000000e+00,0.000000000000000000e+00,0.000000000000000000e+00,9.090909090909091161e-02,9.090909090909091161e-02
1.071428571428571369e-01,1.071428571428571369e-01,3.571428571428571230e-02,1.071428571428571369e-01,0.000000000000000000e+00,3.571428571428571230e-02,2.857142857142856984e-01,0.000000000000000000e+00,1.071428571428571369e-01,0.000000000000000000e+00,1.428571428571428492e-01,0.000000000000000000e+00,0.000000000000000000e+00,0.000000000000000000e+00,0.000000000000000000e+00,0.000000000000000000e+00,0.000000000000000000e+00,0.000000000000000000e+00,3.571428571428571230e-02,0.000000000000000000e+00,3.571428571428571230e-02
0.000000000000000000e+00,5.263157894736841813e-02,5.263157894736841813e-02,5.263157894736841813e-02,0.000000000000000000e+00,0.000000000000000000e+00,1.052631578947368363e-01,3.157894736842105088e-01,5.263157894736841813e-02,1.052631578947368363e-01,2.631578947368420907e-01,0.000000000000000000e+00,0.000000000000000000e+00,0.000000000000000000e+00,0.000000000000000000e+00,0.000000000000000000e+00,0.000000000000000000e+00,0.000000000000000000e+00,0.000000000000000000e+00,0.000000000000000000e+00,0.000000000000000000e+00
1.666666666666666574e-01,0.000000000000000000e+00,8.333333333333332871e-02,8.333333333333332871e-02,0.000000000000000000e+00,0.000000000000000000e+00,8.333333333333332871e-02,8.333333333333332871e-02,8.333333333333332871e-02,1.666666666666666574e-01,2.500000000000000000e-01,0.000000000000000000e+00,0.000000000000000000e+00,0.000000000000000000e+00,0.000000000000000000e+00,0.000000000000000000e+00,0.000000000000000000e+00,0.000000000000000000e+00,0.000000000000000000e+00,0.000000000000000000e+00,0.000000000000000000e+00
0.000000000000000000e+00,1.000000000000000056e-01,0.000000000000000000e+00,0.000000000000000000e+00,1.000000000000000056e-01,1.000000000000000056e-01,1.000000000000000056e-01,0.000000000000000000e+00,0.000000000000000000e+00,2.999999999999999889e-01,2.000000000000000111e-01,0.000000000000000000e+00,0.000000000000000000e+00,0.000000000000000000e+00,0.000000000000000000e+00,0.000000000000000000e+00,0.000000000000000000e+00,1.000000000000000056e-01,0.000000000000000000e+00,0.000000000000000000e+00,0.000000000000000000e+00
2.325581395348837177e-02,4.651162790697674354e-02,4.651162790697674354e-02,3.100775193798449569e-02,2.325581395348837177e-02,1.550387596899224785e-02,3.875968992248061962e-02,1.550387596899224785e-02,3.875968992248061962e-02,1.550387596899224785e-02,6.279069767441860517e-01,0.000000000000000000e+00,0.000000000000000000e+00,0.000000000000000000e+00,0.000000000000000000e+00,0.000000000000000000e+00,0.000000000000000000e+00,0.000000000000000000e+00,7.751937984496123923e-03,1.550387596899224785e-02,5.426356589147286746e-02
0.000000000000000000e+00,0.000000000000000000e+00,0.000000000000000000e+00,0.000000000000000000e+00,0.000000000000000000e+00,0.000000000000000000e+00,0.000000000000000000e+00,0.000000000000000000e+00,0.000000000000000000e+00,0.000000000000000000e+00,0.000000000000000000e+00,8.275862068965517127e-01,3.448275862068965469e-02,0.000000000000000000e+00,0.000000000000000000e+00,0.000000000000000000e+00,0.000000000000000000e+00,0.000000000000000000e+00,0.000000000000000000e+00,6.896551724137930939e-02,6.896551724137930939e-02
0.000000000000000000e+00,0.000000000000000000e+00,0.000000000000000000e+00,0.000000000000000000e+00,0.000000000000000000e+00,0.000000000000000000e+00,0.000000000000000000e+00,0.000000000000000000e+00,0.000000000000000000e+00,0.000000000000000000e+00,0.000000000000000000e+00,4.166666666666666435e-02,9.166666666666666297e-01,0.000000000000000000e+00,0.000000000000000000e+00,0.000000000000000000e+00,0.000000000000000000e+00,0.000000000000000000e+00,0.000000000000000000e+00,4.166666666666666435e-02,0.000000000000000000e+00
0.000000000000000000e+00,0.000000000000000000e+00,0.000000000000000000e+00,7.142857142857142461e-02,0.000000000000000000e+00,0.000000000000000000e+00,0.000000000000000000e+00,0.000000000000000000e+00,0.000000000000000000e+00,0.000000000000000000e+00,0.000000000000000000e+00,7.142857142857142461e-02,0.000000000000000000e+00,7.857142857142856984e-01,7.142857142857142461e-02,0.000000000000000000e+00,0.000000000000000000e+00,0.000000000000000000e+00,0.000000000000000000e+00,0.000000000000000000e+00,0.000000000000000000e+00
0.000000000000000000e+00,0.000000000000000000e+00,0.000000000000000000e+00,0.000000000000000000e+00,0.000000000000000000e+00,0.000000000000000000e+00,0.000000000000000000e+00,0.000000000000000000e+00,0.000000000000000000e+00,0.000000000000000000e+00,0.000000000000000000e+00,0.000000000000000000e+00,0.000000000000000000e+00,0.000000000000000000e+00,9.583333333333333703e-01,0.000000000000000000e+00,0.000000000000000000e+00,0.000000000000000000e+00,4.166666666666666435e-02,0.000000000000000000e+00,0.000000000000000000e+00
0.000000000000000000e+00,0.000000000000000000e+00,0.000000000000000000e+00,0.000000000000000000e+00,0.000000000000000000e+00,0.000000000000000000e+00,0.000000000000000000e+00,0.000000000000000000e+00,0.000000000000000000e+00,0.000000000000000000e+00,0.000000000000000000e+00,0.000000000000000000e+00,0.000000000000000000e+00,0.000000000000000000e+00,0.000000000000000000e+00,1.000000000000000000e+00,0.000000000000000000e+00,0.000000000000000000e+00,0.000000000000000000e+00,0.000000000000000000e+00,0.000000000000000000e+00
1.176470588235294101e-01,5.882352941176470507e-02,0.000000000000000000e+00,0.000000000000000000e+00,5.882352941176470507e-02,0.000000000000000000e+00,0.000000000000000000e+00,0.000000000000000000e+00,0.000000000000000000e+00,0.000000000000000000e+00,5.882352941176470507e-02,0.000000000000000000e+00,0.000000000000000000e+00,0.000000000000000000e+00,0.000000000000000000e+00,0.000000000000000000e+00,4.705882352941176405e-01,2.352941176470588203e-01,0.000000000000000000e+00,0.000000000000000000e+00,0.000000000000000000e+00
0.000000000000000000e+00,0.000000000000000000e+00,0.000000000000000000e+00,0.000000000000000000e+00,0.000000000000000000e+00,0.000000000000000000e+00,0.000000000000000000e+00,0.000000000000000000e+00,0.000000000000000000e+00,0.000000000000000000e+00,0.000000000000000000e+00,0.000000000000000000e+00,0.000000000000000000e+00,0.000000000000000000e+00,1.492537313432835792e-02,0.000000000000000000e+00,7.462686567164178442e-02,7.014925373134328623e-01,1.194029850746268634e-01,0.000000000000000000e+00,8.955223880597014408e-02
1.075268817204301161e-02,5.376344086021505805e-03,0.000000000000000000e+00,1.075268817204301161e-02,0.000000000000000000e+00,0.000000000000000000e+00,0.000000000000000000e+00,0.000000000000000000e+00,0.000000000000000000e+00,0.000000000000000000e+00,1.612903225806451568e-02,0.000000000000000000e+00,0.000000000000000000e+00,0.000000000000000000e+00,0.000000000000000000e+00,5.376344086021505805e-03,0.000000000000000000e+00,4.301075268817204644e-02,7.741935483870967527e-01,1.236559139784946248e-01,1.075268817204301161e-02
1.268498942917547535e-02,6.342494714587737677e-03,0.000000000000000000e+00,2.114164904862579370e-03,2.114164904862579370e-03,2.114164904862579370e-03,0.000000000000000000e+00,0.000000000000000000e+00,2.114164904862579370e-03,0.000000000000000000e+00,2.114164904862579370e-03,0.000000000000000000e+00,2.114164904862579370e-03,2.114164904862579370e-03,0.000000000000000000e+00,0.000000000000000000e+00,2.114164904862579370e-03,4.228329809725158740e-03,5.073995771670190141e-02,7.695560253699789133e-01,1.395348837209302306e-01
1.028846153846153799e-01,8.653846153846154327e-03,2.884615384615384776e-03,4.807692307692307959e-03,2.884615384615384776e-03,9.615384615384615918e-04,9.615384615384615918e-04,0.000000000000000000e+00,0.000000000000000000e+00,9.615384615384615918e-04,3.846153846153846367e-03,1.923076923076923184e-03,0.000000000000000000e+00,0.000000000000000000e+00,0.000000000000000000e+00,0.000000000000000000e+00,0.000000000000000000e+00,9.615384615384615918e-04,3.846153846153846367e-03,6.057692307692307682e-02,8.038461538461538769e-01
