2.999999999999999889e-01,2.500000000000000000e-01,2.500000000000000000e-01,5.000000000000000278e-02,1.000000000000000056e-01,0.000000000000000000e+00,0.000000000000000000e+00,0.000000000000000000e+00,0.000000000000000000e+00,0.000000000000000000e+00,5.000000000000000278e-02,0.000000000000000000e+00,0.000000000000000000e+00,0.000000000000000000e+00,0.000000000000000000e+00,0.000000000000000000e+00,0.000000000000000000e+00,0.000000000000000000e+00,0.000000000000000000e+00,0.000000000000000000e+00,0.000000000000000000e+00,0.000000000000000000e+00
1.707779886148007645e-02,8.880455407969639614e-01,8.349146110056926418e-02,9.487666034155597256e-03,0.000000000000000000e+00,0.000000000000000000e+00,0.000000000000000000e+00,0.000000000000000000e+00,0.000000000000000000e+00,0.000000000000000000e+00,0.000000000000000000e+00,0.000000000000000000e+00,0.000000000000000000e+00,0.000000000000000000e+00,0.000000000000000000e+00,0.000000000000000000e+00,0.000000000000000000e+00,0.000000000000000000e+00,0.000000000000000000e+00,0.000000000000000000e+00,0.000000000000000000e+00,1.897533206831119581e-03
9.970089730807576468e-04,2.243270189431705031e-02,8.888334995014954831e-01,7.676969092721834531e-02,3.489531405782651981e-03,1.994017946161515294e-03,4.985044865403788234e-04,0.000000000000000000e+00,0.000000000000000000e+00,0.000000000000000000e+00,4.985044865403788234e-04,0.000000000000000000e+00,0.000000000000000000e+00,0.000000000000000000e+00,0.000000000000000000e+00,0.000000000000000000e+00,0.000000000000000000e+00,0.000000000000000000e+00,4.985044865403788234e-04,4.985044865403788234e-04,0.000000000000000000e+00,3.489531405782651981e-03
0.000000000000000000e+00,9.930486593843098047e-04,5.329361138695796335e-02,8.742138364779874493e-01,5.395564382654750163e-02,5.958291956305859262e-03,2.317113538563389617e-03,9.930486593843098047e-04,1.324064879179079812e-03,9.930486593843098047e-04,1.324064879179079812e-03,6.620324395895399059e-04,0.000000000000000000e+00,3.310162197947699530e-04,0.000000000000000000e+00,0.000000000000000000e+00,0.000000000000000000e+00,0.000000000000000000e+00,9.930486593843098047e-04,0.000000000000000000e+00,0.000000000000000000e+00,2.648129758358159624e-03
6.858710562414265617e-04,0.000000000000000000e+00,6.858710562414265834e-03,1.186556927297668096e-01,7.956104252400548749e-01,5.212620027434842346e-02,5.486968449931412493e-03,3.429355281207132917e-03,4.115226337448560021e-03,6.858710562414265617e-04,2.743484224965706247e-03,1.371742112482853123e-03,0.000000000000000000e+00,1.371742112482853123e-03,6.858710562414265617e-04,6.858710562414265617e-04,6.858710562414265617e-04,0.000000000000000000e+00,0.000000000000000000e+00,0.000000000000000000e+00,0.000000000000000000e+00,4.801097393689986691e-03
0.000000000000000000e+00,2.123142250530785525e-03,1.061571125265392719e-02,4.458598726114649385e-02,1.698513800424628351e-01,6.645435244161358446e-01,5.095541401273885607e-02,1.698513800424628420e-02,1.486199575371549911e-02,2.123142250530785525e-03,6.369426751592357008e-03,2.123142250530785525e-03,4.246284501061571050e-03,2.123142250530785525e-03,2.123142250530785525e-03,0.000000000000000000e+00,0.000000000000000000e+00,0.000000000000000000e+00,2.123142250530785525e-03,0.000000000000000000e+00,0.000000000000000000e+00,4.246284501061571050e-03
0.000000000000000000e+00,0.000000000000000000e+00,0.000000000000000000e+00,7.608695652173913526e-02,6.521739130434782428e-02,2.391304347826087029e-01,3.043478260869565410e-01,8.695652173913043237e-02,5.434782608695652023e-02,4.347826086956521618e-02,2.173913043478260809e-02,1.086956521739130405e-02,0.000000000000000000e+00,1.086956521739130405e-02,0.000000000000000000e+00,2.173913043478260809e-02,0.000000000000000000e+00,2.173913043478260809e-02,0.000000000000000000e+00,0.000000000000000000e+00,0.000000000000000000e+00,4.347826086956521618e-02
0.000000000000000000e+00,0.000000000000000000e+00,0.000000000000000000e+00,3.076923076923077094e-02,1.076923076923076983e-01,1.230769230769230838e-01,1.076923076923076983e-01,4.153846153846154077e-01,9.230769230769231282e-02,3.076923076923077094e-02,3.076923076923077094e-02,0.000000000000000000e+00,0.000000000000000000e+00,1.538461538461538547e-02,0.000000000000000000e+00,0.000000000000000000e+00,0.000000000000000000e+00,0.000000000000000000e+00,0.000000000000000000e+00,0.000000000000000000e+00,0.000000000000000000e+00,4.615384615384615641e-02
0.000000000000000000e+00,0.000000000000000000e+00,3.278688524590164105e-02,3.278688524590164105e-02,1.147540983606557402e-01,8.196721311475409222e-02,8.196721311475409222e-02,9.836065573770491621e-02,3.606557377049180446e-01,1.639344262295082053e-02,0.000000000000000000e+00,0.000000000000000000e+00,4.918032786885245811e-02,1.639344262295082053e-02,1.639344262295082053e-02,1.639344262295082053e-02,0.000000000000000000e+00,3.278688524590164105e-02,0.000000000000000000e+00,0.000000000000000000e+00,0.000000000000000000e+00,4.918032786885245811e-02
0.000000000000000000e+00,0.000000000000000000e+00,3.225806451612903136e-02,2.258064516129032195e-01,0.000000000000000000e+00,9.677419354838709409e-02,0.000000000000000000e+00,9.677419354838709409e-02,1.290322580645161255e-01,2.580645161290322509e-01,3.225806451612903136e-02,6.451612903225806273e-02,0.000000000000000000e+00,0.000000000000000000e+00,0.000000000000000000e+00,0.000000000000000000e+00,0.000000000000000000e+00,0.000000000000000000e+00,0.000000000000000000e+00,0.000000000000000000e+00,0.000000000000000000e+00,6.451612903225806273e-02
2.777777777777777624e-02,2.777777777777777624e-02,0.000000000000000000e+00,8.333333333333332871e-02,8.333333333333332871e-02,5.555555555555555247e-02,8.333333333333332871e-02,0.000000000000000000e+00,0.000000000000000000e+00,5.555555555555555247e-02,2.222222222222222099e-01,8.333333333333332871e-02,5.555555555555555247e-02,0.000000000000000000e+00,2.777777777777777624e-02,0.000000000000000000e+00,2.777777777777777624e-02,0.000000000000000000e+00,2.777777777777777624e-02,2.777777777777777624e-02,0.000000000000000000e+00,1.111111111111111049e-01
0.000000000000000000e+00,0.000000000000000000e+00,0.000000000000000000e+00,0.000000000000000000e+00,0.000000000000000000e+00,7.692307692307692735e-02,3.846153846153846367e-02,3.846153846153846367e-02,3.846153846153846367e-02,0.000000000000000000e+00,3.846153846153846367e-02,3.461538461538461453e-01,1.923076923076923184e-01,3.846153846153846367e-02,0.000000000000000000e+00,0.000000000000000000e+00,3.846153846153846367e-02,0.000000000000000000e+00,0.000000000000000000e+00,0.000000000000000000e+00,0.000000000000000000e+00,1.538461538461538547e-01
0.000000000000000000e+00,0.000000000000000000e+00,0.000000000000000000e+00,0.000000000000000000e+00,3.125000000000000000e-02,3.125000000000000000e-02,0.000000000000000000e+00,3.125000000000000000e-02,9.375000000000000000e-02,3.125000000000000000e-02,0.000000000000000000e+00,6.250000000000000000e-02,6.250000000000000000e-01,6.250000000000000000e-02,0.000000000000000000e+00,0.000000000000000000e+00,0.000000000000000000e+00,0.000000000000000000e+00,0.000000000000000000e+00,0.000000000000000000e+00,0.000000000000000000e+00,3.125000000000000000e-02
0.000000000000000000e+00,0.000000000000000000e+00,0.000000000000000000e+00,0.000000000000000000e+00,2.000000000000000111e-01,1.499999999999999944e-01,5.000000000000000278e-02,5.000000000000000278e-02,5.000000000000000278e-02,0.000000000000000000e+00,5.000000000000000278e-02,5.000000000000000278e-02,0.000000000000000000e+00,2.500000000000000000e-01,1.000000000000000056e-01,0.000000000000000000e+00,0.000000000000000000e+00,0.000000000000000000e+00,5.000000000000000278e-02,0.000000000000000000e+00,0.000000000000000000e+00,0.000000000000000000e+00
0.000000000000000000e+00,0.000000000000000000e+00,0.000000000000000000e+00,0.000000000000000000e+00,0.000000000000000000e+00,0.000000000000000000e+00,9.090909090909091161e-02,9.090909090909091161e-02,0.000000000000000000e+00,0.000000000000000000e+00,0.000000000000000000e+00,0.000000000000000000e+00,9.090909090909091161e-02,9.090909090909091161e-02,2.727272727272727071e-01,9.090909090909091161e-02,1.818181818181818232e-01,0.000000000000000000e+00,0.000000000000000000e+00,0.000000000000000000e+00,0.000000000000000000e+00,9.090909090909091161e-02
0.000000000000000000e+00,0.000000000000000000e+00,0.000000000000000000e+00,0.000000000000000000e+00,3.750000000000000000e-01,1.250000000000000000e-01,0.000000000000000000e+00,1.250000000000000000e-01,0.000000000000000000e+00,0.000000000000000000e+00,0.000000000000000000e+00,0.000000000000000000e+00,1.250000000000000000e-01,0.000000000000000000e+00,0.000000000000000000e+00,1.250000000000000000e-01,0.000000000000000000e+00,0.000000000000000000e+00,0.000000000000000000e+00,0.000000000000000000e+00,1.250000000000000000e-01,0.000000000000000000e+00
0.000000000000000000e+00,0.000000000000000000e+00,0.000000000000000000e+00,1.000000000000000056e-01,0.000000000000000000e+00,0.000000000000000000e+00,1.000000000000000056e-01,0.000000000000000000e+00,0.000000000000000000e+00,0.000000000000000000e+00,0.000000000000000000e+00,0.000000000000000000e+00,0.000000000000000000e+00,1.000000000000000056e-01,1.000000000000000056e-01,0.000000000000000000e+00,2.000000000000000111e-01,1.000000000000000056e-01,0.000000000000000000e+00,2.000000000000000111e-01,0.000000000000000000e+00,1.000000000000000056e-01
0.000000000000000000e+00,0.000000000000000000e+00,0.000000000000000000e+00,0.000000000000000000e+00,0.000000000000000000e+00,8.333333333333332871e-02,8.333333333333332871e-02,0.000000000000000000e+00,0.000000000000000000e+00,8.333333333333332871e-02,0.000000000000000000e+00,0.000000000000000000e+00,0.000000000000000000e+00,0.000000000000000000e+00,0.000000000000000000e+00,8.333333333333332871e-02,8.333333333333332871e-02,1.666666666666666574e-01,8.333333333333332871e-02,1.666666666666666574e-01,0.000000000000000000e+00,1.666666666666666574e-01
0.000000000000000000e+00,0.000000000000000000e+00,0.000000000000000000e+00,1.111111111111111049e-01,1.111111111111111049e-01,2.222222222222222099e-01,0.000000000000000000e+00,0.000000000000000000e+00,0.000000000000000000e+00,0.000000000000000000e+00,0.000000000000000000e+00,0.000000000000000000e+00,0.000000000000000000e+00,0.000000000000000000e+00,0.000000000000000000e+00,0.000000000000000000e+00,0.000000000000000000e+00,1.111111111111111049e-01,1.111111111111111049e-01,0.000000000000000000e+00,1.111111111111111049e-01,2.222222222222222099e-01
0.000000000000000000e+00,0.000000000000000000e+00,0.000000000000000000e+00,9.090909090909091161e-02,9.090909090909091161e-02,9.090909090909091161e-02,0.000000000000000000e+00,0.000000000000000000e+00,9.090909090909091161e-02,0.000000000000000000e+00,9.090909090909091161e-02,0.000000000000000000e+00,0.000000000000000000e+00,0.000000000000000000e+00,9.090909090909091161e-02,0.000000000000000000e+00,9.090909090909091161e-02,1.818181818181818232e-01,0.000000000000000000e+00,0.000000000000000000e+00,1.818181818181818232e-01,0.000000000000000000e+00
0.000000000000000000e+00,0.000000000000000000e+00,0.000000000000000000e+00,0.000000000000000000e+00,0.000000000000000000e+00,0.000000000000000000e+00,0.000000000000000000e+00,0.000000000000000000e+00,9.090909090909091161e-02,0.000000000000000000e+00,9.090909090909091161e-02,0.000000000000000000e+00,0.000000000000000000e+00,0.000000000000000000e+00,0.000000000000000000e+00,0.000000000000000000e+00,0.000000000000000000e+00,0.000000000000000000e+00,0.000000000000000000e+00,4.545454545454545303e-01,3.636363636363636465e-01,0.000000000000000000e+00
1.086956521739130405e-02,2.173913043478260809e-02,6.521739130434782428e-02,1.195652173913043514e-01,6.521739130434782428e-02,9.782608695652174335e-02,2.173913043478260809e-02,3.260869565217391214e-02,5.434782608695652023e-02,6.521739130434782428e-02,6.521739130434782428e-02,2.173913043478260809e-02,1.086956521739130405e-02,0.000000000000000000e+00,0.000000000000000000e+00,0.000000000000000000e+00,0.000000000000000000e+00,0.000000000000000000e+00,0.000000000000000000e+00,1.086956521739130405e-02,0.000000000000000000e+00,3.369565217391304324e-01
