6.662804171494786099e-01,1.662804171494785543e-01,3.070683661645422918e-02,6.952491309385863162e-03,2.317497103128621054e-03,0.000000000000000000e+00,5.793742757821552635e-04,0.000000000000000000e+00,0.000000000000000000e+00,0.000000000000000000e+00,0.000000000000000000e+00,2.317497103128621054e-03,0.000000000000000000e+00,5.793742757821552635e-04,1.738122827346465791e-03,5.793742757821552635e-04,2.317497103128621054e-03,8.111239860950173255e-03,1.506373117033603728e-02,3.012746234067207457e-02,6.604866743916569527e-02
9.930830039525691266e-02,6.882411067193675569e-01,1.180830039525691683e-01,1.136363636363636395e-02,3.458498023715415003e-03,1.976284584980237020e-03,0.000000000000000000e+00,0.000000000000000000e+00,0.000000000000000000e+00,0.000000000000000000e+00,0.000000000000000000e+00,0.000000000000000000e+00,0.000000000000000000e+00,0.000000000000000000e+00,1.976284584980237020e-03,1.482213438735177765e-03,3.458498023715415003e-03,6.422924901185770967e-03,8.399209486166007987e-03,1.729249011857707588e-02,3.853754940711462407e-02
4.617604617604617601e-02,1.305916305916305920e-01,6.810966810966810892e-01,7.503607503607503948e-02,4.329004329004329001e-03,2.886002886002886000e-03,7.215007215007215001e-04,7.215007215007215001e-04,0.000000000000000000e+00,0.000000000000000000e+00,7.215007215007215001e-04,7.215007215007215001e-04,0.000000000000000000e+00,7.215007215007215001e-04,1.443001443001443000e-03,2.886002886002886000e-03,2.886002886002886000e-03,1.443001443001443000e-03,9.379509379509379935e-03,1.370851370851370807e-02,2.453102453102453187e-02
4.215456674473067739e-02,7.728337236533958099e-02,1.288056206088993016e-01,5.362997658079625696e-01,7.025761124121779333e-02,1.405152224824355971e-02,9.367681498829039805e-03,2.341920374707259951e-03,0.000000000000000000e+00,2.341920374707259951e-03,2.341920374707259951e-03,4.683840749414519902e-03,2.341920374707259951e-03,2.341920374707259951e-03,2.341920374707259951e-03,2.341920374707259951e-03,1.639344262295082053e-02,2.341920374707259951e-03,2.341920374707259951e-03,2.107728337236533869e-02,5.854800936768150138e-02
5.000000000000000278e-02,2.142857142857142877e-02,6.428571428571427937e-02,1.428571428571428492e-01,4.714285714285714191e-01,1.357142857142857040e-01,2.142857142857142877e-02,0.000000000000000000e+00,0.000000000000000000e+00,7.142857142857142634e-03,7.142857142857142634e-03,0.000000000000000000e+00,0.000000000000000000e+00,0.000000000000000000e+00,0.000000000000000000e+00,7.142857142857142634e-03,1.428571428571428527e-02,1.428571428571428527e-02,0.000000000000000000e+00,7.142857142857142634e-03,3.571428571428571230e-02
2.816901408450704289e-02,5.633802816901408578e-02,1.126760563380281716e-01,9.859154929577464144e-02,2.253521126760563431e-01,3.239436619718309984e-01,4.225352112676056260e-02,1.408450704225352144e-02,0.000000000000000000e+00,0.000000000000000000e+00,5.633802816901408578e-02,0.000000000000000000e+00,0.000000000000000000e+00,0.000000000000000000e+00,0.000000000000000000e+00,0.000000000000000000e+00,0.000000000000000000e+00,0.000000000000000000e+00,1.408450704225352144e-02,1.408450704225352144e-02,1.408450704225352144e-02
4.878048780487805047e-02,2.439024390243902524e-02,7.317073170731706877e-02,4.878048780487805047e-02,2.439024390243902524e-02,1.463414634146341375e-01,3.414634146341463672e-01,4.878048780487805047e-02,7.317073170731706877e-02,4.878048780487805047e-02,4.878048780487805047e-02,0.000000000000000000e+00,0.000000000000000000e+00,0.000000000000000000e+00,0.000000000000000000e+00,0.000000000000000000e+00,0.000000000000000000e+00,2.439024390243902524e-02,2.439024390243902524e-02,2.439024390243902524e-02,0.000000000000000000e+00
0.000000000000000000e+00,0.000000000000000000e+00,0.000000000000000000e+00,7.142857142857142461e-02,0.000000000000000000e+00,7.142857142857142461e-02,1.428571428571428492e-01,3.571428571428571508e-01,2.857142857142856984e-01,7.142857142857142461e-02,0.000000000000000000e+00,0.000000000000000000e+00,0.000000000000000000e+00,0.000000000000000000e+00,0.000000000000000000e+00,0.000000000000000000e+00,0.000000000000000000e+00,0.000000000000000000e+00,0.000000000000000000e+00,0.000000000000000000e+00,0.000000000000000000e+00
0.000000000000000000e+00,5.882352941176470507e-02,0.000000000000000000e+00,1.176470588235294101e-01,0.000000000000000000e+00,5.882352941176470507e-02,1.764705882352941291e-01,0.000000000000000000e+00,4.117647058823529216e-01,0.000000000000000000e+00,1.764705882352941291e-01,0.000000000000000000e+00,0.000000000000000000e+00,0.000000000000000000e+00,0.000000000000000000e+00,0.000000000000000000e+00,0.000000000000000000e+00,0.000000000000000000e+00,0.000000000000000000e+00,0.000000000000000000e+00,0.000000000000000000e+00
0.000000000000000000e+00,1.111111111111111049e-01,0.000000000000000000e+00,1.111111111111111049e-01,0.000000000000000000e+00,0.000000000000000000e+00,3.333333333333333148e-01,0.000000000000000000e+00,0.000000000000000000e+00,3.333333333333333148e-01,1.111111111111111049e-01,0.000000000000000000e+00,0.000000000000000000e+00,0.000000000000000000e+00,0.000000000000000000e+00,0.000000000000000000e+00,0.000000000000000000e+00,0.000000000000000000e+00,0.000000000000000000e+00,0.000000000000000000e+00,0.000000000000000000e+00
5.882352941176470507e-02,0.000000000000000000e+00,3.921568627450980338e-02,3.921568627450980338e-02,1.960784313725490169e-02,3.921568627450980338e-02,7.843137254901960675e-02,1.960784313725490169e-02,1.960784313725490169e-02,1.960784313725490169e-02,6.274509803921568540e-01,0.000000000000000000e+00,0.000000000000000000e+00,0.000000000000000000e+00,0.000000000000000000e+00,0.000000000000000000e+00,0.000000000000000000e+00,0.000000000000000000e+00,0.000000000000000000e+00,1.960784313725490169e-02,1.960784313725490169e-02
0.000000000000000000e+00,0.000000000000000000e+00,0.000000000000000000e+00,0.000000000000000000e+00,0.000000000000000000e+00,0.000000000000000000e+00,0.000000000000000000e+00,0.000000000000000000e+00,0.000000000000000000e+00,0.000000000000000000e+00,0.000000000000000000e+00,5.600000000000000533e-01,1.600000000000000033e-01,4.000000000000000083e-02,4.000000000000000083e-02,8.000000000000000167e-02,4.000000000000000083e-02,0.000000000000000000e+00,4.000000000000000083e-02,4.000000000000000083e-02,0.000000000000000000e+00
0.000000000000000000e+00,0.000000000000000000e+00,0.000000000000000000e+00,0.000000000000000000e+00,0.000000000000000000e+00,0.000000000000000000e+00,0.000000000000000000e+00,0.000000000000000000e+00,0.000000000000000000e+00,0.000000000000000000e+00,0.000000000000000000e+00,2.999999999999999889e-01,2.000000000000000111e-01,2.000000000000000111e-01,2.000000000000000111e-01,0.000000000000000000e+00,0.000000000000000000e+00,0.000000000000000000e+00,0.000000000000000000e+00,1.000000000000000056e-01,0.000000000000000000e+00
0.000000000000000000e+00,0.000000000000000000e+00,0.000000000000000000e+00,0.000000000000000000e+00,0.000000000000000000e+00,0.000000000000000000e+00,0.000000000000000000e+00,0.000000000000000000e+00,0.000000000000000000e+00,0.000000000000000000e+00,0.000000000000000000e+00,1.052631578947368363e-01,1.052631578947368363e-01,4.210526315789473450e-01,1.052631578947368363e-01,5.263157894736841813e-02,0.000000000000000000e+00,1.052631578947368363e-01,0.000000000000000000e+00,5.263157894736841813e-02,5.263157894736841813e-02
0.000000000000000000e+00,9.090909090909091161e-02,0.000000000000000000e+00,0.000000000000000000e+00,0.000000000000000000e+00,0.000000000000000000e+00,0.000000000000000000e+00,0.000000000000000000e+00,0.000000000000000000e+00,0.000000000000000000e+00,0.000000000000000000e+00,0.000000000000000000e+00,4.545454545454545581e-02,9.090909090909091161e-02,4.545454545454545303e-01,1.363636363636363535e-01,4.545454545454545581e-02,0.000000000000000000e+00,9.090909090909091161e-02,4.545454545454545581e-02,0.000000000000000000e+00
1.764705882352941291e-01,0.000000000000000000e+00,5.882352941176470507e-02,0.000000000000000000e+00,0.000000000000000000e+00,0.000000000000000000e+00,0.000000000000000000e+00,0.000000000000000000e+00,0.000000000000000000e+00,0.000000000000000000e+00,0.000000000000000000e+00,0.000000000000000000e+00,5.882352941176470507e-02,0.000000000000000000e+00,1.176470588235294101e-01,5.882352941176470507e-02,1.176470588235294101e-01,5.882352941176470507e-02,5.882352941176470507e-02,1.176470588235294101e-01,1.764705882352941291e-01
6.250000000000000000e-02,0.000000000000000000e+00,1.562500000000000000e-02,0.000000000000000000e+00,1.562500000000000000e-02,0.000000000000000000e+00,0.000000000000000000e+00,0.000000000000000000e+00,0.000000000000000000e+00,0.000000000000000000e+00,0.000000000000000000e+00,1.562500000000000000e-02,0.000000000000000000e+00,1.562500000000000000e-02,1.562500000000000000e-02,3.125000000000000000e-02,6.093750000000000000e-01,9.375000000000000000e-02,6.250000000000000000e-02,3.125000000000000000e-02,3.125000000000000000e-02
4.395604395604395948e-02,1.098901098901098987e-02,3.296703296703296787e-02,0.000000000000000000e+00,2.197802197802197974e-02,0.000000000000000000e+00,0.000000000000000000e+00,0.000000000000000000e+00,0.000000000000000000e+00,0.000000000000000000e+00,0.000000000000000000e+00,1.098901098901098987e-02,0.000000000000000000e+00,1.098901098901098987e-02,1.098901098901098987e-02,1.098901098901098987e-02,1.098901098901098987e-02,5.054945054945054750e-01,1.538461538461538547e-01,1.098901098901098883e-01,6.593406593406593574e-02
9.183673469387755584e-02,3.061224489795918297e-02,1.700680272108843691e-02,0.000000000000000000e+00,6.802721088435373896e-03,3.401360544217686948e-03,3.401360544217686948e-03,0.000000000000000000e+00,0.000000000000000000e+00,0.000000000000000000e+00,3.401360544217686948e-03,3.401360544217686948e-03,0.000000000000000000e+00,0.000000000000000000e+00,0.000000000000000000e+00,0.000000000000000000e+00,1.020408163265306041e-02,6.802721088435373896e-03,6.122448979591836871e-01,1.360544217687074953e-01,7.482993197278911546e-02
9.904761904761905100e-02,5.904761904761905017e-02,2.285714285714285712e-02,3.809523809523809521e-03,3.809523809523809521e-03,0.000000000000000000e+00,1.904761904761904760e-03,0.000000000000000000e+00,0.000000000000000000e+00,0.000000000000000000e+00,1.904761904761904760e-03,0.000000000000000000e+00,1.904761904761904760e-03,3.809523809523809521e-03,1.904761904761904760e-03,1.904761904761904760e-03,5.714285714285714281e-03,1.142857142857142856e-02,4.571428571428571425e-02,5.752380952380952150e-01,1.600000000000000033e-01
1.655629139072847811e-01,5.676442762535478109e-02,2.365184484389782488e-02,1.513718070009460737e-02,2.838221381267738881e-03,2.838221381267738881e-03,0.000000000000000000e+00,0.000000000000000000e+00,0.000000000000000000e+00,0.000000000000000000e+00,0.000000000000000000e+00,9.460737937559129604e-04,0.000000000000000000e+00,0.000000000000000000e+00,0.000000000000000000e+00,4.730368968779564802e-03,4.730368968779564802e-03,4.730368968779564802e-03,1.986754966887417304e-02,5.203405865657521195e-02,6.461684011352885060e-01
