8.849557522123894238e-01,4.424778761061946841e-02,0.000000000000000000e+00,0.000000000000000000e+00,8.849557522123893682e-03,1.769911504424778736e-02,0.000000000000000000e+00,8.849557522123893682e-03,8.849557522123893682e-03,0.000000000000000000e+00,0.000000000000000000e+00,0.000000000000000000e+00,0.000000000000000000e+00,0.000000000000000000e+00,0.000000000000000000e+00,8.849557522123893682e-03,0.000000000000000000e+00,0.000000000000000000e+00,0.000000000000000000e+00,0.000000000000000000e+00,0.000000000000000000e+00,1.769911504424778736e-02
7.843137254901960675e-02,7.843137254901960675e-01,1.960784313725490169e-02,1.960784313725490169e-02,3.921568627450980338e-02,0.000000000000000000e+00,0.000000000000000000e+00,0.000000000000000000e+00,0.000000000000000000e+00,0.000000000000000000e+00,1.960784313725490169e-02,1.960784313725490169e-02,0.000000000000000000e+00,0.000000000000000000e+00,1.960784313725490169e-02,0.000000000000000000e+00,0.000000000000000000e+00,0.000000000000000000e+00,0.000000000000000000e+00,0.000000000000000000e+00,0.000000000000000000e+00,0.000000000000000000e+00
0.000000000000000000e+00,2.380952380952380820e-02,6.904761904761904656e-01,1.190476190476190410e-01,7.142857142857142461e-02,2.380952380952380820e-02,0.000000000000000000e+00,2.380952380952380820e-02,0.000000000000000000e+00,2.380952380952380820e-02,0.000000000000000000e+00,0.000000000000000000e+00,0.000000000000000000e+00,0.000000000000000000e+00,0.000000000000000000e+00,0.000000000000000000e+00,0.000000000000000000e+00,2.380952380952380820e-02,0.000000000000000000e+00,0.000000000000000000e+00,0.000000000000000000e+00,0.000000000000000000e+00
0.000000000000000000e+00,4.347826086956521618e-02,4.347826086956521618e-02,6.956521739130434590e-01,1.594202898550724501e-01,1.449275362318840597e-02,4.347826086956521618e-02,0.000000000000000000e+00,0.000000000000000000e+00,0.000000000000000000e+00,0.000000000000000000e+00,0.000000000000000000e+00,0.000000000000000000e+00,0.000000000000000000e+00,0.000000000000000000e+00,0.000000000000000000e+00,0.000000000000000000e+00,0.000000000000000000e+00,0.000000000000000000e+00,0.000000000000000000e+00,0.000000000000000000e+00,0.000000000000000000e+00
7.042253521126760722e-03,0.000000000000000000e+00,2.112676056338028130e-02,7.042253521126760896e-02,7.112676056338028685e-01,1.126760563380281716e-01,2.112676056338028130e-02,0.000000000000000000e+00,0.000000000000000000e+00,2.112676056338028130e-02,7.042253521126760722e-03,0.000000000000000000e+00,0.000000000000000000e+00,0.000000000000000000e+00,0.000000000000000000e+00,0.000000000000000000e+00,0.000000000000000000e+00,0.000000000000000000e+00,0.000000000000000000e+00,0.000000000000000000e+00,0.000000000000000000e+00,2.816901408450704289e-02
0.000000000000000000e+00,5.076142131979695035e-03,1.015228426395939007e-02,5.076142131979695035e-03,8.629441624365481733e-02,6.751269035532995177e-01,1.522842639593908753e-01,1.015228426395939007e-02,1.522842639593908684e-02,5.076142131979695035e-03,1.015228426395939007e-02,0.000000000000000000e+00,5.076142131979695035e-03,0.000000000000000000e+00,0.000000000000000000e+00,0.000000000000000000e+00,0.000000000000000000e+00,0.000000000000000000e+00,0.000000000000000000e+00,0.000000000000000000e+00,5.076142131979695035e-03,1.522842639593908684e-02
0.000000000000000000e+00,0.000000000000000000e+00,2.873563218390804558e-03,8.620689655172413673e-03,8.620689655172413673e-03,7.471264367816092544e-02,7.155172413793103869e-01,1.206896551724137984e-01,1.149425287356321823e-02,1.436781609195402279e-02,2.873563218390804558e-03,8.620689655172413673e-03,2.873563218390804558e-03,0.000000000000000000e+00,0.000000000000000000e+00,2.873563218390804558e-03,2.873563218390804558e-03,0.000000000000000000e+00,2.873563218390804558e-03,2.873563218390804558e-03,2.873563218390804558e-03,1.436781609195402279e-02
1.602564102564102509e-03,0.000000000000000000e+00,3.205128205128205017e-03,1.602564102564102509e-03,0.000000000000000000e+00,3.205128205128205017e-03,5.288461538461538408e-02,7.772435897435897578e-01,1.057692307692307682e-01,2.403846153846153980e-02,9.615384615384615918e-03,6.410256410256410034e-03,3.205128205128205017e-03,0.000000000000000000e+00,3.205128205128205017e-03,0.000000000000000000e+00,0.000000000000000000e+00,0.000000000000000000e+00,0.000000000000000000e+00,0.000000000000000000e+00,0.000000000000000000e+00,8.012820512820512109e-03
0.000000000000000000e+00,0.000000000000000000e+00,0.000000000000000000e+00,0.000000000000000000e+00,0.000000000000000000e+00,3.694581280788177165e-03,9.852216748768473017e-03,7.389162561576355370e-02,7.881773399014778692e-01,1.034482758620689641e-01,8.620689655172413673e-03,2.463054187192118254e-03,0.000000000000000000e+00,1.231527093596059127e-03,0.000000000000000000e+00,1.231527093596059127e-03,1.231527093596059127e-03,2.463054187192118254e-03,0.000000000000000000e+00,0.000000000000000000e+00,1.231527093596059127e-03,2.463054187192118254e-03
0.000000000000000000e+00,0.000000000000000000e+00,0.000000000000000000e+00,0.000000000000000000e+00,7.102272727272727470e-04,2.130681818181818024e-03,2.130681818181818024e-03,1.207386363636363605e-02,6.107954545454545581e-02,7.869318181818182323e-01,1.008522727272727210e-01,1.278409090909090988e-02,7.102272727272727036e-03,2.840909090909090988e-03,7.102272727272727470e-04,1.420454545454545494e-03,1.420454545454545494e-03,7.102272727272727470e-04,0.000000000000000000e+00,0.000000000000000000e+00,1.420454545454545494e-03,5.681818181818181976e-03
0.000000000000000000e+00,0.000000000000000000e+00,0.000000000000000000e+00,0.000000000000000000e+00,5.235602094240838231e-04,0.000000000000000000e+00,5.235602094240838231e-04,1.570680628272251361e-03,7.853403141361256154e-03,7.643979057591622495e-02,8.204188481675392941e-01,6.858638743455497400e-02,1.099476439790575931e-02,2.094240837696335292e-03,3.141361256544502722e-03,5.235602094240838231e-04,1.047120418848167646e-03,1.047120418848167646e-03,0.000000000000000000e+00,5.235602094240838231e-04,5.235602094240838231e-04,4.188481675392670585e-03
0.000000000000000000e+00,0.000000000000000000e+00,0.000000000000000000e+00,0.000000000000000000e+00,0.000000000000000000e+00,0.000000000000000000e+00,0.000000000000000000e+00,2.690582959641255739e-03,1.793721973094170421e-03,1.614349775784753444e-02,1.130044843049327341e-01,7.614349775784753360e-01,7.085201793721973562e-02,1.434977578475336336e-02,3.587443946188340841e-03,0.000000000000000000e+00,3.587443946188340841e-03,8.968609865470852103e-04,8.968609865470852103e-04,0.000000000000000000e+00,8.968609865470852103e-04,9.865470852017936554e-03
0.000000000000000000e+00,0.000000000000000000e+00,2.132196162046908275e-03,0.000000000000000000e+00,0.000000000000000000e+00,2.132196162046908275e-03,0.000000000000000000e+00,2.132196162046908275e-03,6.396588486140724825e-03,1.705756929637526620e-02,6.396588486140725172e-02,1.833688699360341290e-01,5.863539445628997981e-01,7.889125799573561137e-02,2.345415778251599276e-02,6.396588486140724825e-03,2.132196162046908275e-03,6.396588486140724825e-03,2.132196162046908275e-03,2.132196162046908275e-03,2.132196162046908275e-03,1.279317697228144965e-02
0.000000000000000000e+00,0.000000000000000000e+00,0.000000000000000000e+00,0.000000000000000000e+00,0.000000000000000000e+00,0.000000000000000000e+00,5.291005291005290712e-03,0.000000000000000000e+00,0.000000000000000000e+00,1.058201058201058142e-02,3.703703703703703498e-02,8.465608465608465139e-02,2.222222222222222099e-01,4.603174603174602919e-01,1.111111111111111049e-01,1.058201058201058142e-02,1.587301587301587213e-02,1.058201058201058142e-02,5.291005291005290712e-03,1.058201058201058142e-02,5.291005291005290712e-03,1.058201058201058142e-02
0.000000000000000000e+00,8.474576271186440649e-03,0.000000000000000000e+00,0.000000000000000000e+00,0.000000000000000000e+00,0.000000000000000000e+00,0.000000000000000000e+00,0.000000000000000000e+00,8.474576271186440649e-03,3.389830508474576259e-02,4.237288135593220151e-02,4.237288135593220151e-02,1.186440677966101725e-01,1.525423728813559421e-01,3.813559322033898136e-01,8.474576271186440302e-02,1.694915254237288130e-02,1.694915254237288130e-02,8.474576271186440649e-03,3.389830508474576259e-02,0.000000000000000000e+00,5.084745762711864736e-02
1.818181818181818094e-02,0.000000000000000000e+00,0.000000000000000000e+00,0.000000000000000000e+00,0.000000000000000000e+00,0.000000000000000000e+00,0.000000000000000000e+00,0.000000000000000000e+00,1.818181818181818094e-02,1.818181818181818094e-02,3.636363636363636187e-02,1.818181818181818094e-02,1.272727272727272596e-01,5.454545454545454281e-02,1.636363636363636354e-01,2.909090909090908950e-01,7.272727272727272374e-02,5.454545454545454281e-02,0.000000000000000000e+00,3.636363636363636187e-02,3.636363636363636187e-02,5.454545454545454281e-02
0.000000000000000000e+00,0.000000000000000000e+00,0.000000000000000000e+00,0.000000000000000000e+00,0.000000000000000000e+00,0.000000000000000000e+00,0.000000000000000000e+00,4.000000000000000083e-02,0.000000000000000000e+00,5.999999999999999778e-02,4.000000000000000083e-02,0.000000000000000000e+00,5.999999999999999778e-02,0.000000000000000000e+00,8.000000000000000167e-02,1.000000000000000056e-01,4.000000000000000222e-01,8.000000000000000167e-02,2.000000000000000042e-02,0.000000000000000000e+00,2.000000000000000042e-02,1.000000000000000056e-01
0.000000000000000000e+00,0.000000000000000000e+00,0.000000000000000000e+00,0.000000000000000000e+00,0.000000000000000000e+00,2.777777777777777624e-02,0.000000000000000000e+00,0.000000000000000000e+00,0.000000000000000000e+00,2.777777777777777624e-02,0.000000000000000000e+00,2.777777777777777624e-02,1.388888888888888951e-01,2.777777777777777624e-02,2.777777777777777624e-02,5.555555555555555247e-02,2.222222222222222099e-01,2.222222222222222099e-01,8.333333333333332871e-02,0.000000000000000000e+00,2.777777777777777624e-02,1.111111111111111049e-01
0.000000000000000000e+00,0.000000000000000000e+00,0.000000000000000000e+00,0.000000000000000000e+00,0.000000000000000000e+00,0.000000000000000000e+00,0.000000000000000000e+00,4.545454545454545581e-02,0.000000000000000000e+00,4.545454545454545581e-02,4.545454545454545581e-02,0.000000000000000000e+00,4.545454545454545581e-02,0.000000000000000000e+00,4.545454545454545581e-02,0.000000000000000000e+00,4.545454545454545581e-02,1.818181818181818232e-01,2.272727272727272652e-01,4.545454545454545581e-02,4.545454545454545581e-02,2.272727272727272652e-01
0.000000000000000000e+00,0.000000000000000000e+00,0.000000000000000000e+00,0.000000000000000000e+00,2.564102564102564014e-02,2.564102564102564014e-02,0.000000000000000000e+00,2.564102564102564014e-02,0.000000000000000000e+00,0.000000000000000000e+00,7.692307692307692735e-02,0.000000000000000000e+00,7.692307692307692735e-02,2.564102564102564014e-02,1.025641025641025605e-01,0.000000000000000000e+00,5.128205128205128027e-02,0.000000000000000000e+00,5.128205128205128027e-02,3.846153846153846367e-01,2.564102564102564014e-02,1.282051282051281937e-01
0.000000000000000000e+00,0.000000000000000000e+00,0.000000000000000000e+00,0.000000000000000000e+00,0.000000000000000000e+00,0.000000000000000000e+00,2.857142857142857054e-02,0.000000000000000000e+00,5.714285714285714107e-02,8.571428571428571508e-02,0.000000000000000000e+00,0.000000000000000000e+00,2.857142857142857054e-02,5.714285714285714107e-02,2.857142857142857054e-02,0.000000000000000000e+00,5.714285714285714107e-02,2.857142857142857054e-02,0.000000000000000000e+00,8.571428571428571508e-02,3.142857142857142794e-01,2.285714285714285643e-01
2.150537634408602322e-02,0.000000000000000000e+00,0.000000000000000000e+00,0.000000000000000000e+00,3.763440860215053890e-02,2.150537634408602322e-02,3.763440860215053890e-02,5.376344086021505805e-03,3.763440860215053890e-02,3.763440860215053890e-02,6.451612903225806273e-02,1.075268817204301161e-02,2.688172043010752729e-02,4.301075268817204644e-02,3.763440860215053890e-02,4.301075268817204644e-02,2.688172043010752729e-02,2.688172043010752729e-02,2.150537634408602322e-02,4.838709677419354704e-02,3.763440860215053890e-02,4.139784946236559349e-01
