5.789473684210526550e-01,5.263157894736841813e-02,0.000000000000000000e+00,5.263157894736841813e-02,0.000000000000000000e+00,5.263157894736841813e-02,0.000000000000000000e+00,0.000000000000000000e+00,5.263157894736841813e-02,0.000000000000000000e+00,5.263157894736841813e-02,5.263157894736841813e-02,5.263157894736841813e-02,0.000000000000000000e+00,0.000000000000000000e+00,0.000000000000000000e+00,0.000000000000000000e+00,0.000000000000000000e+00,0.000000000000000000e+00,0.000000000000000000e+00,0.000000000000000000e+00,5.263157894736841813e-02
0.000000000000000000e+00,2.500000000000000000e-01,0.000000000000000000e+00,0.000000000000000000e+00,1.250000000000000000e-01,0.000000000000000000e+00,1.250000000000000000e-01,0.000000000000000000e+00,0.000000000000000000e+00,2.500000000000000000e-01,2.500000000000000000e-01,0.000000000000000000e+00,0.000000000000000000e+00,0.000000000000000000e+00,0.000000000000000000e+00,0.000000000000000000e+00,0.000000000000000000e+00,0.000000000000000000e+00,0.000000000000000000e+00,0.000000000000000000e+00,0.000000000000000000e+00,0.000000000000000000e+00
0.000000000000000000e+00,0.000000000000000000e+00,0.000000000000000000e+00,0.000000000000000000e+00,1.111111111111111049e-01,0.000000000000000000e+00,0.000000000000000000e+00,0.000000000000000000e+00,1.111111111111111049e-01,3.333333333333333148e-01,3.333333333333333148e-01,0.000000000000000000e+00,0.000000000000000000e+00,1.111111111111111049e-01,0.000000000000000000e+00,0.000000000000000000e+00,0.000000000000000000e+00,0.000000000000000000e+00,0.000000000000000000e+00,0.000000000000000000e+00,0.000000000000000000e+00,0.000000000000000000e+00
0.000000000000000000e+00,0.000000000000000000e+00,0.000000000000000000e+00,0.000000000000000000e+00,2.222222222222222099e-01,0.000000000000000000e+00,0.000000000000000000e+00,1.111111111111111049e-01,1.111111111111111049e-01,2.222222222222222099e-01,2.222222222222222099e-01,1.111111111111111049e-01,0.000000000000000000e+00,0.000000000000000000e+00,0.000000000000000000e+00,0.000000000000000000e+00,0.000000000000000000e+00,0.000000000000000000e+00,0.000000000000000000e+00,0.000000000000000000e+00,0.000000000000000000e+00,0.000000000000000000e+00
0.000000000000000000e+00,3.333333333333333287e-02,0.000000000000000000e+00,0.000000000000000000e+00,1.000000000000000056e-01,0.000000000000000000e+00,6.666666666666666574e-02,6.666666666666666574e-02,2.666666666666666630e-01,1.333333333333333315e-01,6.666666666666666574e-02,1.333333333333333315e-01,3.333333333333333287e-02,6.666666666666666574e-02,0.000000000000000000e+00,0.000000000000000000e+00,0.000000000000000000e+00,3.333333333333333287e-02,0.000000000000000000e+00,0.000000000000000000e+00,0.000000000000000000e+00,0.000000000000000000e+00
1.098901098901098987e-02,0.000000000000000000e+00,1.098901098901098987e-02,0.000000000000000000e+00,1.098901098901098987e-02,6.593406593406593297e-01,5.494505494505494414e-02,1.098901098901098987e-02,4.395604395604395948e-02,6.593406593406593574e-02,7.692307692307692735e-02,4.395604395604395948e-02,1.098901098901098987e-02,0.000000000000000000e+00,0.000000000000000000e+00,0.000000000000000000e+00,0.000000000000000000e+00,0.000000000000000000e+00,0.000000000000000000e+00,0.000000000000000000e+00,0.000000000000000000e+00,0.000000000000000000e+00
0.000000000000000000e+00,7.299270072992700489e-03,0.000000000000000000e+00,1.459854014598540098e-02,0.000000000000000000e+00,3.649635036496350071e-02,5.328467153284671687e-01,7.299270072992700142e-02,9.489051094890510463e-02,8.029197080291970712e-02,5.109489051094890516e-02,3.649635036496350071e-02,4.379562043795620641e-02,1.459854014598540098e-02,7.299270072992700489e-03,0.000000000000000000e+00,0.000000000000000000e+00,0.000000000000000000e+00,0.000000000000000000e+00,0.000000000000000000e+00,0.000000000000000000e+00,7.299270072992700489e-03
5.347593582887700224e-03,0.000000000000000000e+00,5.347593582887700224e-03,0.000000000000000000e+00,5.347593582887700224e-03,0.000000000000000000e+00,6.417112299465241310e-02,5.294117647058823595e-01,1.443850267379679086e-01,9.625668449197860577e-02,5.882352941176470507e-02,4.278074866310160179e-02,1.604278074866310327e-02,1.604278074866310327e-02,1.069518716577540045e-02,0.000000000000000000e+00,0.000000000000000000e+00,5.347593582887700224e-03,0.000000000000000000e+00,0.000000000000000000e+00,0.000000000000000000e+00,0.000000000000000000e+00
1.996007984031935960e-03,0.000000000000000000e+00,0.000000000000000000e+00,0.000000000000000000e+00,3.992015968063871920e-03,1.996007984031935960e-03,1.796407185628742451e-02,6.387225548902195071e-02,6.467065868263472961e-01,1.197604790419161680e-01,5.788423153692615064e-02,4.990019960079840333e-02,1.796407185628742451e-02,1.197604790419161749e-02,0.000000000000000000e+00,1.996007984031935960e-03,1.996007984031935960e-03,0.000000000000000000e+00,0.000000000000000000e+00,0.000000000000000000e+00,1.996007984031935960e-03,0.000000000000000000e+00
9.910802775024776801e-04,0.000000000000000000e+00,9.910802775024776801e-04,0.000000000000000000e+00,9.910802775024776801e-04,3.964321110009910720e-03,1.090188305252725448e-02,1.783944499504459824e-02,6.541129831516352688e-02,7.006937561942517823e-01,1.337958374628344937e-01,4.063429137760158488e-02,9.910802775024776801e-03,8.919722497522299121e-03,3.964321110009910720e-03,0.000000000000000000e+00,0.000000000000000000e+00,0.000000000000000000e+00,0.000000000000000000e+00,0.000000000000000000e+00,0.000000000000000000e+00,9.910802775024776801e-04
5.780346820809248920e-04,5.780346820809248920e-04,0.000000000000000000e+00,0.000000000000000000e+00,1.734104046242774567e-03,2.312138728323699568e-03,2.890173410404624135e-03,8.092485549132947403e-03,2.485549132947977025e-02,8.786127167630057577e-02,7.086705202312139074e-01,1.231213872832369882e-01,2.485549132947977025e-02,9.248554913294798271e-03,3.468208092485549135e-03,0.000000000000000000e+00,0.000000000000000000e+00,0.000000000000000000e+00,0.000000000000000000e+00,0.000000000000000000e+00,0.000000000000000000e+00,1.734104046242774567e-03
4.428697962798937250e-04,0.000000000000000000e+00,0.000000000000000000e+00,4.428697962798937250e-04,8.857395925597874500e-04,1.771479185119574900e-03,2.214348981399468733e-03,3.542958370239149800e-03,1.018600531443755557e-02,1.815766164747564110e-02,1.169176262178919373e-01,7.608503100088573889e-01,6.908768821966342066e-02,8.414526129317980233e-03,2.657218777679362133e-03,1.771479185119574900e-03,4.428697962798937250e-04,4.428697962798937250e-04,8.857395925597874500e-04,0.000000000000000000e+00,0.000000000000000000e+00,8.857395925597874500e-04
0.000000000000000000e+00,0.000000000000000000e+00,0.000000000000000000e+00,0.000000000000000000e+00,9.124087591240875612e-04,9.124087591240875612e-04,3.649635036496350245e-03,4.562043795620437589e-03,1.277372262773722629e-02,1.094890510948905160e-02,3.010948905109489190e-02,1.906934306569343096e-01,6.797445255474452441e-01,4.744525547445255231e-02,1.003649635036496339e-02,2.737226277372262900e-03,1.824817518248175122e-03,9.124087591240875612e-04,0.000000000000000000e+00,9.124087591240875612e-04,0.000000000000000000e+00,1.824817518248175122e-03
0.000000000000000000e+00,0.000000000000000000e+00,0.000000000000000000e+00,0.000000000000000000e+00,3.752345215759849903e-03,1.876172607879924951e-03,1.876172607879924951e-03,1.876172607879924951e-03,5.628517823639774854e-03,9.380863039399625625e-03,1.688555347091932543e-02,3.564727954971857321e-02,1.857410881801125624e-01,6.866791744840525791e-01,3.377110694183865086e-02,5.628517823639774854e-03,5.628517823639774854e-03,0.000000000000000000e+00,0.000000000000000000e+00,0.000000000000000000e+00,0.000000000000000000e+00,5.628517823639774854e-03
0.000000000000000000e+00,0.000000000000000000e+00,0.000000000000000000e+00,0.000000000000000000e+00,0.000000000000000000e+00,1.156069364161849654e-02,0.000000000000000000e+00,0.000000000000000000e+00,1.156069364161849654e-02,1.156069364161849654e-02,3.468208092485548788e-02,1.734104046242774394e-02,6.936416184971097576e-02,1.965317919075144637e-01,5.895953757225433911e-01,4.046242774566474049e-02,5.780346820809248269e-03,5.780346820809248269e-03,0.000000000000000000e+00,5.780346820809248269e-03,0.000000000000000000e+00,0.000000000000000000e+00
0.000000000000000000e+00,0.000000000000000000e+00,0.000000000000000000e+00,0.000000000000000000e+00,0.000000000000000000e+00,0.000000000000000000e+00,0.000000000000000000e+00,0.000000000000000000e+00,2.500000000000000139e-02,0.000000000000000000e+00,2.500000000000000139e-02,2.500000000000000139e-02,1.250000000000000000e-01,7.499999999999999722e-02,2.750000000000000222e-01,3.499999999999999778e-01,7.499999999999999722e-02,2.500000000000000139e-02,0.000000000000000000e+00,0.000000000000000000e+00,0.000000000000000000e+00,0.000000000000000000e+00
0.000000000000000000e+00,0.000000000000000000e+00,0.000000000000000000e+00,0.000000000000000000e+00,0.000000000000000000e+00,0.000000000000000000e+00,0.000000000000000000e+00,0.000000000000000000e+00,0.000000000000000000e+00,0.000000000000000000e+00,2.564102564102564014e-02,0.000000000000000000e+00,7.692307692307692735e-02,7.692307692307692735e-02,5.128205128205128027e-02,1.025641025641025605e-01,4.871794871794871695e-01,1.282051282051281937e-01,2.564102564102564014e-02,0.000000000000000000e+00,0.000000000000000000e+00,2.564102564102564014e-02
0.000000000000000000e+00,0.000000000000000000e+00,0.000000000000000000e+00,0.000000000000000000e+00,0.000000000000000000e+00,0.000000000000000000e+00,2.500000000000000139e-02,2.500000000000000139e-02,0.000000000000000000e+00,0.000000000000000000e+00,2.500000000000000139e-02,0.000000000000000000e+00,0.000000000000000000e+00,5.000000000000000278e-02,2.500000000000000139e-02,0.000000000000000000e+00,1.749999999999999889e-01,4.749999999999999778e-01,5.000000000000000278e-02,1.000000000000000056e-01,0.000000000000000000e+00,5.000000000000000278e-02
0.000000000000000000e+00,0.000000000000000000e+00,0.000000000000000000e+00,0.000000000000000000e+00,0.000000000000000000e+00,0.000000000000000000e+00,0.000000000000000000e+00,0.000000000000000000e+00,0.000000000000000000e+00,0.000000000000000000e+00,0.000000000000000000e+00,0.000000000000000000e+00,0.000000000000000000e+00,0.000000000000000000e+00,0.000000000000000000e+00,1.428571428571428492e-01,0.000000000000000000e+00,2.142857142857142738e-01,4.285714285714285476e-01,7.142857142857142461e-02,0.000000000000000000e+00,1.428571428571428492e-01
0.000000000000000000e+00,0.000000000000000000e+00,0.000000000000000000e+00,0.000000000000000000e+00,0.000000000000000000e+00,0.000000000000000000e+00,0.000000000000000000e+00,0.000000000000000000e+00,0.000000000000000000e+00,0.000000000000000000e+00,0.000000000000000000e+00,0.000000000000000000e+00,0.000000000000000000e+00,0.000000000000000000e+00,5.000000000000000278e-02,0.000000000000000000e+00,0.000000000000000000e+00,2.999999999999999889e-01,1.000000000000000056e-01,4.500000000000000111e-01,5.000000000000000278e-02,5.000000000000000278e-02
0.000000000000000000e+00,0.000000000000000000e+00,0.000000000000000000e+00,0.000000000000000000e+00,0.000000000000000000e+00,0.000000000000000000e+00,0.000000000000000000e+00,0.000000000000000000e+00,0.000000000000000000e+00,0.000000000000000000e+00,0.000000000000000000e+00,0.000000000000000000e+00,0.000000000000000000e+00,0.000000000000000000e+00,0.000000000000000000e+00,0.000000000000000000e+00,0.000000000000000000e+00,0.000000000000000000e+00,0.000000000000000000e+00,6.666666666666666297e-01,0.000000000000000000e+00,3.333333333333333148e-01
0.000000000000000000e+00,0.000000000000000000e+00,0.000000000000000000e+00,0.000000000000000000e+00,0.000000000000000000e+00,0.000000000000000000e+00,0.000000000000000000e+00,0.000000000000000000e+00,0.000000000000000000e+00,1.190476190476190410e-02,1.190476190476190410e-02,3.571428571428571230e-02,1.190476190476190410e-02,3.571428571428571230e-02,1.190476190476190410e-02,0.000000000000000000e+00,1.190476190476190410e-02,1.190476190476190410e-02,2.380952380952380820e-02,4.761904761904761640e-02,1.190476190476190410e-02,7.738095238095238360e-01
