3.846153846153846367e-01,2.692307692307692180e-01,3.846153846153846367e-02,2.307692307692307820e-01,7.692307692307692735e-02,0.000000000000000000e+00,0.000000000000000000e+00,0.000000000000000000e+00,0.000000000000000000e+00,0.000000000000000000e+00,0.000000000000000000e+00,0.000000000000000000e+00,0.000000000000000000e+00,0.000000000000000000e+00,0.000000000000000000e+00,0.000000000000000000e+00,0.000000000000000000e+00,0.000000000000000000e+00,0.000000000000000000e+00,0.000000000000000000e+00,0.000000000000000000e+00,0.000000000000000000e+00
2.209944751381215378e-02,8.618784530386740528e-01,9.392265193370165355e-02,1.657458563535911533e-02,0.000000000000000000e+00,2.762430939226519222e-03,0.000000000000000000e+00,0.000000000000000000e+00,0.000000000000000000e+00,2.762430939226519222e-03,0.000000000000000000e+00,0.000000000000000000e+00,0.000000000000000000e+00,0.000000000000000000e+00,0.000000000000000000e+00,0.000000000000000000e+00,0.000000000000000000e+00,0.000000000000000000e+00,0.000000000000000000e+00,0.000000000000000000e+00,0.000000000000000000e+00,0.000000000000000000e+00
1.910828025477707016e-03,2.292993630573248245e-02,8.394904458598726471e-01,1.184713375796178358e-01,7.643312101910828063e-03,1.910828025477707016e-03,1.273885350318471272e-03,6.369426751592356358e-04,1.273885350318471272e-03,0.000000000000000000e+00,6.369426751592356358e-04,6.369426751592356358e-04,0.000000000000000000e+00,0.000000000000000000e+00,0.000000000000000000e+00,0.000000000000000000e+00,0.000000000000000000e+00,6.369426751592356358e-04,0.000000000000000000e+00,1.273885350318471272e-03,6.369426751592356358e-04,6.369426751592356358e-04
2.891844997108154801e-04,2.313475997686523841e-03,5.812608444187391393e-02,8.637941006362058749e-01,5.436668594563331264e-02,1.127819548872180389e-02,1.445922498554077455e-03,1.156737998843261920e-03,1.156737998843261920e-03,1.156737998843261920e-03,0.000000000000000000e+00,0.000000000000000000e+00,2.891844997108154801e-04,5.783689994216309601e-04,0.000000000000000000e+00,0.000000000000000000e+00,5.783689994216309601e-04,0.000000000000000000e+00,5.783689994216309601e-04,0.000000000000000000e+00,5.783689994216309601e-04,2.313475997686523841e-03
0.000000000000000000e+00,0.000000000000000000e+00,7.407407407407407690e-03,1.444444444444444309e-01,7.648148148148148362e-01,5.555555555555555247e-02,1.111111111111111154e-02,3.086419753086419582e-03,3.703703703703703845e-03,1.234567901234567876e-03,1.234567901234567876e-03,6.172839506172839380e-04,1.234567901234567876e-03,0.000000000000000000e+00,6.172839506172839380e-04,0.000000000000000000e+00,0.000000000000000000e+00,0.000000000000000000e+00,6.172839506172839380e-04,6.172839506172839380e-04,0.000000000000000000e+00,3.703703703703703845e-03
0.000000000000000000e+00,1.976284584980237020e-03,1.185770750988142212e-02,6.916996047430830352e-02,2.391304347826087029e-01,5.909090909090909394e-01,4.347826086956521618e-02,5.928853754940711061e-03,1.185770750988142212e-02,1.976284584980237020e-03,3.952569169960474041e-03,1.976284584980237020e-03,0.000000000000000000e+00,3.952569169960474041e-03,0.000000000000000000e+00,0.000000000000000000e+00,0.000000000000000000e+00,0.000000000000000000e+00,0.000000000000000000e+00,0.000000000000000000e+00,1.976284584980237020e-03,1.185770750988142212e-02
0.000000000000000000e+00,0.000000000000000000e+00,9.345794392523363789e-03,6.542056074766354479e-02,1.588785046728971861e-01,3.177570093457943723e-01,2.897196261682242757e-01,5.607476635514018620e-02,3.738317757009345516e-02,1.869158878504672758e-02,9.345794392523363789e-03,0.000000000000000000e+00,1.869158878504672758e-02,0.000000000000000000e+00,0.000000000000000000e+00,0.000000000000000000e+00,0.000000000000000000e+00,0.000000000000000000e+00,0.000000000000000000e+00,0.000000000000000000e+00,0.000000000000000000e+00,1.869158878504672758e-02
0.000000000000000000e+00,0.000000000000000000e+00,0.000000000000000000e+00,9.433962264150944077e-02,1.132075471698113234e-01,1.886792452830188815e-01,1.698113207547169712e-01,1.886792452830188815e-01,7.547169811320754429e-02,0.000000000000000000e+00,0.000000000000000000e+00,0.000000000000000000e+00,1.886792452830188607e-02,0.000000000000000000e+00,0.000000000000000000e+00,1.886792452830188607e-02,1.886792452830188607e-02,1.886792452830188607e-02,0.000000000000000000e+00,1.886792452830188607e-02,0.000000000000000000e+00,7.547169811320754429e-02
0.000000000000000000e+00,0.000000000000000000e+00,3.571428571428571230e-02,0.000000000000000000e+00,8.928571428571428770e-02,8.928571428571428770e-02,5.357142857142856845e-02,7.142857142857142461e-02,4.642857142857143016e-01,3.571428571428571230e-02,1.785714285714285615e-02,1.785714285714285615e-02,0.000000000000000000e+00,0.000000000000000000e+00,0.000000000000000000e+00,1.785714285714285615e-02,0.000000000000000000e+00,0.000000000000000000e+00,0.000000000000000000e+00,0.000000000000000000e+00,0.000000000000000000e+00,1.071428571428571369e-01
0.000000000000000000e+00,0.000000000000000000e+00,3.846153846153846367e-02,1.153846153846153910e-01,7.692307692307692735e-02,0.000000000000000000e+00,3.846153846153846367e-02,7.692307692307692735e-02,1.153846153846153910e-01,2.692307692307692180e-01,3.846153846153846367e-02,3.846153846153846367e-02,0.000000000000000000e+00,0.000000000000000000e+00,0.000000000000000000e+00,7.692307692307692735e-02,0.000000000000000000e+00,0.000000000000000000e+00,0.000000000000000000e+00,0.000000000000000000e+00,0.000000000000000000e+00,1.153846153846153910e-01
0.000000000000000000e+00,0.000000000000000000e+00,0.000000000000000000e+00,0.000000000000000000e+00,2.500000000000000000e-01,0.000000000000000000e+00,6.250000000000000000e-02,0.000000000000000000e+00,0.000000000000000000e+00,6.250000000000000000e-02,3.125000000000000000e-01,6.250000000000000000e-02,6.250000000000000000e-02,0.000000000000000000e+00,0.000000000000000000e+00,0.000000000000000000e+00,6.250000000000000000e-02,0.000000000000000000e+00,0.000000000000000000e+00,0.000000000000000000e+00,0.000000000000000000e+00,1.250000000000000000e-01
0.000000000000000000e+00,0.000000000000000000e+00,0.000000000000000000e+00,3.571428571428571230e-02,1.785714285714285754e-01,3.571428571428571230e-02,3.571428571428571230e-02,0.000000000000000000e+00,3.571428571428571230e-02,0.000000000000000000e+00,0.000000000000000000e+00,3.214285714285714524e-01,1.071428571428571369e-01,3.571428571428571230e-02,0.000000000000000000e+00,7.142857142857142461e-02,0.000000000000000000e+00,0.000000000000000000e+00,0.000000000000000000e+00,0.000000000000000000e+00,0.000000000000000000e+00,1.428571428571428492e-01
0.000000000000000000e+00,0.000000000000000000e+00,0.000000000000000000e+00,0.000000000000000000e+00,7.142857142857142461e-02,3.571428571428571230e-02,3.571428571428571230e-02,3.571428571428571230e-02,7.142857142857142461e-02,3.571428571428571230e-02,0.000000000000000000e+00,1.428571428571428492e-01,4.285714285714285476e-01,3.571428571428571230e-02,0.000000000000000000e+00,0.000000000000000000e+00,0.000000000000000000e+00,0.000000000000000000e+00,0.000000000000000000e+00,0.000000000000000000e+00,0.000000000000000000e+00,1.071428571428571369e-01
0.000000000000000000e+00,0.000000000000000000e+00,9.090909090909091161e-02,9.090909090909091161e-02,9.090909090909091161e-02,9.090909090909091161e-02,0.000000000000000000e+00,1.818181818181818232e-01,0.000000000000000000e+00,0.000000000000000000e+00,0.000000000000000000e+00,0.000000000000000000e+00,1.818181818181818232e-01,9.090909090909091161e-02,9.090909090909091161e-02,0.000000000000000000e+00,9.090909090909091161e-02,0.000000000000000000e+00,0.000000000000000000e+00,0.000000000000000000e+00,0.000000000000000000e+00,0.000000000000000000e+00
0.000000000000000000e+00,0.000000000000000000e+00,0.000000000000000000e+00,5.000000000000000000e-01,0.000000000000000000e+00,0.000000000000000000e+00,0.000000000000000000e+00,0.000000000000000000e+00,0.000000000000000000e+00,0.000000000000000000e+00,0.000000000000000000e+00,0.000000000000000000e+00,0.000000000000000000e+00,2.500000000000000000e-01,0.000000000000000000e+00,2.500000000000000000e-01,0.000000000000000000e+00,0.000000000000000000e+00,0.000000000000000000e+00,0.000000000000000000e+00,0.000000000000000000e+00,0.000000000000000000e+00
0.000000000000000000e+00,0.000000000000000000e+00,6.666666666666666574e-02,0.000000000000000000e+00,0.000000000000000000e+00,0.000000000000000000e+00,0.000000000000000000e+00,0.000000000000000000e+00,0.000000000000000000e+00,6.666666666666666574e-02,6.666666666666666574e-02,1.333333333333333315e-01,0.000000000000000000e+00,1.333333333333333315e-01,6.666666666666666574e-02,2.666666666666666630e-01,0.000000000000000000e+00,0.000000000000000000e+00,0.000000000000000000e+00,1.333333333333333315e-01,0.000000000000000000e+00,6.666666666666666574e-02
0.000000000000000000e+00,0.000000000000000000e+00,0.000000000000000000e+00,0.000000000000000000e+00,1.666666666666666574e-01,0.000000000000000000e+00,8.333333333333332871e-02,0.000000000000000000e+00,0.000000000000000000e+00,8.333333333333332871e-02,0.000000000000000000e+00,0.000000000000000000e+00,0.000000000000000000e+00,0.000000000000000000e+00,0.000000000000000000e+00,2.500000000000000000e-01,1.666666666666666574e-01,0.000000000000000000e+00,8.333333333333332871e-02,8.333333333333332871e-02,0.000000000000000000e+00,8.333333333333332871e-02
0.000000000000000000e+00,0.000000000000000000e+00,0.000000000000000000e+00,0.000000000000000000e+00,9.090909090909091161e-02,0.000000000000000000e+00,0.000000000000000000e+00,0.000000000000000000e+00,0.000000000000000000e+00,0.000000000000000000e+00,0.000000000000000000e+00,0.000000000000000000e+00,9.090909090909091161e-02,0.000000000000000000e+00,0.000000000000000000e+00,0.000000000000000000e+00,1.818181818181818232e-01,5.454545454545454142e-01,9.090909090909091161e-02,0.000000000000000000e+00,0.000000000000000000e+00,0.000000000000000000e+00
0.000000000000000000e+00,0.000000000000000000e+00,0.000000000000000000e+00,0.000000000000000000e+00,2.222222222222222099e-01,2.222222222222222099e-01,2.222222222222222099e-01,0.000000000000000000e+00,0.000000000000000000e+00,0.000000000000000000e+00,0.000000000000000000e+00,0.000000000000000000e+00,1.111111111111111049e-01,0.000000000000000000e+00,0.000000000000000000e+00,0.000000000000000000e+00,1.111111111111111049e-01,1.111111111111111049e-01,0.000000000000000000e+00,0.000000000000000000e+00,0.000000000000000000e+00,0.000000000000000000e+00
0.000000000000000000e+00,0.000000000000000000e+00,0.000000000000000000e+00,0.000000000000000000e+00,0.000000000000000000e+00,2.000000000000000111e-01,1.000000000000000056e-01,1.000000000000000056e-01,0.000000000000000000e+00,1.000000000000000056e-01,0.000000000000000000e+00,0.000000000000000000e+00,0.000000000000000000e+00,0.000000000000000000e+00,0.000000000000000000e+00,1.000000000000000056e-01,0.000000000000000000e+00,1.000000000000000056e-01,1.000000000000000056e-01,0.000000000000000000e+00,1.000000000000000056e-01,1.000000000000000056e-01
0.000000000000000000e+00,0.000000000000000000e+00,0.000000000000000000e+00,1.818181818181818232e-01,9.090909090909091161e-02,9.090909090909091161e-02,0.000000000000000000e+00,0.000000000000000000e+00,0.000000000000000000e+00,0.000000000000000000e+00,0.000000000000000000e+00,0.000000000000000000e+00,9.090909090909091161e-02,0.000000000000000000e+00,0.000000000000000000e+00,0.000000000000000000e+00,0.000000000000000000e+00,0.000000000000000000e+00,9.090909090909091161e-02,9.090909090909091161e-02,1.818181818181818232e-01,1.818181818181818232e-01
0.000000000000000000e+00,1.098901098901098987e-02,0.000000000000000000e+00,4.395604395604395948e-02,6.593406593406593574e-02,4.395604395604395948e-02,6.593406593406593574e-02,7.692307692307692735e-02,2.197802197802197974e-02,4.395604395604395948e-02,1.098901098901098987e-02,3.296703296703296787e-02,0.000000000000000000e+00,2.197802197802197974e-02,0.000000000000000000e+00,2.197802197802197974e-02,1.098901098901098987e-02,0.000000000000000000e+00,3.296703296703296787e-02,3.296703296703296787e-02,3.296703296703296787e-02,4.285714285714285476e-01
