7.929423975090814647e-01,8.043591074208614189e-02,1.089776855215360621e-02,4.670472236637260299e-03,5.189413596263621952e-04,2.075765438505448781e-03,1.037882719252724390e-03,5.189413596263621952e-04,1.556824078879086694e-03,0.000000000000000000e+00,3.632589517384535692e-03,0.000000000000000000e+00,5.189413596263621952e-04,0.000000000000000000e+00,0.000000000000000000e+00,1.037882719252724390e-03,5.189413596263621952e-04,5.189413596263621952e-04,3.113648157758173388e-03,9.340944473274520599e-03,8.666320705760248433e-02
1.323251417769376048e-01,7.230623818525520052e-01,6.427221172022684614e-02,1.228733459357277819e-02,5.671077504725898291e-03,2.835538752362949146e-03,2.835538752362949146e-03,0.000000000000000000e+00,9.451795841209830124e-04,9.451795841209830124e-04,1.512287334593572820e-02,1.890359168241966025e-03,0.000000000000000000e+00,0.000000000000000000e+00,0.000000000000000000e+00,0.000000000000000000e+00,0.000000000000000000e+00,2.835538752362949146e-03,4.725897920604914954e-03,3.780718336483932050e-03,2.646502835538752305e-02
5.147058823529411520e-02,1.740196078431372473e-01,5.637254901960784270e-01,6.617647058823529493e-02,2.696078431372549156e-02,1.470588235294117627e-02,9.803921568627450844e-03,9.803921568627450844e-03,0.000000000000000000e+00,2.450980392156862711e-03,2.205882352941176613e-02,0.000000000000000000e+00,0.000000000000000000e+00,2.450980392156862711e-03,0.000000000000000000e+00,2.450980392156862711e-03,2.450980392156862711e-03,2.450980392156862711e-03,2.450980392156862711e-03,1.225490196078431356e-02,3.431372549019608142e-02
4.232804232804232569e-02,1.058201058201058142e-01,1.375661375661375585e-01,4.814814814814814548e-01,5.820105820105819783e-02,2.645502645502645356e-02,1.058201058201058142e-02,1.058201058201058142e-02,1.058201058201058142e-02,1.058201058201058142e-02,6.349206349206348854e-02,0.000000000000000000e+00,0.000000000000000000e+00,0.000000000000000000e+00,0.000000000000000000e+00,0.000000000000000000e+00,5.291005291005290712e-03,1.058201058201058142e-02,0.000000000000000000e+00,1.058201058201058142e-02,1.587301587301587213e-02
2.197802197802197974e-02,5.494505494505494414e-02,1.648351648351648324e-01,1.648351648351648324e-01,3.626373626373626258e-01,6.593406593406593574e-02,5.494505494505494414e-02,1.098901098901098987e-02,1.098901098901098987e-02,1.098901098901098987e-02,5.494505494505494414e-02,0.000000000000000000e+00,0.000000000000000000e+00,0.000000000000000000e+00,0.000000000000000000e+00,0.000000000000000000e+00,0.000000000000000000e+00,0.000000000000000000e+00,0.000000000000000000e+00,1.098901098901098987e-02,1.098901098901098987e-02
6.451612903225806273e-02,1.290322580645161255e-01,9.677419354838709409e-02,1.612903225806451568e-02,2.096774193548387177e-01,2.419354838709677491e-01,4.838709677419354704e-02,0.000000000000000000e+00,1.612903225806451568e-02,3.225806451612903136e-02,1.451612903225806550e-01,0.000000000000000000e+00,0.000000000000000000e+00,0.000000000000000000e+00,0.000000000000000000e+00,0.000000000000000000e+00,0.000000000000000000e+00,0.000000000000000000e+00,0.000000000000000000e+00,0.000000000000000000e+00,0.000000000000000000e+00
2.439024390243902524e-02,7.317073170731706877e-02,7.317073170731706877e-02,1.951219512195122019e-01,4.878048780487805047e-02,1.219512195121951192e-01,2.439024390243902385e-01,0.000000000000000000e+00,7.317073170731706877e-02,2.439024390243902524e-02,2.439024390243902524e-02,0.000000000000000000e+00,0.000000000000000000e+00,0.000000000000000000e+00,0.000000000000000000e+00,0.000000000000000000e+00,0.000000000000000000e+00,0.000000000000000000e+00,0.000000000000000000e+00,4.878048780487805047e-02,4.878048780487805047e-02
0.000000000000000000e+00,5.555555555555555247e-02,5.555555555555555247e-02,1.666666666666666574e-01,5.555555555555555247e-02,0.000000000000000000e+00,2.222222222222222099e-01,1.111111111111111049e-01,0.000000000000000000e+00,0.000000000000000000e+00,1.666666666666666574e-01,0.000000000000000000e+00,0.000000000000000000e+00,0.000000000000000000e+00,0.000000000000000000e+00,0.000000000000000000e+00,5.555555555555555247e-02,0.000000000000000000e+00,5.555555555555555247e-02,0.000000000000000000e+00,5.555555555555555247e-02
0.000000000000000000e+00,0.000000000000000000e+00,0.000000000000000000e+00,3.125000000000000000e-02,3.125000000000000000e-02,6.250000000000000000e-02,1.562500000000000000e-01,6.250000000000000000e-02,2.812500000000000000e-01,0.000000000000000000e+00,2.187500000000000000e-01,0.000000000000000000e+00,0.000000000000000000e+00,0.000000000000000000e+00,0.000000000000000000e+00,0.000000000000000000e+00,0.000000000000000000e+00,3.125000000000000000e-02,0.000000000000000000e+00,3.125000000000000000e-02,9.375000000000000000e-02
0.000000000000000000e+00,1.000000000000000056e-01,1.000000000000000056e-01,1.000000000000000056e-01,5.000000000000000278e-02,1.000000000000000056e-01,0.000000000000000000e+00,0.000000000000000000e+00,0.000000000000000000e+00,1.499999999999999944e-01,2.999999999999999889e-01,0.000000000000000000e+00,0.000000000000000000e+00,0.000000000000000000e+00,0.000000000000000000e+00,5.000000000000000278e-02,0.000000000000000000e+00,0.000000000000000000e+00,0.000000000000000000e+00,5.000000000000000278e-02,0.000000000000000000e+00
2.419354838709677352e-02,5.241935483870967943e-02,4.435483870967742159e-02,5.241935483870967943e-02,2.822580645161290244e-02,4.435483870967742159e-02,1.209677419354838676e-02,1.612903225806451568e-02,4.032258064516128920e-02,2.419354838709677352e-02,6.048387096774193727e-01,0.000000000000000000e+00,0.000000000000000000e+00,0.000000000000000000e+00,0.000000000000000000e+00,0.000000000000000000e+00,0.000000000000000000e+00,8.064516129032257841e-03,4.032258064516128920e-03,2.016129032258064460e-02,2.419354838709677352e-02
0.000000000000000000e+00,0.000000000000000000e+00,0.000000000000000000e+00,0.000000000000000000e+00,0.000000000000000000e+00,0.000000000000000000e+00,0.000000000000000000e+00,0.000000000000000000e+00,0.000000000000000000e+00,0.000000000000000000e+00,0.000000000000000000e+00,9.012345679012345734e-01,3.703703703703703498e-02,0.000000000000000000e+00,0.000000000000000000e+00,2.469135802469135665e-02,2.469135802469135665e-02,0.000000000000000000e+00,1.234567901234567833e-02,0.000000000000000000e+00,0.000000000000000000e+00
0.000000000000000000e+00,0.000000000000000000e+00,0.000000000000000000e+00,0.000000000000000000e+00,0.000000000000000000e+00,0.000000000000000000e+00,0.000000000000000000e+00,0.000000000000000000e+00,0.000000000000000000e+00,0.000000000000000000e+00,0.000000000000000000e+00,4.878048780487805047e-02,8.292682926829267887e-01,9.756097560975610095e-02,2.439024390243902524e-02,0.000000000000000000e+00,0.000000000000000000e+00,0.000000000000000000e+00,0.000000000000000000e+00,0.000000000000000000e+00,0.000000000000000000e+00
0.000000000000000000e+00,0.000000000000000000e+00,0.000000000000000000e+00,0.000000000000000000e+00,0.000000000000000000e+00,0.000000000000000000e+00,0.000000000000000000e+00,0.000000000000000000e+00,0.000000000000000000e+00,0.000000000000000000e+00,0.000000000000000000e+00,4.000000000000000083e-02,1.199999999999999956e-01,5.600000000000000533e-01,2.399999999999999911e-01,0.000000000000000000e+00,0.000000000000000000e+00,4.000000000000000083e-02,0.000000000000000000e+00,0.000000000000000000e+00,0.000000000000000000e+00
1.515151515151515194e-02,0.000000000000000000e+00,0.000000000000000000e+00,0.000000000000000000e+00,0.000000000000000000e+00,0.000000000000000000e+00,0.000000000000000000e+00,0.000000000000000000e+00,0.000000000000000000e+00,0.000000000000000000e+00,1.515151515151515194e-02,1.515151515151515194e-02,1.515151515151515194e-02,4.545454545454545581e-02,7.424242424242424310e-01,1.212121212121212155e-01,1.515151515151515194e-02,1.515151515151515194e-02,0.000000000000000000e+00,0.000000000000000000e+00,0.000000000000000000e+00
7.936507936507936067e-03,0.000000000000000000e+00,7.936507936507936067e-03,0.000000000000000000e+00,0.000000000000000000e+00,7.936507936507936067e-03,0.000000000000000000e+00,0.000000000000000000e+00,0.000000000000000000e+00,7.936507936507936067e-03,0.000000000000000000e+00,0.000000000000000000e+00,0.000000000000000000e+00,7.936507936507936067e-03,7.936507936507936067e-02,8.095238095238095344e-01,2.380952380952380820e-02,1.587301587301587213e-02,2.380952380952380820e-02,0.000000000000000000e+00,7.936507936507936067e-03
1.369863013698630061e-02,0.000000000000000000e+00,0.000000000000000000e+00,1.369863013698630061e-02,0.000000000000000000e+00,0.000000000000000000e+00,0.000000000000000000e+00,1.369863013698630061e-02,0.000000000000000000e+00,0.000000000000000000e+00,4.109589041095890183e-02,1.369863013698630061e-02,1.369863013698630061e-02,1.369863013698630061e-02,0.000000000000000000e+00,4.109589041095890183e-02,5.890410958904109817e-01,8.219178082191780366e-02,1.095890410958904049e-01,4.109589041095890183e-02,1.369863013698630061e-02
8.810572687224670421e-03,4.405286343612335211e-03,0.000000000000000000e+00,4.405286343612335211e-03,4.405286343612335211e-03,0.000000000000000000e+00,0.000000000000000000e+00,0.000000000000000000e+00,0.000000000000000000e+00,0.000000000000000000e+00,8.810572687224670421e-03,0.000000000000000000e+00,0.000000000000000000e+00,0.000000000000000000e+00,4.405286343612335211e-03,0.000000000000000000e+00,5.286343612334801906e-02,7.092511013215858640e-01,1.409691629955947267e-01,3.524229074889868168e-02,2.643171806167400953e-02
1.261261261261261216e-02,9.009009009009008931e-03,3.603603603603603659e-03,7.207207207207207318e-03,0.000000000000000000e+00,0.000000000000000000e+00,0.000000000000000000e+00,0.000000000000000000e+00,0.000000000000000000e+00,1.801801801801801830e-03,5.405405405405405705e-03,1.801801801801801830e-03,0.000000000000000000e+00,0.000000000000000000e+00,0.000000000000000000e+00,5.405405405405405705e-03,5.405405405405405705e-03,4.144144144144144143e-02,7.441441441441440929e-01,1.189189189189189255e-01,4.324324324324324564e-02
1.502145922746781111e-02,4.291845493562231745e-03,5.364806866952789681e-03,2.145922746781115872e-03,0.000000000000000000e+00,0.000000000000000000e+00,0.000000000000000000e+00,0.000000000000000000e+00,0.000000000000000000e+00,0.000000000000000000e+00,9.656652360515022293e-03,0.000000000000000000e+00,0.000000000000000000e+00,0.000000000000000000e+00,0.000000000000000000e+00,0.000000000000000000e+00,3.218884120171673809e-03,1.180257510729613817e-02,5.257510729613733974e-02,7.778969957081545150e-01,1.180257510729613712e-01
1.171270718232044206e-01,1.491712707182320415e-02,6.629834254143646480e-03,1.657458563535911620e-03,5.524861878453039095e-04,5.524861878453039095e-04,5.524861878453039095e-04,1.104972375690607819e-03,5.524861878453039095e-04,0.000000000000000000e+00,6.077348066298342462e-03,0.000000000000000000e+00,0.000000000000000000e+00,0.000000000000000000e+00,0.000000000000000000e+00,0.000000000000000000e+00,5.524861878453039095e-04,5.524861878453039095e-04,4.419889502762431276e-03,5.414364640883977814e-02,7.906077348066298249e-01
