5.714285714285713969e-01,1.428571428571428492e-01,0.000000000000000000e+00,0.000000000000000000e+00,7.142857142857142461e-02,7.142857142857142461e-02,0.000000000000000000e+00,0.000000000000000000e+00,0.000000000000000000e+00,0.000000000000000000e+00,7.142857142857142461e-02,0.000000000000000000e+00,0.000000000000000000e+00,0.000000000000000000e+00,7.142857142857142461e-02,0.000000000000000000e+00,0.000000000000000000e+00,0.000000000000000000e+00,0.000000000000000000e+00,0.000000000000000000e+00,0.000000000000000000e+00,0.000000000000000000e+00
0.000000000000000000e+00,6.521739130434782705e-01,8.695652173913043237e-02,0.000000000000000000e+00,4.347826086956521618e-02,4.347826086956521618e-02,0.000000000000000000e+00,4.347826086956521618e-02,4.347826086956521618e-02,8.695652173913043237e-02,0.000000000000000000e+00,0.000000000000000000e+00,0.000000000000000000e+00,0.000000000000000000e+00,0.000000000000000000e+00,0.000000000000000000e+00,0.000000000000000000e+00,0.000000000000000000e+00,0.000000000000000000e+00,0.000000000000000000e+00,0.000000000000000000e+00,0.000000000000000000e+00
0.000000000000000000e+00,0.000000000000000000e+00,7.727272727272727071e-01,9.090909090909091161e-02,4.545454545454545581e-02,0.000000000000000000e+00,4.545454545454545581e-02,0.000000000000000000e+00,0.000000000000000000e+00,0.000000000000000000e+00,0.000000000000000000e+00,4.545454545454545581e-02,0.000000000000000000e+00,0.000000000000000000e+00,0.000000000000000000e+00,0.000000000000000000e+00,0.000000000000000000e+00,0.000000000000000000e+00,0.000000000000000000e+00,0.000000000000000000e+00,0.000000000000000000e+00,0.000000000000000000e+00
0.000000000000000000e+00,0.000000000000000000e+00,0.000000000000000000e+00,5.555555555555555802e-01,0.000000000000000000e+00,1.111111111111111049e-01,5.555555555555555247e-02,1.111111111111111049e-01,5.555555555555555247e-02,0.000000000000000000e+00,0.000000000000000000e+00,1.111111111111111049e-01,0.000000000000000000e+00,0.000000000000000000e+00,0.000000000000000000e+00,0.000000000000000000e+00,0.000000000000000000e+00,0.000000000000000000e+00,0.000000000000000000e+00,0.000000000000000000e+00,0.000000000000000000e+00,0.000000000000000000e+00
1.000000000000000056e-01,5.000000000000000278e-02,1.000000000000000056e-01,1.000000000000000056e-01,3.499999999999999778e-01,1.000000000000000056e-01,0.000000000000000000e+00,5.000000000000000278e-02,0.000000000000000000e+00,5.000000000000000278e-02,5.000000000000000278e-02,5.000000000000000278e-02,0.000000000000000000e+00,0.000000000000000000e+00,0.000000000000000000e+00,0.000000000000000000e+00,0.000000000000000000e+00,0.000000000000000000e+00,0.000000000000000000e+00,0.000000000000000000e+00,0.000000000000000000e+00,0.000000000000000000e+00
2.222222222222222307e-02,2.222222222222222307e-02,0.000000000000000000e+00,0.000000000000000000e+00,0.000000000000000000e+00,6.444444444444444864e-01,1.555555555555555580e-01,6.666666666666666574e-02,6.666666666666666574e-02,0.000000000000000000e+00,2.222222222222222307e-02,0.000000000000000000e+00,0.000000000000000000e+00,0.000000000000000000e+00,0.000000000000000000e+00,0.000000000000000000e+00,0.000000000000000000e+00,0.000000000000000000e+00,0.000000000000000000e+00,0.000000000000000000e+00,0.000000000000000000e+00,0.000000000000000000e+00
0.000000000000000000e+00,2.666666666666666838e-02,0.000000000000000000e+00,2.666666666666666838e-02,2.666666666666666838e-02,6.666666666666666574e-02,5.466666666666666341e-01,1.466666666666666674e-01,2.666666666666666838e-02,6.666666666666666574e-02,2.666666666666666838e-02,1.333333333333333419e-02,0.000000000000000000e+00,1.333333333333333419e-02,0.000000000000000000e+00,0.000000000000000000e+00,0.000000000000000000e+00,0.000000000000000000e+00,0.000000000000000000e+00,0.000000000000000000e+00,0.000000000000000000e+00,1.333333333333333419e-02
0.000000000000000000e+00,0.000000000000000000e+00,6.024096385542168988e-03,1.204819277108433798e-02,3.614457831325301046e-02,1.807228915662650523e-02,6.626506024096386060e-02,6.024096385542169196e-01,9.638554216867470381e-02,1.084337349397590383e-01,1.807228915662650523e-02,2.409638554216867595e-02,0.000000000000000000e+00,6.024096385542168988e-03,6.024096385542168988e-03,0.000000000000000000e+00,0.000000000000000000e+00,0.000000000000000000e+00,0.000000000000000000e+00,0.000000000000000000e+00,0.000000000000000000e+00,0.000000000000000000e+00
0.000000000000000000e+00,0.000000000000000000e+00,0.000000000000000000e+00,4.048582995951417046e-03,1.214574898785425114e-02,4.048582995951417046e-03,2.024291497975708523e-02,8.906882591093116808e-02,5.951417004048582537e-01,1.578947368421052544e-01,9.716599190283400911e-02,8.097165991902834092e-03,8.097165991902834092e-03,0.000000000000000000e+00,0.000000000000000000e+00,0.000000000000000000e+00,0.000000000000000000e+00,4.048582995951417046e-03,0.000000000000000000e+00,0.000000000000000000e+00,0.000000000000000000e+00,0.000000000000000000e+00
2.141327623126338450e-03,2.141327623126338450e-03,0.000000000000000000e+00,0.000000000000000000e+00,2.141327623126338450e-03,6.423982869379014915e-03,2.141327623126338450e-03,4.710920770877944502e-02,8.779443254817986819e-02,6.488222698072805272e-01,1.391862955032119875e-01,3.640256959314774887e-02,1.284796573875802983e-02,2.141327623126338450e-03,0.000000000000000000e+00,2.141327623126338450e-03,4.282655246252676899e-03,0.000000000000000000e+00,0.000000000000000000e+00,0.000000000000000000e+00,0.000000000000000000e+00,4.282655246252676899e-03
1.283697047496790665e-03,1.283697047496790665e-03,0.000000000000000000e+00,1.283697047496790665e-03,1.283697047496790665e-03,2.567394094993581330e-03,3.851091142490372429e-03,1.540436456996148971e-02,3.337612323491655902e-02,8.600770218228498409e-02,6.867779204107830049e-01,1.309370988446726669e-01,2.567394094993581677e-02,5.134788189987162660e-03,0.000000000000000000e+00,1.283697047496790665e-03,2.567394094993581330e-03,1.283697047496790665e-03,0.000000000000000000e+00,0.000000000000000000e+00,0.000000000000000000e+00,0.000000000000000000e+00
1.264222503160556364e-03,1.264222503160556364e-03,2.528445006321112729e-03,0.000000000000000000e+00,0.000000000000000000e+00,0.000000000000000000e+00,8.849557522123893682e-03,1.264222503160556191e-02,1.517067003792667464e-02,3.160556257901390304e-02,1.403286978508217486e-01,6.877370417193425789e-01,8.217446270543615761e-02,1.011378002528445091e-02,1.264222503160556364e-03,2.528445006321112729e-03,0.000000000000000000e+00,1.264222503160556364e-03,0.000000000000000000e+00,0.000000000000000000e+00,1.264222503160556364e-03,0.000000000000000000e+00
0.000000000000000000e+00,0.000000000000000000e+00,2.702702702702702853e-03,0.000000000000000000e+00,2.702702702702702853e-03,0.000000000000000000e+00,2.702702702702702853e-03,5.405405405405405705e-03,1.891891891891891997e-02,2.432432432432432567e-02,7.837837837837838273e-02,1.810810810810810911e-01,5.702702702702702187e-01,5.945945945945946276e-02,2.702702702702702853e-02,8.108108108108108558e-03,1.081081081081081141e-02,5.405405405405405705e-03,0.000000000000000000e+00,0.000000000000000000e+00,0.000000000000000000e+00,2.702702702702702853e-03
0.000000000000000000e+00,0.000000000000000000e+00,5.952380952380952051e-03,0.000000000000000000e+00,0.000000000000000000e+00,0.000000000000000000e+00,1.785714285714285615e-02,5.952380952380952051e-03,1.190476190476190410e-02,1.785714285714285615e-02,2.380952380952380820e-02,4.166666666666666435e-02,1.488095238095238082e-01,5.773809523809523281e-01,1.011904761904761918e-01,1.785714285714285615e-02,0.000000000000000000e+00,2.380952380952380820e-02,0.000000000000000000e+00,0.000000000000000000e+00,0.000000000000000000e+00,5.952380952380952051e-03
1.098901098901098987e-02,0.000000000000000000e+00,1.098901098901098987e-02,0.000000000000000000e+00,0.000000000000000000e+00,0.000000000000000000e+00,0.000000000000000000e+00,1.098901098901098987e-02,1.098901098901098987e-02,2.197802197802197974e-02,2.197802197802197974e-02,4.395604395604395948e-02,9.890109890109889668e-02,1.538461538461538547e-01,4.835164835164835195e-01,7.692307692307692735e-02,2.197802197802197974e-02,1.098901098901098987e-02,0.000000000000000000e+00,0.000000000000000000e+00,1.098901098901098987e-02,1.098901098901098987e-02
4.651162790697674354e-02,0.000000000000000000e+00,0.000000000000000000e+00,0.000000000000000000e+00,0.000000000000000000e+00,0.000000000000000000e+00,0.000000000000000000e+00,0.000000000000000000e+00,2.325581395348837177e-02,2.325581395348837177e-02,4.651162790697674354e-02,4.651162790697674354e-02,1.162790697674418589e-01,2.325581395348837177e-02,1.627906976744186163e-01,3.720930232558139483e-01,9.302325581395348708e-02,2.325581395348837177e-02,0.000000000000000000e+00,0.000000000000000000e+00,0.000000000000000000e+00,2.325581395348837177e-02
0.000000000000000000e+00,0.000000000000000000e+00,0.000000000000000000e+00,0.000000000000000000e+00,0.000000000000000000e+00,0.000000000000000000e+00,0.000000000000000000e+00,0.000000000000000000e+00,0.000000000000000000e+00,0.000000000000000000e+00,3.225806451612903136e-02,3.225806451612903136e-02,1.612903225806451568e-01,1.290322580645161255e-01,3.225806451612903136e-02,1.290322580645161255e-01,4.193548387096774355e-01,3.225806451612903136e-02,0.000000000000000000e+00,3.225806451612903136e-02,0.000000000000000000e+00,0.000000000000000000e+00
0.000000000000000000e+00,0.000000000000000000e+00,0.000000000000000000e+00,0.000000000000000000e+00,0.000000000000000000e+00,0.000000000000000000e+00,0.000000000000000000e+00,0.000000000000000000e+00,0.000000000000000000e+00,0.000000000000000000e+00,1.875000000000000000e-01,0.000000000000000000e+00,1.250000000000000000e-01,6.250000000000000000e-02,6.250000000000000000e-02,1.250000000000000000e-01,1.250000000000000000e-01,1.875000000000000000e-01,0.000000000000000000e+00,0.000000000000000000e+00,0.000000000000000000e+00,1.250000000000000000e-01
0.000000000000000000e+00,0.000000000000000000e+00,0.000000000000000000e+00,0.000000000000000000e+00,0.000000000000000000e+00,0.000000000000000000e+00,0.000000000000000000e+00,0.000000000000000000e+00,0.000000000000000000e+00,0.000000000000000000e+00,0.000000000000000000e+00,0.000000000000000000e+00,0.000000000000000000e+00,0.000000000000000000e+00,0.000000000000000000e+00,0.000000000000000000e+00,3.333333333333333148e-01,0.000000000000000000e+00,0.000000000000000000e+00,0.000000000000000000e+00,3.333333333333333148e-01,3.333333333333333148e-01
0.000000000000000000e+00,0.000000000000000000e+00,0.000000000000000000e+00,0.000000000000000000e+00,0.000000000000000000e+00,0.000000000000000000e+00,0.000000000000000000e+00,0.000000000000000000e+00,0.000000000000000000e+00,0.000000000000000000e+00,5.000000000000000000e-01,0.000000000000000000e+00,0.000000000000000000e+00,0.000000000000000000e+00,0.000000000000000000e+00,0.000000000000000000e+00,5.000000000000000000e-01,0.000000000000000000e+00,0.000000000000000000e+00,0.000000000000000000e+00,0.000000000000000000e+00,0.000000000000000000e+00
0.000000000000000000e+00,0.000000000000000000e+00,0.000000000000000000e+00,0.000000000000000000e+00,0.000000000000000000e+00,0.000000000000000000e+00,1.428571428571428492e-01,0.000000000000000000e+00,0.000000000000000000e+00,0.000000000000000000e+00,0.000000000000000000e+00,1.428571428571428492e-01,0.000000000000000000e+00,1.428571428571428492e-01,0.000000000000000000e+00,0.000000000000000000e+00,0.000000000000000000e+00,0.000000000000000000e+00,0.000000000000000000e+00,0.000000000000000000e+00,1.428571428571428492e-01,4.285714285714285476e-01
3.571428571428571230e-02,0.000000000000000000e+00,0.000000000000000000e+00,0.000000000000000000e+00,0.000000000000000000e+00,0.000000000000000000e+00,1.785714285714285615e-02,0.000000000000000000e+00,1.785714285714285615e-02,0.000000000000000000e+00,0.000000000000000000e+00,3.571428571428571230e-02,3.571428571428571230e-02,8.928571428571428770e-02,1.785714285714285615e-02,3.571428571428571230e-02,1.785714285714285615e-02,3.571428571428571230e-02,3.571428571428571230e-02,1.785714285714285615e-02,5.357142857142856845e-02,5.535714285714286031e-01
