6.868556701030927858e-01,1.301546391752577414e-01,2.577319587628865843e-02,5.154639175257731860e-03,0.000000000000000000e+00,1.288659793814432965e-03,2.577319587628865930e-03,1.288659793814432965e-03,0.000000000000000000e+00,0.000000000000000000e+00,0.000000000000000000e+00,1.288659793814432965e-03,1.288659793814432965e-03,0.000000000000000000e+00,1.288659793814432965e-03,1.288659793814432965e-03,2.577319587628865930e-03,3.865979381443299112e-03,1.546391752577319645e-02,3.221649484536082131e-02,8.762886597938143729e-02
1.397984886649873970e-01,6.889168765743073353e-01,8.186397984886649437e-02,1.007556675062972265e-02,1.259445843828715331e-03,2.518891687657430663e-03,0.000000000000000000e+00,1.259445843828715331e-03,0.000000000000000000e+00,0.000000000000000000e+00,1.259445843828715331e-03,1.259445843828715331e-03,1.259445843828715331e-03,2.518891687657430663e-03,0.000000000000000000e+00,0.000000000000000000e+00,0.000000000000000000e+00,8.816120906801007753e-03,1.259445843828715418e-02,1.385390428211586908e-02,3.274559193954659775e-02
7.629427792915531581e-02,1.825613079019073604e-01,5.694822888283378459e-01,5.994550408719345747e-02,2.724795640326975465e-02,8.174386920980925703e-03,1.089918256130790152e-02,5.449591280653950758e-03,0.000000000000000000e+00,0.000000000000000000e+00,2.724795640326975379e-03,0.000000000000000000e+00,0.000000000000000000e+00,2.724795640326975379e-03,0.000000000000000000e+00,2.724795640326975379e-03,0.000000000000000000e+00,2.724795640326975379e-03,5.449591280653950758e-03,1.907356948228882895e-02,2.452316076294278058e-02
2.923976608187134341e-02,4.093567251461988077e-02,1.403508771929824483e-01,5.847953216374268681e-01,9.941520467836256758e-02,1.754385964912280604e-02,0.000000000000000000e+00,2.339181286549707472e-02,0.000000000000000000e+00,0.000000000000000000e+00,5.847953216374268681e-03,0.000000000000000000e+00,0.000000000000000000e+00,5.847953216374268681e-03,0.000000000000000000e+00,0.000000000000000000e+00,0.000000000000000000e+00,1.754385964912280604e-02,5.847953216374268681e-03,1.169590643274853736e-02,1.754385964912280604e-02
2.197802197802197974e-02,4.395604395604395948e-02,9.890109890109889668e-02,1.538461538461538547e-01,4.835164835164835195e-01,7.692307692307692735e-02,2.197802197802197974e-02,1.098901098901098987e-02,0.000000000000000000e+00,0.000000000000000000e+00,2.197802197802197974e-02,1.098901098901098987e-02,0.000000000000000000e+00,1.098901098901098987e-02,0.000000000000000000e+00,0.000000000000000000e+00,0.000000000000000000e+00,0.000000000000000000e+00,1.098901098901098987e-02,1.098901098901098987e-02,2.197802197802197974e-02
4.651162790697674354e-02,4.651162790697674354e-02,1.162790697674418589e-01,2.325581395348837177e-02,1.627906976744186163e-01,3.720930232558139483e-01,9.302325581395348708e-02,2.325581395348837177e-02,0.000000000000000000e+00,0.000000000000000000e+00,2.325581395348837177e-02,4.651162790697674354e-02,0.000000000000000000e+00,0.000000000000000000e+00,0.000000000000000000e+00,0.000000000000000000e+00,0.000000000000000000e+00,0.000000000000000000e+00,0.000000000000000000e+00,2.325581395348837177e-02,2.325581395348837177e-02
3.225806451612903136e-02,3.225806451612903136e-02,1.612903225806451568e-01,1.290322580645161255e-01,3.225806451612903136e-02,1.290322580645161255e-01,4.193548387096774355e-01,3.225806451612903136e-02,0.000000000000000000e+00,3.225806451612903136e-02,0.000000000000000000e+00,0.000000000000000000e+00,0.000000000000000000e+00,0.000000000000000000e+00,0.000000000000000000e+00,0.000000000000000000e+00,0.000000000000000000e+00,0.000000000000000000e+00,0.000000000000000000e+00,0.000000000000000000e+00,0.000000000000000000e+00
1.875000000000000000e-01,0.000000000000000000e+00,1.250000000000000000e-01,6.250000000000000000e-02,6.250000000000000000e-02,1.250000000000000000e-01,1.250000000000000000e-01,1.875000000000000000e-01,0.000000000000000000e+00,0.000000000000000000e+00,1.250000000000000000e-01,0.000000000000000000e+00,0.000000000000000000e+00,0.000000000000000000e+00,0.000000000000000000e+00,0.000000000000000000e+00,0.000000000000000000e+00,0.000000000000000000e+00,0.000000000000000000e+00,0.000000000000000000e+00,0.000000000000000000e+00
0.000000000000000000e+00,0.000000000000000000e+00,0.000000000000000000e+00,0.000000000000000000e+00,0.000000000000000000e+00,0.000000000000000000e+00,3.333333333333333148e-01,0.000000000000000000e+00,0.000000000000000000e+00,0.000000000000000000e+00,6.666666666666666297e-01,0.000000000000000000e+00,0.000000000000000000e+00,0.000000000000000000e+00,0.000000000000000000e+00,0.000000000000000000e+00,0.000000000000000000e+00,0.000000000000000000e+00,0.000000000000000000e+00,0.000000000000000000e+00,0.000000000000000000e+00
5.000000000000000000e-01,0.000000000000000000e+00,0.000000000000000000e+00,0.000000000000000000e+00,0.000000000000000000e+00,0.000000000000000000e+00,5.000000000000000000e-01,0.000000000000000000e+00,0.000000000000000000e+00,0.000000000000000000e+00,0.000000000000000000e+00,0.000000000000000000e+00,0.000000000000000000e+00,0.000000000000000000e+00,0.000000000000000000e+00,0.000000000000000000e+00,0.000000000000000000e+00,0.000000000000000000e+00,0.000000000000000000e+00,0.000000000000000000e+00,0.000000000000000000e+00
0.000000000000000000e+00,4.761904761904761640e-02,3.174603174603174427e-02,9.523809523809523281e-02,1.587301587301587213e-02,3.174603174603174427e-02,1.587301587301587213e-02,3.174603174603174427e-02,3.174603174603174427e-02,1.587301587301587213e-02,6.031746031746031411e-01,3.174603174603174427e-02,0.000000000000000000e+00,0.000000000000000000e+00,0.000000000000000000e+00,0.000000000000000000e+00,0.000000000000000000e+00,3.174603174603174427e-02,0.000000000000000000e+00,1.587301587301587213e-02,0.000000000000000000e+00
7.142857142857142461e-02,0.000000000000000000e+00,0.000000000000000000e+00,0.000000000000000000e+00,7.142857142857142461e-02,0.000000000000000000e+00,0.000000000000000000e+00,0.000000000000000000e+00,0.000000000000000000e+00,0.000000000000000000e+00,0.000000000000000000e+00,5.714285714285713969e-01,1.428571428571428492e-01,0.000000000000000000e+00,0.000000000000000000e+00,7.142857142857142461e-02,7.142857142857142461e-02,0.000000000000000000e+00,0.000000000000000000e+00,0.000000000000000000e+00,0.000000000000000000e+00
0.000000000000000000e+00,0.000000000000000000e+00,0.000000000000000000e+00,0.000000000000000000e+00,0.000000000000000000e+00,0.000000000000000000e+00,0.000000000000000000e+00,0.000000000000000000e+00,0.000000000000000000e+00,0.000000000000000000e+00,0.000000000000000000e+00,0.000000000000000000e+00,6.521739130434782705e-01,8.695652173913043237e-02,0.000000000000000000e+00,4.347826086956521618e-02,4.347826086956521618e-02,0.000000000000000000e+00,4.347826086956521618e-02,4.347826086956521618e-02,8.695652173913043237e-02
0.000000000000000000e+00,4.545454545454545581e-02,0.000000000000000000e+00,0.000000000000000000e+00,0.000000000000000000e+00,0.000000000000000000e+00,0.000000000000000000e+00,0.000000000000000000e+00,0.000000000000000000e+00,0.000000000000000000e+00,0.000000000000000000e+00,0.000000000000000000e+00,0.000000000000000000e+00,7.727272727272727071e-01,9.090909090909091161e-02,4.545454545454545581e-02,0.000000000000000000e+00,4.545454545454545581e-02,0.000000000000000000e+00,0.000000000000000000e+00,0.000000000000000000e+00
0.000000000000000000e+00,1.176470588235294101e-01,0.000000000000000000e+00,0.000000000000000000e+00,0.000000000000000000e+00,0.000000000000000000e+00,0.000000000000000000e+00,0.000000000000000000e+00,0.000000000000000000e+00,0.000000000000000000e+00,0.000000000000000000e+00,0.000000000000000000e+00,0.000000000000000000e+00,0.000000000000000000e+00,5.294117647058823595e-01,5.882352941176470507e-02,5.882352941176470507e-02,5.882352941176470507e-02,1.176470588235294101e-01,5.882352941176470507e-02,0.000000000000000000e+00
4.761904761904761640e-02,4.761904761904761640e-02,0.000000000000000000e+00,0.000000000000000000e+00,0.000000000000000000e+00,0.000000000000000000e+00,0.000000000000000000e+00,0.000000000000000000e+00,0.000000000000000000e+00,0.000000000000000000e+00,0.000000000000000000e+00,9.523809523809523281e-02,4.761904761904761640e-02,9.523809523809523281e-02,9.523809523809523281e-02,3.333333333333333148e-01,1.428571428571428492e-01,0.000000000000000000e+00,4.761904761904761640e-02,0.000000000000000000e+00,4.761904761904761640e-02
2.222222222222222307e-02,0.000000000000000000e+00,0.000000000000000000e+00,0.000000000000000000e+00,0.000000000000000000e+00,0.000000000000000000e+00,0.000000000000000000e+00,0.000000000000000000e+00,0.000000000000000000e+00,0.000000000000000000e+00,0.000000000000000000e+00,2.222222222222222307e-02,2.222222222222222307e-02,0.000000000000000000e+00,0.000000000000000000e+00,0.000000000000000000e+00,6.444444444444444864e-01,1.555555555555555580e-01,6.666666666666666574e-02,6.666666666666666574e-02,0.000000000000000000e+00
2.666666666666666838e-02,1.333333333333333419e-02,0.000000000000000000e+00,1.333333333333333419e-02,0.000000000000000000e+00,0.000000000000000000e+00,0.000000000000000000e+00,0.000000000000000000e+00,0.000000000000000000e+00,0.000000000000000000e+00,1.333333333333333419e-02,0.000000000000000000e+00,2.666666666666666838e-02,0.000000000000000000e+00,2.666666666666666838e-02,2.666666666666666838e-02,6.666666666666666574e-02,5.466666666666666341e-01,1.466666666666666674e-01,2.666666666666666838e-02,6.666666666666666574e-02
1.807228915662650523e-02,2.409638554216867595e-02,0.000000000000000000e+00,6.024096385542168988e-03,6.024096385542168988e-03,0.000000000000000000e+00,0.000000000000000000e+00,0.000000000000000000e+00,0.000000000000000000e+00,0.000000000000000000e+00,0.000000000000000000e+00,0.000000000000000000e+00,0.000000000000000000e+00,6.024096385542168988e-03,1.204819277108433798e-02,3.614457831325301046e-02,1.807228915662650523e-02,6.626506024096386060e-02,6.024096385542169196e-01,9.638554216867470381e-02,1.084337349397590383e-01
9.756097560975610095e-02,8.130081300813008990e-03,8.130081300813008990e-03,0.000000000000000000e+00,0.000000000000000000e+00,0.000000000000000000e+00,0.000000000000000000e+00,4.065040650406504495e-03,0.000000000000000000e+00,0.000000000000000000e+00,0.000000000000000000e+00,0.000000000000000000e+00,0.000000000000000000e+00,0.000000000000000000e+00,4.065040650406504495e-03,1.219512195121951262e-02,4.065040650406504495e-03,2.032520325203251987e-02,8.943089430894309022e-02,5.934959349593496025e-01,1.585365853658536606e-01
1.388888888888888951e-01,3.632478632478632757e-02,1.282051282051282007e-02,2.136752136752136967e-03,0.000000000000000000e+00,2.136752136752136967e-03,4.273504273504273934e-03,0.000000000000000000e+00,0.000000000000000000e+00,0.000000000000000000e+00,4.273504273504273934e-03,2.136752136752136967e-03,2.136752136752136967e-03,0.000000000000000000e+00,0.000000000000000000e+00,2.136752136752136967e-03,6.410256410256410034e-03,2.136752136752136967e-03,4.700854700854700807e-02,8.974358974358974395e-02,6.474358974358974672e-01
