6.981627296587926690e-01,9.055118110236221041e-02,1.049868766404199460e-02,7.874015748031495954e-03,1.312335958005249326e-03,2.624671916010498651e-03,1.312335958005249326e-03,0.000000000000000000e+00,1.312335958005249326e-03,0.000000000000000000e+00,3.937007874015747977e-03,0.000000000000000000e+00,0.000000000000000000e+00,0.000000000000000000e+00,2.624671916010498651e-03,0.000000000000000000e+00,1.312335958005249326e-03,2.624671916010498651e-03,6.561679790026246628e-03,2.624671916010498651e-02,1.430446194225721834e-01
2.000000000000000111e-01,6.291666666666666519e-01,6.041666666666666713e-02,1.874999999999999931e-02,1.666666666666666644e-02,2.083333333333333304e-03,8.333333333333333218e-03,0.000000000000000000e+00,4.166666666666666609e-03,2.083333333333333304e-03,4.166666666666666609e-03,0.000000000000000000e+00,0.000000000000000000e+00,0.000000000000000000e+00,0.000000000000000000e+00,0.000000000000000000e+00,2.083333333333333304e-03,0.000000000000000000e+00,4.166666666666666609e-03,1.250000000000000069e-02,3.541666666666666574e-02
5.235602094240837667e-02,2.565445026178010401e-01,5.078534031413612926e-01,6.806282722513089245e-02,2.617801047120418834e-02,2.094240837696335206e-02,0.000000000000000000e+00,0.000000000000000000e+00,5.235602094240838014e-03,5.235602094240838014e-03,2.094240837696335206e-02,5.235602094240838014e-03,0.000000000000000000e+00,0.000000000000000000e+00,0.000000000000000000e+00,0.000000000000000000e+00,0.000000000000000000e+00,5.235602094240838014e-03,0.000000000000000000e+00,1.047120418848167603e-02,1.570680628272251231e-02
5.405405405405405705e-02,1.486486486486486569e-01,2.567567567567567433e-01,3.513513513513513709e-01,2.702702702702702853e-02,4.054054054054054279e-02,1.351351351351351426e-02,0.000000000000000000e+00,0.000000000000000000e+00,0.000000000000000000e+00,0.000000000000000000e+00,0.000000000000000000e+00,0.000000000000000000e+00,0.000000000000000000e+00,0.000000000000000000e+00,0.000000000000000000e+00,0.000000000000000000e+00,0.000000000000000000e+00,0.000000000000000000e+00,2.702702702702702853e-02,8.108108108108108558e-02
9.090909090909091161e-02,6.060606060606060774e-02,9.090909090909091161e-02,1.060606060606060635e-01,5.151515151515151381e-01,3.030303030303030387e-02,1.515151515151515194e-02,1.515151515151515194e-02,1.515151515151515194e-02,1.515151515151515194e-02,0.000000000000000000e+00,0.000000000000000000e+00,0.000000000000000000e+00,0.000000000000000000e+00,0.000000000000000000e+00,0.000000000000000000e+00,0.000000000000000000e+00,0.000000000000000000e+00,1.515151515151515194e-02,0.000000000000000000e+00,3.030303030303030387e-02
1.290322580645161255e-01,0.000000000000000000e+00,1.290322580645161255e-01,6.451612903225806273e-02,9.677419354838709409e-02,3.225806451612903136e-01,6.451612903225806273e-02,3.225806451612903136e-02,3.225806451612903136e-02,3.225806451612903136e-02,3.225806451612903136e-02,0.000000000000000000e+00,0.000000000000000000e+00,0.000000000000000000e+00,0.000000000000000000e+00,0.000000000000000000e+00,3.225806451612903136e-02,0.000000000000000000e+00,0.000000000000000000e+00,0.000000000000000000e+00,3.225806451612903136e-02
0.000000000000000000e+00,1.818181818181818232e-01,9.090909090909091161e-02,1.363636363636363535e-01,4.545454545454545581e-02,4.545454545454545581e-02,3.636363636363636465e-01,0.000000000000000000e+00,4.545454545454545581e-02,0.000000000000000000e+00,9.090909090909091161e-02,0.000000000000000000e+00,0.000000000000000000e+00,0.000000000000000000e+00,0.000000000000000000e+00,0.000000000000000000e+00,0.000000000000000000e+00,0.000000000000000000e+00,0.000000000000000000e+00,0.000000000000000000e+00,0.000000000000000000e+00
0.000000000000000000e+00,5.555555555555555247e-02,5.555555555555555247e-02,0.000000000000000000e+00,1.111111111111111049e-01,1.111111111111111049e-01,5.555555555555555247e-02,3.888888888888888951e-01,1.111111111111111049e-01,0.000000000000000000e+00,5.555555555555555247e-02,0.000000000000000000e+00,0.000000000000000000e+00,0.000000000000000000e+00,0.000000000000000000e+00,0.000000000000000000e+00,0.000000000000000000e+00,0.000000000000000000e+00,5.555555555555555247e-02,0.000000000000000000e+00,0.000000000000000000e+00
9.090909090909091161e-02,4.545454545454545581e-02,4.545454545454545581e-02,9.090909090909091161e-02,4.545454545454545581e-02,9.090909090909091161e-02,9.090909090909091161e-02,1.363636363636363535e-01,3.181818181818181768e-01,0.000000000000000000e+00,4.545454545454545581e-02,0.000000000000000000e+00,0.000000000000000000e+00,0.000000000000000000e+00,0.000000000000000000e+00,0.000000000000000000e+00,0.000000000000000000e+00,0.000000000000000000e+00,0.000000000000000000e+00,0.000000000000000000e+00,0.000000000000000000e+00
0.000000000000000000e+00,1.000000000000000056e-01,0.000000000000000000e+00,2.000000000000000111e-01,1.000000000000000056e-01,0.000000000000000000e+00,2.000000000000000111e-01,0.000000000000000000e+00,1.000000000000000056e-01,1.000000000000000056e-01,2.000000000000000111e-01,0.000000000000000000e+00,0.000000000000000000e+00,0.000000000000000000e+00,0.000000000000000000e+00,0.000000000000000000e+00,0.000000000000000000e+00,0.000000000000000000e+00,0.000000000000000000e+00,0.000000000000000000e+00,0.000000000000000000e+00
7.228915662650602092e-02,2.409638554216867595e-02,3.614457831325301046e-02,3.614457831325301046e-02,4.819277108433735191e-02,3.614457831325301046e-02,1.204819277108433798e-02,2.409638554216867595e-02,3.614457831325301046e-02,6.024096385542168641e-02,5.783132530120481674e-01,0.000000000000000000e+00,0.000000000000000000e+00,0.000000000000000000e+00,0.000000000000000000e+00,0.000000000000000000e+00,1.204819277108433798e-02,0.000000000000000000e+00,0.000000000000000000e+00,0.000000000000000000e+00,2.409638554216867595e-02
6.250000000000000000e-02,6.250000000000000000e-02,6.250000000000000000e-02,0.000000000000000000e+00,6.250000000000000000e-02,0.000000000000000000e+00,0.000000000000000000e+00,0.000000000000000000e+00,0.000000000000000000e+00,0.000000000000000000e+00,6.250000000000000000e-02,3.750000000000000000e-01,6.250000000000000000e-02,6.250000000000000000e-02,6.250000000000000000e-02,0.000000000000000000e+00,0.000000000000000000e+00,6.250000000000000000e-02,0.000000000000000000e+00,0.000000000000000000e+00,6.250000000000000000e-02
0.000000000000000000e+00,0.000000000000000000e+00,0.000000000000000000e+00,0.000000000000000000e+00,0.000000000000000000e+00,0.000000000000000000e+00,0.000000000000000000e+00,0.000000000000000000e+00,0.000000000000000000e+00,0.000000000000000000e+00,0.000000000000000000e+00,3.333333333333333148e-01,0.000000000000000000e+00,0.000000000000000000e+00,0.000000000000000000e+00,3.333333333333333148e-01,0.000000000000000000e+00,0.000000000000000000e+00,0.000000000000000000e+00,3.333333333333333148e-01,0.000000000000000000e+00
0.000000000000000000e+00,0.000000000000000000e+00,0.000000000000000000e+00,0.000000000000000000e+00,0.000000000000000000e+00,0.000000000000000000e+00,0.000000000000000000e+00,0.000000000000000000e+00,0.000000000000000000e+00,0.000000000000000000e+00,0.000000000000000000e+00,6.250000000000000000e-02,0.000000000000000000e+00,8.125000000000000000e-01,0.000000000000000000e+00,0.000000000000000000e+00,0.000000000000000000e+00,6.250000000000000000e-02,0.000000000000000000e+00,0.000000000000000000e+00,6.250000000000000000e-02
0.000000000000000000e+00,9.090909090909091161e-02,0.000000000000000000e+00,0.000000000000000000e+00,0.000000000000000000e+00,9.090909090909091161e-02,0.000000000000000000e+00,0.000000000000000000e+00,0.000000000000000000e+00,0.000000000000000000e+00,0.000000000000000000e+00,0.000000000000000000e+00,0.000000000000000000e+00,0.000000000000000000e+00,2.727272727272727071e-01,9.090909090909091161e-02,2.727272727272727071e-01,0.000000000000000000e+00,9.090909090909091161e-02,0.000000000000000000e+00,9.090909090909091161e-02
1.818181818181818094e-02,3.636363636363636187e-02,1.818181818181818094e-02,0.000000000000000000e+00,0.000000000000000000e+00,0.000000000000000000e+00,0.000000000000000000e+00,0.000000000000000000e+00,0.000000000000000000e+00,0.000000000000000000e+00,0.000000000000000000e+00,1.818181818181818094e-02,0.000000000000000000e+00,0.000000000000000000e+00,3.636363636363636187e-02,6.363636363636363535e-01,3.636363636363636187e-02,7.272727272727272374e-02,3.636363636363636187e-02,1.818181818181818094e-02,7.272727272727272374e-02
0.000000000000000000e+00,1.219512195121951262e-02,0.000000000000000000e+00,0.000000000000000000e+00,1.219512195121951262e-02,0.000000000000000000e+00,0.000000000000000000e+00,0.000000000000000000e+00,0.000000000000000000e+00,0.000000000000000000e+00,1.219512195121951262e-02,1.219512195121951262e-02,0.000000000000000000e+00,1.219512195121951262e-02,1.219512195121951262e-02,1.097560975609756101e-01,5.853658536585365502e-01,8.536585365853659180e-02,2.439024390243902524e-02,4.878048780487805047e-02,7.317073170731706877e-02
1.935483870967742021e-02,0.000000000000000000e+00,6.451612903225806446e-03,0.000000000000000000e+00,0.000000000000000000e+00,0.000000000000000000e+00,0.000000000000000000e+00,0.000000000000000000e+00,0.000000000000000000e+00,0.000000000000000000e+00,1.290322580645161289e-02,6.451612903225806446e-03,0.000000000000000000e+00,6.451612903225806446e-03,0.000000000000000000e+00,1.935483870967742021e-02,1.032258064516129031e-01,6.580645161290322731e-01,8.387096774193548987e-02,5.161290322580645157e-02,3.225806451612903136e-02
1.851851851851851749e-02,2.314814814814814686e-02,0.000000000000000000e+00,9.259259259259258745e-03,0.000000000000000000e+00,0.000000000000000000e+00,4.629629629629629373e-03,4.629629629629629373e-03,0.000000000000000000e+00,0.000000000000000000e+00,9.259259259259258745e-03,4.629629629629629373e-03,0.000000000000000000e+00,0.000000000000000000e+00,4.629629629629629373e-03,0.000000000000000000e+00,1.851851851851851749e-02,8.796296296296296502e-02,6.111111111111111605e-01,1.296296296296296224e-01,7.407407407407406996e-02
6.136363636363636326e-02,1.136363636363636395e-02,6.818181818181817851e-03,4.545454545454545234e-03,0.000000000000000000e+00,0.000000000000000000e+00,0.000000000000000000e+00,2.272727272727272617e-03,0.000000000000000000e+00,0.000000000000000000e+00,0.000000000000000000e+00,0.000000000000000000e+00,2.272727272727272617e-03,2.272727272727272617e-03,0.000000000000000000e+00,9.090909090909090468e-03,2.272727272727272617e-03,1.590909090909090745e-02,1.090909090909090856e-01,6.318181818181818343e-01,1.409090909090909005e-01
9.985734664764621404e-02,2.567760342368045554e-02,5.706134094151212727e-03,7.132667617689015908e-03,1.426533523537803182e-03,2.853067047075606363e-03,0.000000000000000000e+00,1.426533523537803182e-03,0.000000000000000000e+00,0.000000000000000000e+00,4.279600570613409545e-03,1.426533523537803182e-03,0.000000000000000000e+00,0.000000000000000000e+00,0.000000000000000000e+00,0.000000000000000000e+00,4.279600570613409545e-03,8.559201141226819090e-03,1.711840228245363818e-02,1.355206847360913014e-01,6.847360912981454995e-01
