6.666666666666666297e-01,8.333333333333332871e-02,8.333333333333332871e-02,0.000000000000000000e+00,0.000000000000000000e+00,8.333333333333332871e-02,0.000000000000000000e+00,0.000000000000000000e+00,0.000000000000000000e+00,0.000000000000000000e+00,0.000000000000000000e+00,0.000000000000000000e+00,0.000000000000000000e+00,0.000000000000000000e+00,8.333333333333332871e-02,0.000000000000000000e+00,0.000000000000000000e+00,0.000000000000000000e+00,0.000000000000000000e+00,0.000000000000000000e+00,0.000000000000000000e+00,0.000000000000000000e+00
5.555555555555555247e-02,7.222222222222222099e-01,1.111111111111111049e-01,0.000000000000000000e+00,5.555555555555555247e-02,0.000000000000000000e+00,0.000000000000000000e+00,0.000000000000000000e+00,0.000000000000000000e+00,0.000000000000000000e+00,5.555555555555555247e-02,0.000000000000000000e+00,0.000000000000000000e+00,0.000000000000000000e+00,0.000000000000000000e+00,0.000000000000000000e+00,0.000000000000000000e+00,0.000000000000000000e+00,0.000000000000000000e+00,0.000000000000000000e+00,0.000000000000000000e+00,0.000000000000000000e+00
0.000000000000000000e+00,1.000000000000000056e-01,5.999999999999999778e-01,1.000000000000000056e-01,0.000000000000000000e+00,0.000000000000000000e+00,0.000000000000000000e+00,0.000000000000000000e+00,0.000000000000000000e+00,0.000000000000000000e+00,0.000000000000000000e+00,1.000000000000000056e-01,0.000000000000000000e+00,0.000000000000000000e+00,0.000000000000000000e+00,0.000000000000000000e+00,0.000000000000000000e+00,1.000000000000000056e-01,0.000000000000000000e+00,0.000000000000000000e+00,0.000000000000000000e+00,0.000000000000000000e+00
0.000000000000000000e+00,1.000000000000000056e-01,0.000000000000000000e+00,4.000000000000000222e-01,2.999999999999999889e-01,1.000000000000000056e-01,0.000000000000000000e+00,1.000000000000000056e-01,0.000000000000000000e+00,0.000000000000000000e+00,0.000000000000000000e+00,0.000000000000000000e+00,0.000000000000000000e+00,0.000000000000000000e+00,0.000000000000000000e+00,0.000000000000000000e+00,0.000000000000000000e+00,0.000000000000000000e+00,0.000000000000000000e+00,0.000000000000000000e+00,0.000000000000000000e+00,0.000000000000000000e+00
0.000000000000000000e+00,0.000000000000000000e+00,0.000000000000000000e+00,3.846153846153846367e-02,8.205128205128204844e-01,3.846153846153846367e-02,6.410256410256409687e-02,2.564102564102564014e-02,0.000000000000000000e+00,0.000000000000000000e+00,0.000000000000000000e+00,0.000000000000000000e+00,0.000000000000000000e+00,0.000000000000000000e+00,0.000000000000000000e+00,0.000000000000000000e+00,0.000000000000000000e+00,1.282051282051282007e-02,0.000000000000000000e+00,0.000000000000000000e+00,0.000000000000000000e+00,0.000000000000000000e+00
0.000000000000000000e+00,0.000000000000000000e+00,0.000000000000000000e+00,0.000000000000000000e+00,7.317073170731706877e-02,7.804878048780488076e-01,8.536585365853659180e-02,1.219512195121951262e-02,1.219512195121951262e-02,2.439024390243902524e-02,0.000000000000000000e+00,0.000000000000000000e+00,0.000000000000000000e+00,1.219512195121951262e-02,0.000000000000000000e+00,0.000000000000000000e+00,0.000000000000000000e+00,0.000000000000000000e+00,0.000000000000000000e+00,0.000000000000000000e+00,0.000000000000000000e+00,0.000000000000000000e+00
0.000000000000000000e+00,0.000000000000000000e+00,0.000000000000000000e+00,0.000000000000000000e+00,1.052631578947368397e-02,8.421052631578947179e-02,6.526315789473684514e-01,2.000000000000000111e-01,3.157894736842105365e-02,1.052631578947368397e-02,0.000000000000000000e+00,1.052631578947368397e-02,0.000000000000000000e+00,0.000000000000000000e+00,0.000000000000000000e+00,0.000000000000000000e+00,0.000000000000000000e+00,0.000000000000000000e+00,0.000000000000000000e+00,0.000000000000000000e+00,0.000000000000000000e+00,0.000000000000000000e+00
8.733624454148471161e-03,0.000000000000000000e+00,0.000000000000000000e+00,0.000000000000000000e+00,4.366812227074235581e-03,1.310043668122270674e-02,4.803493449781659486e-02,7.161572052401746769e-01,1.572052401746724948e-01,2.620087336244541348e-02,1.310043668122270674e-02,0.000000000000000000e+00,0.000000000000000000e+00,4.366812227074235581e-03,4.366812227074235581e-03,0.000000000000000000e+00,0.000000000000000000e+00,4.366812227074235581e-03,0.000000000000000000e+00,0.000000000000000000e+00,0.000000000000000000e+00,0.000000000000000000e+00
0.000000000000000000e+00,0.000000000000000000e+00,0.000000000000000000e+00,0.000000000000000000e+00,1.992031872509960125e-03,0.000000000000000000e+00,1.195219123505976075e-02,6.573705179282868238e-02,8.007968127490039389e-01,7.968127490039840499e-02,2.589641434262948336e-02,3.984063745019920250e-03,1.992031872509960125e-03,1.992031872509960125e-03,1.992031872509960125e-03,0.000000000000000000e+00,0.000000000000000000e+00,1.992031872509960125e-03,0.000000000000000000e+00,0.000000000000000000e+00,0.000000000000000000e+00,1.992031872509960125e-03
0.000000000000000000e+00,0.000000000000000000e+00,0.000000000000000000e+00,0.000000000000000000e+00,0.000000000000000000e+00,1.472754050073637674e-03,4.418262150220913023e-03,5.891016200294550698e-03,6.480117820324006461e-02,8.026509572901325829e-01,9.425625920471281116e-02,1.030927835051546372e-02,5.891016200294550698e-03,0.000000000000000000e+00,0.000000000000000000e+00,0.000000000000000000e+00,2.945508100147275349e-03,0.000000000000000000e+00,1.472754050073637674e-03,0.000000000000000000e+00,1.472754050073637674e-03,4.418262150220913023e-03
0.000000000000000000e+00,1.494768310911808720e-03,0.000000000000000000e+00,0.000000000000000000e+00,0.000000000000000000e+00,1.494768310911808720e-03,0.000000000000000000e+00,4.484304932735425943e-03,1.943198804185351097e-02,8.669656203288490792e-02,7.772795216741404944e-01,7.174887892376681509e-02,1.644245142002989657e-02,1.195814648729446976e-02,0.000000000000000000e+00,2.989536621823617440e-03,0.000000000000000000e+00,0.000000000000000000e+00,0.000000000000000000e+00,0.000000000000000000e+00,1.494768310911808720e-03,4.484304932735425943e-03
2.717391304347826012e-03,0.000000000000000000e+00,2.717391304347826012e-03,0.000000000000000000e+00,0.000000000000000000e+00,0.000000000000000000e+00,0.000000000000000000e+00,5.434782608695652023e-03,0.000000000000000000e+00,1.630434782608695607e-02,1.413043478260869457e-01,6.956521739130434590e-01,1.032608695652173919e-01,1.086956521739130405e-02,8.152173913043478035e-03,2.717391304347826012e-03,0.000000000000000000e+00,0.000000000000000000e+00,0.000000000000000000e+00,2.717391304347826012e-03,0.000000000000000000e+00,8.152173913043478035e-03
0.000000000000000000e+00,0.000000000000000000e+00,0.000000000000000000e+00,0.000000000000000000e+00,0.000000000000000000e+00,0.000000000000000000e+00,0.000000000000000000e+00,1.271186440677966184e-02,4.237288135593220324e-03,8.474576271186440649e-03,4.237288135593220151e-02,1.567796610169491511e-01,6.228813559322033955e-01,6.779661016949152519e-02,2.542372881355932368e-02,1.694915254237288130e-02,8.474576271186440649e-03,1.271186440677966184e-02,4.237288135593220324e-03,8.474576271186440649e-03,0.000000000000000000e+00,8.474576271186440649e-03
0.000000000000000000e+00,0.000000000000000000e+00,0.000000000000000000e+00,6.849315068493150305e-03,0.000000000000000000e+00,0.000000000000000000e+00,0.000000000000000000e+00,0.000000000000000000e+00,6.849315068493150305e-03,0.000000000000000000e+00,5.479452054794520244e-02,6.849315068493150305e-02,7.534246575342465335e-02,6.301369863013698280e-01,7.534246575342465335e-02,4.109589041095890183e-02,0.000000000000000000e+00,1.369863013698630061e-02,0.000000000000000000e+00,0.000000000000000000e+00,0.000000000000000000e+00,2.739726027397260122e-02
0.000000000000000000e+00,0.000000000000000000e+00,0.000000000000000000e+00,0.000000000000000000e+00,0.000000000000000000e+00,0.000000000000000000e+00,0.000000000000000000e+00,1.020408163265306041e-02,0.000000000000000000e+00,1.020408163265306041e-02,2.040816326530612082e-02,1.020408163265306041e-02,7.142857142857142461e-02,1.326530612244898044e-01,5.612244897959183243e-01,6.122448979591836593e-02,4.081632653061224164e-02,1.020408163265306041e-02,2.040816326530612082e-02,0.000000000000000000e+00,0.000000000000000000e+00,5.102040816326530726e-02
0.000000000000000000e+00,0.000000000000000000e+00,0.000000000000000000e+00,0.000000000000000000e+00,0.000000000000000000e+00,0.000000000000000000e+00,0.000000000000000000e+00,0.000000000000000000e+00,0.000000000000000000e+00,0.000000000000000000e+00,6.896551724137930939e-02,6.896551724137930939e-02,1.724137931034482873e-01,1.034482758620689641e-01,1.034482758620689641e-01,2.068965517241379282e-01,1.034482758620689641e-01,1.034482758620689641e-01,3.448275862068965469e-02,0.000000000000000000e+00,0.000000000000000000e+00,3.448275862068965469e-02
0.000000000000000000e+00,0.000000000000000000e+00,0.000000000000000000e+00,0.000000000000000000e+00,0.000000000000000000e+00,0.000000000000000000e+00,0.000000000000000000e+00,0.000000000000000000e+00,2.702702702702702853e-02,0.000000000000000000e+00,0.000000000000000000e+00,2.702702702702702853e-02,8.108108108108108558e-02,2.702702702702702853e-02,1.621621621621621712e-01,0.000000000000000000e+00,5.405405405405405705e-01,5.405405405405405705e-02,0.000000000000000000e+00,2.702702702702702853e-02,0.000000000000000000e+00,5.405405405405405705e-02
0.000000000000000000e+00,0.000000000000000000e+00,0.000000000000000000e+00,0.000000000000000000e+00,0.000000000000000000e+00,0.000000000000000000e+00,0.000000000000000000e+00,0.000000000000000000e+00,7.407407407407406996e-02,1.111111111111111049e-01,0.000000000000000000e+00,7.407407407407406996e-02,3.703703703703703498e-02,1.851851851851851749e-01,3.703703703703703498e-02,0.000000000000000000e+00,7.407407407407406996e-02,1.481481481481481399e-01,3.703703703703703498e-02,0.000000000000000000e+00,7.407407407407406996e-02,1.481481481481481399e-01
0.000000000000000000e+00,0.000000000000000000e+00,0.000000000000000000e+00,0.000000000000000000e+00,0.000000000000000000e+00,0.000000000000000000e+00,0.000000000000000000e+00,0.000000000000000000e+00,0.000000000000000000e+00,0.000000000000000000e+00,0.000000000000000000e+00,0.000000000000000000e+00,0.000000000000000000e+00,1.818181818181818232e-01,1.818181818181818232e-01,0.000000000000000000e+00,1.818181818181818232e-01,9.090909090909091161e-02,9.090909090909091161e-02,1.818181818181818232e-01,0.000000000000000000e+00,9.090909090909091161e-02
0.000000000000000000e+00,0.000000000000000000e+00,0.000000000000000000e+00,0.000000000000000000e+00,0.000000000000000000e+00,0.000000000000000000e+00,0.000000000000000000e+00,0.000000000000000000e+00,0.000000000000000000e+00,0.000000000000000000e+00,0.000000000000000000e+00,0.000000000000000000e+00,4.545454545454545581e-02,4.545454545454545581e-02,4.545454545454545581e-02,0.000000000000000000e+00,0.000000000000000000e+00,4.545454545454545581e-02,4.545454545454545581e-02,5.909090909090909394e-01,4.545454545454545581e-02,1.363636363636363535e-01
0.000000000000000000e+00,0.000000000000000000e+00,0.000000000000000000e+00,0.000000000000000000e+00,0.000000000000000000e+00,0.000000000000000000e+00,0.000000000000000000e+00,0.000000000000000000e+00,0.000000000000000000e+00,0.000000000000000000e+00,6.666666666666666574e-02,0.000000000000000000e+00,0.000000000000000000e+00,0.000000000000000000e+00,0.000000000000000000e+00,6.666666666666666574e-02,0.000000000000000000e+00,0.000000000000000000e+00,0.000000000000000000e+00,6.666666666666666574e-02,7.333333333333332815e-01,6.666666666666666574e-02
0.000000000000000000e+00,0.000000000000000000e+00,1.234567901234567833e-02,0.000000000000000000e+00,0.000000000000000000e+00,0.000000000000000000e+00,0.000000000000000000e+00,0.000000000000000000e+00,1.234567901234567833e-02,1.234567901234567833e-02,1.234567901234567833e-02,1.234567901234567833e-02,3.703703703703703498e-02,2.469135802469135665e-02,7.407407407407406996e-02,0.000000000000000000e+00,2.469135802469135665e-02,3.703703703703703498e-02,6.172839506172839164e-02,2.469135802469135665e-02,2.469135802469135665e-02,6.296296296296296502e-01
