6.293436293436293072e-01,8.494208494208493887e-02,1.930501930501930460e-02,3.861003861003861094e-03,3.861003861003861094e-03,7.722007722007722189e-03,0.000000000000000000e+00,0.000000000000000000e+00,0.000000000000000000e+00,7.722007722007722189e-03,7.722007722007722189e-03,0.000000000000000000e+00,0.000000000000000000e+00,0.000000000000000000e+00,0.000000000000000000e+00,3.861003861003861094e-03,7.722007722007722189e-03,1.158301158301158242e-02,3.861003861003860921e-02,3.474903474903474898e-02,1.389961389961389959e-01
1.100000000000000006e-01,6.250000000000000000e-01,7.000000000000000666e-02,1.000000000000000021e-02,1.499999999999999944e-02,5.000000000000000104e-03,0.000000000000000000e+00,5.000000000000000104e-03,5.000000000000000104e-03,5.000000000000000104e-03,1.000000000000000021e-02,0.000000000000000000e+00,0.000000000000000000e+00,0.000000000000000000e+00,0.000000000000000000e+00,5.000000000000000104e-03,0.000000000000000000e+00,1.000000000000000021e-02,2.999999999999999889e-02,5.500000000000000028e-02,4.000000000000000083e-02
4.347826086956521618e-02,1.428571428571428492e-01,5.031055900621117516e-01,9.316770186335403270e-02,3.726708074534161586e-02,1.863354037267080793e-02,1.863354037267080793e-02,0.000000000000000000e+00,6.211180124223602064e-03,0.000000000000000000e+00,3.105590062111801206e-02,6.211180124223602064e-03,0.000000000000000000e+00,0.000000000000000000e+00,0.000000000000000000e+00,0.000000000000000000e+00,6.211180124223602064e-03,0.000000000000000000e+00,1.863354037267080793e-02,3.105590062111801206e-02,4.347826086956521618e-02
6.315789473684210731e-02,5.263157894736841813e-02,1.789473684210526327e-01,4.736842105263157632e-01,2.105263157894736795e-02,1.052631578947368397e-02,3.157894736842105365e-02,1.052631578947368397e-02,3.157894736842105365e-02,0.000000000000000000e+00,1.052631578947368397e-02,0.000000000000000000e+00,0.000000000000000000e+00,0.000000000000000000e+00,0.000000000000000000e+00,0.000000000000000000e+00,1.052631578947368397e-02,2.105263157894736795e-02,0.000000000000000000e+00,5.263157894736841813e-02,3.157894736842105365e-02
5.357142857142856845e-02,0.000000000000000000e+00,1.250000000000000000e-01,1.250000000000000000e-01,3.571428571428571508e-01,8.928571428571428770e-02,0.000000000000000000e+00,0.000000000000000000e+00,5.357142857142856845e-02,0.000000000000000000e+00,1.071428571428571369e-01,0.000000000000000000e+00,0.000000000000000000e+00,0.000000000000000000e+00,0.000000000000000000e+00,0.000000000000000000e+00,0.000000000000000000e+00,1.785714285714285615e-02,0.000000000000000000e+00,1.785714285714285615e-02,5.357142857142856845e-02
4.878048780487805047e-02,4.878048780487805047e-02,2.439024390243902524e-02,2.439024390243902524e-02,1.463414634146341375e-01,3.170731707317073211e-01,7.317073170731706877e-02,7.317073170731706877e-02,7.317073170731706877e-02,0.000000000000000000e+00,4.878048780487805047e-02,0.000000000000000000e+00,0.000000000000000000e+00,0.000000000000000000e+00,0.000000000000000000e+00,2.439024390243902524e-02,0.000000000000000000e+00,0.000000000000000000e+00,0.000000000000000000e+00,4.878048780487805047e-02,4.878048780487805047e-02
2.127659574468085055e-02,2.127659574468085055e-02,8.510638297872340219e-02,4.255319148936170109e-02,2.127659574468085055e-02,6.382978723404254817e-02,4.468085106382978511e-01,0.000000000000000000e+00,6.382978723404254817e-02,2.127659574468085055e-02,8.510638297872340219e-02,0.000000000000000000e+00,0.000000000000000000e+00,0.000000000000000000e+00,0.000000000000000000e+00,0.000000000000000000e+00,2.127659574468085055e-02,4.255319148936170109e-02,4.255319148936170109e-02,0.000000000000000000e+00,2.127659574468085055e-02
6.666666666666666574e-02,0.000000000000000000e+00,6.666666666666666574e-02,0.000000000000000000e+00,1.333333333333333315e-01,1.333333333333333315e-01,1.333333333333333315e-01,2.000000000000000111e-01,0.000000000000000000e+00,6.666666666666666574e-02,6.666666666666666574e-02,0.000000000000000000e+00,0.000000000000000000e+00,0.000000000000000000e+00,0.000000000000000000e+00,0.000000000000000000e+00,0.000000000000000000e+00,0.000000000000000000e+00,6.666666666666666574e-02,0.000000000000000000e+00,6.666666666666666574e-02
0.000000000000000000e+00,3.508771929824561209e-02,3.508771929824561209e-02,5.263157894736841813e-02,3.508771929824561209e-02,7.017543859649122417e-02,3.508771929824561209e-02,5.263157894736841813e-02,3.859649122807017330e-01,7.017543859649122417e-02,1.754385964912280604e-01,0.000000000000000000e+00,0.000000000000000000e+00,0.000000000000000000e+00,0.000000000000000000e+00,0.000000000000000000e+00,0.000000000000000000e+00,0.000000000000000000e+00,0.000000000000000000e+00,1.754385964912280604e-02,3.508771929824561209e-02
0.000000000000000000e+00,6.896551724137930939e-02,6.896551724137930939e-02,3.448275862068965469e-02,3.448275862068965469e-02,3.448275862068965469e-02,0.000000000000000000e+00,0.000000000000000000e+00,6.896551724137930939e-02,4.482758620689655249e-01,1.379310344827586188e-01,0.000000000000000000e+00,0.000000000000000000e+00,0.000000000000000000e+00,3.448275862068965469e-02,0.000000000000000000e+00,0.000000000000000000e+00,0.000000000000000000e+00,3.448275862068965469e-02,0.000000000000000000e+00,3.448275862068965469e-02
1.984126984126984017e-02,1.190476190476190410e-02,1.587301587301587213e-02,1.190476190476190410e-02,1.587301587301587213e-02,1.190476190476190410e-02,1.984126984126984017e-02,7.936507936507936067e-03,5.158730158730158444e-02,1.984126984126984017e-02,7.698412698412698818e-01,7.936507936507936067e-03,0.000000000000000000e+00,0.000000000000000000e+00,0.000000000000000000e+00,0.000000000000000000e+00,0.000000000000000000e+00,1.190476190476190410e-02,7.936507936507936067e-03,7.936507936507936067e-03,7.936507936507936067e-03
0.000000000000000000e+00,0.000000000000000000e+00,1.492537313432835792e-02,0.000000000000000000e+00,0.000000000000000000e+00,0.000000000000000000e+00,0.000000000000000000e+00,0.000000000000000000e+00,1.492537313432835792e-02,0.000000000000000000e+00,1.492537313432835792e-02,8.059701492537313383e-01,1.492537313432835792e-02,1.492537313432835792e-02,5.970149253731343170e-02,1.492537313432835792e-02,1.492537313432835792e-02,1.492537313432835792e-02,1.492537313432835792e-02,0.000000000000000000e+00,0.000000000000000000e+00
0.000000000000000000e+00,0.000000000000000000e+00,0.000000000000000000e+00,0.000000000000000000e+00,0.000000000000000000e+00,0.000000000000000000e+00,0.000000000000000000e+00,0.000000000000000000e+00,0.000000000000000000e+00,0.000000000000000000e+00,2.173913043478260809e-02,8.695652173913043237e-02,6.739130434782608647e-01,8.695652173913043237e-02,4.347826086956521618e-02,2.173913043478260809e-02,4.347826086956521618e-02,0.000000000000000000e+00,2.173913043478260809e-02,0.000000000000000000e+00,0.000000000000000000e+00
3.030303030303030387e-02,0.000000000000000000e+00,0.000000000000000000e+00,0.000000000000000000e+00,0.000000000000000000e+00,0.000000000000000000e+00,0.000000000000000000e+00,0.000000000000000000e+00,0.000000000000000000e+00,0.000000000000000000e+00,3.030303030303030387e-02,0.000000000000000000e+00,1.212121212121212155e-01,5.757575757575758013e-01,1.515151515151515194e-01,6.060606060606060774e-02,3.030303030303030387e-02,0.000000000000000000e+00,0.000000000000000000e+00,0.000000000000000000e+00,0.000000000000000000e+00
0.000000000000000000e+00,1.020408163265306041e-02,0.000000000000000000e+00,0.000000000000000000e+00,0.000000000000000000e+00,0.000000000000000000e+00,0.000000000000000000e+00,0.000000000000000000e+00,0.000000000000000000e+00,1.020408163265306041e-02,1.020408163265306041e-02,3.061224489795918297e-02,5.102040816326530726e-02,4.081632653061224164e-02,6.632653061224489388e-01,1.632653061224489666e-01,1.020408163265306041e-02,0.000000000000000000e+00,1.020408163265306041e-02,0.000000000000000000e+00,0.000000000000000000e+00
7.092198581560283516e-03,7.092198581560283516e-03,7.092198581560283516e-03,0.000000000000000000e+00,0.000000000000000000e+00,0.000000000000000000e+00,0.000000000000000000e+00,0.000000000000000000e+00,0.000000000000000000e+00,0.000000000000000000e+00,1.418439716312056703e-02,0.000000000000000000e+00,0.000000000000000000e+00,7.092198581560283516e-03,7.092198581560284210e-02,6.737588652482269236e-01,1.134751773049645363e-01,4.964539007092198808e-02,3.546099290780142105e-02,7.092198581560283516e-03,7.092198581560283516e-03
6.024096385542168988e-03,1.204819277108433798e-02,6.024096385542168988e-03,0.000000000000000000e+00,0.000000000000000000e+00,0.000000000000000000e+00,0.000000000000000000e+00,6.024096385542168988e-03,0.000000000000000000e+00,0.000000000000000000e+00,2.409638554216867595e-02,0.000000000000000000e+00,1.204819277108433798e-02,6.024096385542168988e-03,6.024096385542168988e-03,8.433734939759035543e-02,5.963855421686746761e-01,1.265060240963855331e-01,8.433734939759035543e-02,3.012048192771084321e-02,0.000000000000000000e+00
1.153846153846153910e-02,0.000000000000000000e+00,0.000000000000000000e+00,0.000000000000000000e+00,3.846153846153846367e-03,0.000000000000000000e+00,0.000000000000000000e+00,0.000000000000000000e+00,0.000000000000000000e+00,0.000000000000000000e+00,1.153846153846153910e-02,0.000000000000000000e+00,7.692307692307692735e-03,0.000000000000000000e+00,3.846153846153846367e-03,3.076923076923077094e-02,9.615384615384615918e-02,6.769230769230769607e-01,1.230769230769230838e-01,1.923076923076923184e-02,1.538461538461538547e-02
1.428571428571428527e-02,9.523809523809524669e-03,7.142857142857142634e-03,2.380952380952381167e-03,0.000000000000000000e+00,7.142857142857142634e-03,2.380952380952381167e-03,2.380952380952381167e-03,2.380952380952381167e-03,0.000000000000000000e+00,1.428571428571428527e-02,0.000000000000000000e+00,0.000000000000000000e+00,0.000000000000000000e+00,0.000000000000000000e+00,4.761904761904762334e-03,2.380952380952380820e-02,8.333333333333332871e-02,6.833333333333333481e-01,1.261904761904761862e-01,1.666666666666666644e-02
2.123552123552123472e-02,1.544401544401544438e-02,1.544401544401544438e-02,1.544401544401544438e-02,0.000000000000000000e+00,1.930501930501930547e-03,0.000000000000000000e+00,1.930501930501930547e-03,0.000000000000000000e+00,0.000000000000000000e+00,7.722007722007722189e-03,0.000000000000000000e+00,0.000000000000000000e+00,0.000000000000000000e+00,0.000000000000000000e+00,1.930501930501930547e-03,7.722007722007722189e-03,7.722007722007722189e-03,7.722007722007721842e-02,7.239382239382239348e-01,1.023166023166023203e-01
7.302231237322515112e-02,1.825557809330628778e-02,1.419878296146044605e-02,0.000000000000000000e+00,4.056795131845841729e-03,2.028397565922920864e-03,8.113590263691683457e-03,2.028397565922920864e-03,0.000000000000000000e+00,0.000000000000000000e+00,4.056795131845841729e-03,0.000000000000000000e+00,0.000000000000000000e+00,0.000000000000000000e+00,0.000000000000000000e+00,0.000000000000000000e+00,0.000000000000000000e+00,6.085192697768762593e-03,1.825557809330628778e-02,1.217038539553752519e-01,7.281947261663286319e-01
