0.000000000000000000e+00,0.000000000000000000e+00,5.000000000000000000e-01,0.000000000000000000e+00,0.000000000000000000e+00,0.000000000000000000e+00,0.000000000000000000e+00,0.000000000000000000e+00,0.000000000000000000e+00,0.000000000000000000e+00,0.000000000000000000e+00,0.000000000000000000e+00,0.000000000000000000e+00,0.000000000000000000e+00,0.000000000000000000e+00,0.000000000000000000e+00,0.000000000000000000e+00,0.000000000000000000e+00,0.000000000000000000e+00,0.000000000000000000e+00,0.000000000000000000e+00,5.000000000000000000e-01
1.315789473684210453e-02,8.684210526315789824e-01,7.894736842105262720e-02,3.947368421052631360e-02,0.000000000000000000e+00,0.000000000000000000e+00,0.000000000000000000e+00,0.000000000000000000e+00,0.000000000000000000e+00,0.000000000000000000e+00,0.000000000000000000e+00,0.000000000000000000e+00,0.000000000000000000e+00,0.000000000000000000e+00,0.000000000000000000e+00,0.000000000000000000e+00,0.000000000000000000e+00,0.000000000000000000e+00,0.000000000000000000e+00,0.000000000000000000e+00,0.000000000000000000e+00,0.000000000000000000e+00
0.000000000000000000e+00,9.302325581395348708e-03,8.418604651162790997e-01,1.232558139534883773e-01,9.302325581395348708e-03,2.325581395348837177e-03,2.325581395348837177e-03,0.000000000000000000e+00,4.651162790697674354e-03,0.000000000000000000e+00,2.325581395348837177e-03,0.000000000000000000e+00,0.000000000000000000e+00,0.000000000000000000e+00,0.000000000000000000e+00,0.000000000000000000e+00,0.000000000000000000e+00,0.000000000000000000e+00,2.325581395348837177e-03,0.000000000000000000e+00,0.000000000000000000e+00,2.325581395348837177e-03
0.000000000000000000e+00,8.561643835616437881e-04,3.681506849315068636e-02,8.476027397260273988e-01,7.705479452054794787e-02,1.455479452054794440e-02,7.705479452054794093e-03,3.424657534246575152e-03,1.712328767123287576e-03,2.568493150684931364e-03,0.000000000000000000e+00,8.561643835616437881e-04,0.000000000000000000e+00,0.000000000000000000e+00,0.000000000000000000e+00,2.568493150684931364e-03,0.000000000000000000e+00,8.561643835616437881e-04,0.000000000000000000e+00,0.000000000000000000e+00,8.561643835616437881e-04,2.568493150684931364e-03
1.375515818431911983e-03,0.000000000000000000e+00,1.375515818431911983e-03,1.155433287482806048e-01,7.647867950481430643e-01,7.290233837689133467e-02,1.513067400275103225e-02,6.877579092159559482e-03,0.000000000000000000e+00,2.751031636863823966e-03,4.126547455295735516e-03,2.751031636863823966e-03,0.000000000000000000e+00,1.375515818431911983e-03,1.375515818431911983e-03,0.000000000000000000e+00,1.375515818431911983e-03,1.375515818431911983e-03,2.751031636863823966e-03,0.000000000000000000e+00,1.375515818431911983e-03,2.751031636863823966e-03
0.000000000000000000e+00,0.000000000000000000e+00,0.000000000000000000e+00,5.797101449275362389e-02,1.768115942028985477e-01,6.724637681159419955e-01,5.217391304347825803e-02,1.159420289855072478e-02,8.695652173913043584e-03,1.159420289855072478e-02,0.000000000000000000e+00,0.000000000000000000e+00,0.000000000000000000e+00,0.000000000000000000e+00,0.000000000000000000e+00,0.000000000000000000e+00,0.000000000000000000e+00,0.000000000000000000e+00,0.000000000000000000e+00,0.000000000000000000e+00,0.000000000000000000e+00,8.695652173913043584e-03
0.000000000000000000e+00,0.000000000000000000e+00,0.000000000000000000e+00,7.746478873239436014e-02,7.042253521126760896e-02,1.408450704225352179e-01,5.563380281690141205e-01,4.929577464788732072e-02,1.408450704225352144e-02,7.042253521126760722e-03,1.408450704225352144e-02,7.042253521126760722e-03,7.042253521126760722e-03,0.000000000000000000e+00,7.042253521126760722e-03,0.000000000000000000e+00,7.042253521126760722e-03,0.000000000000000000e+00,0.000000000000000000e+00,7.042253521126760722e-03,0.000000000000000000e+00,3.521126760563380448e-02
0.000000000000000000e+00,0.000000000000000000e+00,0.000000000000000000e+00,3.703703703703703498e-02,4.938271604938271331e-02,8.641975308641974829e-02,1.358024691358024616e-01,4.691358024691357764e-01,6.172839506172839164e-02,6.172839506172839164e-02,3.703703703703703498e-02,0.000000000000000000e+00,0.000000000000000000e+00,0.000000000000000000e+00,0.000000000000000000e+00,0.000000000000000000e+00,0.000000000000000000e+00,1.234567901234567833e-02,1.234567901234567833e-02,0.000000000000000000e+00,0.000000000000000000e+00,3.703703703703703498e-02
0.000000000000000000e+00,0.000000000000000000e+00,0.000000000000000000e+00,0.000000000000000000e+00,4.615384615384615641e-02,1.538461538461538547e-02,3.076923076923077094e-02,9.230769230769231282e-02,5.999999999999999778e-01,1.076923076923076983e-01,3.076923076923077094e-02,1.538461538461538547e-02,1.538461538461538547e-02,0.000000000000000000e+00,1.538461538461538547e-02,1.538461538461538547e-02,0.000000000000000000e+00,0.000000000000000000e+00,0.000000000000000000e+00,0.000000000000000000e+00,0.000000000000000000e+00,1.538461538461538547e-02
0.000000000000000000e+00,0.000000000000000000e+00,0.000000000000000000e+00,1.315789473684210453e-02,3.947368421052631360e-02,1.315789473684210453e-02,3.947368421052631360e-02,6.578947368421052266e-02,1.447368421052631637e-01,5.263157894736841813e-01,5.263157894736841813e-02,0.000000000000000000e+00,0.000000000000000000e+00,0.000000000000000000e+00,0.000000000000000000e+00,1.315789473684210453e-02,0.000000000000000000e+00,1.315789473684210453e-02,0.000000000000000000e+00,0.000000000000000000e+00,0.000000000000000000e+00,7.894736842105262720e-02
0.000000000000000000e+00,0.000000000000000000e+00,0.000000000000000000e+00,0.000000000000000000e+00,4.255319148936170109e-02,8.510638297872340219e-02,8.510638297872340219e-02,0.000000000000000000e+00,4.255319148936170109e-02,1.063829787234042562e-01,4.255319148936170248e-01,4.255319148936170109e-02,0.000000000000000000e+00,2.127659574468085055e-02,0.000000000000000000e+00,0.000000000000000000e+00,2.127659574468085055e-02,4.255319148936170109e-02,0.000000000000000000e+00,0.000000000000000000e+00,2.127659574468085055e-02,6.382978723404254817e-02
0.000000000000000000e+00,0.000000000000000000e+00,0.000000000000000000e+00,0.000000000000000000e+00,0.000000000000000000e+00,0.000000000000000000e+00,1.111111111111111049e-01,1.111111111111111049e-01,0.000000000000000000e+00,1.111111111111111049e-01,1.111111111111111049e-01,1.111111111111111049e-01,1.111111111111111049e-01,1.111111111111111049e-01,0.000000000000000000e+00,0.000000000000000000e+00,0.000000000000000000e+00,0.000000000000000000e+00,0.000000000000000000e+00,0.000000000000000000e+00,0.000000000000000000e+00,2.222222222222222099e-01
0.000000000000000000e+00,0.000000000000000000e+00,0.000000000000000000e+00,0.000000000000000000e+00,0.000000000000000000e+00,1.428571428571428492e-01,0.000000000000000000e+00,7.142857142857142461e-02,7.142857142857142461e-02,7.142857142857142461e-02,0.000000000000000000e+00,0.000000000000000000e+00,5.714285714285713969e-01,0.000000000000000000e+00,0.000000000000000000e+00,7.142857142857142461e-02,0.000000000000000000e+00,0.000000000000000000e+00,0.000000000000000000e+00,0.000000000000000000e+00,0.000000000000000000e+00,0.000000000000000000e+00
0.000000000000000000e+00,0.000000000000000000e+00,0.000000000000000000e+00,0.000000000000000000e+00,1.818181818181818232e-01,9.090909090909091161e-02,9.090909090909091161e-02,0.000000000000000000e+00,0.000000000000000000e+00,1.818181818181818232e-01,0.000000000000000000e+00,0.000000000000000000e+00,0.000000000000000000e+00,2.727272727272727071e-01,0.000000000000000000e+00,0.000000000000000000e+00,0.000000000000000000e+00,0.000000000000000000e+00,9.090909090909091161e-02,0.000000000000000000e+00,0.000000000000000000e+00,9.090909090909091161e-02
0.000000000000000000e+00,0.000000000000000000e+00,0.000000000000000000e+00,0.000000000000000000e+00,3.333333333333333148e-01,0.000000000000000000e+00,0.000000000000000000e+00,0.000000000000000000e+00,0.000000000000000000e+00,0.000000000000000000e+00,0.000000000000000000e+00,0.000000000000000000e+00,3.333333333333333148e-01,0.000000000000000000e+00,0.000000000000000000e+00,0.000000000000000000e+00,0.000000000000000000e+00,0.000000000000000000e+00,0.000000000000000000e+00,0.000000000000000000e+00,0.000000000000000000e+00,3.333333333333333148e-01
0.000000000000000000e+00,0.000000000000000000e+00,0.000000000000000000e+00,6.666666666666666574e-02,6.666666666666666574e-02,6.666666666666666574e-02,0.000000000000000000e+00,0.000000000000000000e+00,0.000000000000000000e+00,6.666666666666666574e-02,6.666666666666666574e-02,0.000000000000000000e+00,6.666666666666666574e-02,6.666666666666666574e-02,0.000000000000000000e+00,2.000000000000000111e-01,6.666666666666666574e-02,0.000000000000000000e+00,0.000000000000000000e+00,6.666666666666666574e-02,0.000000000000000000e+00,2.000000000000000111e-01
0.000000000000000000e+00,0.000000000000000000e+00,0.000000000000000000e+00,0.000000000000000000e+00,0.000000000000000000e+00,3.333333333333333287e-02,6.666666666666666574e-02,0.000000000000000000e+00,0.000000000000000000e+00,0.000000000000000000e+00,0.000000000000000000e+00,0.000000000000000000e+00,0.000000000000000000e+00,3.333333333333333287e-02,0.000000000000000000e+00,1.000000000000000056e-01,3.666666666666666408e-01,1.000000000000000056e-01,6.666666666666666574e-02,6.666666666666666574e-02,0.000000000000000000e+00,1.666666666666666574e-01
0.000000000000000000e+00,0.000000000000000000e+00,0.000000000000000000e+00,0.000000000000000000e+00,6.060606060606060774e-02,3.030303030303030387e-02,6.060606060606060774e-02,0.000000000000000000e+00,3.030303030303030387e-02,0.000000000000000000e+00,6.060606060606060774e-02,0.000000000000000000e+00,0.000000000000000000e+00,0.000000000000000000e+00,0.000000000000000000e+00,3.030303030303030387e-02,1.818181818181818232e-01,3.939393939393939226e-01,3.030303030303030387e-02,6.060606060606060774e-02,6.060606060606060774e-02,0.000000000000000000e+00
0.000000000000000000e+00,0.000000000000000000e+00,0.000000000000000000e+00,7.142857142857142461e-02,0.000000000000000000e+00,0.000000000000000000e+00,7.142857142857142461e-02,7.142857142857142461e-02,0.000000000000000000e+00,7.142857142857142461e-02,7.142857142857142461e-02,0.000000000000000000e+00,0.000000000000000000e+00,0.000000000000000000e+00,0.000000000000000000e+00,0.000000000000000000e+00,7.142857142857142461e-02,2.857142857142856984e-01,1.428571428571428492e-01,7.142857142857142461e-02,0.000000000000000000e+00,7.142857142857142461e-02
0.000000000000000000e+00,0.000000000000000000e+00,4.545454545454545581e-02,0.000000000000000000e+00,4.545454545454545581e-02,4.545454545454545581e-02,0.000000000000000000e+00,0.000000000000000000e+00,0.000000000000000000e+00,0.000000000000000000e+00,0.000000000000000000e+00,0.000000000000000000e+00,0.000000000000000000e+00,0.000000000000000000e+00,0.000000000000000000e+00,4.545454545454545581e-02,9.090909090909091161e-02,4.545454545454545581e-02,4.545454545454545581e-02,5.454545454545454142e-01,9.090909090909091161e-02,0.000000000000000000e+00
0.000000000000000000e+00,0.000000000000000000e+00,0.000000000000000000e+00,6.250000000000000000e-02,0.000000000000000000e+00,0.000000000000000000e+00,6.250000000000000000e-02,0.000000000000000000e+00,6.250000000000000000e-02,0.000000000000000000e+00,0.000000000000000000e+00,0.000000000000000000e+00,0.000000000000000000e+00,6.250000000000000000e-02,0.000000000000000000e+00,0.000000000000000000e+00,0.000000000000000000e+00,6.250000000000000000e-02,0.000000000000000000e+00,6.250000000000000000e-02,3.125000000000000000e-01,3.125000000000000000e-01
0.000000000000000000e+00,0.000000000000000000e+00,7.812500000000000000e-03,7.812500000000000000e-03,7.812500000000000000e-03,5.468750000000000000e-02,2.343750000000000000e-02,4.687500000000000000e-02,7.812500000000000000e-03,2.343750000000000000e-02,7.812500000000000000e-03,1.562500000000000000e-02,0.000000000000000000e+00,7.812500000000000000e-03,1.562500000000000000e-02,7.812500000000000000e-03,3.125000000000000000e-02,3.125000000000000000e-02,7.812500000000000000e-03,7.812500000000000000e-03,5.468750000000000000e-02,6.328125000000000000e-01
