7.211367673179396309e-01,1.065719360568383595e-01,1.953818827708703534e-02,1.420959147424511598e-02,8.880994671403196622e-03,3.552397868561278996e-03,0.000000000000000000e+00,0.000000000000000000e+00,0.000000000000000000e+00,3.552397868561278996e-03,5.328596802841918494e-03,0.000000000000000000e+00,0.000000000000000000e+00,0.000000000000000000e+00,0.000000000000000000e+00,0.000000000000000000e+00,0.000000000000000000e+00,0.000000000000000000e+00,0.000000000000000000e+00,1.776198934280639324e-02,9.946714031971580494e-02
1.150442477876106179e-01,6.725663716814159754e-01,9.439528023598819928e-02,1.474926253687315614e-02,8.849557522123893682e-03,5.899705014749262455e-03,8.849557522123893682e-03,0.000000000000000000e+00,5.899705014749262455e-03,5.899705014749262455e-03,1.179941002949852491e-02,0.000000000000000000e+00,0.000000000000000000e+00,2.949852507374631227e-03,0.000000000000000000e+00,2.949852507374631227e-03,0.000000000000000000e+00,0.000000000000000000e+00,0.000000000000000000e+00,5.899705014749262455e-03,4.424778761061946841e-02
1.103448275862068950e-01,1.517241379310344807e-01,5.310344827586206407e-01,9.655172413793103314e-02,3.448275862068965469e-02,0.000000000000000000e+00,6.896551724137930939e-03,6.896551724137930939e-03,6.896551724137930939e-03,0.000000000000000000e+00,2.068965517241379282e-02,0.000000000000000000e+00,0.000000000000000000e+00,0.000000000000000000e+00,0.000000000000000000e+00,0.000000000000000000e+00,0.000000000000000000e+00,0.000000000000000000e+00,0.000000000000000000e+00,6.896551724137930939e-03,2.758620689655172376e-02
5.050505050505050414e-02,7.070707070707070441e-02,1.414141414141414088e-01,5.252525252525253041e-01,5.050505050505050414e-02,6.060606060606060774e-02,5.050505050505050414e-02,0.000000000000000000e+00,0.000000000000000000e+00,1.010101010101010187e-02,2.020202020202020374e-02,0.000000000000000000e+00,0.000000000000000000e+00,0.000000000000000000e+00,0.000000000000000000e+00,0.000000000000000000e+00,0.000000000000000000e+00,0.000000000000000000e+00,0.000000000000000000e+00,1.010101010101010187e-02,1.010101010101010187e-02
7.407407407407406996e-02,1.851851851851851749e-02,5.555555555555555247e-02,1.111111111111111049e-01,5.000000000000000000e-01,0.000000000000000000e+00,0.000000000000000000e+00,3.703703703703703498e-02,0.000000000000000000e+00,3.703703703703703498e-02,1.296296296296296224e-01,0.000000000000000000e+00,0.000000000000000000e+00,0.000000000000000000e+00,0.000000000000000000e+00,0.000000000000000000e+00,0.000000000000000000e+00,0.000000000000000000e+00,0.000000000000000000e+00,0.000000000000000000e+00,3.703703703703703498e-02
7.407407407407406996e-02,7.407407407407406996e-02,7.407407407407406996e-02,7.407407407407406996e-02,1.481481481481481399e-01,1.481481481481481399e-01,1.481481481481481399e-01,7.407407407407406996e-02,3.703703703703703498e-02,0.000000000000000000e+00,7.407407407407406996e-02,0.000000000000000000e+00,0.000000000000000000e+00,0.000000000000000000e+00,0.000000000000000000e+00,0.000000000000000000e+00,0.000000000000000000e+00,0.000000000000000000e+00,0.000000000000000000e+00,0.000000000000000000e+00,7.407407407407406996e-02
4.166666666666666435e-02,1.250000000000000000e-01,8.333333333333332871e-02,8.333333333333332871e-02,4.166666666666666435e-02,2.083333333333333426e-01,1.250000000000000000e-01,0.000000000000000000e+00,0.000000000000000000e+00,0.000000000000000000e+00,2.500000000000000000e-01,0.000000000000000000e+00,0.000000000000000000e+00,4.166666666666666435e-02,0.000000000000000000e+00,0.000000000000000000e+00,0.000000000000000000e+00,0.000000000000000000e+00,0.000000000000000000e+00,0.000000000000000000e+00,0.000000000000000000e+00
0.000000000000000000e+00,8.333333333333332871e-02,0.000000000000000000e+00,8.333333333333332871e-02,0.000000000000000000e+00,0.000000000000000000e+00,0.000000000000000000e+00,3.333333333333333148e-01,1.666666666666666574e-01,8.333333333333332871e-02,1.666666666666666574e-01,0.000000000000000000e+00,0.000000000000000000e+00,0.000000000000000000e+00,0.000000000000000000e+00,0.000000000000000000e+00,0.000000000000000000e+00,0.000000000000000000e+00,0.000000000000000000e+00,0.000000000000000000e+00,8.333333333333332871e-02
0.000000000000000000e+00,1.333333333333333315e-01,0.000000000000000000e+00,0.000000000000000000e+00,0.000000000000000000e+00,6.666666666666666574e-02,0.000000000000000000e+00,6.666666666666666574e-02,4.000000000000000222e-01,6.666666666666666574e-02,2.666666666666666630e-01,0.000000000000000000e+00,0.000000000000000000e+00,0.000000000000000000e+00,0.000000000000000000e+00,0.000000000000000000e+00,0.000000000000000000e+00,0.000000000000000000e+00,0.000000000000000000e+00,0.000000000000000000e+00,0.000000000000000000e+00
5.000000000000000278e-02,0.000000000000000000e+00,0.000000000000000000e+00,1.000000000000000056e-01,0.000000000000000000e+00,0.000000000000000000e+00,5.000000000000000278e-02,0.000000000000000000e+00,1.000000000000000056e-01,5.500000000000000444e-01,5.000000000000000278e-02,0.000000000000000000e+00,0.000000000000000000e+00,0.000000000000000000e+00,0.000000000000000000e+00,0.000000000000000000e+00,0.000000000000000000e+00,0.000000000000000000e+00,1.000000000000000056e-01,0.000000000000000000e+00,0.000000000000000000e+00
3.157894736842105365e-02,1.052631578947368397e-02,2.105263157894736795e-02,2.105263157894736795e-02,3.157894736842105365e-02,6.315789473684210731e-02,5.263157894736841813e-02,3.157894736842105365e-02,3.157894736842105365e-02,1.052631578947368397e-02,6.631578947368420573e-01,0.000000000000000000e+00,0.000000000000000000e+00,0.000000000000000000e+00,0.000000000000000000e+00,0.000000000000000000e+00,0.000000000000000000e+00,1.052631578947368397e-02,0.000000000000000000e+00,0.000000000000000000e+00,2.105263157894736795e-02
0.000000000000000000e+00,0.000000000000000000e+00,0.000000000000000000e+00,0.000000000000000000e+00,0.000000000000000000e+00,0.000000000000000000e+00,0.000000000000000000e+00,0.000000000000000000e+00,0.000000000000000000e+00,0.000000000000000000e+00,0.000000000000000000e+00,7.777777777777777901e-01,0.000000000000000000e+00,0.000000000000000000e+00,2.222222222222222099e-01,0.000000000000000000e+00,0.000000000000000000e+00,0.000000000000000000e+00,0.000000000000000000e+00,0.000000000000000000e+00,0.000000000000000000e+00
0.000000000000000000e+00,0.000000000000000000e+00,0.000000000000000000e+00,0.000000000000000000e+00,0.000000000000000000e+00,0.000000000000000000e+00,0.000000000000000000e+00,0.000000000000000000e+00,0.000000000000000000e+00,0.000000000000000000e+00,0.000000000000000000e+00,0.000000000000000000e+00,8.000000000000000444e-01,4.000000000000000083e-02,8.000000000000000167e-02,4.000000000000000083e-02,0.000000000000000000e+00,4.000000000000000083e-02,0.000000000000000000e+00,0.000000000000000000e+00,0.000000000000000000e+00
0.000000000000000000e+00,1.428571428571428492e-01,0.000000000000000000e+00,0.000000000000000000e+00,0.000000000000000000e+00,0.000000000000000000e+00,0.000000000000000000e+00,0.000000000000000000e+00,0.000000000000000000e+00,0.000000000000000000e+00,0.000000000000000000e+00,0.000000000000000000e+00,0.000000000000000000e+00,5.714285714285713969e-01,0.000000000000000000e+00,1.428571428571428492e-01,0.000000000000000000e+00,0.000000000000000000e+00,0.000000000000000000e+00,0.000000000000000000e+00,1.428571428571428492e-01
0.000000000000000000e+00,0.000000000000000000e+00,0.000000000000000000e+00,0.000000000000000000e+00,0.000000000000000000e+00,0.000000000000000000e+00,0.000000000000000000e+00,0.000000000000000000e+00,0.000000000000000000e+00,0.000000000000000000e+00,0.000000000000000000e+00,6.666666666666666574e-02,2.666666666666666630e-01,0.000000000000000000e+00,2.000000000000000111e-01,2.000000000000000111e-01,1.333333333333333315e-01,6.666666666666666574e-02,6.666666666666666574e-02,0.000000000000000000e+00,0.000000000000000000e+00
0.000000000000000000e+00,0.000000000000000000e+00,0.000000000000000000e+00,0.000000000000000000e+00,0.000000000000000000e+00,0.000000000000000000e+00,0.000000000000000000e+00,0.000000000000000000e+00,0.000000000000000000e+00,0.000000000000000000e+00,0.000000000000000000e+00,1.369863013698630061e-02,0.000000000000000000e+00,0.000000000000000000e+00,6.849315068493150305e-02,7.397260273972602329e-01,8.219178082191780366e-02,2.739726027397260122e-02,1.369863013698630061e-02,4.109589041095890183e-02,1.369863013698630061e-02
0.000000000000000000e+00,0.000000000000000000e+00,1.020408163265306041e-02,0.000000000000000000e+00,0.000000000000000000e+00,0.000000000000000000e+00,0.000000000000000000e+00,0.000000000000000000e+00,0.000000000000000000e+00,0.000000000000000000e+00,1.020408163265306041e-02,0.000000000000000000e+00,0.000000000000000000e+00,0.000000000000000000e+00,1.020408163265306041e-02,3.061224489795918297e-02,6.734693877551020114e-01,1.428571428571428492e-01,5.102040816326530726e-02,4.081632653061224164e-02,3.061224489795918297e-02
2.500000000000000139e-02,1.000000000000000021e-02,5.000000000000000104e-03,0.000000000000000000e+00,0.000000000000000000e+00,0.000000000000000000e+00,0.000000000000000000e+00,0.000000000000000000e+00,0.000000000000000000e+00,0.000000000000000000e+00,5.000000000000000104e-03,0.000000000000000000e+00,0.000000000000000000e+00,0.000000000000000000e+00,0.000000000000000000e+00,2.000000000000000042e-02,4.499999999999999833e-02,6.700000000000000400e-01,1.100000000000000006e-01,9.500000000000000111e-02,1.499999999999999944e-02
6.191950464396285200e-03,3.095975232198142600e-03,0.000000000000000000e+00,3.095975232198142600e-03,0.000000000000000000e+00,3.095975232198142600e-03,0.000000000000000000e+00,3.095975232198142600e-03,0.000000000000000000e+00,0.000000000000000000e+00,3.095975232198142600e-03,0.000000000000000000e+00,0.000000000000000000e+00,0.000000000000000000e+00,0.000000000000000000e+00,6.191950464396285200e-03,1.547987616099071213e-02,4.024767801857585120e-02,7.027863777089783381e-01,1.702786377708978283e-01,4.334365325077399467e-02
1.760563380281690224e-02,8.802816901408451120e-03,1.760563380281690181e-03,5.281690140845070325e-03,1.760563380281690181e-03,1.760563380281690181e-03,0.000000000000000000e+00,1.760563380281690181e-03,0.000000000000000000e+00,0.000000000000000000e+00,3.521126760563380361e-03,0.000000000000000000e+00,0.000000000000000000e+00,1.760563380281690181e-03,0.000000000000000000e+00,5.281690140845070325e-03,5.281690140845070325e-03,3.169014084507042195e-02,5.633802816901408578e-02,7.130281690140845008e-01,1.443661971830985935e-01
9.825033647375504275e-02,1.615074024226110377e-02,4.037685060565275944e-03,8.075370121130551887e-03,5.383580080753701258e-03,5.383580080753701258e-03,4.037685060565275944e-03,0.000000000000000000e+00,0.000000000000000000e+00,0.000000000000000000e+00,5.383580080753701258e-03,0.000000000000000000e+00,0.000000000000000000e+00,0.000000000000000000e+00,0.000000000000000000e+00,0.000000000000000000e+00,1.345895020188425315e-03,2.691790040376850629e-03,1.749663526244952735e-02,7.940780619111709182e-02,7.523553162853297005e-01
