7.295258620689655249e-01,9.482758620689654694e-02,9.698275862068965816e-03,5.387931034482758980e-03,2.155172413793103418e-03,3.232758620689655128e-03,0.000000000000000000e+00,0.000000000000000000e+00,0.000000000000000000e+00,0.000000000000000000e+00,0.000000000000000000e+00,0.000000000000000000e+00,1.077586206896551709e-03,0.000000000000000000e+00,2.155172413793103418e-03,1.077586206896551709e-03,0.000000000000000000e+00,7.543103448275862398e-03,1.293103448275862051e-02,1.939655172413793163e-02,1.109913793103448343e-01
1.866096866096866036e-01,6.723646723646723444e-01,6.695156695156695426e-02,7.122507122507122646e-03,7.122507122507122646e-03,8.547008547008547868e-03,2.849002849002849145e-03,0.000000000000000000e+00,2.849002849002849145e-03,0.000000000000000000e+00,1.424501424501424572e-03,0.000000000000000000e+00,0.000000000000000000e+00,1.424501424501424572e-03,0.000000000000000000e+00,0.000000000000000000e+00,0.000000000000000000e+00,0.000000000000000000e+00,5.698005698005698290e-03,1.139601139601139658e-02,2.564102564102564014e-02
4.501607717041800766e-02,2.282958199356913132e-01,5.787781350482315013e-01,3.858520900321543712e-02,2.572347266881028910e-02,1.929260450160771856e-02,9.646302250803859279e-03,9.646302250803859279e-03,3.215434083601286137e-03,0.000000000000000000e+00,3.215434083601286137e-03,0.000000000000000000e+00,0.000000000000000000e+00,0.000000000000000000e+00,0.000000000000000000e+00,0.000000000000000000e+00,3.215434083601286137e-03,3.215434083601286137e-03,3.215434083601286137e-03,6.430868167202572275e-03,2.250803858520900383e-02
3.636363636363636187e-02,8.181818181818181768e-02,2.818181818181818010e-01,4.818181818181818121e-01,6.363636363636362980e-02,1.818181818181818094e-02,0.000000000000000000e+00,9.090909090909090468e-03,0.000000000000000000e+00,0.000000000000000000e+00,9.090909090909090468e-03,0.000000000000000000e+00,0.000000000000000000e+00,0.000000000000000000e+00,0.000000000000000000e+00,0.000000000000000000e+00,9.090909090909090468e-03,0.000000000000000000e+00,9.090909090909090468e-03,0.000000000000000000e+00,0.000000000000000000e+00
9.615384615384615918e-03,6.730769230769230449e-02,8.653846153846153633e-02,1.153846153846153910e-01,5.865384615384615641e-01,2.884615384615384776e-02,9.615384615384615918e-03,2.884615384615384776e-02,0.000000000000000000e+00,0.000000000000000000e+00,1.923076923076923184e-02,0.000000000000000000e+00,0.000000000000000000e+00,0.000000000000000000e+00,0.000000000000000000e+00,0.000000000000000000e+00,0.000000000000000000e+00,9.615384615384615918e-03,9.615384615384615918e-03,0.000000000000000000e+00,2.884615384615384776e-02
9.090909090909091161e-02,5.454545454545454281e-02,1.454545454545454475e-01,5.454545454545454281e-02,1.454545454545454475e-01,3.818181818181818343e-01,1.818181818181818094e-02,1.818181818181818094e-02,1.818181818181818094e-02,0.000000000000000000e+00,5.454545454545454281e-02,0.000000000000000000e+00,0.000000000000000000e+00,0.000000000000000000e+00,0.000000000000000000e+00,0.000000000000000000e+00,0.000000000000000000e+00,0.000000000000000000e+00,0.000000000000000000e+00,0.000000000000000000e+00,1.818181818181818094e-02
5.263157894736841813e-02,1.052631578947368363e-01,1.052631578947368363e-01,1.052631578947368363e-01,1.052631578947368363e-01,2.105263157894736725e-01,2.631578947368420907e-01,0.000000000000000000e+00,0.000000000000000000e+00,0.000000000000000000e+00,5.263157894736841813e-02,0.000000000000000000e+00,0.000000000000000000e+00,0.000000000000000000e+00,0.000000000000000000e+00,0.000000000000000000e+00,0.000000000000000000e+00,0.000000000000000000e+00,0.000000000000000000e+00,0.000000000000000000e+00,0.000000000000000000e+00
0.000000000000000000e+00,8.695652173913043237e-02,8.695652173913043237e-02,4.347826086956521618e-02,1.739130434782608647e-01,8.695652173913043237e-02,8.695652173913043237e-02,3.043478260869565410e-01,4.347826086956521618e-02,0.000000000000000000e+00,8.695652173913043237e-02,0.000000000000000000e+00,0.000000000000000000e+00,0.000000000000000000e+00,0.000000000000000000e+00,0.000000000000000000e+00,0.000000000000000000e+00,0.000000000000000000e+00,0.000000000000000000e+00,0.000000000000000000e+00,0.000000000000000000e+00
0.000000000000000000e+00,1.818181818181818232e-01,0.000000000000000000e+00,1.818181818181818232e-01,9.090909090909091161e-02,9.090909090909091161e-02,0.000000000000000000e+00,1.818181818181818232e-01,1.818181818181818232e-01,0.000000000000000000e+00,9.090909090909091161e-02,0.000000000000000000e+00,0.000000000000000000e+00,0.000000000000000000e+00,0.000000000000000000e+00,0.000000000000000000e+00,0.000000000000000000e+00,0.000000000000000000e+00,0.000000000000000000e+00,0.000000000000000000e+00,0.000000000000000000e+00
0.000000000000000000e+00,0.000000000000000000e+00,0.000000000000000000e+00,0.000000000000000000e+00,0.000000000000000000e+00,0.000000000000000000e+00,0.000000000000000000e+00,0.000000000000000000e+00,0.000000000000000000e+00,0.000000000000000000e+00,0.000000000000000000e+00,0.000000000000000000e+00,0.000000000000000000e+00,0.000000000000000000e+00,0.000000000000000000e+00,0.000000000000000000e+00,0.000000000000000000e+00,1.000000000000000000e+00,0.000000000000000000e+00,0.000000000000000000e+00,0.000000000000000000e+00
1.694915254237288130e-02,1.186440677966101725e-01,0.000000000000000000e+00,3.389830508474576259e-02,1.016949152542372947e-01,3.389830508474576259e-02,1.694915254237288130e-02,3.389830508474576259e-02,1.694915254237288130e-02,0.000000000000000000e+00,6.101694915254237683e-01,0.000000000000000000e+00,0.000000000000000000e+00,0.000000000000000000e+00,0.000000000000000000e+00,0.000000000000000000e+00,0.000000000000000000e+00,0.000000000000000000e+00,0.000000000000000000e+00,0.000000000000000000e+00,1.694915254237288130e-02
0.000000000000000000e+00,0.000000000000000000e+00,0.000000000000000000e+00,0.000000000000000000e+00,0.000000000000000000e+00,0.000000000000000000e+00,0.000000000000000000e+00,0.000000000000000000e+00,0.000000000000000000e+00,0.000000000000000000e+00,1.250000000000000000e-01,5.000000000000000000e-01,0.000000000000000000e+00,0.000000000000000000e+00,1.250000000000000000e-01,0.000000000000000000e+00,1.250000000000000000e-01,0.000000000000000000e+00,1.250000000000000000e-01,0.000000000000000000e+00,0.000000000000000000e+00
0.000000000000000000e+00,1.428571428571428492e-01,0.000000000000000000e+00,0.000000000000000000e+00,0.000000000000000000e+00,0.000000000000000000e+00,0.000000000000000000e+00,0.000000000000000000e+00,1.428571428571428492e-01,0.000000000000000000e+00,0.000000000000000000e+00,0.000000000000000000e+00,0.000000000000000000e+00,4.285714285714285476e-01,1.428571428571428492e-01,0.000000000000000000e+00,0.000000000000000000e+00,0.000000000000000000e+00,1.428571428571428492e-01,0.000000000000000000e+00,0.000000000000000000e+00
0.000000000000000000e+00,0.000000000000000000e+00,0.000000000000000000e+00,0.000000000000000000e+00,0.000000000000000000e+00,0.000000000000000000e+00,0.000000000000000000e+00,0.000000000000000000e+00,0.000000000000000000e+00,0.000000000000000000e+00,0.000000000000000000e+00,0.000000000000000000e+00,3.333333333333333148e-01,1.666666666666666574e-01,1.666666666666666574e-01,1.666666666666666574e-01,0.000000000000000000e+00,1.666666666666666574e-01,0.000000000000000000e+00,0.000000000000000000e+00,0.000000000000000000e+00
5.555555555555555247e-02,0.000000000000000000e+00,0.000000000000000000e+00,0.000000000000000000e+00,0.000000000000000000e+00,0.000000000000000000e+00,0.000000000000000000e+00,0.000000000000000000e+00,0.000000000000000000e+00,0.000000000000000000e+00,0.000000000000000000e+00,0.000000000000000000e+00,0.000000000000000000e+00,1.111111111111111049e-01,7.222222222222222099e-01,5.555555555555555247e-02,5.555555555555555247e-02,0.000000000000000000e+00,0.000000000000000000e+00,0.000000000000000000e+00,0.000000000000000000e+00
6.666666666666666574e-02,6.666666666666666574e-02,0.000000000000000000e+00,6.666666666666666574e-02,0.000000000000000000e+00,0.000000000000000000e+00,0.000000000000000000e+00,0.000000000000000000e+00,0.000000000000000000e+00,0.000000000000000000e+00,0.000000000000000000e+00,6.666666666666666574e-02,6.666666666666666574e-02,0.000000000000000000e+00,0.000000000000000000e+00,2.666666666666666630e-01,1.333333333333333315e-01,0.000000000000000000e+00,2.000000000000000111e-01,6.666666666666666574e-02,0.000000000000000000e+00
2.777777777777777624e-02,0.000000000000000000e+00,0.000000000000000000e+00,0.000000000000000000e+00,0.000000000000000000e+00,0.000000000000000000e+00,0.000000000000000000e+00,0.000000000000000000e+00,0.000000000000000000e+00,0.000000000000000000e+00,0.000000000000000000e+00,2.777777777777777624e-02,2.777777777777777624e-02,0.000000000000000000e+00,5.555555555555555247e-02,8.333333333333332871e-02,6.388888888888888395e-01,5.555555555555555247e-02,2.777777777777777624e-02,2.777777777777777624e-02,2.777777777777777624e-02
5.479452054794520244e-02,1.369863013698630061e-02,0.000000000000000000e+00,0.000000000000000000e+00,1.369863013698630061e-02,0.000000000000000000e+00,0.000000000000000000e+00,0.000000000000000000e+00,0.000000000000000000e+00,0.000000000000000000e+00,0.000000000000000000e+00,2.739726027397260122e-02,0.000000000000000000e+00,0.000000000000000000e+00,0.000000000000000000e+00,1.369863013698630061e-02,4.109589041095890183e-02,6.027397260273972268e-01,1.095890410958904049e-01,5.479452054794520244e-02,6.849315068493150305e-02
7.857142857142856984e-02,5.714285714285714107e-02,2.857142857142857054e-02,0.000000000000000000e+00,7.142857142857142634e-03,0.000000000000000000e+00,0.000000000000000000e+00,7.142857142857142634e-03,7.142857142857142634e-03,0.000000000000000000e+00,7.142857142857142634e-03,0.000000000000000000e+00,1.428571428571428527e-02,0.000000000000000000e+00,0.000000000000000000e+00,7.142857142857142634e-03,2.142857142857142877e-02,7.142857142857142461e-02,5.928571428571428603e-01,7.142857142857142461e-02,2.857142857142857054e-02
7.692307692307692735e-02,3.146853146853147154e-02,6.993006993006993001e-03,3.496503496503496500e-03,0.000000000000000000e+00,0.000000000000000000e+00,0.000000000000000000e+00,0.000000000000000000e+00,0.000000000000000000e+00,0.000000000000000000e+00,0.000000000000000000e+00,3.496503496503496500e-03,0.000000000000000000e+00,0.000000000000000000e+00,0.000000000000000000e+00,3.496503496503496500e-03,0.000000000000000000e+00,6.993006993006993001e-03,5.594405594405594401e-02,6.678321678321678112e-01,1.433566433566433596e-01
1.291512915129151284e-01,3.690036900369003670e-02,1.107011070110701031e-02,5.535055350553505157e-03,0.000000000000000000e+00,0.000000000000000000e+00,0.000000000000000000e+00,0.000000000000000000e+00,0.000000000000000000e+00,0.000000000000000000e+00,0.000000000000000000e+00,0.000000000000000000e+00,0.000000000000000000e+00,0.000000000000000000e+00,0.000000000000000000e+00,1.845018450184501791e-03,1.845018450184501791e-03,1.476014760147601433e-02,2.214022140221402063e-02,1.033210332103321055e-01,6.734317343173431558e-01
