7.539797395079594899e-01,7.670043415340087323e-02,1.736613603473227338e-02,8.683068017366136690e-03,7.235890014471779708e-03,5.788712011577423593e-03,0.000000000000000000e+00,2.894356005788711796e-03,0.000000000000000000e+00,0.000000000000000000e+00,7.235890014471779708e-03,0.000000000000000000e+00,0.000000000000000000e+00,1.447178002894355898e-03,0.000000000000000000e+00,1.447178002894355898e-03,0.000000000000000000e+00,4.341534008683068345e-03,4.341534008683068345e-03,1.013024602026049194e-02,9.840810419681621235e-02
1.234567901234567833e-01,6.851851851851852304e-01,8.024691358024690913e-02,2.160493827160493707e-02,9.259259259259258745e-03,6.172839506172839164e-03,1.234567901234567833e-02,6.172839506172839164e-03,0.000000000000000000e+00,3.086419753086419582e-03,6.172839506172839164e-03,3.086419753086419582e-03,0.000000000000000000e+00,0.000000000000000000e+00,0.000000000000000000e+00,0.000000000000000000e+00,0.000000000000000000e+00,0.000000000000000000e+00,3.086419753086419582e-03,9.259259259259258745e-03,3.086419753086419582e-02
4.433497536945812945e-02,1.477832512315271074e-01,6.551724137931034253e-01,5.911330049261083464e-02,1.970443349753694603e-02,0.000000000000000000e+00,1.477832512315270866e-02,0.000000000000000000e+00,0.000000000000000000e+00,0.000000000000000000e+00,1.477832512315270866e-02,0.000000000000000000e+00,0.000000000000000000e+00,0.000000000000000000e+00,0.000000000000000000e+00,0.000000000000000000e+00,0.000000000000000000e+00,1.477832512315270866e-02,9.852216748768473017e-03,4.926108374384236509e-03,1.477832512315270866e-02
3.773584905660377214e-02,3.773584905660377214e-02,1.792452830188679125e-01,5.754716981132075304e-01,8.490566037735848559e-02,4.716981132075472039e-02,0.000000000000000000e+00,0.000000000000000000e+00,9.433962264150943036e-03,9.433962264150943036e-03,9.433962264150943036e-03,0.000000000000000000e+00,0.000000000000000000e+00,0.000000000000000000e+00,0.000000000000000000e+00,0.000000000000000000e+00,0.000000000000000000e+00,0.000000000000000000e+00,0.000000000000000000e+00,9.433962264150943036e-03,0.000000000000000000e+00
7.272727272727272374e-02,3.636363636363636187e-02,1.090909090909090856e-01,1.272727272727272596e-01,3.272727272727272707e-01,9.090909090909091161e-02,3.636363636363636187e-02,3.636363636363636187e-02,1.818181818181818094e-02,3.636363636363636187e-02,9.090909090909091161e-02,0.000000000000000000e+00,0.000000000000000000e+00,0.000000000000000000e+00,0.000000000000000000e+00,0.000000000000000000e+00,0.000000000000000000e+00,0.000000000000000000e+00,0.000000000000000000e+00,0.000000000000000000e+00,1.818181818181818094e-02
7.547169811320754429e-02,3.773584905660377214e-02,3.773584905660377214e-02,5.660377358490566169e-02,1.509433962264150886e-01,3.962264150943396457e-01,5.660377358490566169e-02,1.886792452830188607e-02,1.886792452830188607e-02,5.660377358490566169e-02,3.773584905660377214e-02,0.000000000000000000e+00,0.000000000000000000e+00,0.000000000000000000e+00,0.000000000000000000e+00,0.000000000000000000e+00,0.000000000000000000e+00,0.000000000000000000e+00,0.000000000000000000e+00,1.886792452830188607e-02,3.773584905660377214e-02
2.857142857142857054e-02,5.714285714285714107e-02,8.571428571428571508e-02,8.571428571428571508e-02,1.142857142857142821e-01,1.142857142857142821e-01,3.714285714285714413e-01,2.857142857142857054e-02,0.000000000000000000e+00,2.857142857142857054e-02,2.857142857142857054e-02,0.000000000000000000e+00,0.000000000000000000e+00,0.000000000000000000e+00,0.000000000000000000e+00,0.000000000000000000e+00,0.000000000000000000e+00,0.000000000000000000e+00,2.857142857142857054e-02,0.000000000000000000e+00,2.857142857142857054e-02
3.225806451612903136e-02,3.225806451612903136e-02,3.225806451612903136e-02,0.000000000000000000e+00,0.000000000000000000e+00,9.677419354838709409e-02,9.677419354838709409e-02,4.516129032258064391e-01,6.451612903225806273e-02,3.225806451612903136e-02,9.677419354838709409e-02,0.000000000000000000e+00,0.000000000000000000e+00,0.000000000000000000e+00,0.000000000000000000e+00,0.000000000000000000e+00,0.000000000000000000e+00,0.000000000000000000e+00,0.000000000000000000e+00,3.225806451612903136e-02,3.225806451612903136e-02
0.000000000000000000e+00,9.523809523809523281e-02,0.000000000000000000e+00,4.761904761904761640e-02,0.000000000000000000e+00,4.761904761904761640e-02,4.761904761904761640e-02,1.904761904761904656e-01,4.761904761904761640e-01,4.761904761904761640e-02,4.761904761904761640e-02,0.000000000000000000e+00,0.000000000000000000e+00,0.000000000000000000e+00,0.000000000000000000e+00,0.000000000000000000e+00,0.000000000000000000e+00,0.000000000000000000e+00,0.000000000000000000e+00,0.000000000000000000e+00,0.000000000000000000e+00
0.000000000000000000e+00,0.000000000000000000e+00,8.000000000000000167e-02,4.000000000000000083e-02,0.000000000000000000e+00,4.000000000000000083e-02,4.000000000000000083e-02,4.000000000000000083e-02,4.000000000000000083e-02,4.799999999999999822e-01,1.600000000000000033e-01,0.000000000000000000e+00,0.000000000000000000e+00,0.000000000000000000e+00,0.000000000000000000e+00,0.000000000000000000e+00,0.000000000000000000e+00,0.000000000000000000e+00,0.000000000000000000e+00,4.000000000000000083e-02,4.000000000000000083e-02
4.166666666666666435e-02,2.777777777777777624e-02,5.555555555555555247e-02,1.388888888888888812e-02,5.555555555555555247e-02,9.722222222222222376e-02,1.388888888888888812e-02,2.777777777777777624e-02,5.555555555555555247e-02,4.166666666666666435e-02,4.861111111111111049e-01,0.000000000000000000e+00,0.000000000000000000e+00,0.000000000000000000e+00,1.388888888888888812e-02,0.000000000000000000e+00,0.000000000000000000e+00,0.000000000000000000e+00,1.388888888888888812e-02,2.777777777777777624e-02,2.777777777777777624e-02
0.000000000000000000e+00,0.000000000000000000e+00,0.000000000000000000e+00,0.000000000000000000e+00,0.000000000000000000e+00,0.000000000000000000e+00,0.000000000000000000e+00,0.000000000000000000e+00,0.000000000000000000e+00,0.000000000000000000e+00,0.000000000000000000e+00,7.692307692307692735e-01,0.000000000000000000e+00,7.692307692307692735e-02,7.692307692307692735e-02,0.000000000000000000e+00,7.692307692307692735e-02,0.000000000000000000e+00,0.000000000000000000e+00,0.000000000000000000e+00,0.000000000000000000e+00
0.000000000000000000e+00,0.000000000000000000e+00,0.000000000000000000e+00,0.000000000000000000e+00,0.000000000000000000e+00,0.000000000000000000e+00,0.000000000000000000e+00,0.000000000000000000e+00,0.000000000000000000e+00,0.000000000000000000e+00,0.000000000000000000e+00,0.000000000000000000e+00,8.461538461538461453e-01,7.692307692307692735e-02,0.000000000000000000e+00,0.000000000000000000e+00,0.000000000000000000e+00,7.692307692307692735e-02,0.000000000000000000e+00,0.000000000000000000e+00,0.000000000000000000e+00
0.000000000000000000e+00,0.000000000000000000e+00,0.000000000000000000e+00,0.000000000000000000e+00,0.000000000000000000e+00,0.000000000000000000e+00,0.000000000000000000e+00,0.000000000000000000e+00,0.000000000000000000e+00,0.000000000000000000e+00,0.000000000000000000e+00,2.857142857142856984e-01,1.428571428571428492e-01,4.285714285714285476e-01,0.000000000000000000e+00,0.000000000000000000e+00,0.000000000000000000e+00,0.000000000000000000e+00,1.428571428571428492e-01,0.000000000000000000e+00,0.000000000000000000e+00
0.000000000000000000e+00,0.000000000000000000e+00,0.000000000000000000e+00,0.000000000000000000e+00,0.000000000000000000e+00,0.000000000000000000e+00,0.000000000000000000e+00,0.000000000000000000e+00,0.000000000000000000e+00,0.000000000000000000e+00,1.111111111111111049e-01,0.000000000000000000e+00,0.000000000000000000e+00,0.000000000000000000e+00,4.444444444444444198e-01,1.111111111111111049e-01,1.111111111111111049e-01,0.000000000000000000e+00,0.000000000000000000e+00,2.222222222222222099e-01,0.000000000000000000e+00
3.030303030303030387e-02,0.000000000000000000e+00,0.000000000000000000e+00,0.000000000000000000e+00,0.000000000000000000e+00,0.000000000000000000e+00,0.000000000000000000e+00,0.000000000000000000e+00,0.000000000000000000e+00,0.000000000000000000e+00,0.000000000000000000e+00,0.000000000000000000e+00,0.000000000000000000e+00,0.000000000000000000e+00,3.030303030303030387e-02,5.757575757575758013e-01,1.515151515151515194e-01,1.515151515151515194e-01,0.000000000000000000e+00,3.030303030303030387e-02,3.030303030303030387e-02
9.523809523809524669e-03,0.000000000000000000e+00,0.000000000000000000e+00,0.000000000000000000e+00,0.000000000000000000e+00,0.000000000000000000e+00,0.000000000000000000e+00,0.000000000000000000e+00,0.000000000000000000e+00,0.000000000000000000e+00,0.000000000000000000e+00,0.000000000000000000e+00,0.000000000000000000e+00,0.000000000000000000e+00,0.000000000000000000e+00,4.761904761904761640e-02,8.000000000000000444e-01,9.523809523809523281e-02,1.904761904761904934e-02,1.904761904761904934e-02,9.523809523809524669e-03
1.492537313432835792e-02,0.000000000000000000e+00,7.462686567164178962e-03,0.000000000000000000e+00,0.000000000000000000e+00,0.000000000000000000e+00,0.000000000000000000e+00,0.000000000000000000e+00,0.000000000000000000e+00,0.000000000000000000e+00,0.000000000000000000e+00,0.000000000000000000e+00,0.000000000000000000e+00,7.462686567164178962e-03,7.462686567164178962e-03,2.985074626865671585e-02,5.970149253731343170e-02,6.940298507462686617e-01,1.119402985074626905e-01,4.477611940298507204e-02,2.238805970149253602e-02
5.000000000000000104e-03,5.000000000000000104e-03,5.000000000000000104e-03,5.000000000000000104e-03,0.000000000000000000e+00,0.000000000000000000e+00,0.000000000000000000e+00,0.000000000000000000e+00,0.000000000000000000e+00,0.000000000000000000e+00,5.000000000000000104e-03,5.000000000000000104e-03,0.000000000000000000e+00,0.000000000000000000e+00,0.000000000000000000e+00,0.000000000000000000e+00,5.000000000000000104e-03,8.000000000000000167e-02,7.199999999999999734e-01,1.250000000000000000e-01,4.000000000000000083e-02
2.277039848197343411e-02,9.487666034155597256e-03,3.795066413662239162e-03,0.000000000000000000e+00,0.000000000000000000e+00,0.000000000000000000e+00,0.000000000000000000e+00,0.000000000000000000e+00,0.000000000000000000e+00,1.897533206831119581e-03,3.795066413662239162e-03,0.000000000000000000e+00,1.897533206831119581e-03,0.000000000000000000e+00,1.897533206831119581e-03,3.795066413662239162e-03,1.897533206831119581e-03,3.795066413662239162e-03,3.795066413662238902e-02,7.950664136622390687e-01,1.119544592030360525e-01
1.041405269761606078e-01,1.505646173149309888e-02,2.509410288582183002e-03,1.254705144291091501e-03,1.254705144291091501e-03,0.000000000000000000e+00,3.764115432873274721e-03,1.254705144291091501e-03,0.000000000000000000e+00,0.000000000000000000e+00,3.764115432873274721e-03,0.000000000000000000e+00,0.000000000000000000e+00,0.000000000000000000e+00,0.000000000000000000e+00,1.254705144291091501e-03,0.000000000000000000e+00,2.509410288582183002e-03,6.273525721455458157e-03,6.022584692597239553e-02,7.967377666248431911e-01
