7.431091510474090445e-01,1.080485115766262466e-01,1.433296582138919584e-02,6.615214994487320956e-03,4.410143329658213970e-03,1.102535832414553493e-03,0.000000000000000000e+00,3.307607497243660478e-03,0.000000000000000000e+00,0.000000000000000000e+00,3.307607497243660478e-03,1.102535832414553493e-03,0.000000000000000000e+00,0.000000000000000000e+00,0.000000000000000000e+00,0.000000000000000000e+00,0.000000000000000000e+00,1.102535832414553493e-03,7.717750826901874014e-03,1.874310915104740807e-02,8.710033076074973069e-02
1.784386617100371664e-01,6.449814126394052272e-01,7.620817843866170560e-02,2.602230483271375516e-02,3.717472118959107633e-03,1.858736059479553816e-03,1.115241635687732290e-02,3.717472118959107633e-03,0.000000000000000000e+00,3.717472118959107633e-03,5.576208178438661449e-03,0.000000000000000000e+00,0.000000000000000000e+00,0.000000000000000000e+00,0.000000000000000000e+00,0.000000000000000000e+00,0.000000000000000000e+00,1.858736059479553816e-03,1.858736059479553816e-03,5.576208178438661449e-03,3.531598513011152685e-02
7.692307692307692735e-02,2.410256410256410298e-01,4.871794871794871695e-01,7.692307692307692735e-02,2.564102564102564014e-02,2.564102564102564014e-02,5.128205128205128201e-03,0.000000000000000000e+00,0.000000000000000000e+00,0.000000000000000000e+00,2.051282051282051280e-02,0.000000000000000000e+00,0.000000000000000000e+00,0.000000000000000000e+00,0.000000000000000000e+00,0.000000000000000000e+00,0.000000000000000000e+00,0.000000000000000000e+00,5.128205128205128201e-03,1.538461538461538547e-02,2.051282051282051280e-02
3.947368421052631360e-02,8.552631578947368640e-02,1.184210526315789408e-01,5.789473684210526550e-01,9.210526315789473173e-02,1.315789473684210453e-02,6.578947368421052266e-03,0.000000000000000000e+00,0.000000000000000000e+00,0.000000000000000000e+00,6.578947368421052266e-03,0.000000000000000000e+00,0.000000000000000000e+00,0.000000000000000000e+00,0.000000000000000000e+00,0.000000000000000000e+00,0.000000000000000000e+00,0.000000000000000000e+00,0.000000000000000000e+00,3.289473684210526133e-02,2.631578947368420907e-02
2.777777777777777624e-02,5.555555555555555247e-02,1.527777777777777901e-01,2.777777777777777901e-01,3.611111111111111049e-01,2.777777777777777624e-02,1.388888888888888812e-02,1.388888888888888812e-02,0.000000000000000000e+00,0.000000000000000000e+00,2.777777777777777624e-02,0.000000000000000000e+00,0.000000000000000000e+00,0.000000000000000000e+00,0.000000000000000000e+00,1.388888888888888812e-02,0.000000000000000000e+00,0.000000000000000000e+00,1.388888888888888812e-02,1.388888888888888812e-02,0.000000000000000000e+00
5.882352941176470507e-02,8.823529411764706454e-02,5.882352941176470507e-02,2.941176470588235253e-02,1.764705882352941291e-01,3.235294117647058987e-01,5.882352941176470507e-02,2.941176470588235253e-02,2.941176470588235253e-02,0.000000000000000000e+00,8.823529411764706454e-02,0.000000000000000000e+00,0.000000000000000000e+00,0.000000000000000000e+00,0.000000000000000000e+00,0.000000000000000000e+00,0.000000000000000000e+00,0.000000000000000000e+00,0.000000000000000000e+00,2.941176470588235253e-02,2.941176470588235253e-02
0.000000000000000000e+00,7.692307692307692735e-02,7.692307692307692735e-02,7.692307692307692735e-02,1.153846153846153910e-01,1.153846153846153910e-01,3.846153846153846367e-01,7.692307692307692735e-02,0.000000000000000000e+00,0.000000000000000000e+00,3.846153846153846367e-02,0.000000000000000000e+00,0.000000000000000000e+00,0.000000000000000000e+00,0.000000000000000000e+00,0.000000000000000000e+00,0.000000000000000000e+00,0.000000000000000000e+00,0.000000000000000000e+00,3.846153846153846367e-02,0.000000000000000000e+00
1.333333333333333315e-01,2.000000000000000111e-01,6.666666666666666574e-02,6.666666666666666574e-02,2.000000000000000111e-01,0.000000000000000000e+00,6.666666666666666574e-02,0.000000000000000000e+00,1.333333333333333315e-01,6.666666666666666574e-02,0.000000000000000000e+00,0.000000000000000000e+00,0.000000000000000000e+00,0.000000000000000000e+00,0.000000000000000000e+00,6.666666666666666574e-02,0.000000000000000000e+00,0.000000000000000000e+00,0.000000000000000000e+00,0.000000000000000000e+00,0.000000000000000000e+00
1.666666666666666574e-01,1.666666666666666574e-01,0.000000000000000000e+00,0.000000000000000000e+00,0.000000000000000000e+00,8.333333333333332871e-02,0.000000000000000000e+00,8.333333333333332871e-02,3.333333333333333148e-01,0.000000000000000000e+00,1.666666666666666574e-01,0.000000000000000000e+00,0.000000000000000000e+00,0.000000000000000000e+00,0.000000000000000000e+00,0.000000000000000000e+00,0.000000000000000000e+00,0.000000000000000000e+00,0.000000000000000000e+00,0.000000000000000000e+00,0.000000000000000000e+00
2.500000000000000000e-01,0.000000000000000000e+00,2.500000000000000000e-01,0.000000000000000000e+00,2.500000000000000000e-01,0.000000000000000000e+00,0.000000000000000000e+00,2.500000000000000000e-01,0.000000000000000000e+00,0.000000000000000000e+00,0.000000000000000000e+00,0.000000000000000000e+00,0.000000000000000000e+00,0.000000000000000000e+00,0.000000000000000000e+00,0.000000000000000000e+00,0.000000000000000000e+00,0.000000000000000000e+00,0.000000000000000000e+00,0.000000000000000000e+00,0.000000000000000000e+00
5.405405405405405705e-02,6.756756756756757132e-02,9.459459459459459985e-02,5.405405405405405705e-02,4.054054054054054279e-02,2.702702702702702853e-02,6.756756756756757132e-02,1.351351351351351426e-02,2.702702702702702853e-02,1.351351351351351426e-02,5.135135135135134865e-01,0.000000000000000000e+00,0.000000000000000000e+00,0.000000000000000000e+00,0.000000000000000000e+00,0.000000000000000000e+00,0.000000000000000000e+00,0.000000000000000000e+00,0.000000000000000000e+00,0.000000000000000000e+00,2.702702702702702853e-02
1.538461538461538547e-01,0.000000000000000000e+00,0.000000000000000000e+00,0.000000000000000000e+00,0.000000000000000000e+00,0.000000000000000000e+00,0.000000000000000000e+00,0.000000000000000000e+00,0.000000000000000000e+00,0.000000000000000000e+00,7.692307692307692735e-02,2.307692307692307820e-01,0.000000000000000000e+00,0.000000000000000000e+00,7.692307692307692735e-02,0.000000000000000000e+00,1.538461538461538547e-01,7.692307692307692735e-02,0.000000000000000000e+00,2.307692307692307820e-01,0.000000000000000000e+00
0.000000000000000000e+00,0.000000000000000000e+00,0.000000000000000000e+00,0.000000000000000000e+00,0.000000000000000000e+00,0.000000000000000000e+00,0.000000000000000000e+00,0.000000000000000000e+00,0.000000000000000000e+00,0.000000000000000000e+00,0.000000000000000000e+00,5.000000000000000000e-01,0.000000000000000000e+00,0.000000000000000000e+00,0.000000000000000000e+00,0.000000000000000000e+00,0.000000000000000000e+00,5.000000000000000000e-01,0.000000000000000000e+00,0.000000000000000000e+00,0.000000000000000000e+00
0.000000000000000000e+00,6.666666666666666574e-02,0.000000000000000000e+00,6.666666666666666574e-02,0.000000000000000000e+00,0.000000000000000000e+00,0.000000000000000000e+00,0.000000000000000000e+00,0.000000000000000000e+00,0.000000000000000000e+00,0.000000000000000000e+00,0.000000000000000000e+00,0.000000000000000000e+00,6.666666666666666297e-01,0.000000000000000000e+00,6.666666666666666574e-02,0.000000000000000000e+00,0.000000000000000000e+00,6.666666666666666574e-02,6.666666666666666574e-02,0.000000000000000000e+00
0.000000000000000000e+00,0.000000000000000000e+00,0.000000000000000000e+00,0.000000000000000000e+00,0.000000000000000000e+00,0.000000000000000000e+00,0.000000000000000000e+00,0.000000000000000000e+00,0.000000000000000000e+00,0.000000000000000000e+00,6.250000000000000000e-02,6.250000000000000000e-02,0.000000000000000000e+00,0.000000000000000000e+00,5.000000000000000000e-01,2.500000000000000000e-01,0.000000000000000000e+00,0.000000000000000000e+00,1.250000000000000000e-01,0.000000000000000000e+00,0.000000000000000000e+00
1.886792452830188607e-02,3.773584905660377214e-02,0.000000000000000000e+00,0.000000000000000000e+00,0.000000000000000000e+00,0.000000000000000000e+00,0.000000000000000000e+00,0.000000000000000000e+00,0.000000000000000000e+00,0.000000000000000000e+00,1.886792452830188607e-02,0.000000000000000000e+00,0.000000000000000000e+00,0.000000000000000000e+00,9.433962264150944077e-02,6.037735849056603543e-01,9.433962264150944077e-02,0.000000000000000000e+00,3.773584905660377214e-02,1.886792452830188607e-02,7.547169811320754429e-02
0.000000000000000000e+00,2.127659574468085055e-02,0.000000000000000000e+00,0.000000000000000000e+00,0.000000000000000000e+00,2.127659574468085055e-02,0.000000000000000000e+00,0.000000000000000000e+00,0.000000000000000000e+00,0.000000000000000000e+00,0.000000000000000000e+00,2.127659574468085055e-02,2.127659574468085055e-02,0.000000000000000000e+00,0.000000000000000000e+00,1.489361702127659504e-01,3.617021276595744905e-01,1.489361702127659504e-01,8.510638297872340219e-02,1.489361702127659504e-01,2.127659574468085055e-02
4.000000000000000083e-02,1.600000000000000033e-02,0.000000000000000000e+00,0.000000000000000000e+00,1.600000000000000033e-02,0.000000000000000000e+00,0.000000000000000000e+00,8.000000000000000167e-03,0.000000000000000000e+00,0.000000000000000000e+00,0.000000000000000000e+00,8.000000000000000167e-03,0.000000000000000000e+00,0.000000000000000000e+00,0.000000000000000000e+00,1.600000000000000033e-02,4.800000000000000100e-02,6.959999999999999520e-01,8.000000000000000167e-02,6.400000000000000133e-02,8.000000000000000167e-03
3.763440860215053890e-02,1.612903225806451568e-02,0.000000000000000000e+00,0.000000000000000000e+00,0.000000000000000000e+00,0.000000000000000000e+00,0.000000000000000000e+00,5.376344086021505805e-03,0.000000000000000000e+00,0.000000000000000000e+00,0.000000000000000000e+00,0.000000000000000000e+00,0.000000000000000000e+00,0.000000000000000000e+00,0.000000000000000000e+00,0.000000000000000000e+00,2.688172043010752729e-02,6.989247311827956333e-02,5.806451612903226200e-01,1.935483870967741882e-01,6.989247311827956333e-02
5.962059620596205783e-02,2.168021680216802166e-02,1.897018970189701809e-02,2.710027100271002708e-03,0.000000000000000000e+00,0.000000000000000000e+00,0.000000000000000000e+00,0.000000000000000000e+00,0.000000000000000000e+00,0.000000000000000000e+00,0.000000000000000000e+00,0.000000000000000000e+00,0.000000000000000000e+00,5.420054200542005415e-03,0.000000000000000000e+00,8.130081300813008990e-03,1.084010840108401083e-02,1.897018970189701809e-02,9.485094850948509737e-02,6.287262872628726074e-01,1.300813008130081438e-01
1.202003338898163659e-01,3.672787979966610911e-02,1.335559265442404046e-02,1.669449081803005058e-03,1.669449081803005058e-03,1.669449081803005058e-03,1.669449081803005058e-03,1.669449081803005058e-03,1.669449081803005058e-03,0.000000000000000000e+00,3.338898163606010116e-03,0.000000000000000000e+00,0.000000000000000000e+00,1.669449081803005058e-03,1.669449081803005058e-03,3.338898163606010116e-03,1.669449081803005058e-03,8.347245409015024639e-03,1.836393989983305455e-02,9.515859766277127985e-02,6.861435726210350916e-01
