0.000000000000000000e+00,3.333333333333333148e-01,0.000000000000000000e+00,0.000000000000000000e+00,0.000000000000000000e+00,0.000000000000000000e+00,0.000000000000000000e+00,3.333333333333333148e-01,0.000000000000000000e+00,0.000000000000000000e+00,0.000000000000000000e+00,3.333333333333333148e-01,0.000000000000000000e+00,0.000000000000000000e+00,0.000000000000000000e+00,0.000000000000000000e+00,0.000000000000000000e+00,0.000000000000000000e+00,0.000000000000000000e+00,0.000000000000000000e+00,0.000000000000000000e+00,0.000000000000000000e+00
5.882352941176470507e-02,7.058823529411765163e-01,5.882352941176470507e-02,5.882352941176470507e-02,0.000000000000000000e+00,0.000000000000000000e+00,0.000000000000000000e+00,5.882352941176470507e-02,0.000000000000000000e+00,0.000000000000000000e+00,0.000000000000000000e+00,0.000000000000000000e+00,5.882352941176470507e-02,0.000000000000000000e+00,0.000000000000000000e+00,0.000000000000000000e+00,0.000000000000000000e+00,0.000000000000000000e+00,0.000000000000000000e+00,0.000000000000000000e+00,0.000000000000000000e+00,0.000000000000000000e+00
1.250000000000000000e-01,2.500000000000000000e-01,3.750000000000000000e-01,0.000000000000000000e+00,0.000000000000000000e+00,1.250000000000000000e-01,0.000000000000000000e+00,0.000000000000000000e+00,0.000000000000000000e+00,0.000000000000000000e+00,0.000000000000000000e+00,0.000000000000000000e+00,0.000000000000000000e+00,0.000000000000000000e+00,0.000000000000000000e+00,0.000000000000000000e+00,0.000000000000000000e+00,0.000000000000000000e+00,1.250000000000000000e-01,0.000000000000000000e+00,0.000000000000000000e+00,0.000000000000000000e+00
0.000000000000000000e+00,0.000000000000000000e+00,0.000000000000000000e+00,2.000000000000000111e-01,5.999999999999999778e-01,0.000000000000000000e+00,2.000000000000000111e-01,0.000000000000000000e+00,0.000000000000000000e+00,0.000000000000000000e+00,0.000000000000000000e+00,0.000000000000000000e+00,0.000000000000000000e+00,0.000000000000000000e+00,0.000000000000000000e+00,0.000000000000000000e+00,0.000000000000000000e+00,0.000000000000000000e+00,0.000000000000000000e+00,0.000000000000000000e+00,0.000000000000000000e+00,0.000000000000000000e+00
0.000000000000000000e+00,0.000000000000000000e+00,1.470588235294117627e-02,1.470588235294117627e-02,8.382352941176470784e-01,7.352941176470588480e-02,0.000000000000000000e+00,2.941176470588235253e-02,1.470588235294117627e-02,0.000000000000000000e+00,0.000000000000000000e+00,0.000000000000000000e+00,0.000000000000000000e+00,0.000000000000000000e+00,1.470588235294117627e-02,0.000000000000000000e+00,0.000000000000000000e+00,0.000000000000000000e+00,0.000000000000000000e+00,0.000000000000000000e+00,0.000000000000000000e+00,0.000000000000000000e+00
0.000000000000000000e+00,0.000000000000000000e+00,1.086956521739130405e-02,0.000000000000000000e+00,5.434782608695652023e-02,7.500000000000000000e-01,8.695652173913043237e-02,6.521739130434782428e-02,2.173913043478260809e-02,0.000000000000000000e+00,0.000000000000000000e+00,0.000000000000000000e+00,0.000000000000000000e+00,0.000000000000000000e+00,0.000000000000000000e+00,1.086956521739130405e-02,0.000000000000000000e+00,0.000000000000000000e+00,0.000000000000000000e+00,0.000000000000000000e+00,0.000000000000000000e+00,0.000000000000000000e+00
0.000000000000000000e+00,0.000000000000000000e+00,0.000000000000000000e+00,0.000000000000000000e+00,2.013422818791946178e-02,6.711409395973154390e-02,7.382550335570470246e-01,1.342281879194630878e-01,2.684563758389261687e-02,6.711409395973154217e-03,6.711409395973154217e-03,0.000000000000000000e+00,0.000000000000000000e+00,0.000000000000000000e+00,0.000000000000000000e+00,0.000000000000000000e+00,0.000000000000000000e+00,0.000000000000000000e+00,0.000000000000000000e+00,0.000000000000000000e+00,0.000000000000000000e+00,0.000000000000000000e+00
3.952569169960474041e-03,0.000000000000000000e+00,3.952569169960474041e-03,0.000000000000000000e+00,0.000000000000000000e+00,7.905138339920948082e-03,9.881422924901185623e-02,7.035573122529644730e-01,1.383399209486166070e-01,1.185770750988142212e-02,1.581027667984189616e-02,3.952569169960474041e-03,7.905138339920948082e-03,0.000000000000000000e+00,0.000000000000000000e+00,0.000000000000000000e+00,0.000000000000000000e+00,0.000000000000000000e+00,0.000000000000000000e+00,0.000000000000000000e+00,0.000000000000000000e+00,3.952569169960474041e-03
0.000000000000000000e+00,1.801801801801801830e-03,0.000000000000000000e+00,0.000000000000000000e+00,0.000000000000000000e+00,0.000000000000000000e+00,1.801801801801801830e-03,6.666666666666666574e-02,8.072072072072071780e-01,8.648648648648649129e-02,1.441441441441441464e-02,5.405405405405405705e-03,5.405405405405405705e-03,1.801801801801801830e-03,3.603603603603603659e-03,1.801801801801801830e-03,0.000000000000000000e+00,1.801801801801801830e-03,0.000000000000000000e+00,0.000000000000000000e+00,0.000000000000000000e+00,1.801801801801801830e-03
0.000000000000000000e+00,0.000000000000000000e+00,0.000000000000000000e+00,0.000000000000000000e+00,0.000000000000000000e+00,0.000000000000000000e+00,1.567398119122256992e-03,1.097178683385579938e-02,7.680250783699059391e-02,7.742946708463950278e-01,9.874608150470219614e-02,1.567398119122256905e-02,9.404388714733542820e-03,1.567398119122256992e-03,0.000000000000000000e+00,3.134796238244513984e-03,3.134796238244513984e-03,1.567398119122256992e-03,0.000000000000000000e+00,3.134796238244513984e-03,0.000000000000000000e+00,0.000000000000000000e+00
0.000000000000000000e+00,0.000000000000000000e+00,0.000000000000000000e+00,0.000000000000000000e+00,0.000000000000000000e+00,0.000000000000000000e+00,1.543209876543209791e-03,1.543209876543209791e-03,1.543209876543209791e-02,1.033950617283950629e-01,7.407407407407406996e-01,9.104938271604938460e-02,1.697530864197530770e-02,1.080246913580246854e-02,1.543209876543209791e-03,4.629629629629629373e-03,1.543209876543209791e-03,0.000000000000000000e+00,1.543209876543209791e-03,4.629629629629629373e-03,3.086419753086419582e-03,1.543209876543209791e-03
0.000000000000000000e+00,0.000000000000000000e+00,0.000000000000000000e+00,0.000000000000000000e+00,0.000000000000000000e+00,0.000000000000000000e+00,0.000000000000000000e+00,2.941176470588235253e-03,8.823529411764705760e-03,2.647058823529411728e-02,1.529411764705882470e-01,6.588235294117646967e-01,9.117647058823528938e-02,2.058823529411764677e-02,1.470588235294117627e-02,2.941176470588235253e-03,2.941176470588235253e-03,5.882352941176470507e-03,0.000000000000000000e+00,0.000000000000000000e+00,0.000000000000000000e+00,1.176470588235294101e-02
0.000000000000000000e+00,0.000000000000000000e+00,0.000000000000000000e+00,0.000000000000000000e+00,0.000000000000000000e+00,0.000000000000000000e+00,0.000000000000000000e+00,0.000000000000000000e+00,8.620689655172413673e-03,1.293103448275862051e-02,6.465517241379310776e-02,1.336206896551724033e-01,6.637931034482759118e-01,5.172413793103448204e-02,1.724137931034482735e-02,1.293103448275862051e-02,4.310344827586206837e-03,4.310344827586206837e-03,8.620689655172413673e-03,4.310344827586206837e-03,0.000000000000000000e+00,1.293103448275862051e-02
0.000000000000000000e+00,0.000000000000000000e+00,8.196721311475410263e-03,0.000000000000000000e+00,0.000000000000000000e+00,0.000000000000000000e+00,0.000000000000000000e+00,8.196721311475410263e-03,0.000000000000000000e+00,8.196721311475410263e-03,7.377049180327868716e-02,4.918032786885245811e-02,9.836065573770491621e-02,6.065573770491803351e-01,9.016393442622951115e-02,1.639344262295082053e-02,8.196721311475410263e-03,2.459016393442622905e-02,0.000000000000000000e+00,0.000000000000000000e+00,0.000000000000000000e+00,8.196721311475410263e-03
0.000000000000000000e+00,0.000000000000000000e+00,0.000000000000000000e+00,0.000000000000000000e+00,1.136363636363636395e-02,0.000000000000000000e+00,0.000000000000000000e+00,1.136363636363636395e-02,0.000000000000000000e+00,1.136363636363636395e-02,0.000000000000000000e+00,3.409090909090908839e-02,9.090909090909091161e-02,1.250000000000000000e-01,5.681818181818182323e-01,7.954545454545454419e-02,2.272727272727272790e-02,1.136363636363636395e-02,0.000000000000000000e+00,0.000000000000000000e+00,1.136363636363636395e-02,2.272727272727272790e-02
0.000000000000000000e+00,0.000000000000000000e+00,0.000000000000000000e+00,0.000000000000000000e+00,0.000000000000000000e+00,0.000000000000000000e+00,0.000000000000000000e+00,0.000000000000000000e+00,0.000000000000000000e+00,3.278688524590164105e-02,4.918032786885245811e-02,3.278688524590164105e-02,3.278688524590164105e-02,3.278688524590164105e-02,9.836065573770491621e-02,5.573770491803278215e-01,1.147540983606557402e-01,3.278688524590164105e-02,0.000000000000000000e+00,0.000000000000000000e+00,0.000000000000000000e+00,1.639344262295082053e-02
0.000000000000000000e+00,0.000000000000000000e+00,3.030303030303030387e-02,0.000000000000000000e+00,0.000000000000000000e+00,0.000000000000000000e+00,0.000000000000000000e+00,3.030303030303030387e-02,0.000000000000000000e+00,0.000000000000000000e+00,3.030303030303030387e-02,9.090909090909091161e-02,3.030303030303030387e-02,3.030303030303030387e-02,3.030303030303030387e-02,6.060606060606060774e-02,3.030303030303030387e-01,2.121212121212121271e-01,3.030303030303030387e-02,0.000000000000000000e+00,3.030303030303030387e-02,9.090909090909091161e-02
0.000000000000000000e+00,0.000000000000000000e+00,0.000000000000000000e+00,0.000000000000000000e+00,0.000000000000000000e+00,0.000000000000000000e+00,0.000000000000000000e+00,0.000000000000000000e+00,3.225806451612903136e-02,3.225806451612903136e-02,6.451612903225806273e-02,0.000000000000000000e+00,9.677419354838709409e-02,3.225806451612903136e-02,3.225806451612903136e-02,1.290322580645161255e-01,1.935483870967741882e-01,2.580645161290322509e-01,3.225806451612903136e-02,6.451612903225806273e-02,0.000000000000000000e+00,3.225806451612903136e-02
0.000000000000000000e+00,0.000000000000000000e+00,9.090909090909091161e-02,0.000000000000000000e+00,0.000000000000000000e+00,0.000000000000000000e+00,0.000000000000000000e+00,0.000000000000000000e+00,0.000000000000000000e+00,0.000000000000000000e+00,9.090909090909091161e-02,1.818181818181818232e-01,0.000000000000000000e+00,9.090909090909091161e-02,0.000000000000000000e+00,9.090909090909091161e-02,0.000000000000000000e+00,9.090909090909091161e-02,3.636363636363636465e-01,0.000000000000000000e+00,0.000000000000000000e+00,0.000000000000000000e+00
0.000000000000000000e+00,0.000000000000000000e+00,0.000000000000000000e+00,0.000000000000000000e+00,0.000000000000000000e+00,0.000000000000000000e+00,0.000000000000000000e+00,0.000000000000000000e+00,0.000000000000000000e+00,1.111111111111111049e-01,0.000000000000000000e+00,0.000000000000000000e+00,1.111111111111111049e-01,1.111111111111111049e-01,0.000000000000000000e+00,1.111111111111111049e-01,0.000000000000000000e+00,2.222222222222222099e-01,1.111111111111111049e-01,1.111111111111111049e-01,0.000000000000000000e+00,1.111111111111111049e-01
0.000000000000000000e+00,0.000000000000000000e+00,0.000000000000000000e+00,0.000000000000000000e+00,0.000000000000000000e+00,0.000000000000000000e+00,0.000000000000000000e+00,0.000000000000000000e+00,0.000000000000000000e+00,0.000000000000000000e+00,5.882352941176470507e-02,5.882352941176470507e-02,0.000000000000000000e+00,0.000000000000000000e+00,1.176470588235294101e-01,0.000000000000000000e+00,0.000000000000000000e+00,0.000000000000000000e+00,0.000000000000000000e+00,0.000000000000000000e+00,5.294117647058823595e-01,2.352941176470588203e-01
0.000000000000000000e+00,0.000000000000000000e+00,0.000000000000000000e+00,0.000000000000000000e+00,1.351351351351351426e-02,0.000000000000000000e+00,0.000000000000000000e+00,1.351351351351351426e-02,2.702702702702702853e-02,0.000000000000000000e+00,1.351351351351351426e-02,1.351351351351351426e-02,6.756756756756757132e-02,4.054054054054054279e-02,2.702702702702702853e-02,1.351351351351351426e-02,6.756756756756757132e-02,2.702702702702702853e-02,0.000000000000000000e+00,1.351351351351351426e-02,4.054054054054054279e-02,6.216216216216216006e-01
