7.387944358578052428e-01,9.273570324574961776e-02,1.700154559505409613e-02,1.081916537867078781e-02,1.545595054095826862e-03,4.636785162287480368e-03,1.545595054095826862e-03,0.000000000000000000e+00,1.545595054095826862e-03,4.636785162287480368e-03,4.636785162287480368e-03,0.000000000000000000e+00,0.000000000000000000e+00,0.000000000000000000e+00,0.000000000000000000e+00,0.000000000000000000e+00,0.000000000000000000e+00,1.545595054095826862e-03,1.545595054095826862e-03,1.545595054095826905e-02,1.035548686244203986e-01
1.558823529411764719e-01,6.529411764705882470e-01,9.411764705882352811e-02,2.058823529411764677e-02,1.470588235294117627e-02,2.941176470588235253e-03,2.941176470588235253e-03,5.882352941176470507e-03,0.000000000000000000e+00,0.000000000000000000e+00,1.176470588235294101e-02,0.000000000000000000e+00,0.000000000000000000e+00,0.000000000000000000e+00,0.000000000000000000e+00,0.000000000000000000e+00,0.000000000000000000e+00,0.000000000000000000e+00,2.941176470588235253e-03,8.823529411764705760e-03,2.647058823529411728e-02
6.437768240343347270e-02,1.373390557939914158e-01,6.609442060085837234e-01,5.150214592274678094e-02,1.716738197424892698e-02,1.287553648068669523e-02,4.291845493562231745e-03,4.291845493562231745e-03,8.583690987124463490e-03,4.291845493562231745e-03,1.287553648068669523e-02,0.000000000000000000e+00,0.000000000000000000e+00,0.000000000000000000e+00,0.000000000000000000e+00,0.000000000000000000e+00,0.000000000000000000e+00,0.000000000000000000e+00,0.000000000000000000e+00,8.583690987124463490e-03,1.287553648068669523e-02
7.377049180327868716e-02,4.918032786885245811e-02,9.836065573770491621e-02,6.065573770491803351e-01,9.016393442622951115e-02,1.639344262295082053e-02,8.196721311475410263e-03,2.459016393442622905e-02,0.000000000000000000e+00,0.000000000000000000e+00,8.196721311475410263e-03,0.000000000000000000e+00,0.000000000000000000e+00,8.196721311475410263e-03,0.000000000000000000e+00,0.000000000000000000e+00,0.000000000000000000e+00,0.000000000000000000e+00,8.196721311475410263e-03,0.000000000000000000e+00,8.196721311475410263e-03
0.000000000000000000e+00,3.409090909090908839e-02,9.090909090909091161e-02,1.250000000000000000e-01,5.681818181818182323e-01,7.954545454545454419e-02,2.272727272727272790e-02,1.136363636363636395e-02,0.000000000000000000e+00,0.000000000000000000e+00,3.409090909090908839e-02,0.000000000000000000e+00,0.000000000000000000e+00,0.000000000000000000e+00,0.000000000000000000e+00,1.136363636363636395e-02,0.000000000000000000e+00,0.000000000000000000e+00,1.136363636363636395e-02,0.000000000000000000e+00,1.136363636363636395e-02
4.918032786885245811e-02,3.278688524590164105e-02,3.278688524590164105e-02,3.278688524590164105e-02,9.836065573770491621e-02,5.573770491803278215e-01,1.147540983606557402e-01,3.278688524590164105e-02,0.000000000000000000e+00,0.000000000000000000e+00,1.639344262295082053e-02,0.000000000000000000e+00,0.000000000000000000e+00,0.000000000000000000e+00,0.000000000000000000e+00,0.000000000000000000e+00,0.000000000000000000e+00,0.000000000000000000e+00,0.000000000000000000e+00,0.000000000000000000e+00,3.278688524590164105e-02
3.030303030303030387e-02,9.090909090909091161e-02,3.030303030303030387e-02,3.030303030303030387e-02,3.030303030303030387e-02,6.060606060606060774e-02,3.030303030303030387e-01,2.121212121212121271e-01,3.030303030303030387e-02,0.000000000000000000e+00,1.212121212121212155e-01,0.000000000000000000e+00,0.000000000000000000e+00,3.030303030303030387e-02,0.000000000000000000e+00,0.000000000000000000e+00,0.000000000000000000e+00,0.000000000000000000e+00,3.030303030303030387e-02,0.000000000000000000e+00,0.000000000000000000e+00
6.451612903225806273e-02,0.000000000000000000e+00,9.677419354838709409e-02,3.225806451612903136e-02,3.225806451612903136e-02,1.290322580645161255e-01,1.935483870967741882e-01,2.580645161290322509e-01,3.225806451612903136e-02,6.451612903225806273e-02,3.225806451612903136e-02,0.000000000000000000e+00,0.000000000000000000e+00,0.000000000000000000e+00,0.000000000000000000e+00,0.000000000000000000e+00,0.000000000000000000e+00,0.000000000000000000e+00,0.000000000000000000e+00,3.225806451612903136e-02,3.225806451612903136e-02
9.090909090909091161e-02,1.818181818181818232e-01,0.000000000000000000e+00,9.090909090909091161e-02,0.000000000000000000e+00,9.090909090909091161e-02,0.000000000000000000e+00,9.090909090909091161e-02,3.636363636363636465e-01,0.000000000000000000e+00,0.000000000000000000e+00,0.000000000000000000e+00,0.000000000000000000e+00,9.090909090909091161e-02,0.000000000000000000e+00,0.000000000000000000e+00,0.000000000000000000e+00,0.000000000000000000e+00,0.000000000000000000e+00,0.000000000000000000e+00,0.000000000000000000e+00
0.000000000000000000e+00,0.000000000000000000e+00,1.111111111111111049e-01,1.111111111111111049e-01,0.000000000000000000e+00,1.111111111111111049e-01,0.000000000000000000e+00,2.222222222222222099e-01,1.111111111111111049e-01,1.111111111111111049e-01,1.111111111111111049e-01,0.000000000000000000e+00,0.000000000000000000e+00,0.000000000000000000e+00,0.000000000000000000e+00,0.000000000000000000e+00,0.000000000000000000e+00,0.000000000000000000e+00,0.000000000000000000e+00,0.000000000000000000e+00,1.111111111111111049e-01
2.197802197802197974e-02,2.197802197802197974e-02,5.494505494505494414e-02,3.296703296703296787e-02,4.395604395604395948e-02,1.098901098901098987e-02,5.494505494505494414e-02,2.197802197802197974e-02,0.000000000000000000e+00,1.098901098901098987e-02,6.813186813186813406e-01,0.000000000000000000e+00,0.000000000000000000e+00,0.000000000000000000e+00,0.000000000000000000e+00,1.098901098901098987e-02,0.000000000000000000e+00,0.000000000000000000e+00,1.098901098901098987e-02,2.197802197802197974e-02,0.000000000000000000e+00
0.000000000000000000e+00,3.333333333333333148e-01,0.000000000000000000e+00,0.000000000000000000e+00,0.000000000000000000e+00,0.000000000000000000e+00,0.000000000000000000e+00,0.000000000000000000e+00,0.000000000000000000e+00,0.000000000000000000e+00,0.000000000000000000e+00,0.000000000000000000e+00,3.333333333333333148e-01,0.000000000000000000e+00,0.000000000000000000e+00,0.000000000000000000e+00,0.000000000000000000e+00,0.000000000000000000e+00,3.333333333333333148e-01,0.000000000000000000e+00,0.000000000000000000e+00
0.000000000000000000e+00,0.000000000000000000e+00,5.882352941176470507e-02,0.000000000000000000e+00,0.000000000000000000e+00,0.000000000000000000e+00,0.000000000000000000e+00,0.000000000000000000e+00,0.000000000000000000e+00,0.000000000000000000e+00,0.000000000000000000e+00,5.882352941176470507e-02,7.058823529411765163e-01,5.882352941176470507e-02,5.882352941176470507e-02,0.000000000000000000e+00,0.000000000000000000e+00,0.000000000000000000e+00,5.882352941176470507e-02,0.000000000000000000e+00,0.000000000000000000e+00
0.000000000000000000e+00,0.000000000000000000e+00,0.000000000000000000e+00,0.000000000000000000e+00,0.000000000000000000e+00,0.000000000000000000e+00,0.000000000000000000e+00,0.000000000000000000e+00,1.250000000000000000e-01,0.000000000000000000e+00,0.000000000000000000e+00,1.250000000000000000e-01,2.500000000000000000e-01,3.750000000000000000e-01,0.000000000000000000e+00,0.000000000000000000e+00,1.250000000000000000e-01,0.000000000000000000e+00,0.000000000000000000e+00,0.000000000000000000e+00,0.000000000000000000e+00
0.000000000000000000e+00,0.000000000000000000e+00,0.000000000000000000e+00,0.000000000000000000e+00,0.000000000000000000e+00,0.000000000000000000e+00,0.000000000000000000e+00,0.000000000000000000e+00,0.000000000000000000e+00,0.000000000000000000e+00,0.000000000000000000e+00,0.000000000000000000e+00,0.000000000000000000e+00,0.000000000000000000e+00,2.000000000000000111e-01,5.999999999999999778e-01,0.000000000000000000e+00,2.000000000000000111e-01,0.000000000000000000e+00,0.000000000000000000e+00,0.000000000000000000e+00
0.000000000000000000e+00,0.000000000000000000e+00,0.000000000000000000e+00,0.000000000000000000e+00,1.470588235294117627e-02,0.000000000000000000e+00,0.000000000000000000e+00,0.000000000000000000e+00,0.000000000000000000e+00,0.000000000000000000e+00,0.000000000000000000e+00,0.000000000000000000e+00,0.000000000000000000e+00,1.470588235294117627e-02,1.470588235294117627e-02,8.382352941176470784e-01,7.352941176470588480e-02,0.000000000000000000e+00,2.941176470588235253e-02,1.470588235294117627e-02,0.000000000000000000e+00
0.000000000000000000e+00,0.000000000000000000e+00,0.000000000000000000e+00,0.000000000000000000e+00,0.000000000000000000e+00,1.086956521739130405e-02,0.000000000000000000e+00,0.000000000000000000e+00,0.000000000000000000e+00,0.000000000000000000e+00,0.000000000000000000e+00,0.000000000000000000e+00,0.000000000000000000e+00,1.086956521739130405e-02,0.000000000000000000e+00,5.434782608695652023e-02,7.500000000000000000e-01,8.695652173913043237e-02,6.521739130434782428e-02,2.173913043478260809e-02,0.000000000000000000e+00
6.711409395973154217e-03,0.000000000000000000e+00,0.000000000000000000e+00,0.000000000000000000e+00,0.000000000000000000e+00,0.000000000000000000e+00,0.000000000000000000e+00,0.000000000000000000e+00,0.000000000000000000e+00,0.000000000000000000e+00,0.000000000000000000e+00,0.000000000000000000e+00,0.000000000000000000e+00,0.000000000000000000e+00,0.000000000000000000e+00,2.013422818791946178e-02,6.711409395973154390e-02,7.382550335570470246e-01,1.342281879194630878e-01,2.684563758389261687e-02,6.711409395973154217e-03
1.581027667984189616e-02,3.952569169960474041e-03,7.905138339920948082e-03,0.000000000000000000e+00,0.000000000000000000e+00,0.000000000000000000e+00,0.000000000000000000e+00,0.000000000000000000e+00,0.000000000000000000e+00,0.000000000000000000e+00,3.952569169960474041e-03,3.952569169960474041e-03,0.000000000000000000e+00,3.952569169960474041e-03,0.000000000000000000e+00,0.000000000000000000e+00,7.905138339920948082e-03,9.881422924901185623e-02,7.035573122529644730e-01,1.383399209486166070e-01,1.185770750988142212e-02
1.449275362318840597e-02,5.434782608695652023e-03,5.434782608695652023e-03,1.811594202898550747e-03,3.623188405797101493e-03,1.811594202898550747e-03,0.000000000000000000e+00,1.811594202898550747e-03,0.000000000000000000e+00,0.000000000000000000e+00,1.811594202898550747e-03,0.000000000000000000e+00,1.811594202898550747e-03,0.000000000000000000e+00,0.000000000000000000e+00,0.000000000000000000e+00,0.000000000000000000e+00,1.811594202898550747e-03,6.702898550724638305e-02,8.061594202898550998e-01,8.695652173913043237e-02
9.828393135725428664e-02,1.560062402496099898e-02,9.360374414976599389e-03,1.560062402496099898e-03,0.000000000000000000e+00,3.120124804992199796e-03,3.120124804992199796e-03,1.560062402496099898e-03,0.000000000000000000e+00,3.120124804992199796e-03,0.000000000000000000e+00,0.000000000000000000e+00,0.000000000000000000e+00,0.000000000000000000e+00,0.000000000000000000e+00,0.000000000000000000e+00,0.000000000000000000e+00,1.560062402496099898e-03,1.092043681747269929e-02,7.644305772230888807e-02,7.753510140405616147e-01
