8.518518518518518601e-01,0.000000000000000000e+00,3.703703703703703498e-02,1.851851851851851749e-02,1.851851851851851749e-02,0.000000000000000000e+00,1.851851851851851749e-02,0.000000000000000000e+00,0.000000000000000000e+00,0.000000000000000000e+00,3.703703703703703498e-02,0.000000000000000000e+00,0.000000000000000000e+00,0.000000000000000000e+00,0.000000000000000000e+00,0.000000000000000000e+00,0.000000000000000000e+00,0.000000000000000000e+00,1.851851851851851749e-02,0.000000000000000000e+00,0.000000000000000000e+00,0.000000000000000000e+00
4.000000000000000222e-01,2.000000000000000111e-01,2.000000000000000111e-01,0.000000000000000000e+00,0.000000000000000000e+00,0.000000000000000000e+00,0.000000000000000000e+00,0.000000000000000000e+00,0.000000000000000000e+00,2.000000000000000111e-01,0.000000000000000000e+00,0.000000000000000000e+00,0.000000000000000000e+00,0.000000000000000000e+00,0.000000000000000000e+00,0.000000000000000000e+00,0.000000000000000000e+00,0.000000000000000000e+00,0.000000000000000000e+00,0.000000000000000000e+00,0.000000000000000000e+00,0.000000000000000000e+00
3.571428571428571230e-02,3.571428571428571230e-02,6.785714285714286031e-01,1.428571428571428492e-01,3.571428571428571230e-02,0.000000000000000000e+00,0.000000000000000000e+00,0.000000000000000000e+00,0.000000000000000000e+00,3.571428571428571230e-02,3.571428571428571230e-02,0.000000000000000000e+00,0.000000000000000000e+00,0.000000000000000000e+00,0.000000000000000000e+00,0.000000000000000000e+00,0.000000000000000000e+00,0.000000000000000000e+00,0.000000000000000000e+00,0.000000000000000000e+00,0.000000000000000000e+00,0.000000000000000000e+00
0.000000000000000000e+00,0.000000000000000000e+00,1.515151515151515194e-01,5.757575757575758013e-01,1.515151515151515194e-01,0.000000000000000000e+00,3.030303030303030387e-02,6.060606060606060774e-02,0.000000000000000000e+00,0.000000000000000000e+00,0.000000000000000000e+00,0.000000000000000000e+00,0.000000000000000000e+00,0.000000000000000000e+00,0.000000000000000000e+00,0.000000000000000000e+00,0.000000000000000000e+00,3.030303030303030387e-02,0.000000000000000000e+00,0.000000000000000000e+00,0.000000000000000000e+00,0.000000000000000000e+00
2.941176470588235253e-02,0.000000000000000000e+00,2.941176470588235253e-02,8.823529411764706454e-02,4.411764705882352811e-01,2.058823529411764608e-01,2.941176470588235253e-02,8.823529411764706454e-02,5.882352941176470507e-02,2.941176470588235253e-02,0.000000000000000000e+00,0.000000000000000000e+00,0.000000000000000000e+00,0.000000000000000000e+00,0.000000000000000000e+00,0.000000000000000000e+00,0.000000000000000000e+00,0.000000000000000000e+00,0.000000000000000000e+00,0.000000000000000000e+00,0.000000000000000000e+00,0.000000000000000000e+00
0.000000000000000000e+00,0.000000000000000000e+00,0.000000000000000000e+00,1.176470588235294101e-02,7.058823529411764608e-02,5.647058823529411686e-01,1.529411764705882470e-01,7.058823529411764608e-02,2.352941176470588203e-02,2.352941176470588203e-02,7.058823529411764608e-02,1.176470588235294101e-02,0.000000000000000000e+00,0.000000000000000000e+00,0.000000000000000000e+00,0.000000000000000000e+00,0.000000000000000000e+00,0.000000000000000000e+00,0.000000000000000000e+00,0.000000000000000000e+00,0.000000000000000000e+00,0.000000000000000000e+00
8.130081300813008990e-03,0.000000000000000000e+00,8.130081300813008990e-03,8.130081300813008990e-03,1.626016260162601798e-02,9.756097560975610095e-02,5.691056910569105565e-01,1.951219512195122019e-01,1.626016260162601798e-02,3.252032520325203596e-02,8.130081300813008990e-03,2.439024390243902524e-02,0.000000000000000000e+00,0.000000000000000000e+00,0.000000000000000000e+00,0.000000000000000000e+00,0.000000000000000000e+00,0.000000000000000000e+00,0.000000000000000000e+00,0.000000000000000000e+00,0.000000000000000000e+00,1.626016260162601798e-02
0.000000000000000000e+00,0.000000000000000000e+00,0.000000000000000000e+00,5.747126436781609116e-03,2.873563218390804558e-03,2.011494252873563190e-02,5.747126436781609116e-02,6.896551724137931494e-01,1.408045977011494199e-01,4.310344827586207184e-02,2.011494252873563190e-02,8.620689655172413673e-03,8.620689655172413673e-03,0.000000000000000000e+00,0.000000000000000000e+00,0.000000000000000000e+00,0.000000000000000000e+00,0.000000000000000000e+00,0.000000000000000000e+00,0.000000000000000000e+00,2.873563218390804558e-03,0.000000000000000000e+00
0.000000000000000000e+00,0.000000000000000000e+00,1.709401709401709400e-03,1.709401709401709400e-03,3.418803418803418800e-03,0.000000000000000000e+00,3.418803418803418800e-03,6.153846153846154188e-02,7.076923076923077316e-01,1.589743589743589647e-01,3.589743589743589480e-02,8.547008547008547868e-03,6.837606837606837601e-03,0.000000000000000000e+00,3.418803418803418800e-03,0.000000000000000000e+00,0.000000000000000000e+00,1.709401709401709400e-03,0.000000000000000000e+00,1.709401709401709400e-03,0.000000000000000000e+00,3.418803418803418800e-03
0.000000000000000000e+00,2.257336343115123965e-03,0.000000000000000000e+00,0.000000000000000000e+00,0.000000000000000000e+00,1.128668171557561982e-03,5.643340857787810562e-03,1.467268623024830729e-02,8.690744920993227762e-02,7.099322799097065317e-01,1.376975169300225788e-01,2.031602708803611698e-02,4.514672686230247929e-03,3.386004514672686164e-03,3.386004514672686164e-03,1.128668171557561982e-03,1.128668171557561982e-03,2.257336343115123965e-03,0.000000000000000000e+00,1.128668171557561982e-03,0.000000000000000000e+00,4.514672686230247929e-03
0.000000000000000000e+00,0.000000000000000000e+00,0.000000000000000000e+00,0.000000000000000000e+00,0.000000000000000000e+00,3.610108303249097601e-03,3.610108303249097601e-03,7.220216606498195203e-03,1.805054151624548714e-02,8.754512635379060881e-02,7.481949458483754256e-01,8.844765342960288212e-02,2.256317689530686066e-02,8.122743682310468519e-03,2.707581227436822984e-03,9.025270758122744003e-04,0.000000000000000000e+00,0.000000000000000000e+00,0.000000000000000000e+00,9.025270758122744003e-04,1.805054151624548801e-03,6.317689530685920152e-03
0.000000000000000000e+00,0.000000000000000000e+00,1.869158878504672975e-03,0.000000000000000000e+00,1.869158878504672975e-03,3.738317757009345949e-03,1.869158878504672975e-03,1.869158878504672975e-03,1.308411214953271104e-02,3.551401869158878760e-02,1.719626168224299145e-01,6.224299065420560995e-01,8.411214953271027583e-02,3.364485981308411311e-02,7.476635514018691898e-03,1.869158878504672975e-03,5.607476635514018273e-03,1.869158878504672975e-03,0.000000000000000000e+00,0.000000000000000000e+00,5.607476635514018273e-03,5.607476635514018273e-03
0.000000000000000000e+00,0.000000000000000000e+00,0.000000000000000000e+00,0.000000000000000000e+00,0.000000000000000000e+00,0.000000000000000000e+00,4.761904761904762334e-03,1.904761904761904934e-02,9.523809523809524669e-03,2.380952380952380820e-02,1.285714285714285587e-01,2.333333333333333370e-01,4.428571428571428381e-01,6.666666666666666574e-02,1.428571428571428527e-02,9.523809523809524669e-03,9.523809523809524669e-03,4.761904761904762334e-03,4.761904761904762334e-03,9.523809523809524669e-03,4.761904761904762334e-03,1.428571428571428527e-02
0.000000000000000000e+00,0.000000000000000000e+00,0.000000000000000000e+00,0.000000000000000000e+00,0.000000000000000000e+00,0.000000000000000000e+00,0.000000000000000000e+00,0.000000000000000000e+00,7.874015748031495954e-03,1.574803149606299191e-02,6.299212598425196763e-02,1.023622047244094474e-01,1.338582677165354451e-01,4.724409448818897572e-01,7.086614173228346358e-02,2.362204724409448786e-02,0.000000000000000000e+00,1.574803149606299191e-02,7.874015748031495954e-03,3.149606299212598381e-02,0.000000000000000000e+00,5.511811023622047168e-02
0.000000000000000000e+00,0.000000000000000000e+00,0.000000000000000000e+00,0.000000000000000000e+00,0.000000000000000000e+00,1.754385964912280604e-02,0.000000000000000000e+00,0.000000000000000000e+00,0.000000000000000000e+00,3.508771929824561209e-02,8.771929824561403022e-02,1.228070175438596423e-01,1.052631578947368363e-01,1.228070175438596423e-01,2.280701754385964786e-01,1.754385964912280604e-01,0.000000000000000000e+00,3.508771929824561209e-02,3.508771929824561209e-02,0.000000000000000000e+00,0.000000000000000000e+00,3.508771929824561209e-02
0.000000000000000000e+00,0.000000000000000000e+00,0.000000000000000000e+00,0.000000000000000000e+00,0.000000000000000000e+00,0.000000000000000000e+00,0.000000000000000000e+00,0.000000000000000000e+00,0.000000000000000000e+00,8.888888888888889228e-02,2.222222222222222307e-02,8.888888888888889228e-02,0.000000000000000000e+00,4.444444444444444614e-02,1.555555555555555580e-01,3.555555555555555691e-01,8.888888888888889228e-02,6.666666666666666574e-02,0.000000000000000000e+00,4.444444444444444614e-02,0.000000000000000000e+00,4.444444444444444614e-02
0.000000000000000000e+00,0.000000000000000000e+00,0.000000000000000000e+00,0.000000000000000000e+00,0.000000000000000000e+00,0.000000000000000000e+00,0.000000000000000000e+00,0.000000000000000000e+00,0.000000000000000000e+00,4.761904761904761640e-02,4.761904761904761640e-02,9.523809523809523281e-02,1.428571428571428492e-01,0.000000000000000000e+00,9.523809523809523281e-02,4.761904761904761640e-02,2.857142857142856984e-01,4.761904761904761640e-02,4.761904761904761640e-02,0.000000000000000000e+00,0.000000000000000000e+00,1.428571428571428492e-01
0.000000000000000000e+00,0.000000000000000000e+00,0.000000000000000000e+00,3.703703703703703498e-02,0.000000000000000000e+00,0.000000000000000000e+00,0.000000000000000000e+00,3.703703703703703498e-02,3.703703703703703498e-02,0.000000000000000000e+00,7.407407407407406996e-02,3.703703703703703498e-02,1.111111111111111049e-01,0.000000000000000000e+00,1.111111111111111049e-01,1.111111111111111049e-01,3.703703703703703498e-02,2.222222222222222099e-01,0.000000000000000000e+00,0.000000000000000000e+00,0.000000000000000000e+00,1.851851851851851749e-01
0.000000000000000000e+00,0.000000000000000000e+00,0.000000000000000000e+00,0.000000000000000000e+00,0.000000000000000000e+00,0.000000000000000000e+00,0.000000000000000000e+00,0.000000000000000000e+00,0.000000000000000000e+00,8.333333333333332871e-02,8.333333333333332871e-02,0.000000000000000000e+00,8.333333333333332871e-02,2.500000000000000000e-01,8.333333333333332871e-02,8.333333333333332871e-02,0.000000000000000000e+00,8.333333333333332871e-02,1.666666666666666574e-01,0.000000000000000000e+00,0.000000000000000000e+00,8.333333333333332871e-02
0.000000000000000000e+00,0.000000000000000000e+00,0.000000000000000000e+00,0.000000000000000000e+00,0.000000000000000000e+00,0.000000000000000000e+00,0.000000000000000000e+00,0.000000000000000000e+00,4.545454545454545581e-02,9.090909090909091161e-02,1.363636363636363535e-01,0.000000000000000000e+00,0.000000000000000000e+00,1.363636363636363535e-01,0.000000000000000000e+00,4.545454545454545581e-02,4.545454545454545581e-02,4.545454545454545581e-02,4.545454545454545581e-02,2.272727272727272652e-01,9.090909090909091161e-02,9.090909090909091161e-02
0.000000000000000000e+00,0.000000000000000000e+00,0.000000000000000000e+00,0.000000000000000000e+00,0.000000000000000000e+00,5.263157894736841813e-02,0.000000000000000000e+00,0.000000000000000000e+00,0.000000000000000000e+00,0.000000000000000000e+00,1.052631578947368363e-01,0.000000000000000000e+00,5.263157894736841813e-02,0.000000000000000000e+00,0.000000000000000000e+00,1.052631578947368363e-01,0.000000000000000000e+00,0.000000000000000000e+00,0.000000000000000000e+00,2.105263157894736725e-01,3.157894736842105088e-01,1.578947368421052544e-01
0.000000000000000000e+00,0.000000000000000000e+00,0.000000000000000000e+00,0.000000000000000000e+00,0.000000000000000000e+00,0.000000000000000000e+00,0.000000000000000000e+00,1.612903225806451568e-02,1.612903225806451568e-02,1.612903225806451568e-02,2.419354838709677352e-02,3.225806451612903136e-02,5.645161290322580488e-02,4.838709677419354704e-02,1.612903225806451568e-02,1.612903225806451568e-02,8.064516129032257841e-03,1.612903225806451568e-02,8.064516129032257841e-03,5.645161290322580488e-02,4.032258064516128920e-02,6.290322580645161255e-01
