0.000000000000000000e+00,2.500000000000000000e-01,5.000000000000000000e-01,0.000000000000000000e+00,0.000000000000000000e+00,0.000000000000000000e+00,2.500000000000000000e-01,0.000000000000000000e+00,0.000000000000000000e+00,0.000000000000000000e+00,0.000000000000000000e+00,0.000000000000000000e+00,0.000000000000000000e+00,0.000000000000000000e+00,0.000000000000000000e+00,0.000000000000000000e+00,0.000000000000000000e+00,0.000000000000000000e+00,0.000000000000000000e+00,0.000000000000000000e+00,0.000000000000000000e+00,0.000000000000000000e+00
3.703703703703703498e-02,7.777777777777777901e-01,1.851851851851851749e-01,0.000000000000000000e+00,0.000000000000000000e+00,0.000000000000000000e+00,0.000000000000000000e+00,0.000000000000000000e+00,0.000000000000000000e+00,0.000000000000000000e+00,0.000000000000000000e+00,0.000000000000000000e+00,0.000000000000000000e+00,0.000000000000000000e+00,0.000000000000000000e+00,0.000000000000000000e+00,0.000000000000000000e+00,0.000000000000000000e+00,0.000000000000000000e+00,0.000000000000000000e+00,0.000000000000000000e+00,0.000000000000000000e+00
0.000000000000000000e+00,4.265402843601896060e-02,7.393364928909952338e-01,1.990521327014218023e-01,4.739336492890995622e-03,4.739336492890995622e-03,0.000000000000000000e+00,0.000000000000000000e+00,0.000000000000000000e+00,0.000000000000000000e+00,0.000000000000000000e+00,4.739336492890995622e-03,0.000000000000000000e+00,0.000000000000000000e+00,0.000000000000000000e+00,4.739336492890995622e-03,0.000000000000000000e+00,0.000000000000000000e+00,0.000000000000000000e+00,0.000000000000000000e+00,0.000000000000000000e+00,0.000000000000000000e+00
0.000000000000000000e+00,7.616146230007616322e-04,2.589489718202589441e-02,8.263518659558263257e-01,9.977151561309977046e-02,2.284843869002285005e-02,6.092916984006093058e-03,3.046458492003046529e-03,2.284843869002285005e-03,3.046458492003046529e-03,7.616146230007616322e-04,0.000000000000000000e+00,3.046458492003046529e-03,7.616146230007616322e-04,0.000000000000000000e+00,7.616146230007616322e-04,0.000000000000000000e+00,0.000000000000000000e+00,0.000000000000000000e+00,0.000000000000000000e+00,0.000000000000000000e+00,4.569687738004570010e-03
7.468259895444361984e-04,7.468259895444361984e-04,0.000000000000000000e+00,8.140403286034353370e-02,7.826736370425690925e-01,8.289768483943241173e-02,2.240477968633308378e-02,7.468259895444361550e-03,1.493651979088872397e-03,2.987303958177744793e-03,2.987303958177744793e-03,1.493651979088872397e-03,7.468259895444361984e-04,1.493651979088872397e-03,1.493651979088872397e-03,7.468259895444361984e-04,1.493651979088872397e-03,0.000000000000000000e+00,0.000000000000000000e+00,0.000000000000000000e+00,0.000000000000000000e+00,6.721433905899925135e-03
1.589825119236884044e-03,0.000000000000000000e+00,1.589825119236884044e-03,3.656597774244833149e-02,1.748807631160572418e-01,6.581875993640698974e-01,5.564387917329093741e-02,1.907790143084260592e-02,7.949125596184419135e-03,6.359300476947536175e-03,6.359300476947536175e-03,1.589825119236884044e-03,7.949125596184419135e-03,4.769475357710651481e-03,4.769475357710651481e-03,0.000000000000000000e+00,1.589825119236884044e-03,1.589825119236884044e-03,1.589825119236884044e-03,0.000000000000000000e+00,1.589825119236884044e-03,6.359300476947536175e-03
4.237288135593220324e-03,0.000000000000000000e+00,0.000000000000000000e+00,1.694915254237288130e-02,1.059322033898305038e-01,1.991525423728813526e-01,5.084745762711864181e-01,6.355932203389830226e-02,2.118644067796610075e-02,2.118644067796610075e-02,8.474576271186440649e-03,4.237288135593220324e-03,8.474576271186440649e-03,0.000000000000000000e+00,4.237288135593220324e-03,4.237288135593220324e-03,0.000000000000000000e+00,0.000000000000000000e+00,4.237288135593220324e-03,0.000000000000000000e+00,0.000000000000000000e+00,2.542372881355932368e-02
0.000000000000000000e+00,0.000000000000000000e+00,0.000000000000000000e+00,3.333333333333333287e-02,8.888888888888889228e-02,1.666666666666666574e-01,1.444444444444444309e-01,3.444444444444444420e-01,1.000000000000000056e-01,3.333333333333333287e-02,1.111111111111111154e-02,0.000000000000000000e+00,0.000000000000000000e+00,0.000000000000000000e+00,0.000000000000000000e+00,0.000000000000000000e+00,1.111111111111111154e-02,0.000000000000000000e+00,0.000000000000000000e+00,0.000000000000000000e+00,1.111111111111111154e-02,5.555555555555555247e-02
0.000000000000000000e+00,0.000000000000000000e+00,0.000000000000000000e+00,1.219512195121951262e-02,3.658536585365853439e-02,1.097560975609756101e-01,1.219512195121951192e-01,9.756097560975610095e-02,4.756097560975609539e-01,3.658536585365853439e-02,3.658536585365853439e-02,1.219512195121951262e-02,1.219512195121951262e-02,0.000000000000000000e+00,1.219512195121951262e-02,0.000000000000000000e+00,0.000000000000000000e+00,0.000000000000000000e+00,0.000000000000000000e+00,0.000000000000000000e+00,0.000000000000000000e+00,3.658536585365853439e-02
0.000000000000000000e+00,0.000000000000000000e+00,0.000000000000000000e+00,4.166666666666666435e-02,8.333333333333332871e-02,2.083333333333333218e-02,8.333333333333332871e-02,6.250000000000000000e-02,1.250000000000000000e-01,3.333333333333333148e-01,6.250000000000000000e-02,6.250000000000000000e-02,0.000000000000000000e+00,2.083333333333333218e-02,0.000000000000000000e+00,2.083333333333333218e-02,0.000000000000000000e+00,0.000000000000000000e+00,0.000000000000000000e+00,0.000000000000000000e+00,0.000000000000000000e+00,8.333333333333332871e-02
0.000000000000000000e+00,0.000000000000000000e+00,0.000000000000000000e+00,2.857142857142857054e-02,2.857142857142857054e-02,8.571428571428571508e-02,0.000000000000000000e+00,5.714285714285714107e-02,8.571428571428571508e-02,1.142857142857142821e-01,2.285714285714285643e-01,1.428571428571428492e-01,2.857142857142857054e-02,0.000000000000000000e+00,0.000000000000000000e+00,2.857142857142857054e-02,2.857142857142857054e-02,0.000000000000000000e+00,0.000000000000000000e+00,2.857142857142857054e-02,0.000000000000000000e+00,1.142857142857142821e-01
0.000000000000000000e+00,0.000000000000000000e+00,0.000000000000000000e+00,6.896551724137930939e-02,0.000000000000000000e+00,6.896551724137930939e-02,1.034482758620689641e-01,0.000000000000000000e+00,6.896551724137930939e-02,1.034482758620689641e-01,3.448275862068965469e-02,2.758620689655172376e-01,1.034482758620689641e-01,3.448275862068965469e-02,0.000000000000000000e+00,3.448275862068965469e-02,0.000000000000000000e+00,0.000000000000000000e+00,0.000000000000000000e+00,0.000000000000000000e+00,3.448275862068965469e-02,6.896551724137930939e-02
0.000000000000000000e+00,0.000000000000000000e+00,0.000000000000000000e+00,5.660377358490566169e-02,1.886792452830188607e-02,5.660377358490566169e-02,1.886792452830188607e-02,3.773584905660377214e-02,5.660377358490566169e-02,3.773584905660377214e-02,1.886792452830188607e-02,5.660377358490566169e-02,5.094339622641509413e-01,9.433962264150944077e-02,1.886792452830188607e-02,1.886792452830188607e-02,0.000000000000000000e+00,0.000000000000000000e+00,0.000000000000000000e+00,0.000000000000000000e+00,0.000000000000000000e+00,0.000000000000000000e+00
0.000000000000000000e+00,0.000000000000000000e+00,0.000000000000000000e+00,0.000000000000000000e+00,3.571428571428571230e-02,7.142857142857142461e-02,1.785714285714285615e-02,3.571428571428571230e-02,3.571428571428571230e-02,1.785714285714285615e-02,1.785714285714285615e-02,0.000000000000000000e+00,1.250000000000000000e-01,5.178571428571429047e-01,1.071428571428571369e-01,0.000000000000000000e+00,0.000000000000000000e+00,0.000000000000000000e+00,0.000000000000000000e+00,0.000000000000000000e+00,0.000000000000000000e+00,1.785714285714285615e-02
0.000000000000000000e+00,0.000000000000000000e+00,0.000000000000000000e+00,0.000000000000000000e+00,2.500000000000000139e-02,2.500000000000000139e-02,0.000000000000000000e+00,0.000000000000000000e+00,0.000000000000000000e+00,5.000000000000000278e-02,5.000000000000000278e-02,0.000000000000000000e+00,2.500000000000000139e-02,2.000000000000000111e-01,4.249999999999999889e-01,5.000000000000000278e-02,5.000000000000000278e-02,0.000000000000000000e+00,2.500000000000000139e-02,2.500000000000000139e-02,0.000000000000000000e+00,5.000000000000000278e-02
0.000000000000000000e+00,0.000000000000000000e+00,0.000000000000000000e+00,2.631578947368420907e-02,2.631578947368420907e-02,2.631578947368420907e-02,0.000000000000000000e+00,2.631578947368420907e-02,5.263157894736841813e-02,0.000000000000000000e+00,2.631578947368420907e-02,0.000000000000000000e+00,2.631578947368420907e-02,2.631578947368420907e-02,5.263157894736841813e-02,4.210526315789473450e-01,1.052631578947368363e-01,2.631578947368420907e-02,2.631578947368420907e-02,5.263157894736841813e-02,0.000000000000000000e+00,7.894736842105262720e-02
0.000000000000000000e+00,0.000000000000000000e+00,0.000000000000000000e+00,0.000000000000000000e+00,0.000000000000000000e+00,2.857142857142857054e-02,5.714285714285714107e-02,2.857142857142857054e-02,0.000000000000000000e+00,0.000000000000000000e+00,2.857142857142857054e-02,0.000000000000000000e+00,2.857142857142857054e-02,2.857142857142857054e-02,1.428571428571428492e-01,2.285714285714285643e-01,2.571428571428571175e-01,5.714285714285714107e-02,5.714285714285714107e-02,0.000000000000000000e+00,0.000000000000000000e+00,5.714285714285714107e-02
0.000000000000000000e+00,0.000000000000000000e+00,0.000000000000000000e+00,0.000000000000000000e+00,0.000000000000000000e+00,0.000000000000000000e+00,1.111111111111111049e-01,0.000000000000000000e+00,0.000000000000000000e+00,1.111111111111111049e-01,0.000000000000000000e+00,0.000000000000000000e+00,0.000000000000000000e+00,0.000000000000000000e+00,0.000000000000000000e+00,0.000000000000000000e+00,5.555555555555555802e-01,1.111111111111111049e-01,0.000000000000000000e+00,0.000000000000000000e+00,0.000000000000000000e+00,1.111111111111111049e-01
0.000000000000000000e+00,0.000000000000000000e+00,0.000000000000000000e+00,1.428571428571428492e-01,0.000000000000000000e+00,2.857142857142856984e-01,0.000000000000000000e+00,0.000000000000000000e+00,0.000000000000000000e+00,0.000000000000000000e+00,0.000000000000000000e+00,0.000000000000000000e+00,0.000000000000000000e+00,0.000000000000000000e+00,0.000000000000000000e+00,0.000000000000000000e+00,2.857142857142856984e-01,0.000000000000000000e+00,0.000000000000000000e+00,0.000000000000000000e+00,0.000000000000000000e+00,2.857142857142856984e-01
0.000000000000000000e+00,0.000000000000000000e+00,0.000000000000000000e+00,0.000000000000000000e+00,0.000000000000000000e+00,0.000000000000000000e+00,0.000000000000000000e+00,0.000000000000000000e+00,0.000000000000000000e+00,0.000000000000000000e+00,0.000000000000000000e+00,0.000000000000000000e+00,0.000000000000000000e+00,0.000000000000000000e+00,0.000000000000000000e+00,0.000000000000000000e+00,0.000000000000000000e+00,0.000000000000000000e+00,0.000000000000000000e+00,0.000000000000000000e+00,0.000000000000000000e+00,1.000000000000000000e+00
0.000000000000000000e+00,0.000000000000000000e+00,0.000000000000000000e+00,0.000000000000000000e+00,0.000000000000000000e+00,1.250000000000000000e-01,0.000000000000000000e+00,0.000000000000000000e+00,0.000000000000000000e+00,0.000000000000000000e+00,0.000000000000000000e+00,0.000000000000000000e+00,0.000000000000000000e+00,0.000000000000000000e+00,0.000000000000000000e+00,0.000000000000000000e+00,0.000000000000000000e+00,0.000000000000000000e+00,0.000000000000000000e+00,0.000000000000000000e+00,3.750000000000000000e-01,5.000000000000000000e-01
0.000000000000000000e+00,0.000000000000000000e+00,0.000000000000000000e+00,0.000000000000000000e+00,4.142011834319526964e-02,5.325443786982248656e-02,2.958579881656804578e-02,1.775147928994082885e-02,4.142011834319526964e-02,5.917159763313609329e-03,5.917159763313609329e-03,2.958579881656804578e-02,5.917159763313609329e-03,5.917159763313609329e-03,2.366863905325443732e-02,5.917159763313609329e-03,2.958579881656804578e-02,2.366863905325443732e-02,5.917159763313609329e-03,1.775147928994082885e-02,5.917159763313609329e-03,6.508875739644970349e-01
