6.932006633499170345e-01,8.623548922056384347e-02,2.487562189054726494e-02,9.950248756218905283e-03,4.145936981757877490e-03,8.291873963515754764e-04,0.000000000000000000e+00,1.658374792703150953e-03,1.658374792703150953e-03,0.000000000000000000e+00,1.658374792703150953e-03,8.291873963515754764e-04,0.000000000000000000e+00,8.291873963515754764e-04,1.658374792703150953e-03,2.487562189054726321e-03,2.487562189054726321e-03,4.145936981757877490e-03,1.326699834162520762e-02,3.648424543946932053e-02,1.135986733001658339e-01
1.426940639269406452e-01,6.746575342465753744e-01,6.506849315068492789e-02,1.484018264840182566e-02,6.849315068493150305e-03,3.424657534246575152e-03,4.566210045662100203e-03,1.141552511415525051e-03,3.424657534246575152e-03,2.283105022831050102e-03,6.849315068493150305e-03,0.000000000000000000e+00,0.000000000000000000e+00,0.000000000000000000e+00,0.000000000000000000e+00,0.000000000000000000e+00,3.424657534246575152e-03,4.566210045662100203e-03,1.369863013698630061e-02,2.054794520547945091e-02,3.196347031963470142e-02
6.413301662707839024e-02,1.805225653206650738e-01,5.700712589073634318e-01,7.125890736342042897e-02,1.425178147268408614e-02,1.662707838479809963e-02,7.125890736342043071e-03,1.425178147268408614e-02,0.000000000000000000e+00,0.000000000000000000e+00,1.662707838479809963e-02,2.375296912114014357e-03,0.000000000000000000e+00,0.000000000000000000e+00,0.000000000000000000e+00,0.000000000000000000e+00,2.375296912114014357e-03,4.750593824228028714e-03,9.501187648456057427e-03,1.900237529691211485e-02,7.125890736342043071e-03
8.053691275167784713e-02,1.208053691275167846e-01,2.348993288590603967e-01,3.489932885906040227e-01,1.006711409395973089e-01,3.355704697986577195e-02,1.342281879194630843e-02,6.711409395973154217e-03,6.711409395973154217e-03,6.711409395973154217e-03,2.684563758389261687e-02,0.000000000000000000e+00,0.000000000000000000e+00,0.000000000000000000e+00,0.000000000000000000e+00,0.000000000000000000e+00,6.711409395973154217e-03,0.000000000000000000e+00,0.000000000000000000e+00,0.000000000000000000e+00,1.342281879194630843e-02
5.128205128205128027e-02,7.692307692307692735e-02,1.153846153846153910e-01,1.923076923076923184e-01,3.717948717948718063e-01,1.025641025641025605e-01,0.000000000000000000e+00,0.000000000000000000e+00,2.564102564102564014e-02,0.000000000000000000e+00,5.128205128205128027e-02,0.000000000000000000e+00,0.000000000000000000e+00,0.000000000000000000e+00,0.000000000000000000e+00,0.000000000000000000e+00,0.000000000000000000e+00,0.000000000000000000e+00,0.000000000000000000e+00,0.000000000000000000e+00,1.282051282051282007e-02
1.694915254237288130e-02,5.084745762711864736e-02,3.389830508474576259e-02,1.186440677966101725e-01,1.525423728813559421e-01,3.728813559322033955e-01,8.474576271186440302e-02,5.084745762711864736e-02,1.694915254237288130e-02,0.000000000000000000e+00,5.084745762711864736e-02,0.000000000000000000e+00,0.000000000000000000e+00,0.000000000000000000e+00,0.000000000000000000e+00,0.000000000000000000e+00,0.000000000000000000e+00,1.694915254237288130e-02,1.694915254237288130e-02,1.694915254237288130e-02,0.000000000000000000e+00
0.000000000000000000e+00,6.060606060606060774e-02,1.212121212121212155e-01,9.090909090909091161e-02,6.060606060606060774e-02,1.212121212121212155e-01,3.333333333333333148e-01,6.060606060606060774e-02,3.030303030303030387e-02,0.000000000000000000e+00,9.090909090909091161e-02,0.000000000000000000e+00,0.000000000000000000e+00,0.000000000000000000e+00,0.000000000000000000e+00,0.000000000000000000e+00,3.030303030303030387e-02,0.000000000000000000e+00,0.000000000000000000e+00,0.000000000000000000e+00,0.000000000000000000e+00
7.692307692307692735e-02,1.153846153846153910e-01,2.307692307692307820e-01,3.846153846153846367e-02,7.692307692307692735e-02,7.692307692307692735e-02,1.153846153846153910e-01,1.538461538461538547e-01,0.000000000000000000e+00,3.846153846153846367e-02,7.692307692307692735e-02,0.000000000000000000e+00,0.000000000000000000e+00,0.000000000000000000e+00,0.000000000000000000e+00,0.000000000000000000e+00,0.000000000000000000e+00,0.000000000000000000e+00,0.000000000000000000e+00,0.000000000000000000e+00,0.000000000000000000e+00
0.000000000000000000e+00,5.000000000000000278e-02,5.000000000000000278e-02,0.000000000000000000e+00,0.000000000000000000e+00,1.000000000000000056e-01,1.000000000000000056e-01,5.000000000000000278e-02,2.999999999999999889e-01,5.000000000000000278e-02,2.999999999999999889e-01,0.000000000000000000e+00,0.000000000000000000e+00,0.000000000000000000e+00,0.000000000000000000e+00,0.000000000000000000e+00,0.000000000000000000e+00,0.000000000000000000e+00,0.000000000000000000e+00,0.000000000000000000e+00,0.000000000000000000e+00
0.000000000000000000e+00,0.000000000000000000e+00,7.692307692307692735e-02,0.000000000000000000e+00,7.692307692307692735e-02,0.000000000000000000e+00,1.538461538461538547e-01,7.692307692307692735e-02,7.692307692307692735e-02,2.307692307692307820e-01,3.076923076923077094e-01,0.000000000000000000e+00,0.000000000000000000e+00,0.000000000000000000e+00,0.000000000000000000e+00,0.000000000000000000e+00,0.000000000000000000e+00,0.000000000000000000e+00,0.000000000000000000e+00,0.000000000000000000e+00,0.000000000000000000e+00
0.000000000000000000e+00,2.127659574468085055e-02,5.319148936170212810e-02,2.127659574468085055e-02,3.191489361702127409e-02,2.127659574468085055e-02,4.255319148936170109e-02,7.446808510638297518e-02,4.255319148936170109e-02,6.382978723404254817e-02,6.063829787234042978e-01,0.000000000000000000e+00,0.000000000000000000e+00,0.000000000000000000e+00,0.000000000000000000e+00,0.000000000000000000e+00,0.000000000000000000e+00,0.000000000000000000e+00,0.000000000000000000e+00,0.000000000000000000e+00,2.127659574468085055e-02
1.333333333333333315e-01,0.000000000000000000e+00,0.000000000000000000e+00,0.000000000000000000e+00,6.666666666666666574e-02,0.000000000000000000e+00,0.000000000000000000e+00,0.000000000000000000e+00,0.000000000000000000e+00,0.000000000000000000e+00,6.666666666666666574e-02,2.000000000000000111e-01,0.000000000000000000e+00,0.000000000000000000e+00,6.666666666666666574e-02,0.000000000000000000e+00,0.000000000000000000e+00,6.666666666666666574e-02,2.000000000000000111e-01,6.666666666666666574e-02,1.333333333333333315e-01
4.000000000000000222e-01,0.000000000000000000e+00,0.000000000000000000e+00,2.000000000000000111e-01,0.000000000000000000e+00,0.000000000000000000e+00,0.000000000000000000e+00,0.000000000000000000e+00,0.000000000000000000e+00,0.000000000000000000e+00,0.000000000000000000e+00,0.000000000000000000e+00,0.000000000000000000e+00,2.000000000000000111e-01,0.000000000000000000e+00,2.000000000000000111e-01,0.000000000000000000e+00,0.000000000000000000e+00,0.000000000000000000e+00,0.000000000000000000e+00,0.000000000000000000e+00
0.000000000000000000e+00,1.538461538461538547e-01,0.000000000000000000e+00,0.000000000000000000e+00,7.692307692307692735e-02,0.000000000000000000e+00,0.000000000000000000e+00,0.000000000000000000e+00,0.000000000000000000e+00,0.000000000000000000e+00,1.538461538461538547e-01,0.000000000000000000e+00,0.000000000000000000e+00,7.692307692307692735e-02,0.000000000000000000e+00,0.000000000000000000e+00,0.000000000000000000e+00,0.000000000000000000e+00,3.076923076923077094e-01,1.538461538461538547e-01,7.692307692307692735e-02
1.666666666666666574e-01,3.333333333333333287e-02,0.000000000000000000e+00,0.000000000000000000e+00,0.000000000000000000e+00,0.000000000000000000e+00,0.000000000000000000e+00,0.000000000000000000e+00,0.000000000000000000e+00,0.000000000000000000e+00,0.000000000000000000e+00,3.333333333333333287e-02,0.000000000000000000e+00,0.000000000000000000e+00,6.333333333333333037e-01,0.000000000000000000e+00,0.000000000000000000e+00,0.000000000000000000e+00,6.666666666666666574e-02,0.000000000000000000e+00,6.666666666666666574e-02
1.935483870967741882e-01,3.225806451612903136e-02,3.225806451612903136e-02,3.225806451612903136e-02,0.000000000000000000e+00,0.000000000000000000e+00,0.000000000000000000e+00,0.000000000000000000e+00,3.225806451612903136e-02,0.000000000000000000e+00,3.225806451612903136e-02,0.000000000000000000e+00,0.000000000000000000e+00,0.000000000000000000e+00,3.225806451612903136e-02,2.903225806451613100e-01,9.677419354838709409e-02,1.290322580645161255e-01,0.000000000000000000e+00,3.225806451612903136e-02,6.451612903225806273e-02
1.666666666666666644e-02,3.333333333333333287e-02,5.000000000000000278e-02,0.000000000000000000e+00,0.000000000000000000e+00,0.000000000000000000e+00,0.000000000000000000e+00,0.000000000000000000e+00,0.000000000000000000e+00,0.000000000000000000e+00,0.000000000000000000e+00,0.000000000000000000e+00,0.000000000000000000e+00,0.000000000000000000e+00,1.666666666666666644e-02,1.000000000000000056e-01,5.333333333333333259e-01,3.333333333333333287e-02,5.000000000000000278e-02,5.000000000000000278e-02,1.166666666666666685e-01
7.079646017699114946e-02,7.964601769911504314e-02,1.769911504424778736e-02,0.000000000000000000e+00,2.654867256637168105e-02,8.849557522123893682e-03,0.000000000000000000e+00,0.000000000000000000e+00,0.000000000000000000e+00,0.000000000000000000e+00,0.000000000000000000e+00,0.000000000000000000e+00,0.000000000000000000e+00,8.849557522123893682e-03,0.000000000000000000e+00,1.769911504424778736e-02,7.079646017699114946e-02,4.159292035398229892e-01,9.734513274336283051e-02,7.079646017699114946e-02,1.150442477876106179e-01
7.729468599033816056e-02,4.830917874396135209e-02,2.415458937198067604e-02,4.830917874396135035e-03,0.000000000000000000e+00,0.000000000000000000e+00,4.830917874396135035e-03,4.830917874396135035e-03,0.000000000000000000e+00,0.000000000000000000e+00,0.000000000000000000e+00,9.661835748792270070e-03,0.000000000000000000e+00,0.000000000000000000e+00,0.000000000000000000e+00,4.830917874396135035e-03,2.415458937198067604e-02,8.695652173913043237e-02,5.072463768115942351e-01,1.304347826086956486e-01,7.246376811594203160e-02
1.149732620320855631e-01,5.347593582887700397e-02,3.475935828877005362e-02,1.336898395721925099e-02,2.673796791443850112e-03,2.673796791443850112e-03,0.000000000000000000e+00,0.000000000000000000e+00,0.000000000000000000e+00,0.000000000000000000e+00,5.347593582887700224e-03,0.000000000000000000e+00,0.000000000000000000e+00,2.673796791443850112e-03,5.347593582887700224e-03,2.673796791443850112e-03,2.673796791443850112e-03,3.743315508021390070e-02,5.882352941176470507e-02,5.053475935828877219e-01,1.577540106951871579e-01
1.609022556390977410e-01,4.511278195488721554e-02,2.556390977443609089e-02,6.015037593984962766e-03,1.503759398496240692e-03,4.511278195488722075e-03,1.503759398496240692e-03,0.000000000000000000e+00,1.503759398496240692e-03,0.000000000000000000e+00,3.007518796992481383e-03,1.503759398496240692e-03,1.503759398496240692e-03,1.503759398496240692e-03,3.007518796992481383e-03,3.007518796992481383e-03,6.015037593984962766e-03,1.353383458646616536e-02,3.609022556390977660e-02,9.624060150375940426e-02,5.879699248120300314e-01
