6.953191489361701949e-01,9.617021276595744128e-02,1.957446808510638139e-02,8.510638297872340566e-03,5.106382978723403993e-03,3.404255319148936140e-03,0.000000000000000000e+00,0.000000000000000000e+00,0.000000000000000000e+00,0.000000000000000000e+00,8.510638297872340349e-04,0.000000000000000000e+00,0.000000000000000000e+00,8.510638297872340349e-04,8.510638297872340349e-04,8.510638297872340349e-04,8.510638297872340349e-04,2.553191489361701996e-03,1.446808510638297914e-02,1.617021276595744655e-02,1.344680851063829730e-01
1.926278240190249791e-01,6.147443519619500973e-01,8.085612366230678083e-02,2.259215219976218672e-02,9.512485136741972991e-03,1.070154577883472048e-02,4.756242568370986495e-03,1.189060642092746624e-03,0.000000000000000000e+00,2.378121284185493248e-03,1.070154577883472048e-02,0.000000000000000000e+00,1.189060642092746624e-03,0.000000000000000000e+00,0.000000000000000000e+00,1.189060642092746624e-03,2.378121284185493248e-03,1.189060642092746624e-03,4.756242568370986495e-03,1.189060642092746797e-02,2.734839476813317322e-02
5.475504322766570897e-02,2.276657060518731956e-01,5.072046109510086609e-01,7.492795389048990951e-02,2.305475504322766420e-02,2.593659942363112439e-02,2.881844380403458025e-03,2.305475504322766420e-02,8.645533141210375375e-03,2.881844380403458025e-03,8.645533141210375375e-03,0.000000000000000000e+00,0.000000000000000000e+00,0.000000000000000000e+00,0.000000000000000000e+00,0.000000000000000000e+00,2.881844380403458025e-03,2.881844380403458025e-03,5.763688760806916049e-03,1.440922190201729056e-02,1.440922190201729056e-02
5.384615384615384914e-02,1.000000000000000056e-01,3.538461538461538658e-01,3.461538461538461453e-01,3.846153846153846367e-02,1.538461538461538547e-02,7.692307692307692735e-03,3.076923076923077094e-02,0.000000000000000000e+00,7.692307692307692735e-03,1.538461538461538547e-02,0.000000000000000000e+00,0.000000000000000000e+00,0.000000000000000000e+00,0.000000000000000000e+00,0.000000000000000000e+00,0.000000000000000000e+00,7.692307692307692735e-03,0.000000000000000000e+00,7.692307692307692735e-03,1.538461538461538547e-02
4.054054054054054279e-02,1.891891891891891997e-01,1.756756756756756854e-01,1.216216216216216284e-01,3.243243243243243423e-01,4.054054054054054279e-02,4.054054054054054279e-02,0.000000000000000000e+00,1.351351351351351426e-02,0.000000000000000000e+00,1.351351351351351426e-02,0.000000000000000000e+00,0.000000000000000000e+00,0.000000000000000000e+00,0.000000000000000000e+00,0.000000000000000000e+00,0.000000000000000000e+00,1.351351351351351426e-02,0.000000000000000000e+00,0.000000000000000000e+00,2.702702702702702853e-02
7.843137254901960675e-02,1.176470588235294101e-01,1.176470588235294101e-01,9.803921568627450844e-02,7.843137254901960675e-02,2.941176470588235392e-01,9.803921568627450844e-02,3.921568627450980338e-02,0.000000000000000000e+00,1.960784313725490169e-02,1.960784313725490169e-02,0.000000000000000000e+00,0.000000000000000000e+00,0.000000000000000000e+00,0.000000000000000000e+00,0.000000000000000000e+00,0.000000000000000000e+00,1.960784313725490169e-02,0.000000000000000000e+00,0.000000000000000000e+00,1.960784313725490169e-02
4.878048780487805047e-02,1.219512195121951192e-01,4.878048780487805047e-02,4.878048780487805047e-02,9.756097560975610095e-02,1.219512195121951192e-01,3.414634146341463672e-01,4.878048780487805047e-02,0.000000000000000000e+00,2.439024390243902524e-02,7.317073170731706877e-02,0.000000000000000000e+00,0.000000000000000000e+00,0.000000000000000000e+00,2.439024390243902524e-02,0.000000000000000000e+00,0.000000000000000000e+00,0.000000000000000000e+00,0.000000000000000000e+00,0.000000000000000000e+00,0.000000000000000000e+00
5.000000000000000278e-02,1.000000000000000056e-01,1.000000000000000056e-01,7.499999999999999722e-02,7.499999999999999722e-02,5.000000000000000278e-02,5.000000000000000278e-02,3.750000000000000000e-01,5.000000000000000278e-02,0.000000000000000000e+00,7.499999999999999722e-02,0.000000000000000000e+00,0.000000000000000000e+00,0.000000000000000000e+00,0.000000000000000000e+00,0.000000000000000000e+00,0.000000000000000000e+00,0.000000000000000000e+00,0.000000000000000000e+00,0.000000000000000000e+00,0.000000000000000000e+00
0.000000000000000000e+00,0.000000000000000000e+00,0.000000000000000000e+00,1.000000000000000056e-01,2.000000000000000111e-01,2.000000000000000111e-01,1.000000000000000056e-01,2.999999999999999889e-01,1.000000000000000056e-01,0.000000000000000000e+00,0.000000000000000000e+00,0.000000000000000000e+00,0.000000000000000000e+00,0.000000000000000000e+00,0.000000000000000000e+00,0.000000000000000000e+00,0.000000000000000000e+00,0.000000000000000000e+00,0.000000000000000000e+00,0.000000000000000000e+00,0.000000000000000000e+00
0.000000000000000000e+00,7.142857142857142461e-02,1.428571428571428492e-01,0.000000000000000000e+00,7.142857142857142461e-02,0.000000000000000000e+00,2.142857142857142738e-01,0.000000000000000000e+00,7.142857142857142461e-02,7.142857142857142461e-02,3.571428571428571508e-01,0.000000000000000000e+00,0.000000000000000000e+00,0.000000000000000000e+00,0.000000000000000000e+00,0.000000000000000000e+00,0.000000000000000000e+00,0.000000000000000000e+00,0.000000000000000000e+00,0.000000000000000000e+00,0.000000000000000000e+00
1.298701298701298787e-02,5.194805194805195148e-02,1.298701298701298787e-02,5.194805194805195148e-02,5.194805194805195148e-02,1.298701298701298787e-02,2.597402597402597574e-02,3.896103896103896014e-02,1.298701298701298787e-02,9.090909090909091161e-02,6.103896103896103709e-01,0.000000000000000000e+00,0.000000000000000000e+00,0.000000000000000000e+00,0.000000000000000000e+00,1.298701298701298787e-02,0.000000000000000000e+00,0.000000000000000000e+00,0.000000000000000000e+00,1.298701298701298787e-02,0.000000000000000000e+00
0.000000000000000000e+00,0.000000000000000000e+00,1.428571428571428492e-01,0.000000000000000000e+00,0.000000000000000000e+00,1.428571428571428492e-01,0.000000000000000000e+00,0.000000000000000000e+00,0.000000000000000000e+00,0.000000000000000000e+00,0.000000000000000000e+00,1.428571428571428492e-01,0.000000000000000000e+00,0.000000000000000000e+00,0.000000000000000000e+00,0.000000000000000000e+00,0.000000000000000000e+00,4.285714285714285476e-01,1.428571428571428492e-01,0.000000000000000000e+00,0.000000000000000000e+00
0.000000000000000000e+00,2.000000000000000111e-01,0.000000000000000000e+00,0.000000000000000000e+00,0.000000000000000000e+00,0.000000000000000000e+00,0.000000000000000000e+00,0.000000000000000000e+00,0.000000000000000000e+00,0.000000000000000000e+00,2.000000000000000111e-01,0.000000000000000000e+00,0.000000000000000000e+00,0.000000000000000000e+00,0.000000000000000000e+00,2.000000000000000111e-01,0.000000000000000000e+00,0.000000000000000000e+00,0.000000000000000000e+00,2.000000000000000111e-01,2.000000000000000111e-01
0.000000000000000000e+00,6.250000000000000000e-02,0.000000000000000000e+00,0.000000000000000000e+00,0.000000000000000000e+00,0.000000000000000000e+00,0.000000000000000000e+00,0.000000000000000000e+00,0.000000000000000000e+00,0.000000000000000000e+00,0.000000000000000000e+00,0.000000000000000000e+00,0.000000000000000000e+00,6.875000000000000000e-01,0.000000000000000000e+00,0.000000000000000000e+00,6.250000000000000000e-02,1.250000000000000000e-01,0.000000000000000000e+00,6.250000000000000000e-02,0.000000000000000000e+00
0.000000000000000000e+00,7.407407407407406996e-02,3.703703703703703498e-02,0.000000000000000000e+00,3.703703703703703498e-02,0.000000000000000000e+00,0.000000000000000000e+00,0.000000000000000000e+00,0.000000000000000000e+00,0.000000000000000000e+00,3.703703703703703498e-02,0.000000000000000000e+00,3.703703703703703498e-02,0.000000000000000000e+00,4.074074074074073848e-01,7.407407407407406996e-02,7.407407407407406996e-02,1.111111111111111049e-01,3.703703703703703498e-02,0.000000000000000000e+00,7.407407407407406996e-02
0.000000000000000000e+00,6.250000000000000000e-02,3.125000000000000000e-02,3.125000000000000000e-02,0.000000000000000000e+00,0.000000000000000000e+00,0.000000000000000000e+00,0.000000000000000000e+00,0.000000000000000000e+00,0.000000000000000000e+00,0.000000000000000000e+00,0.000000000000000000e+00,0.000000000000000000e+00,0.000000000000000000e+00,1.250000000000000000e-01,2.187500000000000000e-01,6.250000000000000000e-02,1.250000000000000000e-01,3.125000000000000000e-02,1.250000000000000000e-01,1.875000000000000000e-01
5.769230769230769551e-02,7.692307692307692735e-02,1.923076923076923184e-02,1.923076923076923184e-02,0.000000000000000000e+00,0.000000000000000000e+00,3.846153846153846367e-02,0.000000000000000000e+00,0.000000000000000000e+00,0.000000000000000000e+00,1.923076923076923184e-02,1.923076923076923184e-02,0.000000000000000000e+00,1.923076923076923184e-02,3.846153846153846367e-02,7.692307692307692735e-02,3.076923076923077094e-01,1.153846153846153910e-01,7.692307692307692735e-02,3.846153846153846367e-02,7.692307692307692735e-02
4.848484848484848481e-02,2.424242424242424240e-02,3.636363636363636187e-02,0.000000000000000000e+00,0.000000000000000000e+00,0.000000000000000000e+00,6.060606060606060601e-03,0.000000000000000000e+00,0.000000000000000000e+00,0.000000000000000000e+00,6.060606060606060601e-03,6.060606060606060601e-03,0.000000000000000000e+00,0.000000000000000000e+00,1.212121212121212120e-02,4.848484848484848481e-02,5.454545454545454281e-02,5.878787878787878896e-01,5.454545454545454281e-02,6.666666666666666574e-02,4.848484848484848481e-02
4.504504504504504292e-02,4.054054054054054279e-02,1.351351351351351426e-02,4.504504504504504465e-03,4.504504504504504465e-03,0.000000000000000000e+00,0.000000000000000000e+00,0.000000000000000000e+00,0.000000000000000000e+00,0.000000000000000000e+00,1.351351351351351426e-02,4.504504504504504465e-03,0.000000000000000000e+00,0.000000000000000000e+00,1.351351351351351426e-02,9.009009009009008931e-03,4.954954954954954999e-02,8.558558558558558571e-02,5.495495495495495986e-01,9.009009009009008584e-02,7.657657657657657158e-02
8.021390374331550943e-02,3.208556149732620655e-02,1.336898395721925099e-02,5.347593582887700224e-03,5.347593582887700224e-03,0.000000000000000000e+00,0.000000000000000000e+00,0.000000000000000000e+00,0.000000000000000000e+00,0.000000000000000000e+00,2.673796791443850112e-03,2.673796791443850112e-03,2.673796791443850112e-03,2.673796791443850112e-03,5.347593582887700224e-03,2.673796791443850112e-03,0.000000000000000000e+00,4.812834224598930288e-02,1.069518716577540079e-01,5.641711229946524409e-01,1.256684491978609652e-01
1.446700507614213094e-01,5.329949238578680221e-02,2.030456852791878014e-02,6.345177664974619228e-03,0.000000000000000000e+00,2.538071065989847518e-03,0.000000000000000000e+00,0.000000000000000000e+00,0.000000000000000000e+00,0.000000000000000000e+00,1.269035532994923759e-03,2.538071065989847518e-03,0.000000000000000000e+00,0.000000000000000000e+00,0.000000000000000000e+00,1.269035532994923759e-03,6.345177664974619228e-03,1.015228426395939007e-02,2.411167512690355272e-02,1.040609137055837630e-01,6.230964467005075669e-01
