5.333333333333333259e-01,9.777777777777778290e-02,4.888888888888889145e-02,2.000000000000000042e-02,4.444444444444444441e-03,1.333333333333333419e-02,2.222222222222222220e-03,0.000000000000000000e+00,0.000000000000000000e+00,0.000000000000000000e+00,2.000000000000000042e-02,0.000000000000000000e+00,0.000000000000000000e+00,0.000000000000000000e+00,0.000000000000000000e+00,0.000000000000000000e+00,0.000000000000000000e+00,4.444444444444444441e-03,2.222222222222222307e-02,5.333333333333333676e-02,1.799999999999999933e-01
1.776061776061776121e-01,4.671814671814671915e-01,1.042471042471042469e-01,3.474903474903474898e-02,1.544401544401544438e-02,0.000000000000000000e+00,3.861003861003861094e-03,0.000000000000000000e+00,0.000000000000000000e+00,0.000000000000000000e+00,3.861003861003860921e-02,0.000000000000000000e+00,0.000000000000000000e+00,0.000000000000000000e+00,0.000000000000000000e+00,0.000000000000000000e+00,3.861003861003861094e-03,3.861003861003861094e-03,2.702702702702702853e-02,5.791505791505791728e-02,6.563706563706563080e-02
8.620689655172414367e-02,1.954022988505747238e-01,3.620689655172413812e-01,5.747126436781609116e-02,1.724137931034482735e-02,5.747126436781609116e-03,5.747126436781609116e-03,0.000000000000000000e+00,0.000000000000000000e+00,1.149425287356321823e-02,4.597701149425287293e-02,0.000000000000000000e+00,0.000000000000000000e+00,0.000000000000000000e+00,0.000000000000000000e+00,0.000000000000000000e+00,5.747126436781609116e-03,0.000000000000000000e+00,1.149425287356321823e-02,9.195402298850574585e-02,1.034482758620689641e-01
7.299270072992700142e-02,6.569343065693430961e-02,8.759124087591241281e-02,4.087591240875912413e-01,8.029197080291970712e-02,2.919708029197080196e-02,7.299270072992700489e-03,1.459854014598540098e-02,7.299270072992700489e-03,7.299270072992700489e-03,8.759124087591241281e-02,0.000000000000000000e+00,0.000000000000000000e+00,0.000000000000000000e+00,0.000000000000000000e+00,7.299270072992700489e-03,0.000000000000000000e+00,1.459854014598540098e-02,0.000000000000000000e+00,2.919708029197080196e-02,8.029197080291970712e-02
1.515151515151515194e-01,4.545454545454545581e-02,1.515151515151515194e-02,1.969696969696969613e-01,2.727272727272727071e-01,6.060606060606060774e-02,3.030303030303030387e-02,1.515151515151515194e-02,1.515151515151515194e-02,1.515151515151515194e-02,3.030303030303030387e-02,1.515151515151515194e-02,0.000000000000000000e+00,0.000000000000000000e+00,0.000000000000000000e+00,0.000000000000000000e+00,0.000000000000000000e+00,0.000000000000000000e+00,1.515151515151515194e-02,1.515151515151515194e-02,1.060606060606060635e-01
2.285714285714285643e-01,1.142857142857142821e-01,1.428571428571428492e-01,8.571428571428571508e-02,1.428571428571428492e-01,8.571428571428571508e-02,8.571428571428571508e-02,0.000000000000000000e+00,0.000000000000000000e+00,2.857142857142857054e-02,5.714285714285714107e-02,0.000000000000000000e+00,0.000000000000000000e+00,0.000000000000000000e+00,0.000000000000000000e+00,0.000000000000000000e+00,0.000000000000000000e+00,0.000000000000000000e+00,0.000000000000000000e+00,2.857142857142857054e-02,0.000000000000000000e+00
6.250000000000000000e-02,3.125000000000000000e-02,3.125000000000000000e-02,1.250000000000000000e-01,1.250000000000000000e-01,1.250000000000000000e-01,2.812500000000000000e-01,3.125000000000000000e-02,0.000000000000000000e+00,0.000000000000000000e+00,6.250000000000000000e-02,0.000000000000000000e+00,0.000000000000000000e+00,0.000000000000000000e+00,0.000000000000000000e+00,0.000000000000000000e+00,0.000000000000000000e+00,3.125000000000000000e-02,0.000000000000000000e+00,6.250000000000000000e-02,3.125000000000000000e-02
7.142857142857142461e-02,0.000000000000000000e+00,7.142857142857142461e-02,7.142857142857142461e-02,0.000000000000000000e+00,0.000000000000000000e+00,7.142857142857142461e-02,7.142857142857142461e-02,0.000000000000000000e+00,7.142857142857142461e-02,2.142857142857142738e-01,0.000000000000000000e+00,0.000000000000000000e+00,0.000000000000000000e+00,0.000000000000000000e+00,0.000000000000000000e+00,0.000000000000000000e+00,1.428571428571428492e-01,7.142857142857142461e-02,1.428571428571428492e-01,0.000000000000000000e+00
0.000000000000000000e+00,0.000000000000000000e+00,3.333333333333333287e-02,1.333333333333333315e-01,6.666666666666666574e-02,0.000000000000000000e+00,3.333333333333333287e-02,3.333333333333333287e-02,5.666666666666666519e-01,3.333333333333333287e-02,6.666666666666666574e-02,0.000000000000000000e+00,0.000000000000000000e+00,0.000000000000000000e+00,0.000000000000000000e+00,0.000000000000000000e+00,0.000000000000000000e+00,0.000000000000000000e+00,0.000000000000000000e+00,3.333333333333333287e-02,0.000000000000000000e+00
0.000000000000000000e+00,2.272727272727272790e-02,2.272727272727272790e-02,4.545454545454545581e-02,0.000000000000000000e+00,2.272727272727272790e-02,0.000000000000000000e+00,0.000000000000000000e+00,4.545454545454545581e-02,5.000000000000000000e-01,2.500000000000000000e-01,0.000000000000000000e+00,0.000000000000000000e+00,0.000000000000000000e+00,0.000000000000000000e+00,0.000000000000000000e+00,0.000000000000000000e+00,0.000000000000000000e+00,2.272727272727272790e-02,4.545454545454545581e-02,2.272727272727272790e-02
4.633204633204632966e-02,3.861003861003860921e-02,5.405405405405405705e-02,5.791505791505791728e-02,3.474903474903474898e-02,2.316602316602316483e-02,1.158301158301158242e-02,3.088803088803088875e-02,3.474903474903474898e-02,4.247104247104246944e-02,5.482625482625482771e-01,7.722007722007722189e-03,3.861003861003861094e-03,3.861003861003861094e-03,0.000000000000000000e+00,1.158301158301158242e-02,0.000000000000000000e+00,3.861003861003861094e-03,0.000000000000000000e+00,7.722007722007722189e-03,3.861003861003860921e-02
0.000000000000000000e+00,0.000000000000000000e+00,0.000000000000000000e+00,2.150537634408602322e-02,0.000000000000000000e+00,0.000000000000000000e+00,0.000000000000000000e+00,0.000000000000000000e+00,0.000000000000000000e+00,0.000000000000000000e+00,2.150537634408602322e-02,8.172043010752688685e-01,4.301075268817204644e-02,4.301075268817204644e-02,2.150537634408602322e-02,0.000000000000000000e+00,1.075268817204301161e-02,0.000000000000000000e+00,1.075268817204301161e-02,1.075268817204301161e-02,0.000000000000000000e+00
0.000000000000000000e+00,0.000000000000000000e+00,0.000000000000000000e+00,0.000000000000000000e+00,0.000000000000000000e+00,0.000000000000000000e+00,0.000000000000000000e+00,0.000000000000000000e+00,0.000000000000000000e+00,0.000000000000000000e+00,4.000000000000000083e-02,2.399999999999999911e-01,2.399999999999999911e-01,1.600000000000000033e-01,1.199999999999999956e-01,4.000000000000000083e-02,0.000000000000000000e+00,8.000000000000000167e-02,4.000000000000000083e-02,0.000000000000000000e+00,4.000000000000000083e-02
0.000000000000000000e+00,0.000000000000000000e+00,0.000000000000000000e+00,0.000000000000000000e+00,0.000000000000000000e+00,1.515151515151515194e-02,0.000000000000000000e+00,0.000000000000000000e+00,0.000000000000000000e+00,0.000000000000000000e+00,3.030303030303030387e-02,0.000000000000000000e+00,1.060606060606060635e-01,7.121212121212121549e-01,7.575757575757575968e-02,4.545454545454545581e-02,0.000000000000000000e+00,0.000000000000000000e+00,0.000000000000000000e+00,1.515151515151515194e-02,0.000000000000000000e+00
0.000000000000000000e+00,1.724137931034482735e-02,0.000000000000000000e+00,0.000000000000000000e+00,0.000000000000000000e+00,1.724137931034482735e-02,0.000000000000000000e+00,0.000000000000000000e+00,0.000000000000000000e+00,1.724137931034482735e-02,3.448275862068965469e-02,3.448275862068965469e-02,3.448275862068965469e-02,6.896551724137930939e-02,6.379310344827586743e-01,6.896551724137930939e-02,1.724137931034482735e-02,3.448275862068965469e-02,0.000000000000000000e+00,1.724137931034482735e-02,0.000000000000000000e+00
0.000000000000000000e+00,1.030927835051546372e-02,1.030927835051546372e-02,0.000000000000000000e+00,0.000000000000000000e+00,0.000000000000000000e+00,0.000000000000000000e+00,0.000000000000000000e+00,0.000000000000000000e+00,0.000000000000000000e+00,2.061855670103092744e-02,1.030927835051546372e-02,1.030927835051546372e-02,3.092783505154639290e-02,5.154639175257731687e-02,6.082474226804123196e-01,1.546391752577319645e-01,3.092783505154639290e-02,3.092783505154639290e-02,2.061855670103092744e-02,1.030927835051546372e-02
0.000000000000000000e+00,1.190476190476190410e-02,5.952380952380952051e-03,0.000000000000000000e+00,0.000000000000000000e+00,5.952380952380952051e-03,0.000000000000000000e+00,5.952380952380952051e-03,0.000000000000000000e+00,0.000000000000000000e+00,1.190476190476190410e-02,0.000000000000000000e+00,0.000000000000000000e+00,0.000000000000000000e+00,1.190476190476190410e-02,9.523809523809523281e-02,6.607142857142856984e-01,1.250000000000000000e-01,2.380952380952380820e-02,3.571428571428571230e-02,5.952380952380952051e-03
4.484304932735425943e-03,4.484304932735425943e-03,4.484304932735425943e-03,0.000000000000000000e+00,0.000000000000000000e+00,0.000000000000000000e+00,4.484304932735425943e-03,4.484304932735425943e-03,0.000000000000000000e+00,0.000000000000000000e+00,1.793721973094170377e-02,0.000000000000000000e+00,0.000000000000000000e+00,4.484304932735425943e-03,4.484304932735425943e-03,2.690582959641255739e-02,8.071748878923766524e-02,6.457399103139013219e-01,1.434977578475336302e-01,4.035874439461883262e-02,1.345291479820627870e-02
8.431703204047217085e-03,1.349072512647554734e-02,1.686340640809443417e-03,1.686340640809443417e-03,0.000000000000000000e+00,0.000000000000000000e+00,0.000000000000000000e+00,0.000000000000000000e+00,0.000000000000000000e+00,1.686340640809443417e-03,6.745362563237773668e-03,0.000000000000000000e+00,0.000000000000000000e+00,3.372681281618886834e-03,0.000000000000000000e+00,3.372681281618886834e-03,8.431703204047217085e-03,5.564924114671163796e-02,7.335581787521079367e-01,1.281618887015177066e-01,3.372681281618886834e-02
3.379953379953379994e-02,1.398601398601398600e-02,1.165501165501165587e-02,4.662004662004662001e-03,1.165501165501165500e-03,0.000000000000000000e+00,4.662004662004662001e-03,1.165501165501165500e-03,1.165501165501165500e-03,0.000000000000000000e+00,2.097902097902097987e-02,0.000000000000000000e+00,0.000000000000000000e+00,1.165501165501165500e-03,1.165501165501165500e-03,0.000000000000000000e+00,3.496503496503496500e-03,4.662004662004662001e-03,9.090909090909091161e-02,7.097902097902097918e-01,9.557109557109556841e-02
8.550185873605947728e-02,1.610904584882279916e-02,2.230483271375464580e-02,7.434944237918215265e-03,9.913258983890954265e-03,3.717472118959107633e-03,2.478314745972738566e-03,1.239157372986369283e-03,1.239157372986369283e-03,0.000000000000000000e+00,2.478314745972738653e-02,0.000000000000000000e+00,1.239157372986369283e-03,0.000000000000000000e+00,1.239157372986369283e-03,0.000000000000000000e+00,3.717472118959107633e-03,4.956629491945477133e-03,1.610904584882279916e-02,1.140024783147459697e-01,6.840148698884758183e-01
