5.000000000000000000e-01,1.000000000000000056e-01,0.000000000000000000e+00,2.000000000000000111e-01,2.000000000000000111e-01,0.000000000000000000e+00,0.000000000000000000e+00,0.000000000000000000e+00,0.000000000000000000e+00,0.000000000000000000e+00,0.000000000000000000e+00,0.000000000000000000e+00,0.000000000000000000e+00,0.000000000000000000e+00,0.000000000000000000e+00,0.000000000000000000e+00,0.000000000000000000e+00,0.000000000000000000e+00,0.000000000000000000e+00,0.000000000000000000e+00,0.000000000000000000e+00,0.000000000000000000e+00
1.315789473684210453e-02,8.026315789473684736e-01,1.184210526315789408e-01,5.263157894736841813e-02,0.000000000000000000e+00,0.000000000000000000e+00,0.000000000000000000e+00,0.000000000000000000e+00,0.000000000000000000e+00,0.000000000000000000e+00,0.000000000000000000e+00,1.315789473684210453e-02,0.000000000000000000e+00,0.000000000000000000e+00,0.000000000000000000e+00,0.000000000000000000e+00,0.000000000000000000e+00,0.000000000000000000e+00,0.000000000000000000e+00,0.000000000000000000e+00,0.000000000000000000e+00,0.000000000000000000e+00
9.900990099009901110e-03,4.455445544554455239e-02,7.574257425742574323e-01,1.386138613861386260e-01,3.465346534653465649e-02,9.900990099009901110e-03,4.950495049504950555e-03,0.000000000000000000e+00,0.000000000000000000e+00,0.000000000000000000e+00,0.000000000000000000e+00,0.000000000000000000e+00,0.000000000000000000e+00,0.000000000000000000e+00,0.000000000000000000e+00,0.000000000000000000e+00,0.000000000000000000e+00,0.000000000000000000e+00,0.000000000000000000e+00,0.000000000000000000e+00,0.000000000000000000e+00,0.000000000000000000e+00
1.435750179468772486e-03,0.000000000000000000e+00,2.799712849964106076e-02,8.643216080402009727e-01,7.465900933237616666e-02,1.651112706389088261e-02,6.460875807609476294e-03,2.153625269203158620e-03,1.435750179468772486e-03,0.000000000000000000e+00,7.178750897343862429e-04,7.178750897343862429e-04,7.178750897343862429e-04,0.000000000000000000e+00,0.000000000000000000e+00,0.000000000000000000e+00,0.000000000000000000e+00,0.000000000000000000e+00,7.178750897343862429e-04,0.000000000000000000e+00,0.000000000000000000e+00,2.153625269203158620e-03
0.000000000000000000e+00,1.385041551246537399e-03,2.077562326869806207e-03,9.695290858725762184e-02,7.860110803324099615e-01,7.202216066481995083e-02,1.523545706371191161e-02,6.232686980609418621e-03,1.385041551246537399e-03,2.770083102493074798e-03,2.077562326869806207e-03,2.770083102493074798e-03,0.000000000000000000e+00,0.000000000000000000e+00,0.000000000000000000e+00,0.000000000000000000e+00,6.925207756232686996e-04,0.000000000000000000e+00,0.000000000000000000e+00,0.000000000000000000e+00,6.925207756232686996e-04,9.695290858725761143e-03
0.000000000000000000e+00,0.000000000000000000e+00,1.615508885298869244e-03,5.169628432956381581e-02,2.277867528271405595e-01,6.316639741518578210e-01,5.492730210016154996e-02,1.130856219709208341e-02,4.846526655896607298e-03,3.231017770597738488e-03,1.615508885298869244e-03,3.231017770597738488e-03,0.000000000000000000e+00,4.846526655896607298e-03,0.000000000000000000e+00,0.000000000000000000e+00,0.000000000000000000e+00,0.000000000000000000e+00,0.000000000000000000e+00,0.000000000000000000e+00,0.000000000000000000e+00,3.231017770597738488e-03
0.000000000000000000e+00,0.000000000000000000e+00,0.000000000000000000e+00,2.688172043010752729e-02,1.397849462365591267e-01,2.526881720430107503e-01,4.516129032258064391e-01,5.376344086021505458e-02,1.612903225806451568e-02,2.150537634408602322e-02,1.612903225806451568e-02,0.000000000000000000e+00,5.376344086021505805e-03,0.000000000000000000e+00,5.376344086021505805e-03,0.000000000000000000e+00,0.000000000000000000e+00,0.000000000000000000e+00,0.000000000000000000e+00,0.000000000000000000e+00,5.376344086021505805e-03,5.376344086021505805e-03
0.000000000000000000e+00,0.000000000000000000e+00,0.000000000000000000e+00,2.197802197802197974e-02,4.395604395604395948e-02,1.648351648351648324e-01,1.428571428571428492e-01,4.395604395604395531e-01,6.593406593406593574e-02,4.395604395604395948e-02,2.197802197802197974e-02,0.000000000000000000e+00,1.098901098901098987e-02,0.000000000000000000e+00,1.098901098901098987e-02,0.000000000000000000e+00,0.000000000000000000e+00,0.000000000000000000e+00,0.000000000000000000e+00,0.000000000000000000e+00,0.000000000000000000e+00,3.296703296703296787e-02
0.000000000000000000e+00,0.000000000000000000e+00,0.000000000000000000e+00,2.173913043478260809e-02,1.086956521739130405e-01,6.521739130434782428e-02,1.739130434782608647e-01,8.695652173913043237e-02,3.478260869565217295e-01,6.521739130434782428e-02,2.173913043478260809e-02,0.000000000000000000e+00,0.000000000000000000e+00,2.173913043478260809e-02,0.000000000000000000e+00,4.347826086956521618e-02,0.000000000000000000e+00,0.000000000000000000e+00,0.000000000000000000e+00,2.173913043478260809e-02,0.000000000000000000e+00,2.173913043478260809e-02
0.000000000000000000e+00,0.000000000000000000e+00,0.000000000000000000e+00,3.921568627450980338e-02,5.882352941176470507e-02,7.843137254901960675e-02,7.843137254901960675e-02,5.882352941176470507e-02,7.843137254901960675e-02,3.921568627450980338e-01,5.882352941176470507e-02,3.921568627450980338e-02,3.921568627450980338e-02,0.000000000000000000e+00,1.960784313725490169e-02,0.000000000000000000e+00,0.000000000000000000e+00,0.000000000000000000e+00,0.000000000000000000e+00,1.960784313725490169e-02,0.000000000000000000e+00,3.921568627450980338e-02
0.000000000000000000e+00,0.000000000000000000e+00,3.703703703703703498e-02,0.000000000000000000e+00,3.703703703703703498e-02,3.703703703703703498e-02,0.000000000000000000e+00,1.851851851851851749e-01,3.703703703703703498e-02,1.481481481481481399e-01,3.333333333333333148e-01,3.703703703703703498e-02,3.703703703703703498e-02,3.703703703703703498e-02,0.000000000000000000e+00,0.000000000000000000e+00,0.000000000000000000e+00,0.000000000000000000e+00,0.000000000000000000e+00,0.000000000000000000e+00,0.000000000000000000e+00,7.407407407407406996e-02
0.000000000000000000e+00,0.000000000000000000e+00,0.000000000000000000e+00,0.000000000000000000e+00,5.882352941176470507e-02,2.941176470588235253e-02,5.882352941176470507e-02,0.000000000000000000e+00,2.941176470588235253e-02,5.882352941176470507e-02,5.882352941176470507e-02,5.588235294117647189e-01,5.882352941176470507e-02,5.882352941176470507e-02,0.000000000000000000e+00,0.000000000000000000e+00,0.000000000000000000e+00,0.000000000000000000e+00,0.000000000000000000e+00,0.000000000000000000e+00,0.000000000000000000e+00,2.941176470588235253e-02
0.000000000000000000e+00,0.000000000000000000e+00,0.000000000000000000e+00,0.000000000000000000e+00,2.439024390243902524e-02,2.439024390243902524e-02,0.000000000000000000e+00,4.878048780487805047e-02,0.000000000000000000e+00,2.439024390243902524e-02,4.878048780487805047e-02,7.317073170731706877e-02,4.878048780487804770e-01,1.219512195121951192e-01,0.000000000000000000e+00,2.439024390243902524e-02,0.000000000000000000e+00,0.000000000000000000e+00,0.000000000000000000e+00,0.000000000000000000e+00,0.000000000000000000e+00,1.219512195121951192e-01
0.000000000000000000e+00,0.000000000000000000e+00,0.000000000000000000e+00,0.000000000000000000e+00,2.325581395348837177e-02,2.325581395348837177e-02,4.651162790697674354e-02,0.000000000000000000e+00,0.000000000000000000e+00,2.325581395348837177e-02,2.325581395348837177e-02,2.325581395348837177e-02,1.395348837209302306e-01,4.883720930232557933e-01,4.651162790697674354e-02,6.976744186046511531e-02,0.000000000000000000e+00,0.000000000000000000e+00,0.000000000000000000e+00,2.325581395348837177e-02,0.000000000000000000e+00,6.976744186046511531e-02
0.000000000000000000e+00,0.000000000000000000e+00,0.000000000000000000e+00,0.000000000000000000e+00,0.000000000000000000e+00,0.000000000000000000e+00,0.000000000000000000e+00,0.000000000000000000e+00,0.000000000000000000e+00,0.000000000000000000e+00,0.000000000000000000e+00,3.125000000000000000e-02,3.125000000000000000e-02,1.562500000000000000e-01,5.625000000000000000e-01,1.562500000000000000e-01,3.125000000000000000e-02,0.000000000000000000e+00,0.000000000000000000e+00,3.125000000000000000e-02,0.000000000000000000e+00,0.000000000000000000e+00
0.000000000000000000e+00,0.000000000000000000e+00,0.000000000000000000e+00,0.000000000000000000e+00,0.000000000000000000e+00,0.000000000000000000e+00,0.000000000000000000e+00,0.000000000000000000e+00,2.500000000000000139e-02,2.500000000000000139e-02,0.000000000000000000e+00,0.000000000000000000e+00,2.500000000000000139e-02,5.000000000000000278e-02,1.499999999999999944e-01,5.999999999999999778e-01,7.499999999999999722e-02,0.000000000000000000e+00,0.000000000000000000e+00,2.500000000000000139e-02,0.000000000000000000e+00,2.500000000000000139e-02
0.000000000000000000e+00,0.000000000000000000e+00,0.000000000000000000e+00,0.000000000000000000e+00,8.333333333333332871e-02,0.000000000000000000e+00,0.000000000000000000e+00,0.000000000000000000e+00,0.000000000000000000e+00,0.000000000000000000e+00,0.000000000000000000e+00,0.000000000000000000e+00,0.000000000000000000e+00,0.000000000000000000e+00,8.333333333333332871e-02,3.333333333333333148e-01,3.333333333333333148e-01,0.000000000000000000e+00,0.000000000000000000e+00,8.333333333333332871e-02,0.000000000000000000e+00,8.333333333333332871e-02
0.000000000000000000e+00,0.000000000000000000e+00,0.000000000000000000e+00,0.000000000000000000e+00,0.000000000000000000e+00,0.000000000000000000e+00,0.000000000000000000e+00,0.000000000000000000e+00,0.000000000000000000e+00,0.000000000000000000e+00,0.000000000000000000e+00,0.000000000000000000e+00,4.000000000000000222e-01,0.000000000000000000e+00,0.000000000000000000e+00,2.000000000000000111e-01,2.000000000000000111e-01,0.000000000000000000e+00,0.000000000000000000e+00,2.000000000000000111e-01,0.000000000000000000e+00,0.000000000000000000e+00
0.000000000000000000e+00,0.000000000000000000e+00,0.000000000000000000e+00,0.000000000000000000e+00,0.000000000000000000e+00,1.111111111111111049e-01,0.000000000000000000e+00,0.000000000000000000e+00,0.000000000000000000e+00,0.000000000000000000e+00,0.000000000000000000e+00,0.000000000000000000e+00,0.000000000000000000e+00,0.000000000000000000e+00,0.000000000000000000e+00,0.000000000000000000e+00,0.000000000000000000e+00,2.222222222222222099e-01,4.444444444444444198e-01,2.222222222222222099e-01,0.000000000000000000e+00,0.000000000000000000e+00
0.000000000000000000e+00,0.000000000000000000e+00,0.000000000000000000e+00,0.000000000000000000e+00,0.000000000000000000e+00,0.000000000000000000e+00,0.000000000000000000e+00,0.000000000000000000e+00,7.142857142857142461e-02,0.000000000000000000e+00,0.000000000000000000e+00,0.000000000000000000e+00,0.000000000000000000e+00,7.142857142857142461e-02,7.142857142857142461e-02,7.142857142857142461e-02,7.142857142857142461e-02,0.000000000000000000e+00,7.142857142857142461e-02,3.571428571428571508e-01,1.428571428571428492e-01,7.142857142857142461e-02
0.000000000000000000e+00,0.000000000000000000e+00,0.000000000000000000e+00,0.000000000000000000e+00,1.666666666666666574e-01,1.666666666666666574e-01,1.666666666666666574e-01,1.666666666666666574e-01,0.000000000000000000e+00,0.000000000000000000e+00,0.000000000000000000e+00,0.000000000000000000e+00,0.000000000000000000e+00,0.000000000000000000e+00,0.000000000000000000e+00,0.000000000000000000e+00,0.000000000000000000e+00,0.000000000000000000e+00,0.000000000000000000e+00,1.666666666666666574e-01,0.000000000000000000e+00,1.666666666666666574e-01
0.000000000000000000e+00,9.345794392523363789e-03,0.000000000000000000e+00,0.000000000000000000e+00,5.607476635514018620e-02,6.542056074766354479e-02,5.607476635514018620e-02,1.869158878504672758e-02,3.738317757009345516e-02,3.738317757009345516e-02,1.869158878504672758e-02,0.000000000000000000e+00,0.000000000000000000e+00,1.869158878504672758e-02,9.345794392523363789e-03,9.345794392523363789e-03,0.000000000000000000e+00,1.869158878504672758e-02,0.000000000000000000e+00,9.345794392523363789e-03,2.803738317757009310e-02,6.074766355140186480e-01
