7.816196542311192319e-01,7.643312101910827716e-02,2.092811646951774421e-02,4.549590536851682958e-03,2.729754322111010208e-03,1.819836214740673400e-03,0.000000000000000000e+00,9.099181073703367000e-04,0.000000000000000000e+00,9.099181073703367000e-04,3.639672429481346800e-03,0.000000000000000000e+00,0.000000000000000000e+00,9.099181073703367000e-04,0.000000000000000000e+00,0.000000000000000000e+00,1.819836214740673400e-03,4.549590536851682958e-03,1.819836214740673400e-03,1.455868971792538720e-02,8.280254777070063243e-02
1.803278688524590223e-01,6.311475409836065920e-01,8.196721311475409222e-02,2.254098360655737779e-02,4.098360655737705131e-03,4.098360655737705131e-03,6.147540983606557263e-03,4.098360655737705131e-03,4.098360655737705131e-03,0.000000000000000000e+00,1.024590163934426153e-02,2.049180327868852566e-03,0.000000000000000000e+00,0.000000000000000000e+00,0.000000000000000000e+00,0.000000000000000000e+00,2.049180327868852566e-03,0.000000000000000000e+00,0.000000000000000000e+00,1.844262295081967179e-02,2.868852459016393505e-02
8.846153846153846645e-02,1.615384615384615474e-01,5.423076923076922684e-01,7.307692307692308098e-02,2.692307692307692457e-02,1.153846153846153910e-02,3.846153846153846367e-03,1.153846153846153910e-02,3.846153846153846367e-03,3.846153846153846367e-03,1.923076923076923184e-02,0.000000000000000000e+00,0.000000000000000000e+00,0.000000000000000000e+00,0.000000000000000000e+00,0.000000000000000000e+00,0.000000000000000000e+00,0.000000000000000000e+00,1.153846153846153910e-02,3.846153846153846367e-03,3.846153846153846367e-02
7.627118644067797104e-02,1.101694915254237267e-01,2.203389830508474534e-01,3.813559322033898136e-01,9.322033898305084887e-02,2.542372881355932368e-02,8.474576271186440649e-03,8.474576271186440649e-03,8.474576271186440649e-03,8.474576271186440649e-03,2.542372881355932368e-02,0.000000000000000000e+00,0.000000000000000000e+00,0.000000000000000000e+00,0.000000000000000000e+00,0.000000000000000000e+00,0.000000000000000000e+00,0.000000000000000000e+00,0.000000000000000000e+00,1.694915254237288130e-02,1.694915254237288130e-02
7.462686567164178442e-02,1.492537313432835792e-02,1.044776119402985037e-01,1.641791044776119424e-01,4.477611940298507620e-01,5.970149253731343170e-02,2.985074626865671585e-02,0.000000000000000000e+00,0.000000000000000000e+00,0.000000000000000000e+00,5.970149253731343170e-02,0.000000000000000000e+00,0.000000000000000000e+00,0.000000000000000000e+00,0.000000000000000000e+00,0.000000000000000000e+00,0.000000000000000000e+00,0.000000000000000000e+00,0.000000000000000000e+00,0.000000000000000000e+00,4.477611940298507204e-02
2.272727272727272790e-02,6.818181818181817677e-02,4.545454545454545581e-02,9.090909090909091161e-02,4.545454545454545581e-02,4.090909090909091161e-01,6.818181818181817677e-02,4.545454545454545581e-02,2.272727272727272790e-02,4.545454545454545581e-02,1.136363636363636326e-01,0.000000000000000000e+00,0.000000000000000000e+00,0.000000000000000000e+00,0.000000000000000000e+00,0.000000000000000000e+00,0.000000000000000000e+00,0.000000000000000000e+00,0.000000000000000000e+00,0.000000000000000000e+00,2.272727272727272790e-02
0.000000000000000000e+00,3.125000000000000000e-02,6.250000000000000000e-02,1.250000000000000000e-01,0.000000000000000000e+00,9.375000000000000000e-02,4.687500000000000000e-01,9.375000000000000000e-02,0.000000000000000000e+00,0.000000000000000000e+00,9.375000000000000000e-02,0.000000000000000000e+00,0.000000000000000000e+00,0.000000000000000000e+00,0.000000000000000000e+00,0.000000000000000000e+00,0.000000000000000000e+00,0.000000000000000000e+00,0.000000000000000000e+00,0.000000000000000000e+00,3.125000000000000000e-02
7.142857142857142461e-02,3.571428571428571230e-02,3.571428571428571230e-02,7.142857142857142461e-02,1.428571428571428492e-01,3.571428571428571230e-02,1.071428571428571369e-01,3.571428571428571508e-01,3.571428571428571230e-02,0.000000000000000000e+00,7.142857142857142461e-02,0.000000000000000000e+00,0.000000000000000000e+00,0.000000000000000000e+00,0.000000000000000000e+00,0.000000000000000000e+00,0.000000000000000000e+00,0.000000000000000000e+00,0.000000000000000000e+00,3.571428571428571230e-02,0.000000000000000000e+00
1.052631578947368363e-01,0.000000000000000000e+00,5.263157894736841813e-02,0.000000000000000000e+00,0.000000000000000000e+00,5.263157894736841813e-02,5.263157894736841813e-02,0.000000000000000000e+00,3.157894736842105088e-01,0.000000000000000000e+00,3.157894736842105088e-01,0.000000000000000000e+00,0.000000000000000000e+00,0.000000000000000000e+00,0.000000000000000000e+00,5.263157894736841813e-02,0.000000000000000000e+00,0.000000000000000000e+00,0.000000000000000000e+00,0.000000000000000000e+00,5.263157894736841813e-02
0.000000000000000000e+00,6.250000000000000000e-02,0.000000000000000000e+00,6.250000000000000000e-02,0.000000000000000000e+00,1.250000000000000000e-01,6.250000000000000000e-02,6.250000000000000000e-02,0.000000000000000000e+00,1.250000000000000000e-01,5.000000000000000000e-01,0.000000000000000000e+00,0.000000000000000000e+00,0.000000000000000000e+00,0.000000000000000000e+00,0.000000000000000000e+00,0.000000000000000000e+00,0.000000000000000000e+00,0.000000000000000000e+00,0.000000000000000000e+00,0.000000000000000000e+00
7.142857142857142461e-02,1.785714285714285615e-02,2.678571428571428423e-02,3.571428571428571230e-02,4.464285714285714385e-02,4.464285714285714385e-02,0.000000000000000000e+00,4.464285714285714385e-02,4.464285714285714385e-02,9.821428571428571230e-02,5.357142857142856984e-01,0.000000000000000000e+00,0.000000000000000000e+00,0.000000000000000000e+00,0.000000000000000000e+00,0.000000000000000000e+00,8.928571428571428076e-03,0.000000000000000000e+00,0.000000000000000000e+00,8.928571428571428076e-03,1.785714285714285615e-02
0.000000000000000000e+00,0.000000000000000000e+00,0.000000000000000000e+00,0.000000000000000000e+00,0.000000000000000000e+00,0.000000000000000000e+00,0.000000000000000000e+00,0.000000000000000000e+00,0.000000000000000000e+00,0.000000000000000000e+00,0.000000000000000000e+00,7.575757575757575690e-01,9.090909090909091161e-02,0.000000000000000000e+00,9.090909090909091161e-02,0.000000000000000000e+00,3.030303030303030387e-02,0.000000000000000000e+00,0.000000000000000000e+00,0.000000000000000000e+00,3.030303030303030387e-02
0.000000000000000000e+00,0.000000000000000000e+00,0.000000000000000000e+00,0.000000000000000000e+00,0.000000000000000000e+00,0.000000000000000000e+00,0.000000000000000000e+00,0.000000000000000000e+00,0.000000000000000000e+00,0.000000000000000000e+00,0.000000000000000000e+00,0.000000000000000000e+00,6.315789473684210176e-01,2.105263157894736725e-01,0.000000000000000000e+00,0.000000000000000000e+00,0.000000000000000000e+00,5.263157894736841813e-02,0.000000000000000000e+00,5.263157894736841813e-02,5.263157894736841813e-02
5.555555555555555247e-02,0.000000000000000000e+00,0.000000000000000000e+00,0.000000000000000000e+00,0.000000000000000000e+00,0.000000000000000000e+00,0.000000000000000000e+00,0.000000000000000000e+00,0.000000000000000000e+00,0.000000000000000000e+00,0.000000000000000000e+00,1.666666666666666574e-01,5.555555555555555247e-02,4.444444444444444198e-01,1.111111111111111049e-01,5.555555555555555247e-02,5.555555555555555247e-02,0.000000000000000000e+00,0.000000000000000000e+00,0.000000000000000000e+00,5.555555555555555247e-02
0.000000000000000000e+00,0.000000000000000000e+00,0.000000000000000000e+00,0.000000000000000000e+00,0.000000000000000000e+00,0.000000000000000000e+00,0.000000000000000000e+00,0.000000000000000000e+00,0.000000000000000000e+00,0.000000000000000000e+00,0.000000000000000000e+00,8.108108108108108558e-02,2.702702702702702853e-02,2.702702702702702853e-02,6.756756756756756577e-01,8.108108108108108558e-02,8.108108108108108558e-02,0.000000000000000000e+00,0.000000000000000000e+00,2.702702702702702853e-02,0.000000000000000000e+00
0.000000000000000000e+00,0.000000000000000000e+00,0.000000000000000000e+00,0.000000000000000000e+00,0.000000000000000000e+00,0.000000000000000000e+00,0.000000000000000000e+00,2.500000000000000139e-02,0.000000000000000000e+00,0.000000000000000000e+00,2.500000000000000139e-02,0.000000000000000000e+00,0.000000000000000000e+00,0.000000000000000000e+00,7.499999999999999722e-02,6.250000000000000000e-01,1.000000000000000056e-01,5.000000000000000278e-02,5.000000000000000278e-02,0.000000000000000000e+00,5.000000000000000278e-02
1.020408163265306041e-02,1.020408163265306041e-02,0.000000000000000000e+00,0.000000000000000000e+00,0.000000000000000000e+00,0.000000000000000000e+00,0.000000000000000000e+00,0.000000000000000000e+00,0.000000000000000000e+00,0.000000000000000000e+00,0.000000000000000000e+00,2.040816326530612082e-02,1.020408163265306041e-02,0.000000000000000000e+00,1.020408163265306041e-02,5.102040816326530726e-02,7.142857142857143016e-01,7.142857142857142461e-02,3.061224489795918297e-02,3.061224489795918297e-02,4.081632653061224164e-02
8.264462809917355601e-03,0.000000000000000000e+00,0.000000000000000000e+00,0.000000000000000000e+00,0.000000000000000000e+00,0.000000000000000000e+00,0.000000000000000000e+00,0.000000000000000000e+00,0.000000000000000000e+00,0.000000000000000000e+00,0.000000000000000000e+00,8.264462809917355601e-03,0.000000000000000000e+00,8.264462809917355601e-03,0.000000000000000000e+00,0.000000000000000000e+00,8.264462809917355601e-02,6.942148760330578705e-01,1.157024793388429784e-01,4.958677685950413361e-02,3.305785123966942241e-02
0.000000000000000000e+00,0.000000000000000000e+00,0.000000000000000000e+00,0.000000000000000000e+00,5.882352941176470507e-03,0.000000000000000000e+00,0.000000000000000000e+00,5.882352941176470507e-03,0.000000000000000000e+00,0.000000000000000000e+00,0.000000000000000000e+00,0.000000000000000000e+00,0.000000000000000000e+00,0.000000000000000000e+00,0.000000000000000000e+00,5.882352941176470507e-03,2.352941176470588203e-02,8.823529411764706454e-02,7.058823529411765163e-01,1.176470588235294101e-01,4.705882352941176405e-02
2.786377708978328080e-02,1.083591331269349867e-02,1.547987616099071300e-03,3.095975232198142600e-03,1.547987616099071300e-03,0.000000000000000000e+00,1.547987616099071300e-03,0.000000000000000000e+00,0.000000000000000000e+00,0.000000000000000000e+00,3.095975232198142600e-03,0.000000000000000000e+00,3.095975232198142600e-03,0.000000000000000000e+00,0.000000000000000000e+00,3.095975232198142600e-03,0.000000000000000000e+00,1.083591331269349867e-02,2.941176470588235253e-02,7.910216718266254166e-01,1.130030959752321984e-01
8.602150537634409289e-02,1.857282502443792851e-02,8.797653958944282385e-03,1.955034213098729226e-03,1.955034213098729226e-03,1.955034213098729226e-03,0.000000000000000000e+00,9.775171065493646130e-04,9.775171065493646130e-04,0.000000000000000000e+00,5.865102639296187678e-03,9.775171065493646130e-04,0.000000000000000000e+00,9.775171065493646130e-04,1.955034213098729226e-03,1.955034213098729226e-03,2.932551319648093839e-03,2.932551319648093839e-03,9.775171065493646130e-03,6.256109481915933523e-02,7.888563049853372089e-01
