7.984251968503937036e-01,7.716535433070866035e-02,1.259842519685039353e-02,9.448818897637795144e-03,0.000000000000000000e+00,3.149606299212598381e-03,1.574803149606299191e-03,0.000000000000000000e+00,0.000000000000000000e+00,0.000000000000000000e+00,3.149606299212598381e-03,3.149606299212598381e-03,0.000000000000000000e+00,1.574803149606299191e-03,0.000000000000000000e+00,0.000000000000000000e+00,0.000000000000000000e+00,4.724409448818897572e-03,1.574803149606299191e-03,1.417322834645669272e-02,6.929133858267716439e-02
9.736308316430020149e-02,7.464503042596348781e-01,7.505070993914807198e-02,1.825557809330628778e-02,6.085192697768762593e-03,2.028397565922920864e-03,4.056795131845841729e-03,2.028397565922920864e-03,4.056795131845841729e-03,0.000000000000000000e+00,1.014198782961460432e-02,0.000000000000000000e+00,0.000000000000000000e+00,2.028397565922920864e-03,0.000000000000000000e+00,0.000000000000000000e+00,0.000000000000000000e+00,8.113590263691683457e-03,2.028397565922920864e-03,4.056795131845841729e-03,1.825557809330628778e-02
2.179176755447941732e-02,8.716707021791766929e-02,7.627118644067796271e-01,6.053268765133171941e-02,7.263922518159806642e-03,1.937046004842615105e-02,4.842615012106537761e-03,7.263922518159806642e-03,2.421307506053268881e-03,4.842615012106537761e-03,2.421307506053268881e-03,0.000000000000000000e+00,0.000000000000000000e+00,0.000000000000000000e+00,2.421307506053268881e-03,2.421307506053268881e-03,0.000000000000000000e+00,0.000000000000000000e+00,4.842615012106537761e-03,2.421307506053268881e-03,7.263922518159806642e-03
3.448275862068965469e-02,4.741379310344827347e-02,9.482758620689654694e-02,6.681034482758620996e-01,4.741379310344827347e-02,3.879310344827586327e-02,2.586206896551724102e-02,8.620689655172413673e-03,0.000000000000000000e+00,8.620689655172413673e-03,8.620689655172413673e-03,4.310344827586206837e-03,0.000000000000000000e+00,0.000000000000000000e+00,4.310344827586206837e-03,0.000000000000000000e+00,0.000000000000000000e+00,0.000000000000000000e+00,0.000000000000000000e+00,4.310344827586206837e-03,4.310344827586206837e-03
6.369426751592357008e-03,1.910828025477706929e-02,1.273885350318471402e-02,7.643312101910827716e-02,7.324840764331209675e-01,9.554140127388535686e-02,1.910828025477706929e-02,0.000000000000000000e+00,0.000000000000000000e+00,0.000000000000000000e+00,1.910828025477706929e-02,0.000000000000000000e+00,0.000000000000000000e+00,0.000000000000000000e+00,0.000000000000000000e+00,0.000000000000000000e+00,0.000000000000000000e+00,0.000000000000000000e+00,1.273885350318471402e-02,0.000000000000000000e+00,6.369426751592357008e-03
1.481481481481481538e-02,1.481481481481481538e-02,3.703703703703703498e-02,7.407407407407406996e-02,1.333333333333333315e-01,5.111111111111110716e-01,8.888888888888889228e-02,2.962962962962963076e-02,1.481481481481481538e-02,7.407407407407407690e-03,4.444444444444444614e-02,0.000000000000000000e+00,0.000000000000000000e+00,7.407407407407407690e-03,0.000000000000000000e+00,0.000000000000000000e+00,7.407407407407407690e-03,0.000000000000000000e+00,7.407407407407407690e-03,7.407407407407407690e-03,0.000000000000000000e+00
0.000000000000000000e+00,1.694915254237288130e-02,6.779661016949152519e-02,8.474576271186440302e-02,3.389830508474576259e-02,1.694915254237288060e-01,3.389830508474576121e-01,1.016949152542372947e-01,8.474576271186440302e-02,3.389830508474576259e-02,6.779661016949152519e-02,0.000000000000000000e+00,0.000000000000000000e+00,0.000000000000000000e+00,0.000000000000000000e+00,0.000000000000000000e+00,0.000000000000000000e+00,0.000000000000000000e+00,0.000000000000000000e+00,0.000000000000000000e+00,0.000000000000000000e+00
0.000000000000000000e+00,6.382978723404254817e-02,2.127659574468085055e-02,2.127659574468085055e-02,0.000000000000000000e+00,1.276595744680850963e-01,1.276595744680850963e-01,4.042553191489361430e-01,1.276595744680850963e-01,0.000000000000000000e+00,1.063829787234042562e-01,0.000000000000000000e+00,0.000000000000000000e+00,0.000000000000000000e+00,0.000000000000000000e+00,0.000000000000000000e+00,0.000000000000000000e+00,0.000000000000000000e+00,0.000000000000000000e+00,0.000000000000000000e+00,0.000000000000000000e+00
0.000000000000000000e+00,1.754385964912280604e-02,1.754385964912280604e-02,1.754385964912280604e-02,3.508771929824561209e-02,1.754385964912280604e-02,3.508771929824561209e-02,8.771929824561403022e-02,5.614035087719297934e-01,7.017543859649122417e-02,1.052631578947368363e-01,0.000000000000000000e+00,0.000000000000000000e+00,0.000000000000000000e+00,0.000000000000000000e+00,0.000000000000000000e+00,0.000000000000000000e+00,1.754385964912280604e-02,0.000000000000000000e+00,1.754385964912280604e-02,0.000000000000000000e+00
0.000000000000000000e+00,0.000000000000000000e+00,1.578947368421052544e-01,0.000000000000000000e+00,0.000000000000000000e+00,5.263157894736841813e-02,1.052631578947368363e-01,5.263157894736841813e-02,2.105263157894736725e-01,3.157894736842105088e-01,5.263157894736841813e-02,0.000000000000000000e+00,0.000000000000000000e+00,0.000000000000000000e+00,0.000000000000000000e+00,0.000000000000000000e+00,0.000000000000000000e+00,0.000000000000000000e+00,0.000000000000000000e+00,5.263157894736841813e-02,0.000000000000000000e+00
0.000000000000000000e+00,6.818181818181817677e-02,3.409090909090908839e-02,4.545454545454545581e-02,2.272727272727272790e-02,5.681818181818181629e-02,9.090909090909091161e-02,1.250000000000000000e-01,3.409090909090908839e-02,2.272727272727272790e-02,5.000000000000000000e-01,0.000000000000000000e+00,0.000000000000000000e+00,0.000000000000000000e+00,0.000000000000000000e+00,0.000000000000000000e+00,0.000000000000000000e+00,0.000000000000000000e+00,0.000000000000000000e+00,0.000000000000000000e+00,0.000000000000000000e+00
3.773584905660377214e-02,0.000000000000000000e+00,0.000000000000000000e+00,0.000000000000000000e+00,0.000000000000000000e+00,0.000000000000000000e+00,0.000000000000000000e+00,0.000000000000000000e+00,0.000000000000000000e+00,0.000000000000000000e+00,0.000000000000000000e+00,8.490566037735849392e-01,0.000000000000000000e+00,0.000000000000000000e+00,0.000000000000000000e+00,1.886792452830188607e-02,5.660377358490566169e-02,1.886792452830188607e-02,0.000000000000000000e+00,1.886792452830188607e-02,0.000000000000000000e+00
0.000000000000000000e+00,0.000000000000000000e+00,0.000000000000000000e+00,0.000000000000000000e+00,0.000000000000000000e+00,0.000000000000000000e+00,0.000000000000000000e+00,0.000000000000000000e+00,0.000000000000000000e+00,0.000000000000000000e+00,0.000000000000000000e+00,5.882352941176470507e-02,7.647058823529411242e-01,5.882352941176470507e-02,0.000000000000000000e+00,0.000000000000000000e+00,0.000000000000000000e+00,5.882352941176470507e-02,0.000000000000000000e+00,0.000000000000000000e+00,5.882352941176470507e-02
4.545454545454545581e-02,2.272727272727272790e-02,0.000000000000000000e+00,0.000000000000000000e+00,0.000000000000000000e+00,0.000000000000000000e+00,0.000000000000000000e+00,0.000000000000000000e+00,0.000000000000000000e+00,0.000000000000000000e+00,0.000000000000000000e+00,2.272727272727272790e-02,2.272727272727272790e-02,7.500000000000000000e-01,0.000000000000000000e+00,0.000000000000000000e+00,2.272727272727272790e-02,0.000000000000000000e+00,6.818181818181817677e-02,0.000000000000000000e+00,4.545454545454545581e-02
1.000000000000000056e-01,5.000000000000000278e-02,0.000000000000000000e+00,0.000000000000000000e+00,0.000000000000000000e+00,0.000000000000000000e+00,0.000000000000000000e+00,0.000000000000000000e+00,0.000000000000000000e+00,0.000000000000000000e+00,0.000000000000000000e+00,0.000000000000000000e+00,1.000000000000000056e-01,0.000000000000000000e+00,3.499999999999999778e-01,1.499999999999999944e-01,1.000000000000000056e-01,5.000000000000000278e-02,1.000000000000000056e-01,0.000000000000000000e+00,0.000000000000000000e+00
0.000000000000000000e+00,2.173913043478260809e-02,2.173913043478260809e-02,2.173913043478260809e-02,0.000000000000000000e+00,0.000000000000000000e+00,0.000000000000000000e+00,0.000000000000000000e+00,0.000000000000000000e+00,0.000000000000000000e+00,0.000000000000000000e+00,0.000000000000000000e+00,0.000000000000000000e+00,2.173913043478260809e-02,8.695652173913043237e-02,6.086956521739130821e-01,1.521739130434782705e-01,2.173913043478260809e-02,0.000000000000000000e+00,4.347826086956521618e-02,0.000000000000000000e+00
0.000000000000000000e+00,1.449275362318840597e-02,2.898550724637681195e-02,1.449275362318840597e-02,0.000000000000000000e+00,0.000000000000000000e+00,0.000000000000000000e+00,0.000000000000000000e+00,1.449275362318840597e-02,0.000000000000000000e+00,0.000000000000000000e+00,0.000000000000000000e+00,1.449275362318840597e-02,0.000000000000000000e+00,1.449275362318840597e-02,5.797101449275362389e-02,7.391304347826086474e-01,7.246376811594203160e-02,1.449275362318840597e-02,1.449275362318840597e-02,0.000000000000000000e+00
6.896551724137930939e-02,1.149425287356321823e-02,0.000000000000000000e+00,1.149425287356321823e-02,0.000000000000000000e+00,0.000000000000000000e+00,0.000000000000000000e+00,0.000000000000000000e+00,0.000000000000000000e+00,0.000000000000000000e+00,0.000000000000000000e+00,1.149425287356321823e-02,0.000000000000000000e+00,1.149425287356321823e-02,1.149425287356321823e-02,2.298850574712643646e-02,3.448275862068965469e-02,6.896551724137931494e-01,8.045977011494252762e-02,1.149425287356321823e-02,3.448275862068965469e-02
8.403361344537814762e-03,8.403361344537814762e-03,8.403361344537814762e-03,8.403361344537814762e-03,0.000000000000000000e+00,8.403361344537814762e-03,0.000000000000000000e+00,0.000000000000000000e+00,0.000000000000000000e+00,0.000000000000000000e+00,0.000000000000000000e+00,8.403361344537814762e-03,8.403361344537814762e-03,0.000000000000000000e+00,1.680672268907562952e-02,8.403361344537814762e-03,1.680672268907562952e-02,5.882352941176470507e-02,7.647058823529411242e-01,6.722689075630251809e-02,8.403361344537814762e-03
3.587443946188340754e-02,4.484304932735425943e-03,8.968609865470851886e-03,4.484304932735425943e-03,0.000000000000000000e+00,4.484304932735425943e-03,0.000000000000000000e+00,0.000000000000000000e+00,0.000000000000000000e+00,0.000000000000000000e+00,0.000000000000000000e+00,4.484304932735425943e-03,0.000000000000000000e+00,4.484304932735425943e-03,0.000000000000000000e+00,4.484304932735425943e-03,0.000000000000000000e+00,8.968609865470851886e-03,5.381165919282511478e-02,7.219730941704035621e-01,1.434977578475336302e-01
7.750472589792060940e-02,1.134215500945179658e-02,3.780718336483932050e-03,1.890359168241966025e-03,1.890359168241966025e-03,1.890359168241966025e-03,0.000000000000000000e+00,0.000000000000000000e+00,0.000000000000000000e+00,0.000000000000000000e+00,0.000000000000000000e+00,1.890359168241966025e-03,1.890359168241966025e-03,3.780718336483932050e-03,1.890359168241966025e-03,0.000000000000000000e+00,7.561436672967864099e-03,3.780718336483932050e-03,3.780718336483932050e-03,6.805293005671077256e-02,8.090737240075613901e-01
