7.555555555555555358e-01,0.000000000000000000e+00,6.666666666666666574e-02,4.444444444444444614e-02,0.000000000000000000e+00,0.000000000000000000e+00,2.222222222222222307e-02,0.000000000000000000e+00,0.000000000000000000e+00,0.000000000000000000e+00,2.222222222222222307e-02,0.000000000000000000e+00,6.666666666666666574e-02,0.000000000000000000e+00,0.000000000000000000e+00,0.000000000000000000e+00,0.000000000000000000e+00,0.000000000000000000e+00,0.000000000000000000e+00,2.222222222222222307e-02,0.000000000000000000e+00,0.000000000000000000e+00
8.333333333333332871e-02,7.083333333333333703e-01,8.333333333333332871e-02,4.166666666666666435e-02,4.166666666666666435e-02,0.000000000000000000e+00,0.000000000000000000e+00,0.000000000000000000e+00,0.000000000000000000e+00,0.000000000000000000e+00,0.000000000000000000e+00,0.000000000000000000e+00,4.166666666666666435e-02,0.000000000000000000e+00,0.000000000000000000e+00,0.000000000000000000e+00,0.000000000000000000e+00,0.000000000000000000e+00,0.000000000000000000e+00,0.000000000000000000e+00,0.000000000000000000e+00,0.000000000000000000e+00
3.389830508474576259e-02,6.779661016949152519e-02,7.288135593220338437e-01,0.000000000000000000e+00,3.389830508474576259e-02,1.694915254237288130e-02,0.000000000000000000e+00,0.000000000000000000e+00,1.694915254237288130e-02,3.389830508474576259e-02,0.000000000000000000e+00,3.389830508474576259e-02,1.694915254237288130e-02,0.000000000000000000e+00,0.000000000000000000e+00,0.000000000000000000e+00,1.694915254237288130e-02,0.000000000000000000e+00,0.000000000000000000e+00,0.000000000000000000e+00,0.000000000000000000e+00,0.000000000000000000e+00
0.000000000000000000e+00,0.000000000000000000e+00,0.000000000000000000e+00,7.272727272727272929e-01,9.090909090909091161e-02,9.090909090909091161e-02,4.545454545454545581e-02,0.000000000000000000e+00,0.000000000000000000e+00,0.000000000000000000e+00,0.000000000000000000e+00,0.000000000000000000e+00,0.000000000000000000e+00,0.000000000000000000e+00,4.545454545454545581e-02,0.000000000000000000e+00,0.000000000000000000e+00,0.000000000000000000e+00,0.000000000000000000e+00,0.000000000000000000e+00,0.000000000000000000e+00,0.000000000000000000e+00
2.083333333333333218e-02,0.000000000000000000e+00,2.083333333333333218e-02,4.166666666666666435e-02,7.916666666666666297e-01,4.166666666666666435e-02,0.000000000000000000e+00,0.000000000000000000e+00,0.000000000000000000e+00,0.000000000000000000e+00,0.000000000000000000e+00,0.000000000000000000e+00,4.166666666666666435e-02,0.000000000000000000e+00,2.083333333333333218e-02,0.000000000000000000e+00,0.000000000000000000e+00,0.000000000000000000e+00,0.000000000000000000e+00,0.000000000000000000e+00,0.000000000000000000e+00,2.083333333333333218e-02
2.531645569620253125e-02,1.265822784810126563e-02,1.265822784810126563e-02,0.000000000000000000e+00,3.797468354430379861e-02,7.594936708860760000e-01,5.063291139240506250e-02,3.797468354430379861e-02,3.797468354430379861e-02,0.000000000000000000e+00,0.000000000000000000e+00,0.000000000000000000e+00,1.265822784810126563e-02,0.000000000000000000e+00,0.000000000000000000e+00,0.000000000000000000e+00,0.000000000000000000e+00,0.000000000000000000e+00,0.000000000000000000e+00,0.000000000000000000e+00,0.000000000000000000e+00,1.265822784810126563e-02
0.000000000000000000e+00,0.000000000000000000e+00,2.469135802469135665e-02,0.000000000000000000e+00,0.000000000000000000e+00,8.641975308641974829e-02,6.790123456790123635e-01,1.234567901234567833e-01,3.703703703703703498e-02,3.703703703703703498e-02,0.000000000000000000e+00,0.000000000000000000e+00,0.000000000000000000e+00,0.000000000000000000e+00,0.000000000000000000e+00,1.234567901234567833e-02,0.000000000000000000e+00,0.000000000000000000e+00,0.000000000000000000e+00,0.000000000000000000e+00,0.000000000000000000e+00,0.000000000000000000e+00
0.000000000000000000e+00,0.000000000000000000e+00,0.000000000000000000e+00,8.130081300813008990e-03,0.000000000000000000e+00,8.130081300813008990e-03,7.317073170731706877e-02,6.910569105691056757e-01,1.463414634146341375e-01,0.000000000000000000e+00,3.252032520325203596e-02,0.000000000000000000e+00,8.130081300813008990e-03,1.626016260162601798e-02,8.130081300813008990e-03,8.130081300813008990e-03,0.000000000000000000e+00,0.000000000000000000e+00,0.000000000000000000e+00,0.000000000000000000e+00,0.000000000000000000e+00,0.000000000000000000e+00
2.941176470588235253e-03,0.000000000000000000e+00,2.941176470588235253e-03,0.000000000000000000e+00,0.000000000000000000e+00,1.176470588235294101e-02,2.941176470588235253e-03,4.117647058823529355e-02,8.029411764705882693e-01,8.529411764705882582e-02,2.058823529411764677e-02,8.823529411764705760e-03,0.000000000000000000e+00,8.823529411764705760e-03,5.882352941176470507e-03,2.941176470588235253e-03,0.000000000000000000e+00,2.941176470588235253e-03,0.000000000000000000e+00,0.000000000000000000e+00,0.000000000000000000e+00,0.000000000000000000e+00
0.000000000000000000e+00,0.000000000000000000e+00,2.100840336134453690e-03,0.000000000000000000e+00,2.100840336134453690e-03,0.000000000000000000e+00,8.403361344537814762e-03,6.302521008403361505e-03,2.941176470588235253e-02,8.025210084033613800e-01,1.218487394957983166e-01,1.470588235294117627e-02,4.201680672268907381e-03,6.302521008403361505e-03,0.000000000000000000e+00,0.000000000000000000e+00,0.000000000000000000e+00,0.000000000000000000e+00,0.000000000000000000e+00,0.000000000000000000e+00,0.000000000000000000e+00,2.100840336134453690e-03
3.766478342749529033e-03,0.000000000000000000e+00,3.766478342749529033e-03,0.000000000000000000e+00,0.000000000000000000e+00,0.000000000000000000e+00,0.000000000000000000e+00,3.766478342749529033e-03,1.694915254237288130e-02,8.097928436911487615e-02,7.419962335216572225e-01,1.148775894538606457e-01,7.532956685499058065e-03,9.416195856873822365e-03,1.883239171374764516e-03,0.000000000000000000e+00,5.649717514124293766e-03,0.000000000000000000e+00,0.000000000000000000e+00,0.000000000000000000e+00,0.000000000000000000e+00,9.416195856873822365e-03
1.953125000000000000e-03,0.000000000000000000e+00,1.953125000000000000e-03,0.000000000000000000e+00,1.953125000000000000e-03,0.000000000000000000e+00,0.000000000000000000e+00,0.000000000000000000e+00,5.859375000000000000e-03,1.367187500000000000e-02,9.375000000000000000e-02,7.734375000000000000e-01,7.421875000000000000e-02,2.539062500000000000e-02,3.906250000000000000e-03,0.000000000000000000e+00,0.000000000000000000e+00,0.000000000000000000e+00,1.953125000000000000e-03,0.000000000000000000e+00,0.000000000000000000e+00,1.953125000000000000e-03
3.424657534246575152e-03,0.000000000000000000e+00,0.000000000000000000e+00,0.000000000000000000e+00,0.000000000000000000e+00,0.000000000000000000e+00,3.424657534246575152e-03,3.424657534246575152e-03,0.000000000000000000e+00,1.712328767123287576e-02,2.739726027397260122e-02,1.404109589041095951e-01,6.232876712328767610e-01,1.267123287671232945e-01,2.054794520547945091e-02,1.027397260273972546e-02,1.027397260273972546e-02,0.000000000000000000e+00,3.424657534246575152e-03,0.000000000000000000e+00,0.000000000000000000e+00,1.027397260273972546e-02
0.000000000000000000e+00,0.000000000000000000e+00,0.000000000000000000e+00,0.000000000000000000e+00,3.154574132492113468e-03,0.000000000000000000e+00,0.000000000000000000e+00,3.154574132492113468e-03,1.261829652996845387e-02,3.154574132492113468e-03,6.309148264984226935e-03,2.839116719242902251e-02,1.135646687697160900e-01,6.876971608832808114e-01,5.678233438485804502e-02,2.839116719242902251e-02,6.309148264984226935e-03,1.577287066246056690e-02,0.000000000000000000e+00,0.000000000000000000e+00,0.000000000000000000e+00,3.470031545741324858e-02
0.000000000000000000e+00,0.000000000000000000e+00,0.000000000000000000e+00,0.000000000000000000e+00,0.000000000000000000e+00,0.000000000000000000e+00,6.711409395973154217e-03,6.711409395973154217e-03,0.000000000000000000e+00,2.013422818791946178e-02,2.013422818791946178e-02,4.026845637583892357e-02,5.369127516778523374e-02,6.711409395973154390e-02,6.577181208053691774e-01,8.053691275167784713e-02,6.711409395973154217e-03,0.000000000000000000e+00,1.342281879194630843e-02,0.000000000000000000e+00,0.000000000000000000e+00,2.684563758389261687e-02
0.000000000000000000e+00,0.000000000000000000e+00,0.000000000000000000e+00,0.000000000000000000e+00,0.000000000000000000e+00,0.000000000000000000e+00,0.000000000000000000e+00,0.000000000000000000e+00,2.469135802469135665e-02,2.469135802469135665e-02,1.234567901234567833e-02,1.234567901234567833e-02,3.703703703703703498e-02,1.358024691358024616e-01,1.728395061728394966e-01,3.456790123456789932e-01,1.111111111111111049e-01,2.469135802469135665e-02,6.172839506172839164e-02,1.234567901234567833e-02,1.234567901234567833e-02,1.234567901234567833e-02
0.000000000000000000e+00,0.000000000000000000e+00,0.000000000000000000e+00,0.000000000000000000e+00,0.000000000000000000e+00,0.000000000000000000e+00,0.000000000000000000e+00,0.000000000000000000e+00,1.754385964912280604e-02,0.000000000000000000e+00,0.000000000000000000e+00,0.000000000000000000e+00,3.508771929824561209e-02,3.508771929824561209e-02,5.263157894736841813e-02,1.578947368421052544e-01,4.210526315789473450e-01,8.771929824561403022e-02,3.508771929824561209e-02,0.000000000000000000e+00,7.017543859649122417e-02,8.771929824561403022e-02
0.000000000000000000e+00,0.000000000000000000e+00,0.000000000000000000e+00,0.000000000000000000e+00,0.000000000000000000e+00,0.000000000000000000e+00,0.000000000000000000e+00,0.000000000000000000e+00,0.000000000000000000e+00,0.000000000000000000e+00,2.083333333333333218e-02,2.083333333333333218e-02,0.000000000000000000e+00,6.250000000000000000e-02,2.083333333333333218e-02,4.166666666666666435e-02,1.250000000000000000e-01,4.583333333333333148e-01,1.250000000000000000e-01,0.000000000000000000e+00,0.000000000000000000e+00,1.250000000000000000e-01
0.000000000000000000e+00,0.000000000000000000e+00,0.000000000000000000e+00,0.000000000000000000e+00,0.000000000000000000e+00,0.000000000000000000e+00,0.000000000000000000e+00,0.000000000000000000e+00,0.000000000000000000e+00,0.000000000000000000e+00,0.000000000000000000e+00,0.000000000000000000e+00,0.000000000000000000e+00,0.000000000000000000e+00,0.000000000000000000e+00,1.304347826086956486e-01,8.695652173913043237e-02,1.304347826086956486e-01,3.695652173913043237e-01,8.695652173913043237e-02,2.173913043478260809e-02,1.739130434782608647e-01
0.000000000000000000e+00,0.000000000000000000e+00,0.000000000000000000e+00,0.000000000000000000e+00,0.000000000000000000e+00,0.000000000000000000e+00,0.000000000000000000e+00,0.000000000000000000e+00,0.000000000000000000e+00,0.000000000000000000e+00,0.000000000000000000e+00,0.000000000000000000e+00,0.000000000000000000e+00,0.000000000000000000e+00,6.666666666666666574e-02,0.000000000000000000e+00,0.000000000000000000e+00,2.000000000000000111e-01,2.666666666666666630e-01,2.666666666666666630e-01,6.666666666666666574e-02,1.333333333333333315e-01
0.000000000000000000e+00,0.000000000000000000e+00,0.000000000000000000e+00,0.000000000000000000e+00,0.000000000000000000e+00,0.000000000000000000e+00,0.000000000000000000e+00,0.000000000000000000e+00,0.000000000000000000e+00,0.000000000000000000e+00,0.000000000000000000e+00,0.000000000000000000e+00,0.000000000000000000e+00,0.000000000000000000e+00,0.000000000000000000e+00,0.000000000000000000e+00,5.882352941176470507e-02,5.882352941176470507e-02,5.882352941176470507e-02,5.882352941176470507e-02,4.117647058823529216e-01,3.529411764705882582e-01
0.000000000000000000e+00,5.555555555555555768e-03,5.555555555555555768e-03,0.000000000000000000e+00,0.000000000000000000e+00,0.000000000000000000e+00,0.000000000000000000e+00,0.000000000000000000e+00,0.000000000000000000e+00,1.111111111111111154e-02,1.666666666666666644e-02,2.777777777777777624e-02,1.111111111111111154e-02,6.666666666666666574e-02,1.666666666666666644e-02,3.888888888888888951e-02,1.666666666666666644e-02,3.333333333333333287e-02,3.888888888888888951e-02,2.222222222222222307e-02,3.888888888888888951e-02,6.500000000000000222e-01
