6.750000000000000444e-01,0.000000000000000000e+00,0.000000000000000000e+00,5.000000000000000278e-02,5.000000000000000278e-02,2.500000000000000139e-02,0.000000000000000000e+00,0.000000000000000000e+00,0.000000000000000000e+00,2.500000000000000139e-02,5.000000000000000278e-02,2.500000000000000139e-02,2.500000000000000139e-02,5.000000000000000278e-02,0.000000000000000000e+00,2.500000000000000139e-02,0.000000000000000000e+00,0.000000000000000000e+00,0.000000000000000000e+00,0.000000000000000000e+00,0.000000000000000000e+00,0.000000000000000000e+00
0.000000000000000000e+00,0.000000000000000000e+00,0.000000000000000000e+00,0.000000000000000000e+00,0.000000000000000000e+00,0.000000000000000000e+00,0.000000000000000000e+00,0.000000000000000000e+00,0.000000000000000000e+00,0.000000000000000000e+00,5.000000000000000000e-01,5.000000000000000000e-01,0.000000000000000000e+00,0.000000000000000000e+00,0.000000000000000000e+00,0.000000000000000000e+00,0.000000000000000000e+00,0.000000000000000000e+00,0.000000000000000000e+00,0.000000000000000000e+00,0.000000000000000000e+00,0.000000000000000000e+00
1.052631578947368363e-01,0.000000000000000000e+00,6.842105263157894912e-01,5.263157894736841813e-02,0.000000000000000000e+00,0.000000000000000000e+00,5.263157894736841813e-02,0.000000000000000000e+00,0.000000000000000000e+00,0.000000000000000000e+00,0.000000000000000000e+00,1.052631578947368363e-01,0.000000000000000000e+00,0.000000000000000000e+00,0.000000000000000000e+00,0.000000000000000000e+00,0.000000000000000000e+00,0.000000000000000000e+00,0.000000000000000000e+00,0.000000000000000000e+00,0.000000000000000000e+00,0.000000000000000000e+00
3.448275862068965469e-02,0.000000000000000000e+00,1.034482758620689641e-01,5.862068965517240882e-01,3.448275862068965469e-02,3.448275862068965469e-02,0.000000000000000000e+00,0.000000000000000000e+00,0.000000000000000000e+00,3.448275862068965469e-02,0.000000000000000000e+00,0.000000000000000000e+00,1.034482758620689641e-01,6.896551724137930939e-02,0.000000000000000000e+00,0.000000000000000000e+00,0.000000000000000000e+00,0.000000000000000000e+00,0.000000000000000000e+00,0.000000000000000000e+00,0.000000000000000000e+00,0.000000000000000000e+00
2.631578947368420907e-02,0.000000000000000000e+00,0.000000000000000000e+00,0.000000000000000000e+00,7.894736842105263275e-01,0.000000000000000000e+00,0.000000000000000000e+00,0.000000000000000000e+00,2.631578947368420907e-02,7.894736842105262720e-02,2.631578947368420907e-02,0.000000000000000000e+00,0.000000000000000000e+00,0.000000000000000000e+00,5.263157894736841813e-02,0.000000000000000000e+00,0.000000000000000000e+00,0.000000000000000000e+00,0.000000000000000000e+00,0.000000000000000000e+00,0.000000000000000000e+00,0.000000000000000000e+00
0.000000000000000000e+00,0.000000000000000000e+00,0.000000000000000000e+00,5.263157894736841813e-02,0.000000000000000000e+00,8.421052631578946901e-01,0.000000000000000000e+00,5.263157894736841813e-02,0.000000000000000000e+00,0.000000000000000000e+00,0.000000000000000000e+00,0.000000000000000000e+00,0.000000000000000000e+00,5.263157894736841813e-02,0.000000000000000000e+00,0.000000000000000000e+00,0.000000000000000000e+00,0.000000000000000000e+00,0.000000000000000000e+00,0.000000000000000000e+00,0.000000000000000000e+00,0.000000000000000000e+00
0.000000000000000000e+00,0.000000000000000000e+00,0.000000000000000000e+00,2.040816326530612082e-02,0.000000000000000000e+00,0.000000000000000000e+00,7.959183673469387710e-01,2.040816326530612082e-02,2.040816326530612082e-02,4.081632653061224164e-02,2.040816326530612082e-02,2.040816326530612082e-02,0.000000000000000000e+00,4.081632653061224164e-02,0.000000000000000000e+00,2.040816326530612082e-02,0.000000000000000000e+00,0.000000000000000000e+00,0.000000000000000000e+00,0.000000000000000000e+00,0.000000000000000000e+00,0.000000000000000000e+00
0.000000000000000000e+00,2.000000000000000042e-02,0.000000000000000000e+00,0.000000000000000000e+00,2.000000000000000042e-02,0.000000000000000000e+00,2.000000000000000042e-02,7.600000000000000089e-01,8.000000000000000167e-02,4.000000000000000083e-02,5.999999999999999778e-02,0.000000000000000000e+00,0.000000000000000000e+00,0.000000000000000000e+00,0.000000000000000000e+00,0.000000000000000000e+00,0.000000000000000000e+00,0.000000000000000000e+00,0.000000000000000000e+00,0.000000000000000000e+00,0.000000000000000000e+00,0.000000000000000000e+00
0.000000000000000000e+00,0.000000000000000000e+00,0.000000000000000000e+00,0.000000000000000000e+00,0.000000000000000000e+00,0.000000000000000000e+00,8.000000000000000167e-03,2.400000000000000050e-02,7.279999999999999805e-01,1.439999999999999891e-01,6.400000000000000133e-02,1.600000000000000033e-02,0.000000000000000000e+00,0.000000000000000000e+00,0.000000000000000000e+00,8.000000000000000167e-03,0.000000000000000000e+00,0.000000000000000000e+00,0.000000000000000000e+00,0.000000000000000000e+00,0.000000000000000000e+00,8.000000000000000167e-03
2.994011976047904373e-03,2.994011976047904373e-03,0.000000000000000000e+00,0.000000000000000000e+00,0.000000000000000000e+00,0.000000000000000000e+00,2.994011976047904373e-03,1.197604790419161749e-02,3.293413173652694897e-02,7.664670658682635196e-01,1.407185628742514960e-01,2.694610778443113849e-02,2.994011976047904373e-03,2.994011976047904373e-03,2.994011976047904373e-03,0.000000000000000000e+00,2.994011976047904373e-03,0.000000000000000000e+00,0.000000000000000000e+00,0.000000000000000000e+00,0.000000000000000000e+00,0.000000000000000000e+00
0.000000000000000000e+00,0.000000000000000000e+00,1.161440185830429732e-03,0.000000000000000000e+00,0.000000000000000000e+00,0.000000000000000000e+00,2.322880371660859464e-03,1.161440185830429732e-03,1.161440185830429732e-02,3.600464576074332429e-02,8.164924506387920555e-01,1.265969802555168278e-01,3.484320557491289196e-03,1.161440185830429732e-03,0.000000000000000000e+00,0.000000000000000000e+00,0.000000000000000000e+00,0.000000000000000000e+00,0.000000000000000000e+00,0.000000000000000000e+00,0.000000000000000000e+00,0.000000000000000000e+00
2.380952380952381167e-03,0.000000000000000000e+00,2.380952380952381167e-03,1.190476190476190584e-03,0.000000000000000000e+00,0.000000000000000000e+00,1.190476190476190584e-03,1.190476190476190584e-03,0.000000000000000000e+00,1.428571428571428527e-02,1.107142857142857095e-01,7.714285714285714635e-01,8.928571428571428770e-02,3.571428571428571317e-03,2.380952380952381167e-03,0.000000000000000000e+00,0.000000000000000000e+00,0.000000000000000000e+00,0.000000000000000000e+00,0.000000000000000000e+00,0.000000000000000000e+00,0.000000000000000000e+00
3.891050583657587603e-03,0.000000000000000000e+00,0.000000000000000000e+00,5.836575875486381404e-03,0.000000000000000000e+00,1.945525291828793801e-03,0.000000000000000000e+00,0.000000000000000000e+00,1.945525291828793801e-03,1.945525291828793801e-03,9.727626459143969007e-03,1.225680933852140025e-01,7.607003891050583277e-01,8.365758754863812652e-02,5.836575875486381404e-03,1.945525291828793801e-03,0.000000000000000000e+00,0.000000000000000000e+00,0.000000000000000000e+00,0.000000000000000000e+00,0.000000000000000000e+00,0.000000000000000000e+00
3.355704697986577108e-03,0.000000000000000000e+00,0.000000000000000000e+00,3.355704697986577108e-03,3.355704697986577108e-03,3.355704697986577108e-03,6.711409395973154217e-03,0.000000000000000000e+00,0.000000000000000000e+00,0.000000000000000000e+00,0.000000000000000000e+00,2.013422818791946178e-02,1.375838926174496601e-01,7.248322147651006242e-01,7.718120805369127480e-02,1.006711409395973089e-02,3.355704697986577108e-03,0.000000000000000000e+00,0.000000000000000000e+00,0.000000000000000000e+00,0.000000000000000000e+00,6.711409395973154217e-03
0.000000000000000000e+00,0.000000000000000000e+00,0.000000000000000000e+00,0.000000000000000000e+00,0.000000000000000000e+00,0.000000000000000000e+00,0.000000000000000000e+00,0.000000000000000000e+00,0.000000000000000000e+00,6.944444444444444059e-03,0.000000000000000000e+00,6.944444444444444059e-03,2.777777777777777624e-02,1.319444444444444475e-01,6.875000000000000000e-01,1.319444444444444475e-01,0.000000000000000000e+00,6.944444444444444059e-03,0.000000000000000000e+00,0.000000000000000000e+00,0.000000000000000000e+00,0.000000000000000000e+00
8.403361344537814762e-03,0.000000000000000000e+00,0.000000000000000000e+00,0.000000000000000000e+00,8.403361344537814762e-03,0.000000000000000000e+00,0.000000000000000000e+00,0.000000000000000000e+00,0.000000000000000000e+00,8.403361344537814762e-03,8.403361344537814762e-03,8.403361344537814762e-03,0.000000000000000000e+00,3.361344537815125905e-02,1.344537815126050362e-01,7.226890756302520868e-01,5.042016806722689204e-02,8.403361344537814762e-03,0.000000000000000000e+00,0.000000000000000000e+00,0.000000000000000000e+00,8.403361344537814762e-03
0.000000000000000000e+00,0.000000000000000000e+00,0.000000000000000000e+00,0.000000000000000000e+00,0.000000000000000000e+00,0.000000000000000000e+00,0.000000000000000000e+00,0.000000000000000000e+00,0.000000000000000000e+00,0.000000000000000000e+00,0.000000000000000000e+00,0.000000000000000000e+00,0.000000000000000000e+00,0.000000000000000000e+00,1.052631578947368363e-01,2.105263157894736725e-01,4.210526315789473450e-01,1.578947368421052544e-01,5.263157894736841813e-02,0.000000000000000000e+00,0.000000000000000000e+00,5.263157894736841813e-02
0.000000000000000000e+00,0.000000000000000000e+00,0.000000000000000000e+00,0.000000000000000000e+00,0.000000000000000000e+00,0.000000000000000000e+00,0.000000000000000000e+00,0.000000000000000000e+00,1.111111111111111049e-01,0.000000000000000000e+00,0.000000000000000000e+00,0.000000000000000000e+00,0.000000000000000000e+00,1.111111111111111049e-01,0.000000000000000000e+00,0.000000000000000000e+00,0.000000000000000000e+00,2.222222222222222099e-01,4.444444444444444198e-01,1.111111111111111049e-01,0.000000000000000000e+00,0.000000000000000000e+00
0.000000000000000000e+00,0.000000000000000000e+00,0.000000000000000000e+00,0.000000000000000000e+00,0.000000000000000000e+00,0.000000000000000000e+00,0.000000000000000000e+00,0.000000000000000000e+00,0.000000000000000000e+00,0.000000000000000000e+00,0.000000000000000000e+00,0.000000000000000000e+00,0.000000000000000000e+00,0.000000000000000000e+00,0.000000000000000000e+00,2.999999999999999889e-01,0.000000000000000000e+00,1.000000000000000056e-01,2.999999999999999889e-01,1.000000000000000056e-01,0.000000000000000000e+00,2.000000000000000111e-01
0.000000000000000000e+00,0.000000000000000000e+00,0.000000000000000000e+00,0.000000000000000000e+00,0.000000000000000000e+00,0.000000000000000000e+00,0.000000000000000000e+00,0.000000000000000000e+00,0.000000000000000000e+00,0.000000000000000000e+00,0.000000000000000000e+00,0.000000000000000000e+00,0.000000000000000000e+00,0.000000000000000000e+00,3.333333333333333148e-01,0.000000000000000000e+00,0.000000000000000000e+00,3.333333333333333148e-01,3.333333333333333148e-01,0.000000000000000000e+00,0.000000000000000000e+00,0.000000000000000000e+00
0.000000000000000000e+00,0.000000000000000000e+00,0.000000000000000000e+00,0.000000000000000000e+00,0.000000000000000000e+00,0.000000000000000000e+00,0.000000000000000000e+00,0.000000000000000000e+00,0.000000000000000000e+00,0.000000000000000000e+00,0.000000000000000000e+00,0.000000000000000000e+00,0.000000000000000000e+00,0.000000000000000000e+00,0.000000000000000000e+00,0.000000000000000000e+00,0.000000000000000000e+00,0.000000000000000000e+00,1.000000000000000000e+00,0.000000000000000000e+00,0.000000000000000000e+00,0.000000000000000000e+00
0.000000000000000000e+00,0.000000000000000000e+00,0.000000000000000000e+00,0.000000000000000000e+00,0.000000000000000000e+00,0.000000000000000000e+00,0.000000000000000000e+00,0.000000000000000000e+00,0.000000000000000000e+00,0.000000000000000000e+00,0.000000000000000000e+00,0.000000000000000000e+00,0.000000000000000000e+00,0.000000000000000000e+00,0.000000000000000000e+00,5.263157894736841813e-02,1.052631578947368363e-01,0.000000000000000000e+00,1.052631578947368363e-01,5.263157894736841813e-02,5.263157894736841813e-02,6.315789473684210176e-01
