7.038043478260869179e-01,1.739130434782608647e-01,2.038043478260869595e-02,9.510869565217391908e-03,1.358695652173913006e-03,0.000000000000000000e+00,1.358695652173913006e-03,0.000000000000000000e+00,0.000000000000000000e+00,0.000000000000000000e+00,0.000000000000000000e+00,0.000000000000000000e+00,0.000000000000000000e+00,1.358695652173913006e-03,0.000000000000000000e+00,0.000000000000000000e+00,0.000000000000000000e+00,4.076086956521739017e-03,5.434782608695652023e-03,1.086956521739130405e-02,6.793478260869564855e-02
9.967845659163987460e-02,7.148981779206859954e-01,1.382636655948553117e-01,6.430868167202572275e-03,1.071811361200428712e-03,1.071811361200428712e-03,1.071811361200428712e-03,0.000000000000000000e+00,0.000000000000000000e+00,0.000000000000000000e+00,0.000000000000000000e+00,2.143622722400857425e-03,0.000000000000000000e+00,1.071811361200428712e-03,1.071811361200428712e-03,2.143622722400857425e-03,0.000000000000000000e+00,2.143622722400857425e-03,3.215434083601286137e-03,1.071811361200428712e-02,1.500535905680600197e-02
3.120759837177747645e-02,1.302578018995929343e-01,7.177747625508819063e-01,7.869742198100407315e-02,9.497964721845318994e-03,1.356852103120759732e-03,1.356852103120759732e-03,0.000000000000000000e+00,0.000000000000000000e+00,0.000000000000000000e+00,1.356852103120759732e-03,1.356852103120759732e-03,0.000000000000000000e+00,0.000000000000000000e+00,1.356852103120759732e-03,1.356852103120759732e-03,1.356852103120759732e-03,1.356852103120759732e-03,2.713704206241519465e-03,5.427408412483038930e-03,1.356852103120759906e-02
3.050847457627118772e-02,3.050847457627118772e-02,1.491525423728813637e-01,6.271186440677966045e-01,1.118644067796610159e-01,1.694915254237288130e-02,0.000000000000000000e+00,0.000000000000000000e+00,0.000000000000000000e+00,0.000000000000000000e+00,0.000000000000000000e+00,0.000000000000000000e+00,0.000000000000000000e+00,0.000000000000000000e+00,0.000000000000000000e+00,0.000000000000000000e+00,3.389830508474576173e-03,1.016949152542372808e-02,6.779661016949152345e-03,6.779661016949152345e-03,6.779661016949152345e-03
3.053435114503816675e-02,1.526717557251908337e-02,4.580152671755725186e-02,9.160305343511450371e-02,6.030534351145038219e-01,1.832061068702290074e-01,7.633587786259541687e-03,0.000000000000000000e+00,0.000000000000000000e+00,0.000000000000000000e+00,0.000000000000000000e+00,7.633587786259541687e-03,0.000000000000000000e+00,0.000000000000000000e+00,0.000000000000000000e+00,0.000000000000000000e+00,0.000000000000000000e+00,7.633587786259541687e-03,0.000000000000000000e+00,7.633587786259541687e-03,0.000000000000000000e+00
0.000000000000000000e+00,1.075268817204301161e-02,2.150537634408602322e-02,6.451612903225806273e-02,1.182795698924731242e-01,6.021505376344086224e-01,1.182795698924731242e-01,3.225806451612903136e-02,0.000000000000000000e+00,0.000000000000000000e+00,1.075268817204301161e-02,0.000000000000000000e+00,0.000000000000000000e+00,0.000000000000000000e+00,0.000000000000000000e+00,0.000000000000000000e+00,1.075268817204301161e-02,0.000000000000000000e+00,0.000000000000000000e+00,1.075268817204301161e-02,0.000000000000000000e+00
3.333333333333333287e-02,3.333333333333333287e-02,6.666666666666666574e-02,2.000000000000000111e-01,0.000000000000000000e+00,2.666666666666666630e-01,3.333333333333333148e-01,6.666666666666666574e-02,0.000000000000000000e+00,0.000000000000000000e+00,0.000000000000000000e+00,0.000000000000000000e+00,0.000000000000000000e+00,0.000000000000000000e+00,0.000000000000000000e+00,0.000000000000000000e+00,0.000000000000000000e+00,0.000000000000000000e+00,0.000000000000000000e+00,0.000000000000000000e+00,0.000000000000000000e+00
0.000000000000000000e+00,0.000000000000000000e+00,0.000000000000000000e+00,0.000000000000000000e+00,0.000000000000000000e+00,1.111111111111111049e-01,3.333333333333333148e-01,4.444444444444444198e-01,1.111111111111111049e-01,0.000000000000000000e+00,0.000000000000000000e+00,0.000000000000000000e+00,0.000000000000000000e+00,0.000000000000000000e+00,0.000000000000000000e+00,0.000000000000000000e+00,0.000000000000000000e+00,0.000000000000000000e+00,0.000000000000000000e+00,0.000000000000000000e+00,0.000000000000000000e+00
0.000000000000000000e+00,0.000000000000000000e+00,0.000000000000000000e+00,0.000000000000000000e+00,1.000000000000000000e+00,0.000000000000000000e+00,0.000000000000000000e+00,0.000000000000000000e+00,0.000000000000000000e+00,0.000000000000000000e+00,0.000000000000000000e+00,0.000000000000000000e+00,0.000000000000000000e+00,0.000000000000000000e+00,0.000000000000000000e+00,0.000000000000000000e+00,0.000000000000000000e+00,0.000000000000000000e+00,0.000000000000000000e+00,0.000000000000000000e+00,0.000000000000000000e+00
0.000000000000000000e+00,0.000000000000000000e+00,0.000000000000000000e+00,0.000000000000000000e+00,0.000000000000000000e+00,0.000000000000000000e+00,0.000000000000000000e+00,0.000000000000000000e+00,0.000000000000000000e+00,0.000000000000000000e+00,0.000000000000000000e+00,0.000000000000000000e+00,0.000000000000000000e+00,0.000000000000000000e+00,0.000000000000000000e+00,0.000000000000000000e+00,0.000000000000000000e+00,0.000000000000000000e+00,0.000000000000000000e+00,0.000000000000000000e+00,0.000000000000000000e+00
0.000000000000000000e+00,0.000000000000000000e+00,0.000000000000000000e+00,0.000000000000000000e+00,2.000000000000000111e-01,2.000000000000000111e-01,2.000000000000000111e-01,0.000000000000000000e+00,0.000000000000000000e+00,0.000000000000000000e+00,4.000000000000000222e-01,0.000000000000000000e+00,0.000000000000000000e+00,0.000000000000000000e+00,0.000000000000000000e+00,0.000000000000000000e+00,0.000000000000000000e+00,0.000000000000000000e+00,0.000000000000000000e+00,0.000000000000000000e+00,0.000000000000000000e+00
0.000000000000000000e+00,0.000000000000000000e+00,1.111111111111111049e-01,0.000000000000000000e+00,0.000000000000000000e+00,1.111111111111111049e-01,0.000000000000000000e+00,0.000000000000000000e+00,0.000000000000000000e+00,0.000000000000000000e+00,0.000000000000000000e+00,2.222222222222222099e-01,0.000000000000000000e+00,0.000000000000000000e+00,2.222222222222222099e-01,1.111111111111111049e-01,1.111111111111111049e-01,0.000000000000000000e+00,1.111111111111111049e-01,0.000000000000000000e+00,0.000000000000000000e+00
0.000000000000000000e+00,0.000000000000000000e+00,0.000000000000000000e+00,0.000000000000000000e+00,0.000000000000000000e+00,0.000000000000000000e+00,0.000000000000000000e+00,0.000000000000000000e+00,0.000000000000000000e+00,0.000000000000000000e+00,0.000000000000000000e+00,0.000000000000000000e+00,5.000000000000000000e-01,0.000000000000000000e+00,2.500000000000000000e-01,2.500000000000000000e-01,0.000000000000000000e+00,0.000000000000000000e+00,0.000000000000000000e+00,0.000000000000000000e+00,0.000000000000000000e+00
0.000000000000000000e+00,0.000000000000000000e+00,0.000000000000000000e+00,0.000000000000000000e+00,0.000000000000000000e+00,0.000000000000000000e+00,0.000000000000000000e+00,0.000000000000000000e+00,0.000000000000000000e+00,0.000000000000000000e+00,0.000000000000000000e+00,0.000000000000000000e+00,5.000000000000000000e-01,5.000000000000000000e-01,0.000000000000000000e+00,0.000000000000000000e+00,0.000000000000000000e+00,0.000000000000000000e+00,0.000000000000000000e+00,0.000000000000000000e+00,0.000000000000000000e+00
0.000000000000000000e+00,0.000000000000000000e+00,0.000000000000000000e+00,4.545454545454545581e-02,0.000000000000000000e+00,0.000000000000000000e+00,0.000000000000000000e+00,0.000000000000000000e+00,0.000000000000000000e+00,0.000000000000000000e+00,0.000000000000000000e+00,4.545454545454545581e-02,0.000000000000000000e+00,0.000000000000000000e+00,6.818181818181817677e-01,1.363636363636363535e-01,4.545454545454545581e-02,4.545454545454545581e-02,0.000000000000000000e+00,0.000000000000000000e+00,0.000000000000000000e+00
0.000000000000000000e+00,6.666666666666666574e-02,2.222222222222222307e-02,0.000000000000000000e+00,0.000000000000000000e+00,0.000000000000000000e+00,0.000000000000000000e+00,0.000000000000000000e+00,0.000000000000000000e+00,0.000000000000000000e+00,0.000000000000000000e+00,8.888888888888889228e-02,0.000000000000000000e+00,2.222222222222222307e-02,2.222222222222222307e-02,6.444444444444444864e-01,4.444444444444444614e-02,2.222222222222222307e-02,2.222222222222222307e-02,0.000000000000000000e+00,4.444444444444444614e-02
2.857142857142857054e-02,0.000000000000000000e+00,0.000000000000000000e+00,0.000000000000000000e+00,0.000000000000000000e+00,0.000000000000000000e+00,0.000000000000000000e+00,0.000000000000000000e+00,0.000000000000000000e+00,0.000000000000000000e+00,0.000000000000000000e+00,0.000000000000000000e+00,0.000000000000000000e+00,0.000000000000000000e+00,0.000000000000000000e+00,2.857142857142857054e-02,8.571428571428570953e-01,0.000000000000000000e+00,0.000000000000000000e+00,5.714285714285714107e-02,2.857142857142857054e-02
3.389830508474576259e-02,1.694915254237288130e-02,1.694915254237288130e-02,1.694915254237288130e-02,0.000000000000000000e+00,0.000000000000000000e+00,0.000000000000000000e+00,0.000000000000000000e+00,0.000000000000000000e+00,0.000000000000000000e+00,0.000000000000000000e+00,0.000000000000000000e+00,0.000000000000000000e+00,0.000000000000000000e+00,0.000000000000000000e+00,3.389830508474576259e-02,0.000000000000000000e+00,8.135593220338983578e-01,1.694915254237288130e-02,0.000000000000000000e+00,5.084745762711864736e-02
1.250000000000000000e-01,4.166666666666666435e-02,4.166666666666666435e-02,2.083333333333333218e-02,0.000000000000000000e+00,0.000000000000000000e+00,0.000000000000000000e+00,0.000000000000000000e+00,0.000000000000000000e+00,0.000000000000000000e+00,0.000000000000000000e+00,0.000000000000000000e+00,0.000000000000000000e+00,0.000000000000000000e+00,0.000000000000000000e+00,2.083333333333333218e-02,2.083333333333333218e-02,0.000000000000000000e+00,5.625000000000000000e-01,1.041666666666666713e-01,6.250000000000000000e-02
8.928571428571428770e-02,3.571428571428571230e-02,8.928571428571428076e-03,1.785714285714285615e-02,0.000000000000000000e+00,0.000000000000000000e+00,0.000000000000000000e+00,0.000000000000000000e+00,0.000000000000000000e+00,0.000000000000000000e+00,0.000000000000000000e+00,0.000000000000000000e+00,0.000000000000000000e+00,0.000000000000000000e+00,0.000000000000000000e+00,0.000000000000000000e+00,8.928571428571428076e-03,8.928571428571428076e-03,2.678571428571428423e-02,6.964285714285713969e-01,1.071428571428571369e-01
2.584745762711864181e-01,6.779661016949152519e-02,2.118644067796610075e-02,8.474576271186440649e-03,4.237288135593220324e-03,4.237288135593220324e-03,0.000000000000000000e+00,0.000000000000000000e+00,0.000000000000000000e+00,0.000000000000000000e+00,4.237288135593220324e-03,0.000000000000000000e+00,0.000000000000000000e+00,0.000000000000000000e+00,0.000000000000000000e+00,4.237288135593220324e-03,4.237288135593220324e-03,0.000000000000000000e+00,4.237288135593220324e-03,4.661016949152542443e-02,5.720338983050847759e-01
