7.191011235955055980e-01,3.370786516853932491e-02,5.617977528089887485e-02,6.741573033707864981e-02,2.247191011235954994e-02,0.000000000000000000e+00,1.123595505617977497e-02,1.123595505617977497e-02,1.123595505617977497e-02,1.123595505617977497e-02,0.000000000000000000e+00,1.123595505617977497e-02,2.247191011235954994e-02,0.000000000000000000e+00,1.123595505617977497e-02,0.000000000000000000e+00,0.000000000000000000e+00,0.000000000000000000e+00,0.000000000000000000e+00,0.000000000000000000e+00,0.000000000000000000e+00,1.123595505617977497e-02
4.651162790697674354e-02,5.116279069767442067e-01,1.627906976744186163e-01,0.000000000000000000e+00,9.302325581395348708e-02,2.325581395348837177e-02,6.976744186046511531e-02,0.000000000000000000e+00,2.325581395348837177e-02,0.000000000000000000e+00,4.651162790697674354e-02,2.325581395348837177e-02,0.000000000000000000e+00,0.000000000000000000e+00,0.000000000000000000e+00,0.000000000000000000e+00,0.000000000000000000e+00,0.000000000000000000e+00,0.000000000000000000e+00,0.000000000000000000e+00,0.000000000000000000e+00,0.000000000000000000e+00
3.278688524590164105e-02,1.311475409836065642e-01,6.065573770491803351e-01,6.557377049180328210e-02,1.639344262295082053e-02,1.639344262295082053e-02,0.000000000000000000e+00,0.000000000000000000e+00,1.639344262295082053e-02,4.918032786885245811e-02,3.278688524590164105e-02,1.639344262295082053e-02,0.000000000000000000e+00,0.000000000000000000e+00,0.000000000000000000e+00,1.639344262295082053e-02,0.000000000000000000e+00,0.000000000000000000e+00,0.000000000000000000e+00,0.000000000000000000e+00,0.000000000000000000e+00,0.000000000000000000e+00
1.126760563380281716e-01,0.000000000000000000e+00,7.042253521126760896e-02,5.352112676056337559e-01,1.408450704225352144e-02,2.816901408450704289e-02,4.225352112676056260e-02,0.000000000000000000e+00,1.408450704225352144e-02,2.816901408450704289e-02,2.816901408450704289e-02,1.408450704225352144e-02,5.633802816901408578e-02,1.408450704225352144e-02,0.000000000000000000e+00,1.408450704225352144e-02,1.408450704225352144e-02,0.000000000000000000e+00,1.408450704225352144e-02,0.000000000000000000e+00,0.000000000000000000e+00,0.000000000000000000e+00
2.970297029702970160e-02,1.980198019801980222e-02,0.000000000000000000e+00,2.970297029702970160e-02,6.732673267326733102e-01,9.900990099009901457e-02,9.900990099009901110e-03,1.980198019801980222e-02,2.970297029702970160e-02,2.970297029702970160e-02,9.900990099009901110e-03,9.900990099009901110e-03,0.000000000000000000e+00,2.970297029702970160e-02,0.000000000000000000e+00,9.900990099009901110e-03,0.000000000000000000e+00,0.000000000000000000e+00,0.000000000000000000e+00,0.000000000000000000e+00,0.000000000000000000e+00,0.000000000000000000e+00
0.000000000000000000e+00,1.324503311258278145e-02,0.000000000000000000e+00,1.986754966887417304e-02,6.622516556291391243e-02,7.417218543046357748e-01,5.298013245033112578e-02,3.311258278145695622e-02,1.324503311258278145e-02,1.986754966887417304e-02,1.324503311258278145e-02,1.324503311258278145e-02,6.622516556291390723e-03,0.000000000000000000e+00,6.622516556291390723e-03,0.000000000000000000e+00,0.000000000000000000e+00,0.000000000000000000e+00,0.000000000000000000e+00,0.000000000000000000e+00,0.000000000000000000e+00,0.000000000000000000e+00
7.874015748031495954e-03,0.000000000000000000e+00,7.874015748031495954e-03,1.574803149606299191e-02,7.874015748031495954e-03,1.102362204724409434e-01,5.826771653543306728e-01,9.448818897637795144e-02,3.937007874015747977e-02,3.149606299212598381e-02,3.149606299212598381e-02,2.362204724409448786e-02,1.574803149606299191e-02,0.000000000000000000e+00,1.574803149606299191e-02,7.874015748031495954e-03,7.874015748031495954e-03,0.000000000000000000e+00,0.000000000000000000e+00,0.000000000000000000e+00,0.000000000000000000e+00,0.000000000000000000e+00
0.000000000000000000e+00,9.661835748792270070e-03,4.830917874396135035e-03,1.449275362318840597e-02,9.661835748792270070e-03,1.449275362318840597e-02,7.246376811594203160e-02,6.086956521739130821e-01,1.352657004830917775e-01,6.280193236714975979e-02,2.415458937198067604e-02,9.661835748792270070e-03,1.449275362318840597e-02,4.830917874396135035e-03,1.449275362318840597e-02,0.000000000000000000e+00,0.000000000000000000e+00,0.000000000000000000e+00,0.000000000000000000e+00,0.000000000000000000e+00,0.000000000000000000e+00,0.000000000000000000e+00
1.831501831501831500e-03,1.831501831501831500e-03,1.831501831501831500e-03,0.000000000000000000e+00,5.494505494505494934e-03,1.098901098901098987e-02,1.098901098901098987e-02,6.776556776556776074e-02,7.271062271062270765e-01,1.117216117216117272e-01,3.296703296703296787e-02,1.098901098901098987e-02,9.157509157509157935e-03,0.000000000000000000e+00,0.000000000000000000e+00,0.000000000000000000e+00,0.000000000000000000e+00,1.831501831501831500e-03,0.000000000000000000e+00,0.000000000000000000e+00,0.000000000000000000e+00,5.494505494505494934e-03
0.000000000000000000e+00,0.000000000000000000e+00,1.015228426395939137e-03,0.000000000000000000e+00,1.015228426395939137e-03,1.015228426395939137e-03,3.045685279187817195e-03,1.421319796954314749e-02,8.730964467005075669e-02,7.197969543147207938e-01,1.360406091370558457e-01,2.741116751269035562e-02,4.060913705583756549e-03,4.060913705583756549e-03,0.000000000000000000e+00,0.000000000000000000e+00,1.015228426395939137e-03,0.000000000000000000e+00,0.000000000000000000e+00,0.000000000000000000e+00,0.000000000000000000e+00,0.000000000000000000e+00
0.000000000000000000e+00,9.708737864077669494e-04,0.000000000000000000e+00,4.854368932038834747e-04,9.708737864077669494e-04,9.708737864077669494e-04,1.456310679611650533e-03,2.912621359223301065e-03,5.339805825242718330e-03,8.398058252427184622e-02,7.917475728155339842e-01,8.203883495145630755e-02,1.310679611650485479e-02,3.883495145631067798e-03,3.398058252427184431e-03,2.427184466019417265e-03,9.708737864077669494e-04,4.854368932038834747e-04,0.000000000000000000e+00,0.000000000000000000e+00,4.854368932038834747e-04,4.368932038834951598e-03
5.455537370430986986e-04,0.000000000000000000e+00,1.091107474086197397e-03,2.182214948172394794e-03,0.000000000000000000e+00,1.091107474086197397e-03,5.455537370430986986e-04,1.091107474086197397e-03,2.182214948172394794e-03,8.728859792689579178e-03,1.347517730496453903e-01,7.397708674304418475e-01,7.855973813420621954e-02,1.254773595199127137e-02,4.909983633387888721e-03,4.364429896344789589e-03,1.091107474086197397e-03,1.636661211129296313e-03,0.000000000000000000e+00,0.000000000000000000e+00,0.000000000000000000e+00,4.909983633387888721e-03
0.000000000000000000e+00,0.000000000000000000e+00,1.839926402943882228e-03,2.759889604415823559e-03,2.759889604415823559e-03,2.759889604415823559e-03,9.199632014719411142e-04,1.839926402943882228e-03,5.519779208831647119e-03,6.439742410303588016e-03,1.471941122355105783e-02,1.839926402943882211e-01,6.835326586936522064e-01,5.703771849126035298e-02,1.471941122355105783e-02,9.199632014719410708e-03,1.839926402943882228e-03,0.000000000000000000e+00,9.199632014719411142e-04,9.199632014719411142e-04,9.199632014719411142e-04,7.359705611775528913e-03
6.036217303822937266e-03,0.000000000000000000e+00,0.000000000000000000e+00,4.024144869215292089e-03,0.000000000000000000e+00,0.000000000000000000e+00,0.000000000000000000e+00,0.000000000000000000e+00,4.024144869215292089e-03,2.012072434607646045e-03,1.810865191146881353e-02,4.024144869215291742e-02,1.770623742454728311e-01,6.237424547283701992e-01,8.651911468812877037e-02,1.408450704225352144e-02,4.024144869215292089e-03,4.024144869215292089e-03,0.000000000000000000e+00,0.000000000000000000e+00,0.000000000000000000e+00,1.609657947686116836e-02
0.000000000000000000e+00,0.000000000000000000e+00,0.000000000000000000e+00,5.617977528089887485e-03,2.808988764044943742e-03,0.000000000000000000e+00,5.617977528089887485e-03,8.426966292134831227e-03,2.808988764044943742e-03,5.617977528089887485e-03,1.685393258426966245e-02,1.685393258426966245e-02,4.775280898876404362e-02,1.938202247191011252e-01,6.067415730337079038e-01,4.775280898876404362e-02,1.404494382022471871e-02,0.000000000000000000e+00,2.808988764044943742e-03,0.000000000000000000e+00,0.000000000000000000e+00,2.247191011235954994e-02
0.000000000000000000e+00,0.000000000000000000e+00,0.000000000000000000e+00,0.000000000000000000e+00,0.000000000000000000e+00,0.000000000000000000e+00,6.493506493506493935e-03,0.000000000000000000e+00,6.493506493506493935e-03,0.000000000000000000e+00,6.493506493506493935e-03,3.896103896103896014e-02,3.896103896103896014e-02,4.545454545454545581e-02,1.818181818181818232e-01,5.584415584415584055e-01,7.792207792207792028e-02,0.000000000000000000e+00,1.948051948051948007e-02,0.000000000000000000e+00,0.000000000000000000e+00,1.948051948051948007e-02
0.000000000000000000e+00,0.000000000000000000e+00,0.000000000000000000e+00,0.000000000000000000e+00,0.000000000000000000e+00,0.000000000000000000e+00,0.000000000000000000e+00,0.000000000000000000e+00,1.333333333333333419e-02,0.000000000000000000e+00,0.000000000000000000e+00,1.333333333333333419e-02,2.666666666666666838e-02,9.333333333333333759e-02,9.333333333333333759e-02,2.000000000000000111e-01,4.000000000000000222e-01,9.333333333333333759e-02,1.333333333333333419e-02,1.333333333333333419e-02,1.333333333333333419e-02,2.666666666666666838e-02
0.000000000000000000e+00,0.000000000000000000e+00,0.000000000000000000e+00,0.000000000000000000e+00,0.000000000000000000e+00,0.000000000000000000e+00,0.000000000000000000e+00,0.000000000000000000e+00,0.000000000000000000e+00,0.000000000000000000e+00,0.000000000000000000e+00,0.000000000000000000e+00,6.666666666666666574e-02,0.000000000000000000e+00,6.666666666666666574e-02,1.000000000000000056e-01,3.666666666666666408e-01,3.333333333333333148e-01,0.000000000000000000e+00,0.000000000000000000e+00,0.000000000000000000e+00,6.666666666666666574e-02
0.000000000000000000e+00,0.000000000000000000e+00,0.000000000000000000e+00,0.000000000000000000e+00,0.000000000000000000e+00,0.000000000000000000e+00,0.000000000000000000e+00,0.000000000000000000e+00,0.000000000000000000e+00,0.000000000000000000e+00,7.142857142857142461e-02,0.000000000000000000e+00,7.142857142857142461e-02,0.000000000000000000e+00,7.142857142857142461e-02,1.428571428571428492e-01,1.428571428571428492e-01,1.428571428571428492e-01,1.428571428571428492e-01,7.142857142857142461e-02,0.000000000000000000e+00,1.428571428571428492e-01
0.000000000000000000e+00,0.000000000000000000e+00,0.000000000000000000e+00,0.000000000000000000e+00,0.000000000000000000e+00,0.000000000000000000e+00,0.000000000000000000e+00,0.000000000000000000e+00,0.000000000000000000e+00,0.000000000000000000e+00,0.000000000000000000e+00,0.000000000000000000e+00,1.666666666666666574e-01,1.666666666666666574e-01,1.666666666666666574e-01,0.000000000000000000e+00,0.000000000000000000e+00,0.000000000000000000e+00,5.000000000000000000e-01,0.000000000000000000e+00,0.000000000000000000e+00,0.000000000000000000e+00
0.000000000000000000e+00,0.000000000000000000e+00,0.000000000000000000e+00,0.000000000000000000e+00,0.000000000000000000e+00,0.000000000000000000e+00,0.000000000000000000e+00,0.000000000000000000e+00,0.000000000000000000e+00,1.250000000000000000e-01,0.000000000000000000e+00,0.000000000000000000e+00,1.250000000000000000e-01,0.000000000000000000e+00,1.250000000000000000e-01,0.000000000000000000e+00,0.000000000000000000e+00,1.250000000000000000e-01,1.250000000000000000e-01,2.500000000000000000e-01,1.250000000000000000e-01,0.000000000000000000e+00
0.000000000000000000e+00,0.000000000000000000e+00,0.000000000000000000e+00,0.000000000000000000e+00,9.900990099009901110e-03,0.000000000000000000e+00,0.000000000000000000e+00,0.000000000000000000e+00,9.900990099009901110e-03,9.900990099009901110e-03,1.980198019801980222e-02,1.089108910891089105e-01,7.920792079207920888e-02,2.970297029702970160e-02,9.900990099009901457e-02,4.950495049504950729e-02,3.960396039603960444e-02,0.000000000000000000e+00,0.000000000000000000e+00,1.980198019801980222e-02,1.980198019801980222e-02,5.049504950495049549e-01
