8.235294117647058432e-01,0.000000000000000000e+00,0.000000000000000000e+00,2.941176470588235253e-02,5.882352941176470507e-02,0.000000000000000000e+00,0.000000000000000000e+00,0.000000000000000000e+00,0.000000000000000000e+00,0.000000000000000000e+00,0.000000000000000000e+00,2.941176470588235253e-02,2.941176470588235253e-02,0.000000000000000000e+00,2.941176470588235253e-02,0.000000000000000000e+00,0.000000000000000000e+00,0.000000000000000000e+00,0.000000000000000000e+00,0.000000000000000000e+00,0.000000000000000000e+00,0.000000000000000000e+00
0.000000000000000000e+00,0.000000000000000000e+00,0.000000000000000000e+00,0.000000000000000000e+00,0.000000000000000000e+00,0.000000000000000000e+00,0.000000000000000000e+00,1.000000000000000000e+00,0.000000000000000000e+00,0.000000000000000000e+00,0.000000000000000000e+00,0.000000000000000000e+00,0.000000000000000000e+00,0.000000000000000000e+00,0.000000000000000000e+00,0.000000000000000000e+00,0.000000000000000000e+00,0.000000000000000000e+00,0.000000000000000000e+00,0.000000000000000000e+00,0.000000000000000000e+00,0.000000000000000000e+00
0.000000000000000000e+00,0.000000000000000000e+00,0.000000000000000000e+00,0.000000000000000000e+00,0.000000000000000000e+00,0.000000000000000000e+00,0.000000000000000000e+00,0.000000000000000000e+00,0.000000000000000000e+00,0.000000000000000000e+00,1.000000000000000000e+00,0.000000000000000000e+00,0.000000000000000000e+00,0.000000000000000000e+00,0.000000000000000000e+00,0.000000000000000000e+00,0.000000000000000000e+00,0.000000000000000000e+00,0.000000000000000000e+00,0.000000000000000000e+00,0.000000000000000000e+00,0.000000000000000000e+00
0.000000000000000000e+00,0.000000000000000000e+00,0.000000000000000000e+00,5.714285714285713969e-01,1.428571428571428492e-01,0.000000000000000000e+00,0.000000000000000000e+00,7.142857142857142461e-02,0.000000000000000000e+00,3.571428571428571230e-02,3.571428571428571230e-02,1.071428571428571369e-01,0.000000000000000000e+00,3.571428571428571230e-02,0.000000000000000000e+00,0.000000000000000000e+00,0.000000000000000000e+00,0.000000000000000000e+00,0.000000000000000000e+00,0.000000000000000000e+00,0.000000000000000000e+00,0.000000000000000000e+00
0.000000000000000000e+00,0.000000000000000000e+00,0.000000000000000000e+00,6.451612903225806273e-02,4.838709677419354982e-01,6.451612903225806273e-02,9.677419354838709409e-02,3.225806451612903136e-02,6.451612903225806273e-02,6.451612903225806273e-02,0.000000000000000000e+00,3.225806451612903136e-02,3.225806451612903136e-02,3.225806451612903136e-02,3.225806451612903136e-02,0.000000000000000000e+00,0.000000000000000000e+00,0.000000000000000000e+00,0.000000000000000000e+00,0.000000000000000000e+00,0.000000000000000000e+00,0.000000000000000000e+00
2.325581395348837177e-02,0.000000000000000000e+00,0.000000000000000000e+00,0.000000000000000000e+00,2.325581395348837177e-02,6.976744186046511809e-01,4.651162790697674354e-02,6.976744186046511531e-02,0.000000000000000000e+00,4.651162790697674354e-02,9.302325581395348708e-02,0.000000000000000000e+00,0.000000000000000000e+00,0.000000000000000000e+00,0.000000000000000000e+00,0.000000000000000000e+00,0.000000000000000000e+00,0.000000000000000000e+00,0.000000000000000000e+00,0.000000000000000000e+00,0.000000000000000000e+00,0.000000000000000000e+00
0.000000000000000000e+00,0.000000000000000000e+00,0.000000000000000000e+00,0.000000000000000000e+00,1.904761904761904934e-02,1.904761904761904934e-02,7.333333333333332815e-01,9.523809523809523281e-02,3.809523809523809867e-02,3.809523809523809867e-02,3.809523809523809867e-02,1.904761904761904934e-02,0.000000000000000000e+00,0.000000000000000000e+00,0.000000000000000000e+00,0.000000000000000000e+00,0.000000000000000000e+00,0.000000000000000000e+00,0.000000000000000000e+00,0.000000000000000000e+00,0.000000000000000000e+00,0.000000000000000000e+00
0.000000000000000000e+00,0.000000000000000000e+00,0.000000000000000000e+00,4.629629629629629373e-03,0.000000000000000000e+00,4.629629629629629373e-03,4.166666666666666435e-02,7.453703703703703498e-01,8.333333333333332871e-02,5.092592592592592310e-02,3.240740740740740561e-02,1.388888888888888812e-02,2.314814814814814686e-02,0.000000000000000000e+00,0.000000000000000000e+00,0.000000000000000000e+00,0.000000000000000000e+00,0.000000000000000000e+00,0.000000000000000000e+00,0.000000000000000000e+00,0.000000000000000000e+00,0.000000000000000000e+00
0.000000000000000000e+00,0.000000000000000000e+00,0.000000000000000000e+00,0.000000000000000000e+00,4.081632653061224858e-03,0.000000000000000000e+00,8.163265306122449716e-03,3.061224489795918297e-02,7.632653061224490276e-01,9.591836734693877375e-02,4.285714285714285754e-02,2.448979591836734568e-02,1.632653061224489943e-02,1.224489795918367284e-02,2.040816326530612429e-03,0.000000000000000000e+00,0.000000000000000000e+00,0.000000000000000000e+00,0.000000000000000000e+00,0.000000000000000000e+00,0.000000000000000000e+00,0.000000000000000000e+00
0.000000000000000000e+00,0.000000000000000000e+00,1.094091903719912433e-03,0.000000000000000000e+00,2.188183807439824866e-03,2.188183807439824866e-03,3.282275711159737298e-03,6.564551422319474597e-03,5.579868708971553320e-02,7.746170678336979920e-01,9.190371991247264782e-02,4.157549234135667071e-02,1.312910284463894919e-02,4.376367614879649731e-03,1.094091903719912433e-03,1.094091903719912433e-03,0.000000000000000000e+00,0.000000000000000000e+00,0.000000000000000000e+00,0.000000000000000000e+00,1.094091903719912433e-03,0.000000000000000000e+00
0.000000000000000000e+00,5.605381165919282429e-04,0.000000000000000000e+00,5.605381165919282429e-04,0.000000000000000000e+00,1.121076233183856486e-03,3.923766816143497808e-03,5.044843049327354077e-03,1.401345291479820683e-02,4.932735426008968277e-02,8.049327354260089606e-01,9.080717488789237513e-02,1.793721973094170377e-02,8.408071748878923751e-03,3.363228699551569674e-03,0.000000000000000000e+00,0.000000000000000000e+00,0.000000000000000000e+00,0.000000000000000000e+00,0.000000000000000000e+00,0.000000000000000000e+00,0.000000000000000000e+00
4.349717268377555437e-04,0.000000000000000000e+00,0.000000000000000000e+00,1.739886907351022175e-03,0.000000000000000000e+00,8.699434536755110874e-04,1.304915180513266685e-03,2.174858634188777881e-03,7.394519356241844622e-03,1.435406698564593332e-02,7.742496737712048493e-02,8.299260548064375520e-01,5.611135276207046552e-02,7.829491083079599678e-03,0.000000000000000000e+00,4.349717268377555437e-04,0.000000000000000000e+00,0.000000000000000000e+00,0.000000000000000000e+00,0.000000000000000000e+00,0.000000000000000000e+00,0.000000000000000000e+00
6.711409395973154000e-04,0.000000000000000000e+00,0.000000000000000000e+00,1.342281879194630800e-03,0.000000000000000000e+00,1.342281879194630800e-03,1.342281879194630800e-03,3.355704697986577108e-03,5.369127516778523200e-03,1.543624161073825496e-02,3.020134228187919614e-02,9.127516778523489527e-02,8.026845637583892579e-01,4.161073825503355805e-02,4.697986577181207692e-03,0.000000000000000000e+00,0.000000000000000000e+00,6.711409395973154000e-04,0.000000000000000000e+00,0.000000000000000000e+00,0.000000000000000000e+00,0.000000000000000000e+00
0.000000000000000000e+00,0.000000000000000000e+00,0.000000000000000000e+00,2.797202797202797200e-03,0.000000000000000000e+00,1.398601398601398600e-03,2.797202797202797200e-03,0.000000000000000000e+00,1.398601398601398600e-03,1.398601398601398600e-02,2.797202797202797200e-02,3.356643356643356640e-02,9.230769230769231282e-02,7.874125874125874613e-01,3.496503496503496761e-02,1.398601398601398600e-03,0.000000000000000000e+00,0.000000000000000000e+00,0.000000000000000000e+00,0.000000000000000000e+00,0.000000000000000000e+00,0.000000000000000000e+00
0.000000000000000000e+00,0.000000000000000000e+00,0.000000000000000000e+00,0.000000000000000000e+00,3.571428571428571317e-03,3.571428571428571317e-03,0.000000000000000000e+00,0.000000000000000000e+00,7.142857142857142634e-03,3.571428571428571317e-03,3.571428571428571230e-02,1.428571428571428527e-02,3.214285714285713969e-02,1.035714285714285782e-01,7.678571428571429047e-01,1.785714285714285615e-02,7.142857142857142634e-03,3.571428571428571317e-03,0.000000000000000000e+00,0.000000000000000000e+00,0.000000000000000000e+00,0.000000000000000000e+00
0.000000000000000000e+00,0.000000000000000000e+00,0.000000000000000000e+00,0.000000000000000000e+00,0.000000000000000000e+00,0.000000000000000000e+00,1.538461538461538547e-02,1.538461538461538547e-02,0.000000000000000000e+00,0.000000000000000000e+00,0.000000000000000000e+00,1.538461538461538547e-02,0.000000000000000000e+00,3.076923076923077094e-02,1.384615384615384692e-01,7.384615384615385025e-01,4.615384615384615641e-02,0.000000000000000000e+00,0.000000000000000000e+00,0.000000000000000000e+00,0.000000000000000000e+00,0.000000000000000000e+00
0.000000000000000000e+00,0.000000000000000000e+00,0.000000000000000000e+00,0.000000000000000000e+00,0.000000000000000000e+00,0.000000000000000000e+00,0.000000000000000000e+00,0.000000000000000000e+00,0.000000000000000000e+00,0.000000000000000000e+00,0.000000000000000000e+00,0.000000000000000000e+00,0.000000000000000000e+00,0.000000000000000000e+00,0.000000000000000000e+00,1.578947368421052544e-01,5.263157894736841813e-01,1.578947368421052544e-01,1.052631578947368363e-01,5.263157894736841813e-02,0.000000000000000000e+00,0.000000000000000000e+00
0.000000000000000000e+00,0.000000000000000000e+00,0.000000000000000000e+00,0.000000000000000000e+00,0.000000000000000000e+00,0.000000000000000000e+00,0.000000000000000000e+00,0.000000000000000000e+00,0.000000000000000000e+00,0.000000000000000000e+00,0.000000000000000000e+00,5.882352941176470507e-02,0.000000000000000000e+00,0.000000000000000000e+00,5.882352941176470507e-02,5.882352941176470507e-02,1.764705882352941291e-01,4.117647058823529216e-01,5.882352941176470507e-02,5.882352941176470507e-02,5.882352941176470507e-02,5.882352941176470507e-02
0.000000000000000000e+00,0.000000000000000000e+00,0.000000000000000000e+00,0.000000000000000000e+00,0.000000000000000000e+00,0.000000000000000000e+00,0.000000000000000000e+00,0.000000000000000000e+00,0.000000000000000000e+00,4.000000000000000083e-02,0.000000000000000000e+00,0.000000000000000000e+00,0.000000000000000000e+00,0.000000000000000000e+00,0.000000000000000000e+00,0.000000000000000000e+00,4.000000000000000083e-02,8.000000000000000167e-02,5.999999999999999778e-01,8.000000000000000167e-02,1.600000000000000033e-01,0.000000000000000000e+00
0.000000000000000000e+00,0.000000000000000000e+00,0.000000000000000000e+00,0.000000000000000000e+00,0.000000000000000000e+00,0.000000000000000000e+00,0.000000000000000000e+00,0.000000000000000000e+00,0.000000000000000000e+00,0.000000000000000000e+00,0.000000000000000000e+00,0.000000000000000000e+00,0.000000000000000000e+00,0.000000000000000000e+00,0.000000000000000000e+00,1.250000000000000000e-01,0.000000000000000000e+00,1.250000000000000000e-01,1.250000000000000000e-01,3.750000000000000000e-01,2.500000000000000000e-01,0.000000000000000000e+00
0.000000000000000000e+00,0.000000000000000000e+00,0.000000000000000000e+00,0.000000000000000000e+00,0.000000000000000000e+00,0.000000000000000000e+00,0.000000000000000000e+00,0.000000000000000000e+00,0.000000000000000000e+00,0.000000000000000000e+00,0.000000000000000000e+00,0.000000000000000000e+00,0.000000000000000000e+00,0.000000000000000000e+00,0.000000000000000000e+00,0.000000000000000000e+00,0.000000000000000000e+00,0.000000000000000000e+00,5.000000000000000000e-01,8.333333333333332871e-02,2.500000000000000000e-01,1.666666666666666574e-01
0.000000000000000000e+00,0.000000000000000000e+00,0.000000000000000000e+00,0.000000000000000000e+00,0.000000000000000000e+00,0.000000000000000000e+00,0.000000000000000000e+00,0.000000000000000000e+00,0.000000000000000000e+00,0.000000000000000000e+00,0.000000000000000000e+00,0.000000000000000000e+00,0.000000000000000000e+00,0.000000000000000000e+00,0.000000000000000000e+00,0.000000000000000000e+00,0.000000000000000000e+00,0.000000000000000000e+00,0.000000000000000000e+00,0.000000000000000000e+00,1.600000000000000033e-01,8.399999999999999689e-01
