6.493055555555555802e-01,1.741898148148148251e-01,3.587962962962962937e-02,1.678240740740740908e-02,5.787037037037036716e-03,1.736111111111111015e-03,0.000000000000000000e+00,0.000000000000000000e+00,0.000000000000000000e+00,0.000000000000000000e+00,0.000000000000000000e+00,1.736111111111111015e-03,0.000000000000000000e+00,0.000000000000000000e+00,2.314814814814814686e-03,1.157407407407407343e-03,2.314814814814814686e-03,6.944444444444444059e-03,1.273148148148148077e-02,2.256944444444444406e-02,6.655092592592593004e-02
8.853681267474371175e-02,6.933830382106244139e-01,1.267474370922646865e-01,1.444547996272134253e-02,2.329916123019571111e-03,1.397949673811742840e-03,4.659832246039142438e-04,0.000000000000000000e+00,0.000000000000000000e+00,0.000000000000000000e+00,0.000000000000000000e+00,3.261882572227399815e-03,0.000000000000000000e+00,4.659832246039142438e-04,2.795899347623485680e-03,9.319664492078284877e-04,2.329916123019571111e-03,2.795899347623485680e-03,1.164958061509785599e-02,1.537744641192917081e-02,3.308480894687790969e-02
6.086341118188252214e-02,1.231422505307855630e-01,6.298655343241330584e-01,1.174805378627034741e-01,6.369426751592357008e-03,4.246284501061571050e-03,7.077140835102618778e-04,0.000000000000000000e+00,0.000000000000000000e+00,0.000000000000000000e+00,7.077140835102618778e-04,2.123142250530785525e-03,0.000000000000000000e+00,7.077140835102618778e-04,1.415428167020523756e-03,2.123142250530785525e-03,3.538570417551309064e-03,3.538570417551309064e-03,9.200283085633404953e-03,1.061571125265392719e-02,2.335456475583863947e-02
3.703703703703703498e-02,5.802469135802468952e-02,1.185185185185185230e-01,5.999999999999999778e-01,9.876543209876542662e-02,1.111111111111111154e-02,2.469135802469135752e-03,2.469135802469135752e-03,0.000000000000000000e+00,0.000000000000000000e+00,1.234567901234567876e-03,1.234567901234567876e-03,0.000000000000000000e+00,2.469135802469135752e-03,2.469135802469135752e-03,3.703703703703703845e-03,7.407407407407407690e-03,4.938271604938271504e-03,6.172839506172839164e-03,1.481481481481481538e-02,2.716049382716049371e-02
4.089219330855018569e-02,4.460966542750929159e-02,5.947955390334572212e-02,1.449814126394051994e-01,4.832713754646840165e-01,1.375464684014869876e-01,1.486988847583643053e-02,3.717472118959107633e-03,0.000000000000000000e+00,0.000000000000000000e+00,1.486988847583643053e-02,0.000000000000000000e+00,0.000000000000000000e+00,0.000000000000000000e+00,3.717472118959107633e-03,0.000000000000000000e+00,7.434944237918215265e-03,0.000000000000000000e+00,1.115241635687732290e-02,3.717472118959107633e-03,2.973977695167286106e-02
3.311258278145695622e-02,5.960264900662251564e-02,5.298013245033112578e-02,8.609271523178807506e-02,9.271523178807947185e-02,5.033112582781457123e-01,4.635761589403973593e-02,1.986754966887417304e-02,1.324503311258278145e-02,0.000000000000000000e+00,1.986754966887417304e-02,0.000000000000000000e+00,0.000000000000000000e+00,0.000000000000000000e+00,1.324503311258278145e-02,6.622516556291390723e-03,1.324503311258278145e-02,0.000000000000000000e+00,6.622516556291390723e-03,6.622516556291390723e-03,2.649006622516556289e-02
6.060606060606060774e-02,3.030303030303030387e-02,0.000000000000000000e+00,6.060606060606060774e-02,3.030303030303030387e-02,9.090909090909091161e-02,4.545454545454545303e-01,3.030303030303030387e-02,3.030303030303030387e-02,0.000000000000000000e+00,1.515151515151515194e-01,0.000000000000000000e+00,0.000000000000000000e+00,0.000000000000000000e+00,0.000000000000000000e+00,0.000000000000000000e+00,3.030303030303030387e-02,3.030303030303030387e-02,0.000000000000000000e+00,0.000000000000000000e+00,0.000000000000000000e+00
0.000000000000000000e+00,0.000000000000000000e+00,1.000000000000000056e-01,0.000000000000000000e+00,5.000000000000000278e-02,1.000000000000000056e-01,0.000000000000000000e+00,2.999999999999999889e-01,1.000000000000000056e-01,1.499999999999999944e-01,1.000000000000000056e-01,0.000000000000000000e+00,0.000000000000000000e+00,0.000000000000000000e+00,0.000000000000000000e+00,0.000000000000000000e+00,0.000000000000000000e+00,0.000000000000000000e+00,0.000000000000000000e+00,5.000000000000000278e-02,5.000000000000000278e-02
0.000000000000000000e+00,0.000000000000000000e+00,9.523809523809523281e-02,0.000000000000000000e+00,0.000000000000000000e+00,4.761904761904761640e-02,9.523809523809523281e-02,9.523809523809523281e-02,4.285714285714285476e-01,9.523809523809523281e-02,1.428571428571428492e-01,0.000000000000000000e+00,0.000000000000000000e+00,0.000000000000000000e+00,0.000000000000000000e+00,0.000000000000000000e+00,0.000000000000000000e+00,0.000000000000000000e+00,0.000000000000000000e+00,0.000000000000000000e+00,0.000000000000000000e+00
7.692307692307692735e-02,0.000000000000000000e+00,0.000000000000000000e+00,7.692307692307692735e-02,0.000000000000000000e+00,0.000000000000000000e+00,0.000000000000000000e+00,7.692307692307692735e-02,0.000000000000000000e+00,4.615384615384615641e-01,3.076923076923077094e-01,0.000000000000000000e+00,0.000000000000000000e+00,0.000000000000000000e+00,0.000000000000000000e+00,0.000000000000000000e+00,0.000000000000000000e+00,0.000000000000000000e+00,0.000000000000000000e+00,0.000000000000000000e+00,0.000000000000000000e+00
5.000000000000000278e-02,0.000000000000000000e+00,5.000000000000000278e-02,3.333333333333333287e-02,5.000000000000000278e-02,3.333333333333333287e-02,0.000000000000000000e+00,5.000000000000000278e-02,8.333333333333332871e-02,3.333333333333333287e-02,5.500000000000000444e-01,1.666666666666666644e-02,1.666666666666666644e-02,0.000000000000000000e+00,0.000000000000000000e+00,0.000000000000000000e+00,0.000000000000000000e+00,0.000000000000000000e+00,0.000000000000000000e+00,1.666666666666666644e-02,1.666666666666666644e-02
0.000000000000000000e+00,0.000000000000000000e+00,1.449275362318840597e-02,1.449275362318840597e-02,0.000000000000000000e+00,0.000000000000000000e+00,0.000000000000000000e+00,0.000000000000000000e+00,0.000000000000000000e+00,0.000000000000000000e+00,0.000000000000000000e+00,7.391304347826086474e-01,4.347826086956521618e-02,1.449275362318840597e-02,2.898550724637681195e-02,2.898550724637681195e-02,4.347826086956521618e-02,4.347826086956521618e-02,1.449275362318840597e-02,0.000000000000000000e+00,1.449275362318840597e-02
0.000000000000000000e+00,0.000000000000000000e+00,0.000000000000000000e+00,0.000000000000000000e+00,0.000000000000000000e+00,0.000000000000000000e+00,0.000000000000000000e+00,0.000000000000000000e+00,0.000000000000000000e+00,0.000000000000000000e+00,0.000000000000000000e+00,2.857142857142856984e-01,4.285714285714285476e-01,7.142857142857142461e-02,7.142857142857142461e-02,0.000000000000000000e+00,0.000000000000000000e+00,7.142857142857142461e-02,7.142857142857142461e-02,0.000000000000000000e+00,0.000000000000000000e+00
8.333333333333332871e-02,0.000000000000000000e+00,0.000000000000000000e+00,0.000000000000000000e+00,0.000000000000000000e+00,0.000000000000000000e+00,0.000000000000000000e+00,0.000000000000000000e+00,0.000000000000000000e+00,0.000000000000000000e+00,0.000000000000000000e+00,8.333333333333332871e-02,0.000000000000000000e+00,1.666666666666666574e-01,1.666666666666666574e-01,1.666666666666666574e-01,0.000000000000000000e+00,0.000000000000000000e+00,1.666666666666666574e-01,8.333333333333332871e-02,8.333333333333332871e-02
4.255319148936170109e-02,2.127659574468085055e-02,0.000000000000000000e+00,0.000000000000000000e+00,2.127659574468085055e-02,0.000000000000000000e+00,0.000000000000000000e+00,0.000000000000000000e+00,0.000000000000000000e+00,0.000000000000000000e+00,0.000000000000000000e+00,1.063829787234042562e-01,0.000000000000000000e+00,2.127659574468085055e-02,5.106382978723403854e-01,4.255319148936170109e-02,0.000000000000000000e+00,4.255319148936170109e-02,1.063829787234042562e-01,4.255319148936170109e-02,4.255319148936170109e-02
1.923076923076923184e-02,5.769230769230769551e-02,0.000000000000000000e+00,1.923076923076923184e-02,1.923076923076923184e-02,0.000000000000000000e+00,0.000000000000000000e+00,0.000000000000000000e+00,0.000000000000000000e+00,0.000000000000000000e+00,0.000000000000000000e+00,1.923076923076923184e-02,0.000000000000000000e+00,0.000000000000000000e+00,5.769230769230769551e-02,5.769230769230768718e-01,7.692307692307692735e-02,1.153846153846153910e-01,1.923076923076923184e-02,0.000000000000000000e+00,1.923076923076923184e-02
6.250000000000000000e-02,0.000000000000000000e+00,4.687500000000000000e-02,6.250000000000000000e-02,3.125000000000000000e-02,0.000000000000000000e+00,0.000000000000000000e+00,0.000000000000000000e+00,0.000000000000000000e+00,0.000000000000000000e+00,0.000000000000000000e+00,0.000000000000000000e+00,0.000000000000000000e+00,0.000000000000000000e+00,3.125000000000000000e-02,6.250000000000000000e-02,4.062500000000000000e-01,1.406250000000000000e-01,7.812500000000000000e-02,0.000000000000000000e+00,7.812500000000000000e-02
5.555555555555555247e-02,2.222222222222222307e-02,1.111111111111111154e-02,5.555555555555555768e-03,5.555555555555555768e-03,5.555555555555555768e-03,0.000000000000000000e+00,0.000000000000000000e+00,5.555555555555555768e-03,0.000000000000000000e+00,5.555555555555555768e-03,1.111111111111111154e-02,0.000000000000000000e+00,0.000000000000000000e+00,1.111111111111111154e-02,2.222222222222222307e-02,1.111111111111111154e-02,5.555555555555555802e-01,1.388888888888888951e-01,6.666666666666666574e-02,6.666666666666666574e-02
7.826086956521739746e-02,3.478260869565217434e-02,3.043478260869565341e-02,8.695652173913043584e-03,1.304347826086956451e-02,0.000000000000000000e+00,0.000000000000000000e+00,4.347826086956521792e-03,0.000000000000000000e+00,0.000000000000000000e+00,0.000000000000000000e+00,0.000000000000000000e+00,8.695652173913043584e-03,0.000000000000000000e+00,1.304347826086956451e-02,8.695652173913043584e-03,2.173913043478260809e-02,6.956521739130434867e-02,4.826086956521739024e-01,1.434782608695652217e-01,8.260869565217390798e-02
1.152815013404825673e-01,4.021447721179624568e-02,2.949061662198391304e-02,2.949061662198391304e-02,2.680965147453083161e-03,2.680965147453083161e-03,2.680965147453083161e-03,0.000000000000000000e+00,0.000000000000000000e+00,0.000000000000000000e+00,0.000000000000000000e+00,0.000000000000000000e+00,0.000000000000000000e+00,5.361930294906166322e-03,8.042895442359249483e-03,0.000000000000000000e+00,5.361930294906166322e-03,2.680965147453083161e-02,4.289544235924933058e-02,5.067024128686327122e-01,1.823056300268096619e-01
1.817168338907469427e-01,7.469342251950947253e-02,3.344481605351170422e-02,1.449275362318840597e-02,4.459308807134894012e-03,4.459308807134894012e-03,1.114827201783723503e-03,1.114827201783723503e-03,0.000000000000000000e+00,0.000000000000000000e+00,0.000000000000000000e+00,0.000000000000000000e+00,0.000000000000000000e+00,2.229654403567447006e-03,1.114827201783723503e-03,2.229654403567447006e-03,4.459308807134894012e-03,7.803790412486064955e-03,2.341137123745819226e-02,5.351170568561872815e-02,5.897435897435897578e-01
