6.393442622950820109e-01,9.836065573770491621e-02,4.918032786885245811e-02,3.278688524590164105e-02,4.918032786885245811e-02,1.639344262295082053e-02,0.000000000000000000e+00,3.278688524590164105e-02,1.639344262295082053e-02,0.000000000000000000e+00,1.639344262295082053e-02,0.000000000000000000e+00,3.278688524590164105e-02,0.000000000000000000e+00,0.000000000000000000e+00,0.000000000000000000e+00,1.639344262295082053e-02,0.000000000000000000e+00,0.000000000000000000e+00,0.000000000000000000e+00,0.000000000000000000e+00,0.000000000000000000e+00
1.666666666666666574e-01,2.666666666666666630e-01,1.333333333333333315e-01,1.333333333333333315e-01,0.000000000000000000e+00,0.000000000000000000e+00,1.000000000000000056e-01,3.333333333333333287e-02,3.333333333333333287e-02,6.666666666666666574e-02,3.333333333333333287e-02,0.000000000000000000e+00,0.000000000000000000e+00,0.000000000000000000e+00,0.000000000000000000e+00,0.000000000000000000e+00,0.000000000000000000e+00,3.333333333333333287e-02,0.000000000000000000e+00,0.000000000000000000e+00,0.000000000000000000e+00,0.000000000000000000e+00
9.090909090909091161e-02,6.818181818181817677e-02,4.545454545454545303e-01,1.136363636363636326e-01,0.000000000000000000e+00,0.000000000000000000e+00,4.545454545454545581e-02,6.818181818181817677e-02,2.272727272727272790e-02,2.272727272727272790e-02,2.272727272727272790e-02,4.545454545454545581e-02,0.000000000000000000e+00,0.000000000000000000e+00,4.545454545454545581e-02,0.000000000000000000e+00,0.000000000000000000e+00,0.000000000000000000e+00,0.000000000000000000e+00,0.000000000000000000e+00,0.000000000000000000e+00,0.000000000000000000e+00
1.562500000000000000e-02,0.000000000000000000e+00,6.250000000000000000e-02,5.468750000000000000e-01,3.125000000000000000e-02,3.125000000000000000e-02,7.812500000000000000e-02,6.250000000000000000e-02,1.562500000000000000e-02,3.125000000000000000e-02,6.250000000000000000e-02,0.000000000000000000e+00,4.687500000000000000e-02,0.000000000000000000e+00,1.562500000000000000e-02,0.000000000000000000e+00,0.000000000000000000e+00,0.000000000000000000e+00,0.000000000000000000e+00,0.000000000000000000e+00,0.000000000000000000e+00,0.000000000000000000e+00
1.923076923076923184e-02,1.923076923076923184e-02,0.000000000000000000e+00,2.884615384615384776e-02,6.923076923076922906e-01,7.692307692307692735e-02,1.923076923076923184e-02,1.923076923076923184e-02,2.884615384615384776e-02,1.923076923076923184e-02,2.884615384615384776e-02,0.000000000000000000e+00,2.884615384615384776e-02,9.615384615384615918e-03,0.000000000000000000e+00,0.000000000000000000e+00,9.615384615384615918e-03,0.000000000000000000e+00,0.000000000000000000e+00,0.000000000000000000e+00,0.000000000000000000e+00,0.000000000000000000e+00
0.000000000000000000e+00,0.000000000000000000e+00,8.403361344537814762e-03,2.521008403361344602e-02,5.042016806722689204e-02,6.890756302521008347e-01,7.563025210084033112e-02,5.042016806722689204e-02,3.361344537815125905e-02,2.521008403361344602e-02,2.521008403361344602e-02,8.403361344537814762e-03,0.000000000000000000e+00,0.000000000000000000e+00,0.000000000000000000e+00,0.000000000000000000e+00,8.403361344537814762e-03,0.000000000000000000e+00,0.000000000000000000e+00,0.000000000000000000e+00,0.000000000000000000e+00,0.000000000000000000e+00
0.000000000000000000e+00,5.555555555555555768e-03,5.555555555555555768e-03,5.555555555555555768e-03,1.111111111111111154e-02,5.000000000000000278e-02,6.222222222222222321e-01,1.111111111111111049e-01,5.555555555555555247e-02,3.888888888888888951e-02,4.444444444444444614e-02,2.222222222222222307e-02,1.111111111111111154e-02,0.000000000000000000e+00,5.555555555555555768e-03,5.555555555555555768e-03,0.000000000000000000e+00,0.000000000000000000e+00,5.555555555555555768e-03,0.000000000000000000e+00,0.000000000000000000e+00,0.000000000000000000e+00
3.846153846153846367e-03,3.846153846153846367e-03,7.692307692307692735e-03,1.153846153846153910e-02,1.153846153846153910e-02,2.307692307692307820e-02,6.923076923076923461e-02,5.846153846153846478e-01,1.115384615384615447e-01,5.000000000000000278e-02,4.230769230769231004e-02,3.846153846153846367e-02,2.692307692307692457e-02,3.846153846153846367e-03,3.846153846153846367e-03,7.692307692307692735e-03,0.000000000000000000e+00,0.000000000000000000e+00,0.000000000000000000e+00,0.000000000000000000e+00,0.000000000000000000e+00,0.000000000000000000e+00
4.184100418410041482e-03,2.092050209205020741e-03,0.000000000000000000e+00,4.184100418410041482e-03,2.092050209205020741e-03,1.046025104602510414e-02,1.882845188284518884e-02,7.740585774058576785e-02,6.359832635983263538e-01,1.380753138075313802e-01,4.811715481171548181e-02,3.974895397489539711e-02,1.255230125523012531e-02,2.092050209205020741e-03,2.092050209205020741e-03,2.092050209205020741e-03,0.000000000000000000e+00,0.000000000000000000e+00,0.000000000000000000e+00,0.000000000000000000e+00,0.000000000000000000e+00,0.000000000000000000e+00
1.189060642092746624e-03,2.378121284185493248e-03,2.378121284185493248e-03,1.189060642092746624e-03,3.567181926278240305e-03,3.567181926278240305e-03,4.756242568370986495e-03,1.902497027348394598e-02,1.034482758620689641e-01,6.349583828775267058e-01,1.652794292508917851e-01,3.210463733650416318e-02,1.307966706302021373e-02,8.323424494649227234e-03,0.000000000000000000e+00,2.378121284185493248e-03,0.000000000000000000e+00,0.000000000000000000e+00,0.000000000000000000e+00,0.000000000000000000e+00,0.000000000000000000e+00,2.378121284185493248e-03
5.154639175257732077e-04,1.030927835051546415e-03,1.546391752577319515e-03,0.000000000000000000e+00,1.546391752577319515e-03,2.577319587628865930e-03,2.061855670103092831e-03,3.092783505154639030e-03,1.185567010309278302e-02,9.845360824742267758e-02,7.556701030927834850e-01,1.061855670103092758e-01,1.237113402061855612e-02,2.061855670103092831e-03,1.030927835051546415e-03,0.000000000000000000e+00,0.000000000000000000e+00,0.000000000000000000e+00,0.000000000000000000e+00,0.000000000000000000e+00,0.000000000000000000e+00,0.000000000000000000e+00
0.000000000000000000e+00,9.940357852882702756e-04,0.000000000000000000e+00,1.988071570576540551e-03,9.940357852882702756e-04,4.970178926441351378e-04,1.491053677932405522e-03,3.479125248508946507e-03,5.467196819085487491e-03,9.940357852882704057e-03,1.217693836978131217e-01,7.564612326043738122e-01,7.902584493041749092e-02,7.455268389662027609e-03,3.976143141153081102e-03,1.988071570576540551e-03,4.970178926441351378e-04,9.940357852882702756e-04,0.000000000000000000e+00,0.000000000000000000e+00,0.000000000000000000e+00,2.982107355864811044e-03
7.468259895444361984e-04,0.000000000000000000e+00,0.000000000000000000e+00,2.987303958177744793e-03,2.987303958177744793e-03,7.468259895444361984e-04,1.493651979088872397e-03,1.493651979088872397e-03,2.987303958177744793e-03,4.480955937266616756e-03,1.194921583271097917e-02,1.598207617625093391e-01,7.311426437640029530e-01,6.123973114264376350e-02,1.194921583271097917e-02,1.493651979088872397e-03,2.240477968633308378e-03,0.000000000000000000e+00,0.000000000000000000e+00,0.000000000000000000e+00,0.000000000000000000e+00,2.240477968633308378e-03
0.000000000000000000e+00,0.000000000000000000e+00,0.000000000000000000e+00,0.000000000000000000e+00,0.000000000000000000e+00,0.000000000000000000e+00,1.953125000000000000e-03,7.812500000000000000e-03,5.859375000000000000e-03,3.906250000000000000e-03,7.812500000000000000e-03,2.539062500000000000e-02,2.304687500000000000e-01,6.210937500000000000e-01,6.835937500000000000e-02,1.171875000000000000e-02,1.953125000000000000e-03,1.953125000000000000e-03,0.000000000000000000e+00,3.906250000000000000e-03,0.000000000000000000e+00,7.812500000000000000e-03
0.000000000000000000e+00,0.000000000000000000e+00,5.988023952095808747e-03,0.000000000000000000e+00,0.000000000000000000e+00,0.000000000000000000e+00,8.982035928143712253e-03,0.000000000000000000e+00,0.000000000000000000e+00,8.982035928143712253e-03,1.197604790419161749e-02,5.988023952095808747e-03,3.592814371257484901e-02,1.796407185628742520e-01,6.437125748502994238e-01,6.287425149700598404e-02,2.395209580838323499e-02,2.994011976047904373e-03,2.994011976047904373e-03,0.000000000000000000e+00,2.994011976047904373e-03,2.994011976047904373e-03
6.993006993006993001e-03,0.000000000000000000e+00,0.000000000000000000e+00,0.000000000000000000e+00,0.000000000000000000e+00,0.000000000000000000e+00,0.000000000000000000e+00,1.398601398601398600e-02,1.398601398601398600e-02,2.797202797202797200e-02,1.398601398601398600e-02,6.993006993006993001e-03,4.895104895104895187e-02,3.496503496503496761e-02,2.167832167832167700e-01,5.454545454545454142e-01,3.496503496503496761e-02,6.993006993006993001e-03,1.398601398601398600e-02,0.000000000000000000e+00,0.000000000000000000e+00,1.398601398601398600e-02
0.000000000000000000e+00,0.000000000000000000e+00,0.000000000000000000e+00,0.000000000000000000e+00,0.000000000000000000e+00,0.000000000000000000e+00,0.000000000000000000e+00,0.000000000000000000e+00,0.000000000000000000e+00,0.000000000000000000e+00,2.380952380952380820e-02,0.000000000000000000e+00,9.523809523809523281e-02,4.761904761904761640e-02,1.666666666666666574e-01,2.142857142857142738e-01,3.095238095238095344e-01,9.523809523809523281e-02,0.000000000000000000e+00,0.000000000000000000e+00,0.000000000000000000e+00,4.761904761904761640e-02
0.000000000000000000e+00,0.000000000000000000e+00,0.000000000000000000e+00,0.000000000000000000e+00,0.000000000000000000e+00,0.000000000000000000e+00,0.000000000000000000e+00,0.000000000000000000e+00,0.000000000000000000e+00,0.000000000000000000e+00,0.000000000000000000e+00,3.703703703703703498e-02,0.000000000000000000e+00,0.000000000000000000e+00,7.407407407407406996e-02,7.407407407407406996e-02,1.851851851851851749e-01,4.444444444444444198e-01,1.111111111111111049e-01,0.000000000000000000e+00,0.000000000000000000e+00,7.407407407407406996e-02
0.000000000000000000e+00,0.000000000000000000e+00,0.000000000000000000e+00,0.000000000000000000e+00,0.000000000000000000e+00,0.000000000000000000e+00,0.000000000000000000e+00,1.052631578947368363e-01,5.263157894736841813e-02,0.000000000000000000e+00,5.263157894736841813e-02,0.000000000000000000e+00,5.263157894736841813e-02,0.000000000000000000e+00,1.578947368421052544e-01,0.000000000000000000e+00,5.263157894736841813e-02,1.578947368421052544e-01,3.157894736842105088e-01,0.000000000000000000e+00,5.263157894736841813e-02,0.000000000000000000e+00
0.000000000000000000e+00,0.000000000000000000e+00,0.000000000000000000e+00,0.000000000000000000e+00,0.000000000000000000e+00,0.000000000000000000e+00,0.000000000000000000e+00,0.000000000000000000e+00,0.000000000000000000e+00,0.000000000000000000e+00,0.000000000000000000e+00,0.000000000000000000e+00,0.000000000000000000e+00,0.000000000000000000e+00,0.000000000000000000e+00,5.000000000000000000e-01,0.000000000000000000e+00,0.000000000000000000e+00,0.000000000000000000e+00,0.000000000000000000e+00,5.000000000000000000e-01,0.000000000000000000e+00
0.000000000000000000e+00,0.000000000000000000e+00,0.000000000000000000e+00,0.000000000000000000e+00,0.000000000000000000e+00,0.000000000000000000e+00,0.000000000000000000e+00,0.000000000000000000e+00,0.000000000000000000e+00,0.000000000000000000e+00,0.000000000000000000e+00,0.000000000000000000e+00,0.000000000000000000e+00,1.666666666666666574e-01,0.000000000000000000e+00,1.666666666666666574e-01,0.000000000000000000e+00,1.666666666666666574e-01,1.666666666666666574e-01,1.666666666666666574e-01,1.666666666666666574e-01,0.000000000000000000e+00
0.000000000000000000e+00,0.000000000000000000e+00,0.000000000000000000e+00,0.000000000000000000e+00,0.000000000000000000e+00,0.000000000000000000e+00,0.000000000000000000e+00,0.000000000000000000e+00,0.000000000000000000e+00,0.000000000000000000e+00,0.000000000000000000e+00,2.222222222222222307e-02,2.222222222222222307e-02,0.000000000000000000e+00,6.666666666666666574e-02,6.666666666666666574e-02,1.111111111111111049e-01,4.444444444444444614e-02,6.666666666666666574e-02,0.000000000000000000e+00,2.222222222222222307e-02,5.777777777777777235e-01
