8.108108108108108558e-01,3.378378378378378566e-02,6.756756756756757132e-03,2.702702702702702853e-02,2.027027027027027140e-02,1.351351351351351426e-02,1.351351351351351426e-02,6.756756756756757132e-03,1.351351351351351426e-02,6.756756756756757132e-03,6.756756756756757132e-03,6.756756756756757132e-03,0.000000000000000000e+00,1.351351351351351426e-02,6.756756756756757132e-03,0.000000000000000000e+00,0.000000000000000000e+00,0.000000000000000000e+00,0.000000000000000000e+00,0.000000000000000000e+00,0.000000000000000000e+00,1.351351351351351426e-02
9.090909090909091161e-02,6.727272727272727293e-01,1.090909090909090856e-01,0.000000000000000000e+00,1.818181818181818094e-02,3.636363636363636187e-02,1.818181818181818094e-02,0.000000000000000000e+00,0.000000000000000000e+00,0.000000000000000000e+00,0.000000000000000000e+00,1.818181818181818094e-02,1.818181818181818094e-02,0.000000000000000000e+00,0.000000000000000000e+00,0.000000000000000000e+00,0.000000000000000000e+00,0.000000000000000000e+00,0.000000000000000000e+00,0.000000000000000000e+00,0.000000000000000000e+00,1.818181818181818094e-02
3.773584905660377214e-02,1.886792452830188607e-02,7.452830188679244738e-01,8.490566037735848559e-02,3.773584905660377214e-02,1.886792452830188607e-02,9.433962264150943036e-03,0.000000000000000000e+00,0.000000000000000000e+00,9.433962264150943036e-03,0.000000000000000000e+00,9.433962264150943036e-03,1.886792452830188607e-02,0.000000000000000000e+00,0.000000000000000000e+00,9.433962264150943036e-03,0.000000000000000000e+00,0.000000000000000000e+00,0.000000000000000000e+00,0.000000000000000000e+00,0.000000000000000000e+00,0.000000000000000000e+00
2.857142857142857054e-02,1.428571428571428527e-02,6.428571428571427937e-02,6.142857142857143238e-01,1.142857142857142821e-01,1.428571428571428527e-02,2.142857142857142877e-02,6.428571428571427937e-02,1.428571428571428527e-02,1.428571428571428527e-02,7.142857142857142634e-03,2.142857142857142877e-02,0.000000000000000000e+00,0.000000000000000000e+00,0.000000000000000000e+00,0.000000000000000000e+00,0.000000000000000000e+00,0.000000000000000000e+00,0.000000000000000000e+00,0.000000000000000000e+00,0.000000000000000000e+00,7.142857142857142634e-03
2.857142857142857054e-02,0.000000000000000000e+00,2.857142857142857054e-02,1.142857142857142821e-01,5.714285714285713969e-01,6.428571428571427937e-02,2.857142857142857054e-02,3.571428571428571230e-02,2.142857142857142877e-02,2.142857142857142877e-02,7.142857142857142634e-03,1.428571428571428527e-02,7.142857142857142634e-03,2.142857142857142877e-02,1.428571428571428527e-02,0.000000000000000000e+00,1.428571428571428527e-02,0.000000000000000000e+00,0.000000000000000000e+00,0.000000000000000000e+00,0.000000000000000000e+00,7.142857142857142634e-03
5.494505494505494934e-03,0.000000000000000000e+00,0.000000000000000000e+00,2.197802197802197974e-02,4.945054945054944834e-02,7.527472527472527375e-01,8.791208791208791895e-02,5.494505494505494934e-03,4.945054945054944834e-02,1.098901098901098987e-02,0.000000000000000000e+00,1.098901098901098987e-02,0.000000000000000000e+00,0.000000000000000000e+00,0.000000000000000000e+00,5.494505494505494934e-03,0.000000000000000000e+00,0.000000000000000000e+00,0.000000000000000000e+00,0.000000000000000000e+00,0.000000000000000000e+00,0.000000000000000000e+00
5.555555555555555768e-03,5.555555555555555768e-03,5.555555555555555768e-03,1.111111111111111154e-02,2.777777777777777624e-02,1.111111111111111049e-01,5.500000000000000444e-01,1.666666666666666574e-01,2.222222222222222307e-02,1.111111111111111154e-02,3.333333333333333287e-02,1.111111111111111154e-02,1.666666666666666644e-02,0.000000000000000000e+00,5.555555555555555768e-03,0.000000000000000000e+00,5.555555555555555768e-03,5.555555555555555768e-03,0.000000000000000000e+00,0.000000000000000000e+00,0.000000000000000000e+00,5.555555555555555768e-03
4.395604395604395601e-03,0.000000000000000000e+00,0.000000000000000000e+00,1.758241758241758240e-02,1.098901098901098987e-02,8.791208791208791201e-03,6.813186813186812574e-02,6.593406593406593297e-01,1.494505494505494470e-01,4.175824175824175560e-02,1.758241758241758240e-02,6.593406593406593401e-03,4.395604395604395601e-03,2.197802197802197800e-03,0.000000000000000000e+00,0.000000000000000000e+00,0.000000000000000000e+00,0.000000000000000000e+00,2.197802197802197800e-03,0.000000000000000000e+00,0.000000000000000000e+00,6.593406593406593401e-03
0.000000000000000000e+00,1.998001998001998000e-03,0.000000000000000000e+00,9.990009990009990001e-04,1.998001998001998000e-03,3.996003996003996001e-03,5.994005994005994001e-03,7.792207792207792028e-02,7.572427572427572473e-01,1.028971028971028961e-01,1.698301698301698387e-02,9.990009990009990001e-03,6.993006993006993001e-03,1.998001998001998000e-03,0.000000000000000000e+00,9.990009990009990001e-04,0.000000000000000000e+00,1.998001998001998000e-03,9.990009990009990001e-04,9.990009990009990001e-04,0.000000000000000000e+00,5.994005994005994001e-03
1.452432824981844586e-03,7.262164124909222928e-04,7.262164124909222928e-04,1.452432824981844586e-03,1.452432824981844586e-03,0.000000000000000000e+00,1.452432824981844586e-03,9.440813362381990023e-03,7.625272331154683836e-02,7.480029048656499091e-01,1.031227305737109634e-01,2.106027596223674497e-02,1.379811183732752335e-02,3.631082062454611681e-03,2.178649237472767095e-03,7.262164124909222928e-04,1.452432824981844586e-03,7.262164124909222928e-04,7.262164124909222928e-04,2.178649237472767095e-03,0.000000000000000000e+00,9.440813362381990023e-03
0.000000000000000000e+00,7.587253414264036669e-04,7.587253414264036669e-04,2.276176024279211001e-03,3.793626707132018334e-03,0.000000000000000000e+00,3.793626707132018334e-03,4.552352048558422001e-03,1.213960546282245867e-02,1.183611532625189616e-01,7.132018209408194087e-01,9.711684370257966936e-02,1.138088012139605414e-02,9.863429438543246802e-03,2.276176024279211001e-03,3.793626707132018334e-03,1.517450682852807334e-03,1.517450682852807334e-03,7.587253414264036669e-04,0.000000000000000000e+00,2.276176024279211001e-03,9.863429438543246802e-03
1.962708537782139207e-03,0.000000000000000000e+00,1.962708537782139207e-03,1.962708537782139207e-03,0.000000000000000000e+00,1.962708537782139207e-03,0.000000000000000000e+00,3.925417075564278414e-03,6.869479882237487442e-03,2.747791952894994977e-02,1.265947006869479752e-01,6.840039254170755534e-01,8.243375858684985624e-02,2.060843964671246406e-02,1.079489695780176672e-02,5.888125613346418055e-03,3.925417075564278414e-03,1.962708537782139207e-03,4.906771344455348668e-03,1.962708537782139207e-03,0.000000000000000000e+00,1.079489695780176672e-02
0.000000000000000000e+00,0.000000000000000000e+00,1.243781094527363160e-03,2.487562189054726321e-03,1.243781094527363160e-03,1.243781094527363160e-03,2.487562189054726321e-03,1.243781094527363160e-03,3.731343283582089481e-03,1.741293532338308511e-02,3.731343283582089221e-02,1.082089552238805902e-01,6.542288557213929989e-01,1.106965174129353191e-01,1.741293532338308511e-02,1.243781094527363247e-02,4.975124378109452641e-03,2.487562189054726321e-03,0.000000000000000000e+00,4.975124378109452641e-03,0.000000000000000000e+00,1.616915422885572065e-02
3.294892915980230687e-03,0.000000000000000000e+00,0.000000000000000000e+00,0.000000000000000000e+00,1.647446457990115343e-03,0.000000000000000000e+00,1.647446457990115343e-03,4.942339373970345597e-03,0.000000000000000000e+00,1.812191103789126748e-02,1.976935749588138239e-02,3.459637561779242004e-02,1.285008237232289907e-01,6.425041186161449813e-01,8.072487644151564445e-02,2.141680395387150077e-02,1.482701812191103766e-02,9.884678747940691193e-03,0.000000000000000000e+00,1.647446457990115343e-03,3.294892915980230687e-03,1.317957166392092275e-02
3.571428571428571317e-03,0.000000000000000000e+00,0.000000000000000000e+00,0.000000000000000000e+00,1.428571428571428527e-02,3.571428571428571317e-03,3.571428571428571317e-03,0.000000000000000000e+00,0.000000000000000000e+00,3.571428571428571317e-03,3.571428571428571230e-02,5.000000000000000278e-02,7.499999999999999722e-02,1.357142857142857040e-01,4.928571428571428825e-01,8.928571428571428770e-02,1.428571428571428527e-02,2.142857142857142877e-02,3.571428571428571317e-03,1.428571428571428527e-02,7.142857142857142634e-03,3.214285714285713969e-02
0.000000000000000000e+00,0.000000000000000000e+00,0.000000000000000000e+00,5.813953488372092943e-03,0.000000000000000000e+00,5.813953488372092943e-03,5.813953488372092943e-03,5.813953488372092943e-03,1.744186046511627883e-02,1.162790697674418589e-02,2.325581395348837177e-02,5.232558139534883995e-02,8.139534883720930813e-02,9.883720930232557655e-02,1.279069767441860517e-01,3.662790697674418450e-01,6.976744186046511531e-02,3.488372093023255766e-02,2.325581395348837177e-02,3.488372093023255766e-02,1.162790697674418589e-02,2.325581395348837177e-02
1.010101010101010187e-02,0.000000000000000000e+00,0.000000000000000000e+00,0.000000000000000000e+00,1.010101010101010187e-02,0.000000000000000000e+00,2.020202020202020374e-02,0.000000000000000000e+00,1.010101010101010187e-02,1.010101010101010187e-02,3.030303030303030387e-02,3.030303030303030387e-02,4.040404040404040747e-02,8.080808080808081495e-02,1.010101010101010083e-01,2.121212121212121271e-01,2.929292929292929282e-01,6.060606060606060774e-02,2.020202020202020374e-02,1.010101010101010187e-02,1.010101010101010187e-02,5.050505050505050414e-02
0.000000000000000000e+00,0.000000000000000000e+00,0.000000000000000000e+00,0.000000000000000000e+00,0.000000000000000000e+00,0.000000000000000000e+00,0.000000000000000000e+00,1.219512195121951262e-02,0.000000000000000000e+00,0.000000000000000000e+00,2.439024390243902524e-02,2.439024390243902524e-02,3.658536585365853439e-02,2.439024390243902524e-02,4.878048780487805047e-02,9.756097560975610095e-02,1.341463414634146423e-01,3.780487804878048808e-01,1.097560975609756101e-01,2.439024390243902524e-02,0.000000000000000000e+00,8.536585365853659180e-02
0.000000000000000000e+00,0.000000000000000000e+00,0.000000000000000000e+00,0.000000000000000000e+00,0.000000000000000000e+00,0.000000000000000000e+00,0.000000000000000000e+00,0.000000000000000000e+00,3.278688524590164105e-02,3.278688524590164105e-02,0.000000000000000000e+00,0.000000000000000000e+00,4.918032786885245811e-02,8.196721311475409222e-02,1.639344262295082053e-02,1.639344262295082053e-02,9.836065573770491621e-02,9.836065573770491621e-02,3.934426229508196649e-01,9.836065573770491621e-02,0.000000000000000000e+00,8.196721311475409222e-02
1.538461538461538547e-02,0.000000000000000000e+00,0.000000000000000000e+00,0.000000000000000000e+00,0.000000000000000000e+00,0.000000000000000000e+00,0.000000000000000000e+00,0.000000000000000000e+00,0.000000000000000000e+00,6.153846153846154188e-02,3.076923076923077094e-02,3.076923076923077094e-02,0.000000000000000000e+00,1.538461538461538547e-02,4.615384615384615641e-02,4.615384615384615641e-02,4.615384615384615641e-02,7.692307692307692735e-02,4.615384615384615641e-02,2.769230769230769384e-01,3.076923076923077094e-02,2.769230769230769384e-01
3.571428571428571230e-02,0.000000000000000000e+00,0.000000000000000000e+00,0.000000000000000000e+00,0.000000000000000000e+00,0.000000000000000000e+00,0.000000000000000000e+00,0.000000000000000000e+00,0.000000000000000000e+00,0.000000000000000000e+00,0.000000000000000000e+00,3.571428571428571230e-02,0.000000000000000000e+00,3.571428571428571230e-02,0.000000000000000000e+00,3.571428571428571230e-02,7.142857142857142461e-02,7.142857142857142461e-02,7.142857142857142461e-02,7.142857142857142461e-02,3.214285714285714524e-01,2.500000000000000000e-01
3.533568904593639530e-03,0.000000000000000000e+00,0.000000000000000000e+00,0.000000000000000000e+00,0.000000000000000000e+00,0.000000000000000000e+00,0.000000000000000000e+00,1.060070671378091946e-02,1.413427561837455812e-02,7.067137809187279060e-03,2.120141342756183891e-02,3.533568904593639703e-02,4.593639575971731476e-02,3.886925795053003396e-02,4.946996466431095169e-02,3.886925795053003396e-02,5.653710247349823248e-02,1.766784452296819852e-02,2.826855123674911624e-02,4.946996466431095169e-02,3.180212014134275317e-02,5.512367491166078048e-01
