7.805232558139535426e-01,7.509689922480619617e-02,1.259689922480620138e-02,7.267441860465116178e-03,3.391472868217054216e-03,9.689922480620154904e-04,1.453488372093023236e-03,9.689922480620154904e-04,9.689922480620154904e-04,4.844961240310077452e-04,4.360465116279069707e-03,4.844961240310077452e-04,0.000000000000000000e+00,0.000000000000000000e+00,9.689922480620154904e-04,2.906976744186046471e-03,1.453488372093023236e-03,4.844961240310077452e-04,1.937984496124030981e-03,1.162790697674418589e-02,9.205426356589146986e-02
1.339410939691444702e-01,7.244039270687236964e-01,6.872370266479663203e-02,1.893408134642356189e-02,7.713884992987377065e-03,3.506311360448807757e-03,7.012622720897615514e-04,7.012622720897615514e-04,0.000000000000000000e+00,0.000000000000000000e+00,7.012622720897615514e-03,2.103786816269284654e-03,7.012622720897615514e-04,3.506311360448807757e-03,7.012622720897615514e-04,7.012622720897615514e-04,0.000000000000000000e+00,2.103786816269284654e-03,4.908835904628330860e-03,5.610098176718092411e-03,1.402524544179523103e-02
3.010471204188481728e-02,1.596858638743455516e-01,6.714659685863874072e-01,7.853403141361256501e-02,1.308900523560209417e-02,1.047120418848167603e-02,6.544502617801047084e-03,1.308900523560209504e-03,0.000000000000000000e+00,1.308900523560209504e-03,3.926701570680628077e-03,0.000000000000000000e+00,1.308900523560209504e-03,0.000000000000000000e+00,1.308900523560209504e-03,0.000000000000000000e+00,0.000000000000000000e+00,3.926701570680628077e-03,2.617801047120419007e-03,2.617801047120419007e-03,1.178010471204188510e-02
2.321428571428571508e-02,5.178571428571428908e-02,1.339285714285714246e-01,6.607142857142856984e-01,6.607142857142857262e-02,1.250000000000000069e-02,1.428571428571428527e-02,1.785714285714285659e-03,3.571428571428571317e-03,5.357142857142857192e-03,5.357142857142857192e-03,0.000000000000000000e+00,0.000000000000000000e+00,1.785714285714285659e-03,3.571428571428571317e-03,0.000000000000000000e+00,0.000000000000000000e+00,3.571428571428571317e-03,0.000000000000000000e+00,1.785714285714285659e-03,1.071428571428571438e-02
1.935483870967742021e-02,5.161290322580645157e-02,3.548387096774193589e-02,1.645161290322580683e-01,5.580645161290322953e-01,8.709677419354838745e-02,1.290322580645161289e-02,9.677419354838710103e-03,9.677419354838710103e-03,0.000000000000000000e+00,2.903225806451613031e-02,0.000000000000000000e+00,0.000000000000000000e+00,3.225806451612903223e-03,0.000000000000000000e+00,0.000000000000000000e+00,0.000000000000000000e+00,3.225806451612903223e-03,6.451612903225806446e-03,3.225806451612903223e-03,6.451612903225806446e-03
5.291005291005290712e-03,3.174603174603174427e-02,3.703703703703703498e-02,6.878306878306877925e-02,1.534391534391534306e-01,5.343915343915344174e-01,6.349206349206348854e-02,2.645502645502645356e-02,2.645502645502645356e-02,5.291005291005290712e-03,2.645502645502645356e-02,5.291005291005290712e-03,0.000000000000000000e+00,0.000000000000000000e+00,0.000000000000000000e+00,0.000000000000000000e+00,0.000000000000000000e+00,0.000000000000000000e+00,0.000000000000000000e+00,5.291005291005290712e-03,1.058201058201058142e-02
1.136363636363636395e-02,0.000000000000000000e+00,4.545454545454545581e-02,5.681818181818181629e-02,7.954545454545454419e-02,1.818181818181818232e-01,3.636363636363636465e-01,7.954545454545454419e-02,3.409090909090908839e-02,2.272727272727272790e-02,9.090909090909091161e-02,1.136363636363636395e-02,0.000000000000000000e+00,0.000000000000000000e+00,0.000000000000000000e+00,0.000000000000000000e+00,0.000000000000000000e+00,0.000000000000000000e+00,0.000000000000000000e+00,0.000000000000000000e+00,2.272727272727272790e-02
2.040816326530612082e-02,2.040816326530612082e-02,2.040816326530612082e-02,4.081632653061224164e-02,1.428571428571428492e-01,1.428571428571428492e-01,8.163265306122448328e-02,3.265306122448979331e-01,6.122448979591836593e-02,6.122448979591836593e-02,4.081632653061224164e-02,2.040816326530612082e-02,0.000000000000000000e+00,0.000000000000000000e+00,0.000000000000000000e+00,0.000000000000000000e+00,0.000000000000000000e+00,0.000000000000000000e+00,0.000000000000000000e+00,0.000000000000000000e+00,2.040816326530612082e-02
3.125000000000000000e-02,0.000000000000000000e+00,3.125000000000000000e-02,9.375000000000000000e-02,9.375000000000000000e-02,9.375000000000000000e-02,2.500000000000000000e-01,9.375000000000000000e-02,9.375000000000000000e-02,1.562500000000000000e-01,6.250000000000000000e-02,0.000000000000000000e+00,0.000000000000000000e+00,0.000000000000000000e+00,0.000000000000000000e+00,0.000000000000000000e+00,0.000000000000000000e+00,0.000000000000000000e+00,0.000000000000000000e+00,0.000000000000000000e+00,0.000000000000000000e+00
2.564102564102564014e-02,0.000000000000000000e+00,2.564102564102564014e-02,0.000000000000000000e+00,1.538461538461538547e-01,0.000000000000000000e+00,2.564102564102564014e-02,7.692307692307692735e-02,1.538461538461538547e-01,4.358974358974359031e-01,7.692307692307692735e-02,0.000000000000000000e+00,0.000000000000000000e+00,0.000000000000000000e+00,0.000000000000000000e+00,0.000000000000000000e+00,0.000000000000000000e+00,0.000000000000000000e+00,0.000000000000000000e+00,0.000000000000000000e+00,2.564102564102564014e-02
1.734104046242774394e-02,2.890173410404624221e-02,5.780346820809248443e-02,5.202312138728323876e-02,6.358381502890173009e-02,1.734104046242774394e-02,4.624277456647398615e-02,5.202312138728323876e-02,2.312138728323699308e-02,4.046242774566474049e-02,5.606936416184971073e-01,5.780346820809248269e-03,0.000000000000000000e+00,0.000000000000000000e+00,0.000000000000000000e+00,0.000000000000000000e+00,5.780346820809248269e-03,0.000000000000000000e+00,0.000000000000000000e+00,1.156069364161849654e-02,1.734104046242774394e-02
1.538461538461538547e-02,0.000000000000000000e+00,0.000000000000000000e+00,0.000000000000000000e+00,7.692307692307692735e-03,7.692307692307692735e-03,7.692307692307692735e-03,0.000000000000000000e+00,0.000000000000000000e+00,0.000000000000000000e+00,1.538461538461538547e-02,8.384615384615384803e-01,3.846153846153846367e-02,1.538461538461538547e-02,7.692307692307692735e-03,7.692307692307692735e-03,7.692307692307692735e-03,0.000000000000000000e+00,0.000000000000000000e+00,1.538461538461538547e-02,1.538461538461538547e-02
0.000000000000000000e+00,4.545454545454545581e-02,0.000000000000000000e+00,0.000000000000000000e+00,0.000000000000000000e+00,0.000000000000000000e+00,0.000000000000000000e+00,0.000000000000000000e+00,0.000000000000000000e+00,0.000000000000000000e+00,0.000000000000000000e+00,1.818181818181818232e-01,5.000000000000000000e-01,9.090909090909091161e-02,0.000000000000000000e+00,0.000000000000000000e+00,4.545454545454545581e-02,4.545454545454545581e-02,4.545454545454545581e-02,4.545454545454545581e-02,0.000000000000000000e+00
3.773584905660377214e-02,5.660377358490566169e-02,3.773584905660377214e-02,0.000000000000000000e+00,1.886792452830188607e-02,0.000000000000000000e+00,0.000000000000000000e+00,0.000000000000000000e+00,0.000000000000000000e+00,0.000000000000000000e+00,0.000000000000000000e+00,3.773584905660377214e-02,3.773584905660377214e-02,5.849056603773584717e-01,1.320754716981132060e-01,0.000000000000000000e+00,0.000000000000000000e+00,3.773584905660377214e-02,1.886792452830188607e-02,0.000000000000000000e+00,0.000000000000000000e+00
3.658536585365853439e-02,1.219512195121951262e-02,2.439024390243902524e-02,6.097560975609755962e-02,1.219512195121951262e-02,1.219512195121951262e-02,0.000000000000000000e+00,0.000000000000000000e+00,1.219512195121951262e-02,0.000000000000000000e+00,1.219512195121951262e-02,1.219512195121951262e-02,2.439024390243902524e-02,3.658536585365853439e-02,6.341463414634146423e-01,4.878048780487805047e-02,2.439024390243902524e-02,0.000000000000000000e+00,1.219512195121951262e-02,2.439024390243902524e-02,0.000000000000000000e+00
8.333333333333332871e-02,0.000000000000000000e+00,0.000000000000000000e+00,0.000000000000000000e+00,0.000000000000000000e+00,0.000000000000000000e+00,0.000000000000000000e+00,0.000000000000000000e+00,0.000000000000000000e+00,0.000000000000000000e+00,0.000000000000000000e+00,0.000000000000000000e+00,1.190476190476190410e-02,4.761904761904761640e-02,2.380952380952380820e-02,6.904761904761904656e-01,7.142857142857142461e-02,1.190476190476190410e-02,2.380952380952380820e-02,2.380952380952380820e-02,1.190476190476190410e-02
0.000000000000000000e+00,0.000000000000000000e+00,7.462686567164178962e-03,0.000000000000000000e+00,0.000000000000000000e+00,0.000000000000000000e+00,0.000000000000000000e+00,0.000000000000000000e+00,7.462686567164178962e-03,0.000000000000000000e+00,7.462686567164178962e-03,7.462686567164178962e-03,7.462686567164178962e-03,1.492537313432835792e-02,2.238805970149253602e-02,4.477611940298507204e-02,7.537313432835820448e-01,6.716417910447761153e-02,3.731343283582089221e-02,2.238805970149253602e-02,0.000000000000000000e+00
0.000000000000000000e+00,2.040816326530612082e-02,2.721088435374149558e-02,1.360544217687074779e-02,6.802721088435373896e-03,6.802721088435373896e-03,0.000000000000000000e+00,6.802721088435373896e-03,0.000000000000000000e+00,0.000000000000000000e+00,1.360544217687074779e-02,0.000000000000000000e+00,0.000000000000000000e+00,0.000000000000000000e+00,6.802721088435373896e-03,0.000000000000000000e+00,4.761904761904761640e-02,6.598639455782312480e-01,1.020408163265306145e-01,4.761904761904761640e-02,4.081632653061224164e-02
1.438848920863309427e-02,2.517985611510791324e-02,3.597122302158273568e-03,3.597122302158273568e-03,3.597122302158273568e-03,0.000000000000000000e+00,0.000000000000000000e+00,0.000000000000000000e+00,0.000000000000000000e+00,0.000000000000000000e+00,0.000000000000000000e+00,0.000000000000000000e+00,3.597122302158273568e-03,0.000000000000000000e+00,1.079136690647482071e-02,7.194244604316547137e-03,2.158273381294964141e-02,7.553956834532374320e-02,6.942446043165467762e-01,1.115107913669064754e-01,2.517985611510791324e-02
4.123711340206185488e-02,1.030927835051546372e-02,6.872852233676975814e-03,1.718213058419243953e-03,3.436426116838487907e-03,1.718213058419243953e-03,0.000000000000000000e+00,0.000000000000000000e+00,0.000000000000000000e+00,0.000000000000000000e+00,5.154639175257731860e-03,1.718213058419243953e-03,1.718213058419243953e-03,3.436426116838487907e-03,3.436426116838487907e-03,6.872852233676975814e-03,1.718213058419243953e-03,1.030927835051546372e-02,5.670103092783505133e-02,7.250859106529209397e-01,1.185567010309278302e-01
1.232091690544412643e-01,1.146131805157593088e-02,5.014326647564470302e-03,5.730659025787965440e-03,1.432664756446991360e-03,0.000000000000000000e+00,7.163323782234956799e-04,7.163323782234956799e-04,7.163323782234956799e-04,0.000000000000000000e+00,1.432664756446991360e-03,2.148997134670487148e-03,0.000000000000000000e+00,0.000000000000000000e+00,0.000000000000000000e+00,7.163323782234956799e-04,0.000000000000000000e+00,1.432664756446991360e-03,6.446991404011461445e-03,5.945558739255014241e-02,7.793696275071633206e-01
