8.344827586206896575e-01,4.137931034482758563e-02,0.000000000000000000e+00,4.137931034482758563e-02,2.758620689655172376e-02,0.000000000000000000e+00,6.896551724137930939e-03,0.000000000000000000e+00,6.896551724137930939e-03,6.896551724137930939e-03,1.379310344827586188e-02,1.379310344827586188e-02,0.000000000000000000e+00,0.000000000000000000e+00,6.896551724137930939e-03,0.000000000000000000e+00,0.000000000000000000e+00,0.000000000000000000e+00,0.000000000000000000e+00,0.000000000000000000e+00,0.000000000000000000e+00,0.000000000000000000e+00
9.433962264150944077e-02,7.169811320754716499e-01,1.886792452830188607e-02,0.000000000000000000e+00,3.773584905660377214e-02,0.000000000000000000e+00,0.000000000000000000e+00,0.000000000000000000e+00,1.886792452830188607e-02,3.773584905660377214e-02,1.886792452830188607e-02,5.660377358490566169e-02,0.000000000000000000e+00,0.000000000000000000e+00,0.000000000000000000e+00,0.000000000000000000e+00,0.000000000000000000e+00,0.000000000000000000e+00,0.000000000000000000e+00,0.000000000000000000e+00,0.000000000000000000e+00,0.000000000000000000e+00
1.562500000000000000e-02,1.562500000000000000e-02,7.656250000000000000e-01,4.687500000000000000e-02,1.562500000000000000e-02,1.562500000000000000e-02,0.000000000000000000e+00,0.000000000000000000e+00,1.562500000000000000e-02,4.687500000000000000e-02,1.562500000000000000e-02,1.562500000000000000e-02,1.562500000000000000e-02,0.000000000000000000e+00,0.000000000000000000e+00,0.000000000000000000e+00,0.000000000000000000e+00,0.000000000000000000e+00,0.000000000000000000e+00,0.000000000000000000e+00,0.000000000000000000e+00,1.562500000000000000e-02
5.084745762711864736e-02,1.694915254237288130e-02,3.389830508474576259e-02,6.271186440677966045e-01,1.694915254237288130e-02,3.389830508474576259e-02,1.694915254237288130e-02,5.084745762711864736e-02,1.694915254237288130e-02,1.694915254237288130e-02,0.000000000000000000e+00,6.779661016949152519e-02,0.000000000000000000e+00,0.000000000000000000e+00,1.694915254237288130e-02,1.694915254237288130e-02,0.000000000000000000e+00,0.000000000000000000e+00,0.000000000000000000e+00,1.694915254237288130e-02,0.000000000000000000e+00,0.000000000000000000e+00
1.212121212121212120e-02,6.060606060606060601e-03,6.060606060606060601e-03,1.818181818181818094e-02,8.606060606060605966e-01,1.212121212121212120e-02,6.060606060606060601e-03,6.060606060606060601e-03,0.000000000000000000e+00,1.212121212121212120e-02,1.212121212121212120e-02,1.212121212121212120e-02,6.060606060606060601e-03,1.818181818181818094e-02,6.060606060606060601e-03,0.000000000000000000e+00,0.000000000000000000e+00,0.000000000000000000e+00,0.000000000000000000e+00,0.000000000000000000e+00,0.000000000000000000e+00,6.060606060606060601e-03
1.538461538461538547e-02,0.000000000000000000e+00,0.000000000000000000e+00,1.538461538461538547e-02,4.615384615384615641e-02,4.307692307692307931e-01,1.692307692307692402e-01,7.692307692307692735e-02,4.615384615384615641e-02,9.230769230769231282e-02,1.538461538461538547e-02,3.076923076923077094e-02,0.000000000000000000e+00,0.000000000000000000e+00,3.076923076923077094e-02,1.538461538461538547e-02,0.000000000000000000e+00,0.000000000000000000e+00,0.000000000000000000e+00,0.000000000000000000e+00,1.538461538461538547e-02,0.000000000000000000e+00
0.000000000000000000e+00,0.000000000000000000e+00,0.000000000000000000e+00,6.369426751592357008e-03,6.369426751592357008e-03,4.458598726114649385e-02,6.496815286624203489e-01,1.401273885350318438e-01,4.458598726114649385e-02,1.273885350318471402e-02,1.910828025477706929e-02,6.369426751592357008e-03,6.369426751592357008e-03,2.547770700636942803e-02,2.547770700636942803e-02,6.369426751592357008e-03,6.369426751592357008e-03,0.000000000000000000e+00,0.000000000000000000e+00,0.000000000000000000e+00,0.000000000000000000e+00,0.000000000000000000e+00
3.558718861209964231e-03,3.558718861209964231e-03,1.067615658362989356e-02,7.117437722419928461e-03,7.117437722419928461e-03,7.117437722419928461e-03,6.049822064056939452e-02,6.761565836298932819e-01,1.174377224199288222e-01,5.693950177935942769e-02,1.423487544483985692e-02,1.067615658362989356e-02,0.000000000000000000e+00,1.423487544483985692e-02,0.000000000000000000e+00,0.000000000000000000e+00,3.558718861209964231e-03,0.000000000000000000e+00,0.000000000000000000e+00,0.000000000000000000e+00,0.000000000000000000e+00,7.117437722419928461e-03
0.000000000000000000e+00,0.000000000000000000e+00,1.858736059479553816e-03,0.000000000000000000e+00,1.858736059479553816e-03,3.717472118959107633e-03,9.293680297397769949e-03,5.576208178438661622e-02,7.379182156133828885e-01,1.301115241635687758e-01,2.973977695167286106e-02,9.293680297397769949e-03,7.434944237918215265e-03,1.858736059479553816e-03,5.576208178438661449e-03,0.000000000000000000e+00,0.000000000000000000e+00,1.858736059479553816e-03,0.000000000000000000e+00,0.000000000000000000e+00,0.000000000000000000e+00,3.717472118959107633e-03
8.554319931565440138e-04,4.277159965782720286e-03,2.566295979469632258e-03,3.421727972626176055e-03,8.554319931565440138e-04,2.566295979469632258e-03,4.277159965782720286e-03,5.132591958939264516e-03,5.560307955517536371e-02,7.433704020530368384e-01,1.385799828913601428e-01,2.395209580838323499e-02,7.698887938408896341e-03,5.132591958939264516e-03,0.000000000000000000e+00,0.000000000000000000e+00,0.000000000000000000e+00,0.000000000000000000e+00,0.000000000000000000e+00,0.000000000000000000e+00,8.554319931565440138e-04,8.554319931565440138e-04
0.000000000000000000e+00,9.569377990430622287e-04,4.784688995215311143e-04,9.569377990430622287e-04,0.000000000000000000e+00,0.000000000000000000e+00,1.435406698564593289e-03,3.349282296650717746e-03,7.655502392344497829e-03,6.411483253588516618e-02,8.172248803827750763e-01,8.325358851674641292e-02,1.052631578947368397e-02,4.306220095693779649e-03,9.569377990430622287e-04,1.913875598086124457e-03,0.000000000000000000e+00,4.784688995215311143e-04,1.435406698564593289e-03,4.784688995215311143e-04,0.000000000000000000e+00,4.784688995215311143e-04
2.081887578070784096e-03,0.000000000000000000e+00,2.081887578070784096e-03,6.939625260235946988e-04,6.939625260235946988e-04,1.387925052047189398e-03,1.387925052047189398e-03,6.939625260235946988e-04,1.387925052047189398e-03,1.804302567661346390e-02,1.034004163775156110e-01,7.487855655794587451e-01,8.813324080499652935e-02,1.318528799444830014e-02,2.775850104094378795e-03,3.469812630117973494e-03,2.775850104094378795e-03,1.387925052047189398e-03,6.939625260235946988e-04,0.000000000000000000e+00,6.939625260235946988e-04,6.245662734212352289e-03
1.094091903719912433e-03,0.000000000000000000e+00,1.094091903719912433e-03,0.000000000000000000e+00,2.188183807439824866e-03,1.094091903719912433e-03,2.188183807439824866e-03,0.000000000000000000e+00,2.188183807439824866e-03,9.846827133479212762e-03,2.625820568927789839e-02,1.312910284463894850e-01,7.024070021881838599e-01,8.643326039387308479e-02,1.641137855579868562e-02,4.376367614879649731e-03,3.282275711159737298e-03,2.188183807439824866e-03,1.094091903719912433e-03,0.000000000000000000e+00,0.000000000000000000e+00,6.564551422319474597e-03
1.751313485113835389e-03,0.000000000000000000e+00,0.000000000000000000e+00,3.502626970227670777e-03,3.502626970227670777e-03,0.000000000000000000e+00,0.000000000000000000e+00,0.000000000000000000e+00,0.000000000000000000e+00,5.253940455341506166e-03,1.926444833625218928e-02,3.852889667250437855e-02,1.120840630472854649e-01,6.795096322241681586e-01,7.705779334500875710e-02,2.451838879159369544e-02,8.756567425569176943e-03,3.502626970227670777e-03,1.751313485113835389e-03,5.253940455341506166e-03,0.000000000000000000e+00,1.576182136602451850e-02
0.000000000000000000e+00,0.000000000000000000e+00,0.000000000000000000e+00,0.000000000000000000e+00,2.976190476190476025e-03,1.190476190476190410e-02,8.928571428571428076e-03,2.976190476190476025e-03,0.000000000000000000e+00,5.952380952380952051e-03,5.952380952380952051e-03,3.571428571428571230e-02,5.059523809523809590e-02,1.220238095238095205e-01,6.369047619047618625e-01,8.333333333333332871e-02,8.928571428571428076e-03,2.976190476190476025e-03,5.952380952380952051e-03,0.000000000000000000e+00,2.976190476190476025e-03,1.190476190476190410e-02
5.291005291005290712e-03,0.000000000000000000e+00,5.291005291005290712e-03,0.000000000000000000e+00,0.000000000000000000e+00,0.000000000000000000e+00,0.000000000000000000e+00,0.000000000000000000e+00,5.291005291005290712e-03,5.291005291005290712e-03,5.291005291005290712e-03,4.761904761904761640e-02,3.703703703703703498e-02,4.761904761904761640e-02,1.322751322751322678e-01,5.449735449735449988e-01,8.465608465608465139e-02,2.645502645502645356e-02,5.291005291005290712e-03,0.000000000000000000e+00,1.058201058201058142e-02,3.703703703703703498e-02
0.000000000000000000e+00,0.000000000000000000e+00,0.000000000000000000e+00,0.000000000000000000e+00,0.000000000000000000e+00,0.000000000000000000e+00,2.150537634408602322e-02,0.000000000000000000e+00,0.000000000000000000e+00,1.075268817204301161e-02,1.075268817204301161e-02,3.225806451612903136e-02,7.526881720430107781e-02,4.301075268817204644e-02,3.225806451612903136e-02,1.720430107526881858e-01,4.623655913978494403e-01,8.602150537634409289e-02,1.075268817204301161e-02,1.075268817204301161e-02,0.000000000000000000e+00,3.225806451612903136e-02
0.000000000000000000e+00,0.000000000000000000e+00,0.000000000000000000e+00,0.000000000000000000e+00,0.000000000000000000e+00,0.000000000000000000e+00,0.000000000000000000e+00,0.000000000000000000e+00,0.000000000000000000e+00,2.173913043478260809e-02,2.173913043478260809e-02,2.173913043478260809e-02,4.347826086956521618e-02,8.695652173913043237e-02,4.347826086956521618e-02,1.304347826086956486e-01,1.739130434782608647e-01,3.043478260869565410e-01,6.521739130434782428e-02,2.173913043478260809e-02,2.173913043478260809e-02,4.347826086956521618e-02
0.000000000000000000e+00,0.000000000000000000e+00,0.000000000000000000e+00,0.000000000000000000e+00,0.000000000000000000e+00,0.000000000000000000e+00,0.000000000000000000e+00,0.000000000000000000e+00,0.000000000000000000e+00,0.000000000000000000e+00,0.000000000000000000e+00,0.000000000000000000e+00,1.818181818181818094e-02,5.454545454545454281e-02,1.818181818181818094e-02,3.636363636363636187e-02,5.454545454545454281e-02,7.272727272727272374e-02,5.999999999999999778e-01,1.818181818181818094e-02,0.000000000000000000e+00,1.272727272727272596e-01
0.000000000000000000e+00,0.000000000000000000e+00,0.000000000000000000e+00,0.000000000000000000e+00,0.000000000000000000e+00,0.000000000000000000e+00,0.000000000000000000e+00,0.000000000000000000e+00,0.000000000000000000e+00,0.000000000000000000e+00,4.545454545454545581e-02,0.000000000000000000e+00,0.000000000000000000e+00,0.000000000000000000e+00,9.090909090909091161e-02,4.545454545454545581e-02,0.000000000000000000e+00,1.363636363636363535e-01,9.090909090909091161e-02,3.181818181818181768e-01,9.090909090909091161e-02,1.818181818181818232e-01
0.000000000000000000e+00,0.000000000000000000e+00,0.000000000000000000e+00,0.000000000000000000e+00,0.000000000000000000e+00,5.555555555555555247e-02,0.000000000000000000e+00,0.000000000000000000e+00,0.000000000000000000e+00,1.111111111111111049e-01,0.000000000000000000e+00,0.000000000000000000e+00,1.111111111111111049e-01,1.111111111111111049e-01,1.111111111111111049e-01,5.555555555555555247e-02,0.000000000000000000e+00,0.000000000000000000e+00,0.000000000000000000e+00,5.555555555555555247e-02,2.222222222222222099e-01,1.666666666666666574e-01
0.000000000000000000e+00,0.000000000000000000e+00,0.000000000000000000e+00,0.000000000000000000e+00,7.633587786259541687e-03,0.000000000000000000e+00,0.000000000000000000e+00,0.000000000000000000e+00,0.000000000000000000e+00,3.053435114503816675e-02,7.633587786259541687e-03,7.633587786259541687e-03,3.053435114503816675e-02,6.870229007633588125e-02,4.580152671755725186e-02,3.816793893129771104e-02,3.816793893129771104e-02,2.290076335877862593e-02,5.343511450381679267e-02,5.343511450381679267e-02,3.053435114503816675e-02,5.648854961832061594e-01
