7.916666666666666297e-01,0.000000000000000000e+00,4.166666666666666435e-02,0.000000000000000000e+00,4.166666666666666435e-02,2.083333333333333218e-02,0.000000000000000000e+00,2.083333333333333218e-02,0.000000000000000000e+00,2.083333333333333218e-02,0.000000000000000000e+00,0.000000000000000000e+00,4.166666666666666435e-02,0.000000000000000000e+00,0.000000000000000000e+00,0.000000000000000000e+00,0.000000000000000000e+00,0.000000000000000000e+00,0.000000000000000000e+00,0.000000000000000000e+00,0.000000000000000000e+00,2.083333333333333218e-02
0.000000000000000000e+00,6.428571428571429047e-01,2.142857142857142738e-01,7.142857142857142461e-02,7.142857142857142461e-02,0.000000000000000000e+00,0.000000000000000000e+00,0.000000000000000000e+00,0.000000000000000000e+00,0.000000000000000000e+00,0.000000000000000000e+00,0.000000000000000000e+00,0.000000000000000000e+00,0.000000000000000000e+00,0.000000000000000000e+00,0.000000000000000000e+00,0.000000000000000000e+00,0.000000000000000000e+00,0.000000000000000000e+00,0.000000000000000000e+00,0.000000000000000000e+00,0.000000000000000000e+00
4.347826086956521618e-02,1.739130434782608647e-01,5.217391304347825942e-01,0.000000000000000000e+00,4.347826086956521618e-02,1.304347826086956486e-01,0.000000000000000000e+00,4.347826086956521618e-02,4.347826086956521618e-02,0.000000000000000000e+00,0.000000000000000000e+00,0.000000000000000000e+00,0.000000000000000000e+00,0.000000000000000000e+00,0.000000000000000000e+00,0.000000000000000000e+00,0.000000000000000000e+00,0.000000000000000000e+00,0.000000000000000000e+00,0.000000000000000000e+00,0.000000000000000000e+00,0.000000000000000000e+00
2.222222222222222307e-02,0.000000000000000000e+00,2.222222222222222307e-02,5.111111111111110716e-01,1.777777777777777846e-01,0.000000000000000000e+00,4.444444444444444614e-02,6.666666666666666574e-02,4.444444444444444614e-02,2.222222222222222307e-02,2.222222222222222307e-02,2.222222222222222307e-02,4.444444444444444614e-02,0.000000000000000000e+00,0.000000000000000000e+00,0.000000000000000000e+00,0.000000000000000000e+00,0.000000000000000000e+00,0.000000000000000000e+00,0.000000000000000000e+00,0.000000000000000000e+00,0.000000000000000000e+00
0.000000000000000000e+00,1.694915254237288130e-02,1.694915254237288130e-02,8.474576271186440302e-02,3.559322033898305038e-01,1.525423728813559421e-01,5.084745762711864736e-02,6.779661016949152519e-02,1.694915254237288130e-02,8.474576271186440302e-02,3.389830508474576259e-02,3.389830508474576259e-02,3.389830508474576259e-02,3.389830508474576259e-02,1.694915254237288130e-02,0.000000000000000000e+00,0.000000000000000000e+00,0.000000000000000000e+00,0.000000000000000000e+00,0.000000000000000000e+00,0.000000000000000000e+00,0.000000000000000000e+00
1.176470588235294101e-02,0.000000000000000000e+00,1.176470588235294101e-02,4.705882352941176405e-02,7.058823529411764608e-02,4.235294117647058765e-01,5.882352941176470507e-02,4.705882352941176405e-02,5.882352941176470507e-02,5.882352941176470507e-02,1.176470588235294101e-01,5.882352941176470507e-02,0.000000000000000000e+00,0.000000000000000000e+00,3.529411764705882304e-02,0.000000000000000000e+00,0.000000000000000000e+00,0.000000000000000000e+00,0.000000000000000000e+00,0.000000000000000000e+00,0.000000000000000000e+00,0.000000000000000000e+00
0.000000000000000000e+00,1.020408163265306041e-02,0.000000000000000000e+00,3.061224489795918297e-02,0.000000000000000000e+00,0.000000000000000000e+00,5.000000000000000000e-01,1.326530612244898044e-01,8.163265306122448328e-02,6.122448979591836593e-02,6.122448979591836593e-02,5.102040816326530726e-02,3.061224489795918297e-02,3.061224489795918297e-02,1.020408163265306041e-02,0.000000000000000000e+00,0.000000000000000000e+00,0.000000000000000000e+00,0.000000000000000000e+00,0.000000000000000000e+00,0.000000000000000000e+00,0.000000000000000000e+00
0.000000000000000000e+00,0.000000000000000000e+00,3.846153846153846367e-03,1.153846153846153910e-02,3.846153846153846367e-03,1.538461538461538547e-02,4.615384615384615641e-02,6.269230769230769162e-01,1.153846153846153910e-01,8.846153846153846645e-02,4.230769230769231004e-02,1.538461538461538547e-02,7.692307692307692735e-03,1.153846153846153910e-02,0.000000000000000000e+00,0.000000000000000000e+00,0.000000000000000000e+00,0.000000000000000000e+00,3.846153846153846367e-03,7.692307692307692735e-03,0.000000000000000000e+00,0.000000000000000000e+00
0.000000000000000000e+00,0.000000000000000000e+00,3.944773175542406508e-03,1.972386587771203254e-03,1.972386587771203254e-03,1.380670611439842148e-02,1.380670611439842148e-02,5.719921104536489220e-02,6.489151873767258216e-01,1.282051282051281937e-01,6.114398422090729784e-02,2.169625246548323450e-02,2.564102564102564014e-02,1.380670611439842148e-02,5.917159763313609329e-03,1.972386587771203254e-03,0.000000000000000000e+00,0.000000000000000000e+00,0.000000000000000000e+00,0.000000000000000000e+00,0.000000000000000000e+00,0.000000000000000000e+00
0.000000000000000000e+00,0.000000000000000000e+00,0.000000000000000000e+00,1.058201058201058272e-03,6.349206349206349201e-03,4.232804232804233090e-03,6.349206349206349201e-03,1.798941798941798911e-02,6.984126984126984294e-02,7.142857142857143016e-01,1.037037037037037007e-01,4.550264550264550290e-02,2.433862433862434005e-02,5.291005291005290712e-03,1.058201058201058272e-03,0.000000000000000000e+00,0.000000000000000000e+00,0.000000000000000000e+00,0.000000000000000000e+00,0.000000000000000000e+00,0.000000000000000000e+00,0.000000000000000000e+00
5.913660555884092717e-04,0.000000000000000000e+00,0.000000000000000000e+00,0.000000000000000000e+00,0.000000000000000000e+00,3.548196333530455413e-03,2.365464222353637087e-03,8.870490833826138316e-03,2.542874039030159836e-02,6.978119455943228300e-02,7.463039621525724421e-01,1.040804257835600266e-01,2.424600827912477830e-02,1.123595505617977497e-02,2.365464222353637087e-03,0.000000000000000000e+00,0.000000000000000000e+00,0.000000000000000000e+00,0.000000000000000000e+00,0.000000000000000000e+00,0.000000000000000000e+00,1.182732111176818543e-03
4.510599909788001781e-04,0.000000000000000000e+00,4.510599909788001781e-04,1.804239963915200713e-03,1.353179972936400643e-03,1.804239963915200713e-03,1.804239963915200713e-03,9.021199819576003563e-04,4.510599909788001564e-03,1.488497970230040664e-02,1.118628777627424381e-01,7.907081641858366705e-01,5.412719891745602224e-02,1.172755976544880528e-02,3.157419936851601355e-03,4.510599909788001781e-04,0.000000000000000000e+00,0.000000000000000000e+00,0.000000000000000000e+00,0.000000000000000000e+00,0.000000000000000000e+00,0.000000000000000000e+00
0.000000000000000000e+00,0.000000000000000000e+00,0.000000000000000000e+00,0.000000000000000000e+00,6.963788300835654617e-04,0.000000000000000000e+00,6.963788300835654617e-04,1.392757660167130923e-03,6.963788300835654400e-03,1.253481894150417809e-02,1.671309192200557195e-02,1.253481894150417775e-01,7.708913649025069814e-01,5.431754874651810450e-02,7.660167130919219754e-03,2.089136490250696494e-03,0.000000000000000000e+00,0.000000000000000000e+00,0.000000000000000000e+00,0.000000000000000000e+00,0.000000000000000000e+00,6.963788300835654617e-04
1.564945226917057938e-03,0.000000000000000000e+00,0.000000000000000000e+00,0.000000000000000000e+00,3.129890453834115877e-03,0.000000000000000000e+00,0.000000000000000000e+00,4.694835680751173815e-03,1.564945226917057938e-03,7.824726134585289691e-03,3.129890453834115877e-02,3.129890453834115877e-02,1.737089201877934364e-01,6.932707355242566649e-01,4.381846635367762227e-02,4.694835680751173815e-03,0.000000000000000000e+00,0.000000000000000000e+00,0.000000000000000000e+00,1.564945226917057938e-03,0.000000000000000000e+00,1.564945226917057938e-03
0.000000000000000000e+00,0.000000000000000000e+00,0.000000000000000000e+00,0.000000000000000000e+00,0.000000000000000000e+00,3.215434083601286137e-03,6.430868167202572275e-03,0.000000000000000000e+00,0.000000000000000000e+00,1.286173633440514455e-02,6.430868167202572275e-03,2.250803858520900383e-02,2.572347266881028910e-02,1.864951768488745942e-01,6.977491961414791222e-01,2.250803858520900383e-02,1.286173633440514455e-02,3.215434083601286137e-03,0.000000000000000000e+00,0.000000000000000000e+00,0.000000000000000000e+00,0.000000000000000000e+00
0.000000000000000000e+00,0.000000000000000000e+00,0.000000000000000000e+00,0.000000000000000000e+00,0.000000000000000000e+00,0.000000000000000000e+00,0.000000000000000000e+00,0.000000000000000000e+00,0.000000000000000000e+00,2.816901408450704289e-02,0.000000000000000000e+00,1.408450704225352144e-02,0.000000000000000000e+00,4.225352112676056260e-02,1.830985915492957805e-01,6.338028169014084945e-01,7.042253521126760896e-02,1.408450704225352144e-02,0.000000000000000000e+00,1.408450704225352144e-02,0.000000000000000000e+00,0.000000000000000000e+00
0.000000000000000000e+00,0.000000000000000000e+00,0.000000000000000000e+00,0.000000000000000000e+00,0.000000000000000000e+00,0.000000000000000000e+00,0.000000000000000000e+00,0.000000000000000000e+00,0.000000000000000000e+00,3.125000000000000000e-02,0.000000000000000000e+00,0.000000000000000000e+00,6.250000000000000000e-02,3.125000000000000000e-02,3.125000000000000000e-02,9.375000000000000000e-02,5.937500000000000000e-01,9.375000000000000000e-02,3.125000000000000000e-02,0.000000000000000000e+00,0.000000000000000000e+00,3.125000000000000000e-02
0.000000000000000000e+00,0.000000000000000000e+00,0.000000000000000000e+00,0.000000000000000000e+00,0.000000000000000000e+00,0.000000000000000000e+00,0.000000000000000000e+00,0.000000000000000000e+00,0.000000000000000000e+00,0.000000000000000000e+00,0.000000000000000000e+00,0.000000000000000000e+00,0.000000000000000000e+00,0.000000000000000000e+00,6.250000000000000000e-02,3.125000000000000000e-02,6.250000000000000000e-02,6.875000000000000000e-01,6.250000000000000000e-02,0.000000000000000000e+00,6.250000000000000000e-02,3.125000000000000000e-02
0.000000000000000000e+00,0.000000000000000000e+00,0.000000000000000000e+00,0.000000000000000000e+00,0.000000000000000000e+00,0.000000000000000000e+00,0.000000000000000000e+00,4.347826086956521618e-02,0.000000000000000000e+00,0.000000000000000000e+00,0.000000000000000000e+00,0.000000000000000000e+00,0.000000000000000000e+00,0.000000000000000000e+00,4.347826086956521618e-02,4.347826086956521618e-02,4.347826086956521618e-02,4.347826086956521618e-02,5.652173913043477826e-01,1.304347826086956486e-01,0.000000000000000000e+00,8.695652173913043237e-02
0.000000000000000000e+00,0.000000000000000000e+00,0.000000000000000000e+00,0.000000000000000000e+00,0.000000000000000000e+00,0.000000000000000000e+00,0.000000000000000000e+00,0.000000000000000000e+00,0.000000000000000000e+00,0.000000000000000000e+00,0.000000000000000000e+00,6.666666666666666574e-02,0.000000000000000000e+00,0.000000000000000000e+00,1.333333333333333315e-01,0.000000000000000000e+00,1.333333333333333315e-01,6.666666666666666574e-02,2.000000000000000111e-01,3.333333333333333148e-01,6.666666666666666574e-02,0.000000000000000000e+00
0.000000000000000000e+00,0.000000000000000000e+00,0.000000000000000000e+00,0.000000000000000000e+00,0.000000000000000000e+00,0.000000000000000000e+00,0.000000000000000000e+00,5.555555555555555247e-02,0.000000000000000000e+00,0.000000000000000000e+00,0.000000000000000000e+00,0.000000000000000000e+00,0.000000000000000000e+00,5.555555555555555247e-02,0.000000000000000000e+00,0.000000000000000000e+00,0.000000000000000000e+00,2.222222222222222099e-01,5.555555555555555247e-02,5.555555555555555247e-02,5.000000000000000000e-01,5.555555555555555247e-02
0.000000000000000000e+00,0.000000000000000000e+00,0.000000000000000000e+00,0.000000000000000000e+00,0.000000000000000000e+00,0.000000000000000000e+00,0.000000000000000000e+00,0.000000000000000000e+00,0.000000000000000000e+00,0.000000000000000000e+00,3.030303030303030387e-02,0.000000000000000000e+00,0.000000000000000000e+00,0.000000000000000000e+00,0.000000000000000000e+00,3.030303030303030387e-02,3.030303030303030387e-02,6.060606060606060774e-02,6.060606060606060774e-02,3.030303030303030387e-02,1.212121212121212155e-01,6.363636363636363535e-01
