4.615384615384615641e-01,3.846153846153846367e-01,7.692307692307692735e-02,7.692307692307692735e-02,0.000000000000000000e+00,0.000000000000000000e+00,0.000000000000000000e+00,0.000000000000000000e+00,0.000000000000000000e+00,0.000000000000000000e+00,0.000000000000000000e+00,0.000000000000000000e+00,0.000000000000000000e+00,0.000000000000000000e+00,0.000000000000000000e+00,0.000000000000000000e+00,0.000000000000000000e+00,0.000000000000000000e+00,0.000000000000000000e+00,0.000000000000000000e+00,0.000000000000000000e+00,0.000000000000000000e+00
8.264462809917355601e-03,8.553719008264463186e-01,1.033057851239669450e-01,1.652892561983471120e-02,4.132231404958677801e-03,2.066115702479338900e-03,2.066115702479338900e-03,0.000000000000000000e+00,0.000000000000000000e+00,2.066115702479338900e-03,0.000000000000000000e+00,0.000000000000000000e+00,0.000000000000000000e+00,0.000000000000000000e+00,0.000000000000000000e+00,0.000000000000000000e+00,0.000000000000000000e+00,0.000000000000000000e+00,0.000000000000000000e+00,2.066115702479338900e-03,0.000000000000000000e+00,4.132231404958677801e-03
2.309468822170900656e-03,3.348729792147805973e-02,8.672055427251732507e-01,9.237875288683602970e-02,3.464203233256351201e-03,5.773672055427251639e-04,0.000000000000000000e+00,5.773672055427251639e-04,0.000000000000000000e+00,0.000000000000000000e+00,0.000000000000000000e+00,0.000000000000000000e+00,0.000000000000000000e+00,0.000000000000000000e+00,0.000000000000000000e+00,0.000000000000000000e+00,0.000000000000000000e+00,0.000000000000000000e+00,0.000000000000000000e+00,0.000000000000000000e+00,0.000000000000000000e+00,0.000000000000000000e+00
2.812148481439820293e-04,3.093363329583802106e-03,5.005624296962879471e-02,8.672665916760404770e-01,6.299212598425196763e-02,7.592800899887513708e-03,2.530933633295838047e-03,3.093363329583802106e-03,1.124859392575928117e-03,8.436445444319459796e-04,2.812148481439820293e-04,0.000000000000000000e+00,0.000000000000000000e+00,0.000000000000000000e+00,0.000000000000000000e+00,0.000000000000000000e+00,2.812148481439820293e-04,0.000000000000000000e+00,0.000000000000000000e+00,0.000000000000000000e+00,0.000000000000000000e+00,5.624296962879640586e-04
0.000000000000000000e+00,2.052545155993431951e-03,5.336617405582923246e-03,8.825944170771757302e-02,7.935139573070607577e-01,7.758620689655172653e-02,1.724137931034482735e-02,5.336617405582923246e-03,2.463054187192118254e-03,1.231527093596059127e-03,8.210180623973727153e-04,8.210180623973727153e-04,0.000000000000000000e+00,4.105090311986863577e-04,8.210180623973727153e-04,4.105090311986863577e-04,4.105090311986863577e-04,0.000000000000000000e+00,1.231527093596059127e-03,0.000000000000000000e+00,8.210180623973727153e-04,1.231527093596059127e-03
7.587253414264036669e-04,1.517450682852807334e-03,4.552352048558422001e-03,2.655538694992412574e-02,1.418816388467374900e-01,6.896813353566009219e-01,8.270106221547800229e-02,1.972685887708649360e-02,1.138088012139605414e-02,6.069802731411229335e-03,3.793626707132018334e-03,0.000000000000000000e+00,1.517450682852807334e-03,0.000000000000000000e+00,7.587253414264036669e-04,7.587253414264036669e-04,0.000000000000000000e+00,0.000000000000000000e+00,1.517450682852807334e-03,3.034901365705614668e-03,7.587253414264036669e-04,3.034901365705614668e-03
0.000000000000000000e+00,0.000000000000000000e+00,5.042016806722689377e-03,2.521008403361344602e-02,8.067226890756303004e-02,1.378151260504201780e-01,5.764705882352940680e-01,9.747899159663865609e-02,2.689075630252101001e-02,1.008403361344537875e-02,6.722689075630252503e-03,8.403361344537814762e-03,1.680672268907563126e-03,6.722689075630252503e-03,3.361344537815126252e-03,1.680672268907563126e-03,1.680672268907563126e-03,0.000000000000000000e+00,1.680672268907563126e-03,1.680672268907563126e-03,1.680672268907563126e-03,5.042016806722689377e-03
0.000000000000000000e+00,2.493765586034912655e-03,7.481296758104737966e-03,1.995012468827930124e-02,6.234413965087282072e-02,4.738154613466333959e-02,9.476309226932667917e-02,5.610972568578553865e-01,1.147132169576059874e-01,2.244389027431421477e-02,4.987531172069825311e-03,9.975062344139650622e-03,4.987531172069825311e-03,0.000000000000000000e+00,4.987531172069825311e-03,4.987531172069825311e-03,7.481296758104737966e-03,2.493765586034912655e-03,2.493765586034912655e-03,1.246882793017456414e-02,0.000000000000000000e+00,1.246882793017456414e-02
0.000000000000000000e+00,1.000000000000000021e-02,0.000000000000000000e+00,1.000000000000000021e-02,2.999999999999999889e-02,7.333333333333333370e-02,6.333333333333333870e-02,1.133333333333333276e-01,5.300000000000000266e-01,8.333333333333332871e-02,6.666666666666667095e-03,1.333333333333333419e-02,1.666666666666666644e-02,3.333333333333333547e-03,3.333333333333333547e-03,6.666666666666667095e-03,0.000000000000000000e+00,0.000000000000000000e+00,6.666666666666667095e-03,6.666666666666667095e-03,0.000000000000000000e+00,2.333333333333333440e-02
0.000000000000000000e+00,4.273504273504273934e-03,0.000000000000000000e+00,8.547008547008547868e-03,1.709401709401709574e-02,3.418803418803419147e-02,4.700854700854700807e-02,4.273504273504273587e-02,8.974358974358974395e-02,5.726495726495726135e-01,5.555555555555555247e-02,4.700854700854700807e-02,8.547008547008547868e-03,8.547008547008547868e-03,4.273504273504273934e-03,1.709401709401709574e-02,0.000000000000000000e+00,4.273504273504273934e-03,0.000000000000000000e+00,0.000000000000000000e+00,1.282051282051282007e-02,2.564102564102564014e-02
0.000000000000000000e+00,0.000000000000000000e+00,0.000000000000000000e+00,1.265822784810126563e-02,2.531645569620253125e-02,3.797468354430379861e-02,2.531645569620253125e-02,1.265822784810126563e-02,5.063291139240506250e-02,1.139240506329113889e-01,4.050632911392405000e-01,1.139240506329113889e-01,2.531645569620253125e-02,2.531645569620253125e-02,1.265822784810126563e-02,2.531645569620253125e-02,5.063291139240506250e-02,1.265822784810126563e-02,1.265822784810126563e-02,1.265822784810126563e-02,0.000000000000000000e+00,2.531645569620253125e-02
0.000000000000000000e+00,9.708737864077669061e-03,0.000000000000000000e+00,9.708737864077669061e-03,9.708737864077669061e-03,3.883495145631067624e-02,4.854368932038834877e-02,0.000000000000000000e+00,4.854368932038834877e-02,8.737864077669903196e-02,6.796116504854368690e-02,4.951456310679611672e-01,6.796116504854368690e-02,3.883495145631067624e-02,9.708737864077669061e-03,0.000000000000000000e+00,1.941747572815533812e-02,0.000000000000000000e+00,9.708737864077669061e-03,9.708737864077669061e-03,0.000000000000000000e+00,2.912621359223301065e-02
0.000000000000000000e+00,0.000000000000000000e+00,0.000000000000000000e+00,0.000000000000000000e+00,0.000000000000000000e+00,4.347826086956521618e-02,5.797101449275362389e-02,2.898550724637681195e-02,2.898550724637681195e-02,2.898550724637681195e-02,0.000000000000000000e+00,2.898550724637681195e-02,4.492753623188405765e-01,1.014492753623188470e-01,5.797101449275362389e-02,0.000000000000000000e+00,4.347826086956521618e-02,1.449275362318840597e-02,0.000000000000000000e+00,2.898550724637681195e-02,1.449275362318840597e-02,7.246376811594203160e-02
0.000000000000000000e+00,0.000000000000000000e+00,0.000000000000000000e+00,2.083333333333333218e-02,0.000000000000000000e+00,4.166666666666666435e-02,6.250000000000000000e-02,6.250000000000000000e-02,2.083333333333333218e-02,2.083333333333333218e-02,4.166666666666666435e-02,4.166666666666666435e-02,1.250000000000000000e-01,3.541666666666666852e-01,4.166666666666666435e-02,4.166666666666666435e-02,4.166666666666666435e-02,2.083333333333333218e-02,4.166666666666666435e-02,0.000000000000000000e+00,0.000000000000000000e+00,2.083333333333333218e-02
0.000000000000000000e+00,0.000000000000000000e+00,0.000000000000000000e+00,0.000000000000000000e+00,0.000000000000000000e+00,5.882352941176470507e-02,4.411764705882353227e-02,1.470588235294117627e-02,1.470588235294117627e-02,2.941176470588235253e-02,2.941176470588235253e-02,1.470588235294117627e-02,2.941176470588235253e-02,4.411764705882353227e-02,5.735294117647058432e-01,5.882352941176470507e-02,2.941176470588235253e-02,4.411764705882353227e-02,0.000000000000000000e+00,0.000000000000000000e+00,0.000000000000000000e+00,1.470588235294117627e-02
0.000000000000000000e+00,0.000000000000000000e+00,0.000000000000000000e+00,2.040816326530612082e-02,2.040816326530612082e-02,4.081632653061224164e-02,2.040816326530612082e-02,0.000000000000000000e+00,6.122448979591836593e-02,2.040816326530612082e-02,0.000000000000000000e+00,0.000000000000000000e+00,0.000000000000000000e+00,8.163265306122448328e-02,1.428571428571428492e-01,3.673469387755102233e-01,8.163265306122448328e-02,0.000000000000000000e+00,2.040816326530612082e-02,0.000000000000000000e+00,2.040816326530612082e-02,1.020408163265306145e-01
0.000000000000000000e+00,0.000000000000000000e+00,0.000000000000000000e+00,2.127659574468085055e-02,2.127659574468085055e-02,0.000000000000000000e+00,2.127659574468085055e-02,0.000000000000000000e+00,1.063829787234042562e-01,0.000000000000000000e+00,0.000000000000000000e+00,0.000000000000000000e+00,2.127659574468085055e-02,4.255319148936170109e-02,2.127659574468085055e-02,1.276595744680850963e-01,3.617021276595744905e-01,1.489361702127659504e-01,4.255319148936170109e-02,0.000000000000000000e+00,2.127659574468085055e-02,4.255319148936170109e-02
0.000000000000000000e+00,0.000000000000000000e+00,0.000000000000000000e+00,0.000000000000000000e+00,0.000000000000000000e+00,1.282051282051282007e-02,1.282051282051282007e-02,1.282051282051282007e-02,0.000000000000000000e+00,3.846153846153846367e-02,3.846153846153846367e-02,1.282051282051282007e-02,0.000000000000000000e+00,1.282051282051282007e-02,2.564102564102564014e-02,1.282051282051282007e-02,5.128205128205128027e-02,5.384615384615384359e-01,1.153846153846153910e-01,3.846153846153846367e-02,6.410256410256409687e-02,1.282051282051282007e-02
0.000000000000000000e+00,0.000000000000000000e+00,0.000000000000000000e+00,0.000000000000000000e+00,4.347826086956521618e-02,4.347826086956521618e-02,0.000000000000000000e+00,2.173913043478260809e-02,2.173913043478260809e-02,0.000000000000000000e+00,0.000000000000000000e+00,2.173913043478260809e-02,2.173913043478260809e-02,4.347826086956521618e-02,0.000000000000000000e+00,2.173913043478260809e-02,2.173913043478260809e-02,1.521739130434782705e-01,3.913043478260869734e-01,6.521739130434782428e-02,0.000000000000000000e+00,1.304347826086956486e-01
0.000000000000000000e+00,0.000000000000000000e+00,0.000000000000000000e+00,0.000000000000000000e+00,1.694915254237288130e-02,3.389830508474576259e-02,3.389830508474576259e-02,1.694915254237288130e-02,3.389830508474576259e-02,3.389830508474576259e-02,0.000000000000000000e+00,5.084745762711864736e-02,0.000000000000000000e+00,0.000000000000000000e+00,1.694915254237288130e-02,1.694915254237288130e-02,3.389830508474576259e-02,8.474576271186440302e-02,3.389830508474576259e-02,3.050847457627118842e-01,5.084745762711864736e-02,2.372881355932203451e-01
0.000000000000000000e+00,0.000000000000000000e+00,0.000000000000000000e+00,1.851851851851851749e-02,1.851851851851851749e-02,0.000000000000000000e+00,0.000000000000000000e+00,1.851851851851851749e-02,0.000000000000000000e+00,1.851851851851851749e-02,0.000000000000000000e+00,1.851851851851851749e-02,0.000000000000000000e+00,1.851851851851851749e-02,0.000000000000000000e+00,3.703703703703703498e-02,1.851851851851851749e-02,7.407407407407406996e-02,0.000000000000000000e+00,1.851851851851851749e-02,5.555555555555555802e-01,1.851851851851851749e-01
0.000000000000000000e+00,3.484320557491289196e-03,0.000000000000000000e+00,6.968641114982578391e-03,1.393728222996515678e-02,1.742160278745644511e-02,1.045296167247386845e-02,2.439024390243902524e-02,1.742160278745644511e-02,1.393728222996515678e-02,6.968641114982578391e-03,6.968641114982578391e-03,2.090592334494773691e-02,1.742160278745644511e-02,1.742160278745644511e-02,6.968641114982578391e-03,3.484320557491289196e-03,1.045296167247386845e-02,6.968641114982578391e-03,4.878048780487805047e-02,2.787456445993031356e-02,7.177700348432055621e-01
