6.484018264840182288e-01,8.980213089802130400e-02,4.261796042617960190e-02,1.978691019786910088e-02,1.217656012176560054e-02,6.849315068493150305e-03,3.805175038051750169e-03,3.044140030441400135e-03,3.805175038051750169e-03,0.000000000000000000e+00,1.217656012176560054e-02,7.610350076103500339e-04,0.000000000000000000e+00,1.522070015220700068e-03,1.522070015220700068e-03,1.522070015220700068e-03,3.044140030441400135e-03,9.893455098934550440e-03,8.371385083713850372e-03,2.435312024353120108e-02,1.065449010654490047e-01
1.344778254649499349e-01,5.278969957081545150e-01,1.130185979971387727e-01,3.290414878397711351e-02,2.145922746781115872e-02,1.144492131616595132e-02,8.583690987124463490e-03,8.583690987124463490e-03,2.861230329041487830e-03,2.861230329041487830e-03,2.288984263233190264e-02,0.000000000000000000e+00,0.000000000000000000e+00,0.000000000000000000e+00,0.000000000000000000e+00,2.861230329041487830e-03,2.861230329041487830e-03,1.573676680972818306e-02,1.716738197424892698e-02,3.147353361945636613e-02,4.291845493562231745e-02
9.416195856873822712e-02,1.148775894538606457e-01,4.802259887005649874e-01,8.662900188323917339e-02,3.954802259887005983e-02,1.883239171374764473e-02,2.259887005649717506e-02,2.071563088512241163e-02,3.766478342749529033e-03,3.766478342749529033e-03,3.578154425612052603e-02,0.000000000000000000e+00,1.883239171374764516e-03,3.766478342749529033e-03,0.000000000000000000e+00,0.000000000000000000e+00,1.883239171374764516e-03,5.649717514124293766e-03,1.506591337099811613e-02,1.883239171374764473e-02,3.201506591337099916e-02
4.594594594594594850e-02,7.297297297297297702e-02,9.459459459459459985e-02,4.648648648648648907e-01,8.108108108108108558e-02,3.243243243243243423e-02,1.891891891891891997e-02,1.621621621621621712e-02,8.108108108108108558e-03,8.108108108108108558e-03,6.756756756756757132e-02,2.702702702702702853e-03,2.702702702702702853e-03,0.000000000000000000e+00,0.000000000000000000e+00,5.405405405405405705e-03,8.108108108108108558e-03,5.405405405405405705e-03,1.621621621621621712e-02,1.891891891891891997e-02,2.972972972972973138e-02
3.703703703703703498e-02,5.349794238683127506e-02,5.349794238683127506e-02,8.641975308641974829e-02,4.567901234567900981e-01,6.172839506172839164e-02,5.349794238683127506e-02,2.057613168724279837e-02,8.230452674897120041e-03,1.234567901234567833e-02,6.584362139917696033e-02,8.230452674897120041e-03,0.000000000000000000e+00,0.000000000000000000e+00,0.000000000000000000e+00,1.234567901234567833e-02,0.000000000000000000e+00,8.230452674897120041e-03,1.234567901234567833e-02,1.646090534979424008e-02,3.292181069958848016e-02
2.068965517241379282e-02,8.275862068965517127e-02,6.206896551724137845e-02,9.655172413793103314e-02,6.896551724137930939e-02,3.172413793103448509e-01,9.655172413793103314e-02,2.758620689655172376e-02,6.896551724137930939e-03,1.379310344827586188e-02,1.034482758620689641e-01,0.000000000000000000e+00,0.000000000000000000e+00,0.000000000000000000e+00,0.000000000000000000e+00,6.896551724137930939e-03,1.379310344827586188e-02,2.068965517241379282e-02,6.896551724137930939e-03,1.379310344827586188e-02,4.137931034482758563e-02
3.870967741935484041e-02,3.225806451612903136e-02,3.225806451612903136e-02,4.516129032258064252e-02,3.870967741935484041e-02,6.451612903225806273e-02,3.741935483870967860e-01,1.419354838709677435e-01,5.161290322580645157e-02,0.000000000000000000e+00,1.419354838709677435e-01,0.000000000000000000e+00,0.000000000000000000e+00,0.000000000000000000e+00,6.451612903225806446e-03,0.000000000000000000e+00,6.451612903225806446e-03,6.451612903225806446e-03,0.000000000000000000e+00,1.290322580645161289e-02,6.451612903225806446e-03
4.000000000000000083e-02,4.000000000000000083e-02,3.200000000000000067e-02,3.200000000000000067e-02,1.600000000000000033e-02,2.400000000000000050e-02,1.280000000000000027e-01,3.840000000000000080e-01,4.800000000000000100e-02,1.600000000000000033e-02,1.600000000000000033e-01,8.000000000000000167e-03,0.000000000000000000e+00,0.000000000000000000e+00,0.000000000000000000e+00,0.000000000000000000e+00,1.600000000000000033e-02,8.000000000000000167e-03,1.600000000000000033e-02,8.000000000000000167e-03,2.400000000000000050e-02
5.000000000000000278e-02,1.250000000000000069e-02,7.499999999999999722e-02,8.749999999999999445e-02,1.250000000000000069e-02,5.000000000000000278e-02,6.250000000000000000e-02,6.250000000000000000e-02,2.874999999999999778e-01,8.749999999999999445e-02,1.125000000000000028e-01,1.250000000000000069e-02,0.000000000000000000e+00,0.000000000000000000e+00,0.000000000000000000e+00,0.000000000000000000e+00,0.000000000000000000e+00,1.250000000000000069e-02,1.250000000000000069e-02,5.000000000000000278e-02,1.250000000000000069e-02
2.083333333333333218e-02,6.250000000000000000e-02,2.083333333333333218e-02,6.250000000000000000e-02,2.083333333333333218e-02,0.000000000000000000e+00,2.083333333333333218e-02,4.166666666666666435e-02,1.458333333333333426e-01,1.458333333333333426e-01,3.541666666666666852e-01,0.000000000000000000e+00,0.000000000000000000e+00,0.000000000000000000e+00,0.000000000000000000e+00,0.000000000000000000e+00,2.083333333333333218e-02,2.083333333333333218e-02,2.083333333333333218e-02,4.166666666666666435e-02,0.000000000000000000e+00
1.265822784810126563e-02,2.405063291139240486e-02,2.278481012658227847e-02,3.544303797468354583e-02,1.898734177215189931e-02,2.151898734177215208e-02,1.518987341772151840e-02,1.518987341772151840e-02,2.025316455696202569e-02,1.898734177215189931e-02,6.924050632911392666e-01,1.139240506329113924e-02,1.265822784810126606e-03,1.265822784810126606e-03,3.797468354430379601e-03,8.860759493670886458e-03,1.012658227848101285e-02,1.012658227848101285e-02,1.392405063291139201e-02,2.151898734177215208e-02,2.025316455696202569e-02
0.000000000000000000e+00,1.522070015220700068e-03,0.000000000000000000e+00,1.522070015220700068e-03,3.044140030441400135e-03,1.522070015220700068e-03,1.522070015220700068e-03,0.000000000000000000e+00,0.000000000000000000e+00,0.000000000000000000e+00,6.088280060882800271e-03,9.162861491628614408e-01,2.739726027397260122e-02,1.369863013698630061e-02,1.369863013698630061e-02,4.566210045662100203e-03,1.522070015220700068e-03,3.044140030441400135e-03,3.044140030441400135e-03,1.522070015220700068e-03,0.000000000000000000e+00
0.000000000000000000e+00,0.000000000000000000e+00,9.174311926605505096e-03,0.000000000000000000e+00,0.000000000000000000e+00,0.000000000000000000e+00,0.000000000000000000e+00,9.174311926605505096e-03,0.000000000000000000e+00,0.000000000000000000e+00,1.834862385321101019e-02,1.376146788990825764e-01,5.779816513761467656e-01,1.284403669724770714e-01,5.504587155963303058e-02,4.587155963302752548e-02,9.174311926605505096e-03,9.174311926605505096e-03,0.000000000000000000e+00,0.000000000000000000e+00,0.000000000000000000e+00
5.263157894736841987e-03,0.000000000000000000e+00,0.000000000000000000e+00,0.000000000000000000e+00,0.000000000000000000e+00,0.000000000000000000e+00,0.000000000000000000e+00,0.000000000000000000e+00,0.000000000000000000e+00,0.000000000000000000e+00,1.052631578947368397e-02,1.578947368421052683e-02,2.631578947368420907e-02,6.789473684210526327e-01,1.421052631578947345e-01,4.210526315789473589e-02,2.105263157894736795e-02,2.105263157894736795e-02,2.631578947368420907e-02,5.263157894736841987e-03,5.263157894736841987e-03
3.412969283276450546e-03,0.000000000000000000e+00,0.000000000000000000e+00,0.000000000000000000e+00,0.000000000000000000e+00,0.000000000000000000e+00,0.000000000000000000e+00,0.000000000000000000e+00,0.000000000000000000e+00,0.000000000000000000e+00,1.365187713310580218e-02,2.730375426621160437e-02,3.071672354948805361e-02,6.143344709897610723e-02,6.313993174061433011e-01,1.501706484641638362e-01,3.754266211604095904e-02,2.047781569965870241e-02,1.365187713310580218e-02,3.412969283276450546e-03,6.825938566552901092e-03
1.075268817204301161e-02,5.376344086021505805e-03,2.688172043010752903e-03,5.376344086021505805e-03,0.000000000000000000e+00,2.688172043010752903e-03,0.000000000000000000e+00,0.000000000000000000e+00,0.000000000000000000e+00,2.688172043010752903e-03,1.075268817204301161e-02,2.688172043010752903e-03,1.344086021505376365e-02,1.344086021505376365e-02,9.677419354838709409e-02,6.155913978494623739e-01,1.424731182795699047e-01,2.956989247311828106e-02,3.225806451612903136e-02,5.376344086021505805e-03,8.064516129032257841e-03
9.900990099009901110e-03,3.960396039603960444e-03,5.940594059405940666e-03,3.960396039603960444e-03,1.980198019801980222e-03,3.960396039603960444e-03,0.000000000000000000e+00,0.000000000000000000e+00,0.000000000000000000e+00,0.000000000000000000e+00,9.900990099009901110e-03,5.940594059405940666e-03,3.960396039603960444e-03,7.920792079207920888e-03,2.178217821782178071e-02,4.554455445544554337e-02,6.079207920792079056e-01,1.742574257425742457e-01,5.742574257425742817e-02,2.376237623762376266e-02,1.188118811881188133e-02
7.909604519774010925e-03,9.039548022598870372e-03,3.389830508474576173e-03,5.649717514124293766e-03,0.000000000000000000e+00,1.129943502824858797e-03,2.259887005649717593e-03,0.000000000000000000e+00,2.259887005649717593e-03,1.129943502824858797e-03,6.779661016949152345e-03,4.519774011299435186e-03,0.000000000000000000e+00,2.259887005649717593e-03,2.259887005649717593e-03,1.242937853107344698e-02,5.423728813559321876e-02,6.723163841807909824e-01,1.446327683615819260e-01,5.310734463276835932e-02,1.468926553672316414e-02
1.639344262295082053e-02,8.587041373926620688e-03,5.464480874316939886e-03,3.122560499609679935e-03,7.806401249024199837e-04,7.806401249024199837e-04,1.561280249804839967e-03,2.341920374707259951e-03,7.806401249024199837e-04,7.806401249024199837e-04,7.025761124121779853e-03,0.000000000000000000e+00,2.341920374707259951e-03,1.561280249804839967e-03,7.806401249024199837e-04,6.245120999219359870e-03,1.170960187353630062e-02,7.416081186572989759e-02,6.854020296643247301e-01,1.428571428571428492e-01,2.732240437158469856e-02
3.125000000000000000e-02,1.339285714285714211e-02,8.290816326530612776e-03,4.464285714285714038e-03,2.551020408163265103e-03,1.913265306122448935e-03,6.377551020408162756e-04,0.000000000000000000e+00,1.275510204081632551e-03,0.000000000000000000e+00,1.020408163265306041e-02,6.377551020408162756e-04,6.377551020408162756e-04,1.275510204081632551e-03,1.913265306122448935e-03,3.826530612244897871e-03,7.015306122448979574e-03,1.785714285714285615e-02,7.461734693877551672e-02,6.938775510204081565e-01,1.243622448979591899e-01
1.084905660377358527e-01,2.240566037735848906e-02,1.179245283018868010e-02,1.120283018867924453e-02,4.716981132075471518e-03,2.358490566037735759e-03,2.358490566037735759e-03,5.896226415094339398e-04,0.000000000000000000e+00,0.000000000000000000e+00,1.179245283018868010e-02,5.896226415094339398e-04,0.000000000000000000e+00,0.000000000000000000e+00,1.179245283018867880e-03,2.358490566037735759e-03,5.306603773584905349e-03,9.433962264150943036e-03,1.827830188679245224e-02,7.900943396226414728e-02,7.081367924528302327e-01
