4.843750000000000000e-01,4.687500000000000000e-02,1.562500000000000000e-02,1.562500000000000000e-02,3.125000000000000000e-02,4.687500000000000000e-02,7.812500000000000000e-02,1.562500000000000000e-02,4.687500000000000000e-02,6.250000000000000000e-02,9.375000000000000000e-02,0.000000000000000000e+00,0.000000000000000000e+00,1.562500000000000000e-02,0.000000000000000000e+00,1.562500000000000000e-02,0.000000000000000000e+00,0.000000000000000000e+00,0.000000000000000000e+00,0.000000000000000000e+00,0.000000000000000000e+00,3.125000000000000000e-02
1.875000000000000000e-01,1.250000000000000000e-01,0.000000000000000000e+00,0.000000000000000000e+00,6.250000000000000000e-02,0.000000000000000000e+00,2.500000000000000000e-01,6.250000000000000000e-02,1.250000000000000000e-01,1.250000000000000000e-01,6.250000000000000000e-02,0.000000000000000000e+00,0.000000000000000000e+00,0.000000000000000000e+00,0.000000000000000000e+00,0.000000000000000000e+00,0.000000000000000000e+00,0.000000000000000000e+00,0.000000000000000000e+00,0.000000000000000000e+00,0.000000000000000000e+00,0.000000000000000000e+00
0.000000000000000000e+00,0.000000000000000000e+00,6.052631578947368363e-01,0.000000000000000000e+00,5.263157894736841813e-02,5.263157894736841813e-02,2.631578947368420907e-02,7.894736842105262720e-02,5.263157894736841813e-02,2.631578947368420907e-02,2.631578947368420907e-02,5.263157894736841813e-02,0.000000000000000000e+00,2.631578947368420907e-02,0.000000000000000000e+00,0.000000000000000000e+00,0.000000000000000000e+00,0.000000000000000000e+00,0.000000000000000000e+00,0.000000000000000000e+00,0.000000000000000000e+00,0.000000000000000000e+00
2.702702702702702853e-02,0.000000000000000000e+00,0.000000000000000000e+00,5.270270270270269730e-01,6.756756756756757132e-02,8.108108108108108558e-02,5.405405405405405705e-02,5.405405405405405705e-02,4.054054054054054279e-02,6.756756756756757132e-02,4.054054054054054279e-02,2.702702702702702853e-02,0.000000000000000000e+00,0.000000000000000000e+00,0.000000000000000000e+00,0.000000000000000000e+00,0.000000000000000000e+00,0.000000000000000000e+00,0.000000000000000000e+00,0.000000000000000000e+00,0.000000000000000000e+00,1.351351351351351426e-02
0.000000000000000000e+00,5.617977528089887485e-03,5.617977528089887485e-03,5.056179775280898736e-02,6.797752808988763995e-01,6.741573033707864981e-02,3.370786516853932491e-02,2.808988764044943742e-02,5.617977528089887485e-03,3.370786516853932491e-02,2.808988764044943742e-02,3.370786516853932491e-02,0.000000000000000000e+00,5.617977528089887485e-03,5.617977528089887485e-03,0.000000000000000000e+00,0.000000000000000000e+00,0.000000000000000000e+00,5.617977528089887485e-03,0.000000000000000000e+00,0.000000000000000000e+00,1.123595505617977497e-02
4.807692307692307959e-03,9.615384615384615918e-03,4.807692307692307959e-03,2.403846153846153980e-02,7.692307692307692735e-02,5.048076923076922906e-01,1.298076923076923184e-01,6.250000000000000000e-02,6.250000000000000000e-02,4.807692307692307959e-02,2.403846153846153980e-02,4.807692307692307959e-03,1.442307692307692388e-02,4.807692307692307959e-03,9.615384615384615918e-03,4.807692307692307959e-03,0.000000000000000000e+00,0.000000000000000000e+00,0.000000000000000000e+00,0.000000000000000000e+00,0.000000000000000000e+00,9.615384615384615918e-03
2.577319587628865930e-03,2.577319587628865930e-03,0.000000000000000000e+00,1.030927835051546372e-02,1.546391752577319645e-02,7.989690721649483907e-02,5.618556701030927858e-01,1.056701030927835044e-01,7.731958762886598224e-02,3.608247422680412042e-02,4.639175257731958935e-02,2.835051546391752567e-02,7.731958762886598224e-03,2.577319587628865930e-03,1.546391752577319645e-02,0.000000000000000000e+00,2.577319587628865930e-03,2.577319587628865930e-03,0.000000000000000000e+00,0.000000000000000000e+00,0.000000000000000000e+00,2.577319587628865930e-03
4.329004329004329001e-03,0.000000000000000000e+00,1.443001443001443000e-03,2.886002886002886000e-03,2.886002886002886000e-03,1.875901875901875987e-02,7.215007215007214481e-02,6.334776334776335283e-01,1.139971139971139996e-01,7.647907647907647988e-02,4.040404040404040747e-02,1.443001443001443000e-02,8.658008658008658001e-03,4.329004329004329001e-03,1.443001443001443000e-03,1.443001443001443000e-03,0.000000000000000000e+00,1.443001443001443000e-03,0.000000000000000000e+00,0.000000000000000000e+00,0.000000000000000000e+00,1.443001443001443000e-03
0.000000000000000000e+00,0.000000000000000000e+00,2.446982055464926378e-03,1.631321370309951136e-03,4.078303425774877297e-03,8.972267536704730054e-03,2.446982055464926725e-02,7.422512234910277895e-02,6.435562805872756531e-01,1.411092985318107562e-01,5.628058727569330844e-02,2.120717781402936541e-02,1.141924959216965817e-02,4.078303425774877297e-03,8.156606851549755679e-04,0.000000000000000000e+00,8.156606851549755679e-04,1.631321370309951136e-03,8.156606851549755679e-04,8.156606851549755679e-04,0.000000000000000000e+00,1.631321370309951136e-03
4.773269689737470278e-04,0.000000000000000000e+00,1.431980906921241029e-03,1.431980906921241029e-03,1.909307875894988111e-03,3.818615751789976222e-03,1.241050119331742196e-02,2.243436754176611134e-02,9.451073985680190359e-02,6.701670644391407583e-01,1.303102625298329376e-01,3.245823389021479377e-02,1.145584725536992823e-02,5.250596658711217252e-03,2.863961813842482058e-03,2.386634844868735193e-03,4.773269689737470278e-04,1.431980906921241029e-03,9.546539379474940556e-04,4.773269689737470278e-04,0.000000000000000000e+00,3.341288782816228924e-03
6.570302233902759661e-04,0.000000000000000000e+00,0.000000000000000000e+00,6.570302233902759661e-04,6.570302233902759661e-04,9.855453350854138407e-04,3.942181340341655363e-03,8.869908015768725867e-03,2.529566360052562524e-02,1.067674113009198372e-01,7.270039421813403457e-01,9.625492772667543218e-02,1.281208935611038123e-02,6.570302233902759227e-03,3.613666228646517705e-03,9.855453350854138407e-04,9.855453350854138407e-04,1.314060446780551932e-03,3.285151116951379830e-04,3.285151116951379830e-04,3.285151116951379830e-04,1.642575558475689807e-03
5.333333333333333589e-04,0.000000000000000000e+00,0.000000000000000000e+00,0.000000000000000000e+00,2.133333333333333436e-03,1.066666666666666718e-03,3.200000000000000153e-03,5.866666666666666731e-03,1.066666666666666631e-02,2.773333333333333206e-02,1.759999999999999898e-01,6.597333333333332828e-01,6.560000000000000553e-02,1.973333333333333189e-02,3.733333333333333295e-03,4.266666666666666871e-03,7.466666666666666591e-03,3.733333333333333295e-03,5.333333333333333589e-04,1.066666666666666718e-03,1.066666666666666718e-03,5.866666666666666731e-03
1.207729468599033759e-03,0.000000000000000000e+00,0.000000000000000000e+00,1.207729468599033759e-03,0.000000000000000000e+00,0.000000000000000000e+00,2.415458937198067518e-03,2.415458937198067518e-03,9.661835748792270070e-03,1.570048309178743995e-02,6.159420289855072755e-02,2.113526570048309128e-01,5.519323671497584627e-01,6.642512077294686346e-02,2.053140096618357585e-02,1.690821256038647219e-02,8.454106280193236095e-03,6.038647342995169011e-03,2.415458937198067518e-03,1.207729468599033759e-03,2.415458937198067518e-03,1.811594202898550790e-02
0.000000000000000000e+00,0.000000000000000000e+00,0.000000000000000000e+00,0.000000000000000000e+00,0.000000000000000000e+00,2.155172413793103418e-03,4.310344827586206837e-03,4.310344827586206837e-03,1.724137931034482735e-02,1.508620689655172480e-02,6.250000000000000000e-02,1.012931034482758563e-01,1.918103448275862155e-01,4.935344827586206629e-01,4.956896551724138122e-02,1.724137931034482735e-02,1.077586206896551796e-02,2.155172413793103418e-03,4.310344827586206837e-03,2.155172413793103418e-03,4.310344827586206837e-03,1.724137931034482735e-02
3.921568627450980338e-03,0.000000000000000000e+00,0.000000000000000000e+00,0.000000000000000000e+00,3.921568627450980338e-03,7.843137254901960675e-03,0.000000000000000000e+00,1.176470588235294101e-02,3.921568627450980338e-03,1.960784313725490169e-02,3.529411764705882304e-02,7.058823529411764608e-02,1.019607843137254888e-01,1.882352941176470562e-01,4.274509803921568429e-01,5.490196078431372473e-02,1.568627450980392135e-02,1.960784313725490169e-02,7.843137254901960675e-03,3.921568627450980338e-03,0.000000000000000000e+00,2.352941176470588203e-02
0.000000000000000000e+00,0.000000000000000000e+00,0.000000000000000000e+00,0.000000000000000000e+00,7.575757575757575968e-03,0.000000000000000000e+00,0.000000000000000000e+00,0.000000000000000000e+00,7.575757575757575968e-03,7.575757575757575968e-03,6.060606060606060774e-02,4.545454545454545581e-02,9.848484848484848064e-02,6.818181818181817677e-02,1.818181818181818232e-01,3.560606060606060774e-01,5.303030303030303177e-02,3.787878787878787984e-02,2.272727272727272790e-02,0.000000000000000000e+00,1.515151515151515194e-02,3.787878787878787984e-02
0.000000000000000000e+00,0.000000000000000000e+00,0.000000000000000000e+00,0.000000000000000000e+00,0.000000000000000000e+00,0.000000000000000000e+00,0.000000000000000000e+00,1.086956521739130405e-02,3.260869565217391214e-02,1.086956521739130405e-02,2.173913043478260809e-02,4.347826086956521618e-02,1.630434782608695676e-01,1.086956521739130405e-01,1.304347826086956486e-01,1.195652173913043514e-01,2.500000000000000000e-01,4.347826086956521618e-02,1.086956521739130405e-02,0.000000000000000000e+00,0.000000000000000000e+00,5.434782608695652023e-02
0.000000000000000000e+00,0.000000000000000000e+00,0.000000000000000000e+00,0.000000000000000000e+00,1.388888888888888812e-02,0.000000000000000000e+00,0.000000000000000000e+00,0.000000000000000000e+00,1.388888888888888812e-02,1.388888888888888812e-02,2.777777777777777624e-02,1.111111111111111049e-01,9.722222222222222376e-02,1.111111111111111049e-01,1.666666666666666574e-01,6.944444444444444753e-02,5.555555555555555247e-02,2.083333333333333426e-01,5.555555555555555247e-02,2.777777777777777624e-02,1.388888888888888812e-02,1.388888888888888812e-02
0.000000000000000000e+00,0.000000000000000000e+00,0.000000000000000000e+00,0.000000000000000000e+00,0.000000000000000000e+00,0.000000000000000000e+00,0.000000000000000000e+00,0.000000000000000000e+00,1.886792452830188607e-02,0.000000000000000000e+00,1.132075471698113234e-01,1.132075471698113234e-01,3.773584905660377214e-02,0.000000000000000000e+00,0.000000000000000000e+00,3.773584905660377214e-02,9.433962264150944077e-02,5.660377358490566169e-02,4.150943396226415283e-01,1.886792452830188607e-02,1.886792452830188607e-02,7.547169811320754429e-02
7.142857142857142461e-02,0.000000000000000000e+00,0.000000000000000000e+00,0.000000000000000000e+00,0.000000000000000000e+00,0.000000000000000000e+00,0.000000000000000000e+00,0.000000000000000000e+00,0.000000000000000000e+00,0.000000000000000000e+00,7.142857142857142461e-02,0.000000000000000000e+00,1.428571428571428492e-01,7.142857142857142461e-02,7.142857142857142461e-02,1.428571428571428492e-01,7.142857142857142461e-02,1.428571428571428492e-01,0.000000000000000000e+00,7.142857142857142461e-02,7.142857142857142461e-02,7.142857142857142461e-02
0.000000000000000000e+00,0.000000000000000000e+00,0.000000000000000000e+00,0.000000000000000000e+00,0.000000000000000000e+00,0.000000000000000000e+00,0.000000000000000000e+00,0.000000000000000000e+00,0.000000000000000000e+00,3.571428571428571230e-02,0.000000000000000000e+00,1.071428571428571369e-01,0.000000000000000000e+00,3.571428571428571230e-02,1.785714285714285754e-01,3.571428571428571230e-02,7.142857142857142461e-02,3.571428571428571230e-02,7.142857142857142461e-02,3.571428571428571230e-02,3.928571428571428492e-01,0.000000000000000000e+00
0.000000000000000000e+00,0.000000000000000000e+00,0.000000000000000000e+00,0.000000000000000000e+00,0.000000000000000000e+00,0.000000000000000000e+00,0.000000000000000000e+00,4.566210045662100203e-03,4.566210045662100203e-03,2.283105022831050102e-02,5.936073059360730264e-02,3.652968036529680163e-02,1.050228310502283047e-01,7.305936073059360325e-02,5.936073059360730264e-02,3.652968036529680163e-02,5.479452054794520244e-02,4.109589041095890183e-02,2.739726027397260122e-02,1.369863013698630061e-02,2.283105022831050102e-02,4.383561643835616195e-01
