9.183168316831683553e-01,2.970297029702970160e-02,1.485148514851485080e-02,2.475247524752475278e-03,2.475247524752475278e-03,4.950495049504950555e-03,2.475247524752475278e-03,2.475247524752475278e-03,2.475247524752475278e-03,4.950495049504950555e-03,0.000000000000000000e+00,0.000000000000000000e+00,0.000000000000000000e+00,2.475247524752475278e-03,0.000000000000000000e+00,0.000000000000000000e+00,0.000000000000000000e+00,0.000000000000000000e+00,0.000000000000000000e+00,2.475247524752475278e-03,2.475247524752475278e-03,7.425742574257425399e-03
1.006711409395973089e-01,6.577181208053691774e-01,1.006711409395973089e-01,5.369127516778523374e-02,2.684563758389261687e-02,0.000000000000000000e+00,6.711409395973154217e-03,0.000000000000000000e+00,6.711409395973154217e-03,1.342281879194630843e-02,6.711409395973154217e-03,0.000000000000000000e+00,0.000000000000000000e+00,0.000000000000000000e+00,0.000000000000000000e+00,6.711409395973154217e-03,0.000000000000000000e+00,0.000000000000000000e+00,0.000000000000000000e+00,0.000000000000000000e+00,0.000000000000000000e+00,2.013422818791946178e-02
3.743315508021390070e-02,1.069518716577540079e-01,7.005347593582887944e-01,4.812834224598930288e-02,2.673796791443850199e-02,2.139037433155080090e-02,0.000000000000000000e+00,2.139037433155080090e-02,0.000000000000000000e+00,5.347593582887700224e-03,0.000000000000000000e+00,0.000000000000000000e+00,0.000000000000000000e+00,0.000000000000000000e+00,5.347593582887700224e-03,0.000000000000000000e+00,0.000000000000000000e+00,0.000000000000000000e+00,5.347593582887700224e-03,0.000000000000000000e+00,0.000000000000000000e+00,2.139037433155080090e-02
1.463414634146341549e-02,1.463414634146341549e-02,8.780487804878048252e-02,6.146341463414634054e-01,1.170731707317073239e-01,7.317073170731706877e-02,1.463414634146341549e-02,9.756097560975609748e-03,4.878048780487804874e-03,9.756097560975609748e-03,4.878048780487804874e-03,0.000000000000000000e+00,9.756097560975609748e-03,0.000000000000000000e+00,0.000000000000000000e+00,0.000000000000000000e+00,4.878048780487804874e-03,0.000000000000000000e+00,4.878048780487804874e-03,0.000000000000000000e+00,0.000000000000000000e+00,1.463414634146341549e-02
5.037783375314861326e-03,7.556675062972291988e-03,5.037783375314861326e-03,8.060453400503778121e-02,6.926952141057934886e-01,9.571788413098236692e-02,3.526448362720403101e-02,2.015113350125944530e-02,5.037783375314861326e-03,1.511335012594458398e-02,5.037783375314861326e-03,5.037783375314861326e-03,5.037783375314861326e-03,5.037783375314861326e-03,5.037783375314861326e-03,0.000000000000000000e+00,0.000000000000000000e+00,0.000000000000000000e+00,0.000000000000000000e+00,2.518891687657430663e-03,0.000000000000000000e+00,1.007556675062972265e-02
2.869440459110473608e-03,2.869440459110473608e-03,2.869440459110473608e-03,1.434720229555236717e-02,7.460545193687230514e-02,7.073170731707316694e-01,1.076040172166427555e-01,2.152080344332855250e-02,1.434720229555236717e-02,1.147776183644189443e-02,1.004304160688665633e-02,2.869440459110473608e-03,5.738880918220947217e-03,2.869440459110473608e-03,0.000000000000000000e+00,2.869440459110473608e-03,2.869440459110473608e-03,0.000000000000000000e+00,1.434720229555236804e-03,0.000000000000000000e+00,1.434720229555236804e-03,1.004304160688665633e-02
3.260869565217391127e-03,1.086956521739130448e-03,2.173913043478260896e-03,2.173913043478260896e-03,1.086956521739130405e-02,9.130434782608695676e-02,6.673913043478261198e-01,1.336956521739130488e-01,4.239130434782608509e-02,1.413043478260869561e-02,8.695652173913043584e-03,7.608695652173913353e-03,3.260869565217391127e-03,0.000000000000000000e+00,1.086956521739130448e-03,1.086956521739130448e-03,0.000000000000000000e+00,2.173913043478260896e-03,1.086956521739130448e-03,1.086956521739130448e-03,0.000000000000000000e+00,5.434782608695652023e-03
0.000000000000000000e+00,0.000000000000000000e+00,1.433691756272401432e-03,2.150537634408602149e-03,3.584229390681003581e-03,1.218637992831541304e-02,8.960573476702508866e-02,6.974910394265233515e-01,1.225806451612903164e-01,2.150537634408602322e-02,1.218637992831541304e-02,9.318996415770610178e-03,3.584229390681003581e-03,5.734767025089605730e-03,2.150537634408602149e-03,2.150537634408602149e-03,0.000000000000000000e+00,0.000000000000000000e+00,1.433691756272401432e-03,2.867383512544802865e-03,0.000000000000000000e+00,1.003584229390681003e-02
2.117522498676548560e-03,0.000000000000000000e+00,5.293806246691371399e-04,5.293806246691371399e-04,1.058761249338274280e-03,7.940709370037057208e-03,1.746956061408152378e-02,8.893594494441503517e-02,7.098994176813128165e-01,1.000529380624669146e-01,2.382212811011117162e-02,1.164637374272101643e-02,8.999470619375331271e-03,5.293806246691371183e-03,2.646903123345685591e-03,1.588141874007411311e-03,5.293806246691371399e-04,1.588141874007411311e-03,0.000000000000000000e+00,0.000000000000000000e+00,1.588141874007411311e-03,1.376389624139756455e-02
0.000000000000000000e+00,5.467468562055767881e-04,0.000000000000000000e+00,5.467468562055767881e-04,1.093493712411153576e-03,3.827227993439037516e-03,6.560962274466921457e-03,1.749589939857845722e-02,1.131765992345544064e-01,7.025697102241662551e-01,8.474576271186440302e-02,2.132312739201749560e-02,1.421541826134499649e-02,5.467468562055767881e-03,7.107709130672498245e-03,3.827227993439037516e-03,1.640240568616730364e-03,1.640240568616730364e-03,5.467468562055767881e-04,1.093493712411153576e-03,1.640240568616730364e-03,1.093493712411153576e-02
9.569377990430622287e-04,9.569377990430622287e-04,9.569377990430622287e-04,0.000000000000000000e+00,1.913875598086124457e-03,5.741626794258373155e-03,9.569377990430621636e-03,1.626794258373205626e-02,4.688995215311005105e-02,1.818181818181818232e-01,5.703349282296650280e-01,7.368421052631578261e-02,2.870813397129186664e-02,1.339712918660287098e-02,1.531100478468899566e-02,1.913875598086124457e-03,1.913875598086124457e-03,3.827751196172248915e-03,4.784688995215310818e-03,1.913875598086124457e-03,1.913875598086124457e-03,1.722488038277511860e-02
0.000000000000000000e+00,0.000000000000000000e+00,0.000000000000000000e+00,0.000000000000000000e+00,1.552795031055900516e-03,1.552795031055900516e-03,4.658385093167701982e-03,1.552795031055900603e-02,4.347826086956521618e-02,4.813664596273291990e-02,1.537267080745341741e-01,5.357142857142856984e-01,9.161490683229814302e-02,2.950310559006211197e-02,1.552795031055900603e-02,6.211180124223602064e-03,6.211180124223602064e-03,3.105590062111801032e-03,9.316770186335403964e-03,4.658385093167701982e-03,1.552795031055900516e-03,2.795031055900621189e-02
0.000000000000000000e+00,0.000000000000000000e+00,2.325581395348837177e-03,0.000000000000000000e+00,0.000000000000000000e+00,2.325581395348837177e-03,6.976744186046511531e-03,1.395348837209302306e-02,3.023255813953488330e-02,6.744186046511628507e-02,9.069767441860465684e-02,1.511627906976744096e-01,4.395348837209302473e-01,7.441860465116278966e-02,1.627906976744186024e-02,2.558139534883720895e-02,2.325581395348837177e-03,1.627906976744186024e-02,6.976744186046511531e-03,9.302325581395348708e-03,2.325581395348837177e-03,4.186046511627906919e-02
0.000000000000000000e+00,0.000000000000000000e+00,0.000000000000000000e+00,0.000000000000000000e+00,3.663003663003663000e-03,7.326007326007326001e-03,3.663003663003663000e-03,7.326007326007326001e-03,3.296703296703296787e-02,3.296703296703296787e-02,5.128205128205128027e-02,9.157509157509156894e-02,1.355311355311355215e-01,4.615384615384615641e-01,4.761904761904761640e-02,1.465201465201465200e-02,1.831501831501831587e-02,1.098901098901098987e-02,3.663003663003663000e-03,1.465201465201465200e-02,1.098901098901098987e-02,5.128205128205128027e-02
0.000000000000000000e+00,0.000000000000000000e+00,4.694835680751173815e-03,4.694835680751173815e-03,0.000000000000000000e+00,4.694835680751173815e-03,2.816901408450704289e-02,1.877934272300469526e-02,1.408450704225352144e-02,6.103286384976525786e-02,5.633802816901408578e-02,7.511737089201878104e-02,9.389671361502346936e-02,8.450704225352112520e-02,3.708920187793427470e-01,5.164319248826291370e-02,1.408450704225352144e-02,2.347417840375586734e-02,4.694835680751173815e-03,4.694835680751173815e-03,9.389671361502347630e-03,7.511737089201878104e-02
0.000000000000000000e+00,6.896551724137930939e-03,0.000000000000000000e+00,6.896551724137930939e-03,0.000000000000000000e+00,0.000000000000000000e+00,0.000000000000000000e+00,0.000000000000000000e+00,2.068965517241379282e-02,4.827586206896551657e-02,5.517241379310344751e-02,2.758620689655172376e-02,6.896551724137930939e-02,5.517241379310344751e-02,8.965517241379310220e-02,3.931034482758620774e-01,4.137931034482758563e-02,3.448275862068965469e-02,1.379310344827586188e-02,2.068965517241379282e-02,6.896551724137930939e-03,1.103448275862068950e-01
0.000000000000000000e+00,0.000000000000000000e+00,0.000000000000000000e+00,0.000000000000000000e+00,0.000000000000000000e+00,0.000000000000000000e+00,8.695652173913043584e-03,0.000000000000000000e+00,1.739130434782608717e-02,4.347826086956521618e-02,4.347826086956521618e-02,1.739130434782608717e-02,5.217391304347825803e-02,8.695652173913043237e-02,6.086956521739130682e-02,6.956521739130434867e-02,3.652173913043478271e-01,3.478260869565217434e-02,4.347826086956521618e-02,2.608695652173912902e-02,8.695652173913043584e-03,1.217391304347826136e-01
0.000000000000000000e+00,9.009009009009008931e-03,0.000000000000000000e+00,0.000000000000000000e+00,0.000000000000000000e+00,0.000000000000000000e+00,0.000000000000000000e+00,0.000000000000000000e+00,1.801801801801801786e-02,1.801801801801801786e-02,2.702702702702702853e-02,6.306306306306305731e-02,8.108108108108108558e-02,3.603603603603603572e-02,9.009009009009008931e-03,3.603603603603603572e-02,1.081081081081081141e-01,3.423423423423423428e-01,6.306306306306305731e-02,4.504504504504504292e-02,9.009009009009008931e-03,1.351351351351351426e-01
0.000000000000000000e+00,0.000000000000000000e+00,0.000000000000000000e+00,0.000000000000000000e+00,0.000000000000000000e+00,0.000000000000000000e+00,0.000000000000000000e+00,8.928571428571428076e-03,1.785714285714285615e-02,3.571428571428571230e-02,5.357142857142856845e-02,2.678571428571428423e-02,2.678571428571428423e-02,3.571428571428571230e-02,8.928571428571428770e-02,3.571428571428571230e-02,4.464285714285714385e-02,6.250000000000000000e-02,3.214285714285714524e-01,3.571428571428571230e-02,2.678571428571428423e-02,1.785714285714285754e-01
0.000000000000000000e+00,0.000000000000000000e+00,0.000000000000000000e+00,0.000000000000000000e+00,0.000000000000000000e+00,0.000000000000000000e+00,1.086956521739130405e-02,3.260869565217391214e-02,0.000000000000000000e+00,4.347826086956521618e-02,3.260869565217391214e-02,1.086956521739130405e-02,2.173913043478260809e-02,4.347826086956521618e-02,5.434782608695652023e-02,3.260869565217391214e-02,3.260869565217391214e-02,4.347826086956521618e-02,9.782608695652174335e-02,3.586956521739130266e-01,7.608695652173913526e-02,1.086956521739130405e-01
0.000000000000000000e+00,1.515151515151515194e-02,0.000000000000000000e+00,0.000000000000000000e+00,1.515151515151515194e-02,0.000000000000000000e+00,0.000000000000000000e+00,1.515151515151515194e-02,0.000000000000000000e+00,3.030303030303030387e-02,4.545454545454545581e-02,0.000000000000000000e+00,4.545454545454545581e-02,6.060606060606060774e-02,7.575757575757575968e-02,1.515151515151515194e-02,4.545454545454545581e-02,3.030303030303030387e-02,6.060606060606060774e-02,1.212121212121212155e-01,2.424242424242424310e-01,1.818181818181818232e-01
1.355013550135501354e-03,1.355013550135501354e-03,0.000000000000000000e+00,2.710027100271002708e-03,4.065040650406504495e-03,6.775067750677507203e-03,8.130081300813008990e-03,6.775067750677507203e-03,2.981029810298102892e-02,2.168021680216802166e-02,2.981029810298102892e-02,2.168021680216802166e-02,3.252032520325203596e-02,3.252032520325203596e-02,1.626016260162601798e-02,2.032520325203251987e-02,2.168021680216802166e-02,2.981029810298102892e-02,2.574525745257452702e-02,1.761517615176151630e-02,2.981029810298102892e-02,6.395663956639566772e-01
