0.000000000000000000e+00,5.000000000000000000e-01,0.000000000000000000e+00,0.000000000000000000e+00,0.000000000000000000e+00,0.000000000000000000e+00,0.000000000000000000e+00,5.000000000000000000e-01,0.000000000000000000e+00,0.000000000000000000e+00,0.000000000000000000e+00,0.000000000000000000e+00,0.000000000000000000e+00,0.000000000000000000e+00,0.000000000000000000e+00,0.000000000000000000e+00,0.000000000000000000e+00,0.000000000000000000e+00,0.000000000000000000e+00,0.000000000000000000e+00,0.000000000000000000e+00,0.000000000000000000e+00
1.052631578947368363e-01,6.842105263157894912e-01,1.052631578947368363e-01,5.263157894736841813e-02,0.000000000000000000e+00,5.263157894736841813e-02,0.000000000000000000e+00,0.000000000000000000e+00,0.000000000000000000e+00,0.000000000000000000e+00,0.000000000000000000e+00,0.000000000000000000e+00,0.000000000000000000e+00,0.000000000000000000e+00,0.000000000000000000e+00,0.000000000000000000e+00,0.000000000000000000e+00,0.000000000000000000e+00,0.000000000000000000e+00,0.000000000000000000e+00,0.000000000000000000e+00,0.000000000000000000e+00
0.000000000000000000e+00,3.333333333333333148e-01,3.333333333333333148e-01,0.000000000000000000e+00,1.666666666666666574e-01,0.000000000000000000e+00,0.000000000000000000e+00,0.000000000000000000e+00,0.000000000000000000e+00,0.000000000000000000e+00,1.666666666666666574e-01,0.000000000000000000e+00,0.000000000000000000e+00,0.000000000000000000e+00,0.000000000000000000e+00,0.000000000000000000e+00,0.000000000000000000e+00,0.000000000000000000e+00,0.000000000000000000e+00,0.000000000000000000e+00,0.000000000000000000e+00,0.000000000000000000e+00
0.000000000000000000e+00,3.846153846153846367e-02,3.846153846153846367e-02,8.461538461538461453e-01,7.692307692307692735e-02,0.000000000000000000e+00,0.000000000000000000e+00,0.000000000000000000e+00,0.000000000000000000e+00,0.000000000000000000e+00,0.000000000000000000e+00,0.000000000000000000e+00,0.000000000000000000e+00,0.000000000000000000e+00,0.000000000000000000e+00,0.000000000000000000e+00,0.000000000000000000e+00,0.000000000000000000e+00,0.000000000000000000e+00,0.000000000000000000e+00,0.000000000000000000e+00,0.000000000000000000e+00
0.000000000000000000e+00,0.000000000000000000e+00,0.000000000000000000e+00,2.439024390243902524e-02,8.780487804878048808e-01,7.317073170731706877e-02,0.000000000000000000e+00,0.000000000000000000e+00,0.000000000000000000e+00,0.000000000000000000e+00,2.439024390243902524e-02,0.000000000000000000e+00,0.000000000000000000e+00,0.000000000000000000e+00,0.000000000000000000e+00,0.000000000000000000e+00,0.000000000000000000e+00,0.000000000000000000e+00,0.000000000000000000e+00,0.000000000000000000e+00,0.000000000000000000e+00,0.000000000000000000e+00
0.000000000000000000e+00,1.923076923076923184e-02,0.000000000000000000e+00,0.000000000000000000e+00,7.692307692307692735e-02,6.153846153846154188e-01,1.346153846153846090e-01,9.615384615384615918e-02,0.000000000000000000e+00,0.000000000000000000e+00,1.923076923076923184e-02,1.923076923076923184e-02,0.000000000000000000e+00,0.000000000000000000e+00,0.000000000000000000e+00,0.000000000000000000e+00,0.000000000000000000e+00,0.000000000000000000e+00,0.000000000000000000e+00,0.000000000000000000e+00,0.000000000000000000e+00,1.923076923076923184e-02
0.000000000000000000e+00,0.000000000000000000e+00,0.000000000000000000e+00,0.000000000000000000e+00,0.000000000000000000e+00,9.259259259259258745e-02,7.592592592592593004e-01,1.111111111111111049e-01,0.000000000000000000e+00,1.851851851851851749e-02,0.000000000000000000e+00,0.000000000000000000e+00,0.000000000000000000e+00,0.000000000000000000e+00,9.259259259259258745e-03,0.000000000000000000e+00,0.000000000000000000e+00,0.000000000000000000e+00,0.000000000000000000e+00,0.000000000000000000e+00,0.000000000000000000e+00,9.259259259259258745e-03
0.000000000000000000e+00,0.000000000000000000e+00,0.000000000000000000e+00,0.000000000000000000e+00,0.000000000000000000e+00,1.290322580645161289e-02,7.741935483870968082e-02,7.290322580645161032e-01,1.225806451612903164e-01,1.935483870967742021e-02,1.290322580645161289e-02,6.451612903225806446e-03,0.000000000000000000e+00,0.000000000000000000e+00,0.000000000000000000e+00,6.451612903225806446e-03,0.000000000000000000e+00,6.451612903225806446e-03,0.000000000000000000e+00,0.000000000000000000e+00,0.000000000000000000e+00,6.451612903225806446e-03
0.000000000000000000e+00,0.000000000000000000e+00,0.000000000000000000e+00,0.000000000000000000e+00,0.000000000000000000e+00,0.000000000000000000e+00,4.608294930875576033e-03,5.529953917050691586e-02,7.972350230414746441e-01,1.013824884792626779e-01,1.843317972350230413e-02,4.608294930875576033e-03,1.382488479262672897e-02,0.000000000000000000e+00,0.000000000000000000e+00,0.000000000000000000e+00,0.000000000000000000e+00,0.000000000000000000e+00,0.000000000000000000e+00,0.000000000000000000e+00,0.000000000000000000e+00,4.608294930875576033e-03
0.000000000000000000e+00,0.000000000000000000e+00,0.000000000000000000e+00,0.000000000000000000e+00,0.000000000000000000e+00,0.000000000000000000e+00,3.322259136212624663e-03,6.644518272425249325e-03,8.637873754152823602e-02,8.139534883720930258e-01,5.315614617940199460e-02,1.993355481727574624e-02,3.322259136212624663e-03,0.000000000000000000e+00,0.000000000000000000e+00,3.322259136212624663e-03,0.000000000000000000e+00,3.322259136212624663e-03,0.000000000000000000e+00,0.000000000000000000e+00,0.000000000000000000e+00,6.644518272425249325e-03
0.000000000000000000e+00,0.000000000000000000e+00,0.000000000000000000e+00,0.000000000000000000e+00,0.000000000000000000e+00,9.615384615384615918e-03,0.000000000000000000e+00,2.884615384615384776e-02,4.807692307692307959e-02,1.442307692307692180e-01,6.250000000000000000e-01,1.153846153846153910e-01,9.615384615384615918e-03,0.000000000000000000e+00,0.000000000000000000e+00,9.615384615384615918e-03,0.000000000000000000e+00,0.000000000000000000e+00,0.000000000000000000e+00,9.615384615384615918e-03,0.000000000000000000e+00,0.000000000000000000e+00
0.000000000000000000e+00,0.000000000000000000e+00,0.000000000000000000e+00,0.000000000000000000e+00,0.000000000000000000e+00,0.000000000000000000e+00,8.849557522123893682e-03,1.769911504424778736e-02,3.539823008849557473e-02,4.424778761061946841e-02,8.849557522123893682e-02,6.725663716814159754e-01,7.964601769911504314e-02,8.849557522123893682e-03,8.849557522123893682e-03,0.000000000000000000e+00,0.000000000000000000e+00,8.849557522123893682e-03,8.849557522123893682e-03,8.849557522123893682e-03,0.000000000000000000e+00,8.849557522123893682e-03
0.000000000000000000e+00,0.000000000000000000e+00,0.000000000000000000e+00,0.000000000000000000e+00,0.000000000000000000e+00,0.000000000000000000e+00,0.000000000000000000e+00,0.000000000000000000e+00,1.492537313432835792e-02,1.492537313432835792e-02,2.985074626865671585e-02,1.791044776119402882e-01,5.223880597014924909e-01,1.194029850746268634e-01,4.477611940298507204e-02,1.492537313432835792e-02,1.492537313432835792e-02,0.000000000000000000e+00,1.492537313432835792e-02,0.000000000000000000e+00,0.000000000000000000e+00,2.985074626865671585e-02
0.000000000000000000e+00,0.000000000000000000e+00,0.000000000000000000e+00,0.000000000000000000e+00,0.000000000000000000e+00,2.941176470588235253e-02,0.000000000000000000e+00,0.000000000000000000e+00,0.000000000000000000e+00,2.941176470588235253e-02,5.882352941176470507e-02,2.941176470588235253e-02,2.941176470588235392e-01,4.117647058823529216e-01,0.000000000000000000e+00,2.941176470588235253e-02,2.941176470588235253e-02,2.941176470588235253e-02,5.882352941176470507e-02,0.000000000000000000e+00,0.000000000000000000e+00,0.000000000000000000e+00
0.000000000000000000e+00,0.000000000000000000e+00,0.000000000000000000e+00,0.000000000000000000e+00,0.000000000000000000e+00,0.000000000000000000e+00,0.000000000000000000e+00,0.000000000000000000e+00,3.225806451612903136e-02,6.451612903225806273e-02,6.451612903225806273e-02,0.000000000000000000e+00,1.612903225806451568e-01,6.451612903225806273e-02,5.161290322580645018e-01,3.225806451612903136e-02,0.000000000000000000e+00,0.000000000000000000e+00,3.225806451612903136e-02,0.000000000000000000e+00,0.000000000000000000e+00,3.225806451612903136e-02
0.000000000000000000e+00,0.000000000000000000e+00,0.000000000000000000e+00,0.000000000000000000e+00,0.000000000000000000e+00,0.000000000000000000e+00,0.000000000000000000e+00,0.000000000000000000e+00,0.000000000000000000e+00,0.000000000000000000e+00,4.347826086956521618e-02,8.695652173913043237e-02,0.000000000000000000e+00,4.347826086956521618e-02,1.739130434782608647e-01,4.782608695652174058e-01,0.000000000000000000e+00,4.347826086956521618e-02,4.347826086956521618e-02,0.000000000000000000e+00,0.000000000000000000e+00,8.695652173913043237e-02
0.000000000000000000e+00,0.000000000000000000e+00,0.000000000000000000e+00,0.000000000000000000e+00,0.000000000000000000e+00,0.000000000000000000e+00,0.000000000000000000e+00,4.166666666666666435e-02,0.000000000000000000e+00,0.000000000000000000e+00,0.000000000000000000e+00,4.166666666666666435e-02,8.333333333333332871e-02,0.000000000000000000e+00,0.000000000000000000e+00,4.166666666666666435e-02,5.833333333333333703e-01,0.000000000000000000e+00,4.166666666666666435e-02,4.166666666666666435e-02,0.000000000000000000e+00,1.250000000000000000e-01
0.000000000000000000e+00,0.000000000000000000e+00,0.000000000000000000e+00,0.000000000000000000e+00,0.000000000000000000e+00,0.000000000000000000e+00,0.000000000000000000e+00,9.090909090909091161e-02,0.000000000000000000e+00,9.090909090909091161e-02,9.090909090909091161e-02,0.000000000000000000e+00,9.090909090909091161e-02,0.000000000000000000e+00,9.090909090909091161e-02,9.090909090909091161e-02,9.090909090909091161e-02,2.727272727272727071e-01,0.000000000000000000e+00,0.000000000000000000e+00,0.000000000000000000e+00,9.090909090909091161e-02
0.000000000000000000e+00,0.000000000000000000e+00,0.000000000000000000e+00,0.000000000000000000e+00,0.000000000000000000e+00,0.000000000000000000e+00,0.000000000000000000e+00,0.000000000000000000e+00,0.000000000000000000e+00,0.000000000000000000e+00,0.000000000000000000e+00,2.941176470588235253e-02,0.000000000000000000e+00,2.941176470588235253e-02,2.941176470588235253e-02,5.882352941176470507e-02,2.941176470588235253e-02,8.823529411764706454e-02,4.411764705882352811e-01,8.823529411764706454e-02,0.000000000000000000e+00,2.058823529411764608e-01
0.000000000000000000e+00,0.000000000000000000e+00,0.000000000000000000e+00,0.000000000000000000e+00,0.000000000000000000e+00,0.000000000000000000e+00,0.000000000000000000e+00,5.263157894736841813e-02,0.000000000000000000e+00,0.000000000000000000e+00,0.000000000000000000e+00,1.052631578947368363e-01,5.263157894736841813e-02,5.263157894736841813e-02,5.263157894736841813e-02,0.000000000000000000e+00,0.000000000000000000e+00,0.000000000000000000e+00,1.052631578947368363e-01,5.263157894736841813e-01,5.263157894736841813e-02,0.000000000000000000e+00
0.000000000000000000e+00,0.000000000000000000e+00,0.000000000000000000e+00,0.000000000000000000e+00,0.000000000000000000e+00,0.000000000000000000e+00,0.000000000000000000e+00,0.000000000000000000e+00,0.000000000000000000e+00,0.000000000000000000e+00,0.000000000000000000e+00,0.000000000000000000e+00,0.000000000000000000e+00,0.000000000000000000e+00,0.000000000000000000e+00,0.000000000000000000e+00,0.000000000000000000e+00,0.000000000000000000e+00,2.500000000000000000e-01,1.250000000000000000e-01,5.000000000000000000e-01,1.250000000000000000e-01
0.000000000000000000e+00,0.000000000000000000e+00,0.000000000000000000e+00,0.000000000000000000e+00,0.000000000000000000e+00,0.000000000000000000e+00,1.626016260162601798e-02,8.130081300813008990e-03,0.000000000000000000e+00,0.000000000000000000e+00,8.130081300813008990e-03,1.626016260162601798e-02,1.626016260162601798e-02,8.130081300813008990e-03,8.130081300813008990e-03,1.626016260162601798e-02,3.252032520325203596e-02,8.130081300813008990e-03,3.252032520325203596e-02,1.626016260162601798e-02,1.626016260162601798e-02,7.967479674796748013e-01
