6.183745583038868787e-01,1.342756183745583143e-01,3.886925795053003396e-02,1.413427561837455812e-02,7.067137809187279060e-03,3.533568904593639530e-03,7.067137809187279060e-03,0.000000000000000000e+00,0.000000000000000000e+00,0.000000000000000000e+00,1.060070671378091946e-02,0.000000000000000000e+00,0.000000000000000000e+00,0.000000000000000000e+00,0.000000000000000000e+00,0.000000000000000000e+00,0.000000000000000000e+00,3.533568904593639530e-03,1.766784452296819852e-02,2.120141342756183891e-02,1.236749116607773896e-01
1.973684210526315819e-01,4.605263157894736725e-01,1.513157894736842091e-01,3.947368421052631360e-02,6.578947368421052266e-03,6.578947368421052266e-03,6.578947368421052266e-03,6.578947368421052266e-03,0.000000000000000000e+00,0.000000000000000000e+00,6.578947368421052266e-03,0.000000000000000000e+00,0.000000000000000000e+00,0.000000000000000000e+00,0.000000000000000000e+00,0.000000000000000000e+00,6.578947368421052266e-03,0.000000000000000000e+00,3.289473684210526133e-02,1.973684210526315680e-02,5.921052631578947040e-02
1.325301204819277212e-01,1.807228915662650592e-01,2.771084337349397630e-01,9.638554216867470381e-02,6.024096385542168641e-02,4.819277108433735191e-02,1.204819277108433798e-02,1.204819277108433798e-02,1.204819277108433798e-02,0.000000000000000000e+00,3.614457831325301046e-02,0.000000000000000000e+00,0.000000000000000000e+00,0.000000000000000000e+00,0.000000000000000000e+00,0.000000000000000000e+00,0.000000000000000000e+00,0.000000000000000000e+00,3.614457831325301046e-02,3.614457831325301046e-02,6.024096385542168641e-02
1.666666666666666574e-01,8.333333333333332871e-02,1.666666666666666574e-01,2.500000000000000000e-01,1.388888888888888951e-01,5.555555555555555247e-02,0.000000000000000000e+00,0.000000000000000000e+00,0.000000000000000000e+00,0.000000000000000000e+00,5.555555555555555247e-02,0.000000000000000000e+00,0.000000000000000000e+00,0.000000000000000000e+00,0.000000000000000000e+00,0.000000000000000000e+00,0.000000000000000000e+00,0.000000000000000000e+00,2.777777777777777624e-02,5.555555555555555247e-02,0.000000000000000000e+00
0.000000000000000000e+00,3.448275862068965469e-02,1.379310344827586188e-01,3.448275862068965469e-02,3.448275862068965747e-01,1.034482758620689641e-01,6.896551724137930939e-02,3.448275862068965469e-02,3.448275862068965469e-02,0.000000000000000000e+00,6.896551724137930939e-02,3.448275862068965469e-02,0.000000000000000000e+00,0.000000000000000000e+00,0.000000000000000000e+00,0.000000000000000000e+00,0.000000000000000000e+00,0.000000000000000000e+00,0.000000000000000000e+00,3.448275862068965469e-02,6.896551724137930939e-02
0.000000000000000000e+00,1.538461538461538547e-01,1.538461538461538547e-01,1.538461538461538547e-01,7.692307692307692735e-02,0.000000000000000000e+00,7.692307692307692735e-02,7.692307692307692735e-02,0.000000000000000000e+00,0.000000000000000000e+00,7.692307692307692735e-02,0.000000000000000000e+00,0.000000000000000000e+00,0.000000000000000000e+00,0.000000000000000000e+00,0.000000000000000000e+00,0.000000000000000000e+00,0.000000000000000000e+00,0.000000000000000000e+00,7.692307692307692735e-02,1.538461538461538547e-01
1.250000000000000000e-01,0.000000000000000000e+00,0.000000000000000000e+00,0.000000000000000000e+00,0.000000000000000000e+00,0.000000000000000000e+00,2.500000000000000000e-01,2.500000000000000000e-01,0.000000000000000000e+00,0.000000000000000000e+00,3.750000000000000000e-01,0.000000000000000000e+00,0.000000000000000000e+00,0.000000000000000000e+00,0.000000000000000000e+00,0.000000000000000000e+00,0.000000000000000000e+00,0.000000000000000000e+00,0.000000000000000000e+00,0.000000000000000000e+00,0.000000000000000000e+00
0.000000000000000000e+00,1.000000000000000056e-01,0.000000000000000000e+00,0.000000000000000000e+00,1.000000000000000056e-01,0.000000000000000000e+00,0.000000000000000000e+00,2.000000000000000111e-01,0.000000000000000000e+00,0.000000000000000000e+00,2.999999999999999889e-01,1.000000000000000056e-01,0.000000000000000000e+00,0.000000000000000000e+00,0.000000000000000000e+00,0.000000000000000000e+00,0.000000000000000000e+00,1.000000000000000056e-01,0.000000000000000000e+00,1.000000000000000056e-01,0.000000000000000000e+00
2.500000000000000000e-01,0.000000000000000000e+00,0.000000000000000000e+00,0.000000000000000000e+00,0.000000000000000000e+00,0.000000000000000000e+00,0.000000000000000000e+00,0.000000000000000000e+00,2.500000000000000000e-01,0.000000000000000000e+00,2.500000000000000000e-01,0.000000000000000000e+00,0.000000000000000000e+00,0.000000000000000000e+00,0.000000000000000000e+00,0.000000000000000000e+00,0.000000000000000000e+00,0.000000000000000000e+00,0.000000000000000000e+00,2.500000000000000000e-01,0.000000000000000000e+00
0.000000000000000000e+00,0.000000000000000000e+00,1.000000000000000000e+00,0.000000000000000000e+00,0.000000000000000000e+00,0.000000000000000000e+00,0.000000000000000000e+00,0.000000000000000000e+00,0.000000000000000000e+00,0.000000000000000000e+00,0.000000000000000000e+00,0.000000000000000000e+00,0.000000000000000000e+00,0.000000000000000000e+00,0.000000000000000000e+00,0.000000000000000000e+00,0.000000000000000000e+00,0.000000000000000000e+00,0.000000000000000000e+00,0.000000000000000000e+00,0.000000000000000000e+00
6.896551724137930939e-02,5.172413793103448204e-02,5.172413793103448204e-02,1.724137931034482735e-02,1.724137931034482735e-02,5.172413793103448204e-02,0.000000000000000000e+00,1.724137931034482735e-02,1.724137931034482735e-02,1.724137931034482735e-02,5.172413793103448620e-01,0.000000000000000000e+00,0.000000000000000000e+00,0.000000000000000000e+00,0.000000000000000000e+00,1.724137931034482735e-02,0.000000000000000000e+00,0.000000000000000000e+00,6.896551724137930939e-02,3.448275862068965469e-02,5.172413793103448204e-02
0.000000000000000000e+00,0.000000000000000000e+00,0.000000000000000000e+00,0.000000000000000000e+00,0.000000000000000000e+00,0.000000000000000000e+00,0.000000000000000000e+00,0.000000000000000000e+00,0.000000000000000000e+00,0.000000000000000000e+00,0.000000000000000000e+00,7.083333333333333703e-01,8.333333333333332871e-02,8.333333333333332871e-02,0.000000000000000000e+00,4.166666666666666435e-02,4.166666666666666435e-02,0.000000000000000000e+00,0.000000000000000000e+00,0.000000000000000000e+00,4.166666666666666435e-02
0.000000000000000000e+00,0.000000000000000000e+00,0.000000000000000000e+00,0.000000000000000000e+00,0.000000000000000000e+00,0.000000000000000000e+00,0.000000000000000000e+00,0.000000000000000000e+00,0.000000000000000000e+00,0.000000000000000000e+00,0.000000000000000000e+00,2.500000000000000000e-01,2.500000000000000000e-01,0.000000000000000000e+00,0.000000000000000000e+00,0.000000000000000000e+00,0.000000000000000000e+00,2.500000000000000000e-01,0.000000000000000000e+00,0.000000000000000000e+00,2.500000000000000000e-01
0.000000000000000000e+00,0.000000000000000000e+00,0.000000000000000000e+00,0.000000000000000000e+00,0.000000000000000000e+00,0.000000000000000000e+00,0.000000000000000000e+00,0.000000000000000000e+00,0.000000000000000000e+00,0.000000000000000000e+00,0.000000000000000000e+00,2.500000000000000000e-01,0.000000000000000000e+00,2.500000000000000000e-01,2.500000000000000000e-01,0.000000000000000000e+00,0.000000000000000000e+00,0.000000000000000000e+00,2.500000000000000000e-01,0.000000000000000000e+00,0.000000000000000000e+00
0.000000000000000000e+00,0.000000000000000000e+00,0.000000000000000000e+00,0.000000000000000000e+00,3.448275862068965469e-02,0.000000000000000000e+00,0.000000000000000000e+00,0.000000000000000000e+00,0.000000000000000000e+00,0.000000000000000000e+00,0.000000000000000000e+00,0.000000000000000000e+00,0.000000000000000000e+00,0.000000000000000000e+00,7.586206896551723755e-01,1.379310344827586188e-01,3.448275862068965469e-02,0.000000000000000000e+00,3.448275862068965469e-02,0.000000000000000000e+00,0.000000000000000000e+00
0.000000000000000000e+00,0.000000000000000000e+00,0.000000000000000000e+00,0.000000000000000000e+00,0.000000000000000000e+00,0.000000000000000000e+00,0.000000000000000000e+00,0.000000000000000000e+00,0.000000000000000000e+00,0.000000000000000000e+00,0.000000000000000000e+00,4.761904761904761640e-02,0.000000000000000000e+00,0.000000000000000000e+00,4.761904761904761640e-02,6.666666666666666297e-01,4.761904761904761640e-02,1.428571428571428492e-01,4.761904761904761640e-02,0.000000000000000000e+00,0.000000000000000000e+00
0.000000000000000000e+00,0.000000000000000000e+00,0.000000000000000000e+00,0.000000000000000000e+00,0.000000000000000000e+00,0.000000000000000000e+00,0.000000000000000000e+00,0.000000000000000000e+00,0.000000000000000000e+00,0.000000000000000000e+00,0.000000000000000000e+00,1.785714285714285615e-02,0.000000000000000000e+00,0.000000000000000000e+00,0.000000000000000000e+00,0.000000000000000000e+00,7.321428571428570953e-01,1.785714285714285754e-01,5.357142857142856845e-02,1.785714285714285615e-02,0.000000000000000000e+00
0.000000000000000000e+00,0.000000000000000000e+00,0.000000000000000000e+00,0.000000000000000000e+00,0.000000000000000000e+00,0.000000000000000000e+00,0.000000000000000000e+00,0.000000000000000000e+00,0.000000000000000000e+00,0.000000000000000000e+00,0.000000000000000000e+00,0.000000000000000000e+00,0.000000000000000000e+00,0.000000000000000000e+00,0.000000000000000000e+00,1.724137931034482735e-02,1.724137931034482873e-01,4.827586206896551935e-01,2.413793103448275967e-01,6.896551724137930939e-02,1.724137931034482735e-02
1.081081081081081141e-02,5.405405405405405705e-03,1.621621621621621712e-02,0.000000000000000000e+00,0.000000000000000000e+00,0.000000000000000000e+00,0.000000000000000000e+00,0.000000000000000000e+00,0.000000000000000000e+00,0.000000000000000000e+00,1.081081081081081141e-02,0.000000000000000000e+00,0.000000000000000000e+00,5.405405405405405705e-03,1.081081081081081141e-02,0.000000000000000000e+00,1.081081081081081141e-02,5.945945945945946276e-02,6.486486486486486847e-01,2.000000000000000111e-01,2.162162162162162282e-02
3.056768558951964906e-02,1.310043668122270674e-02,8.733624454148471161e-03,1.310043668122270674e-02,0.000000000000000000e+00,0.000000000000000000e+00,0.000000000000000000e+00,0.000000000000000000e+00,0.000000000000000000e+00,0.000000000000000000e+00,8.733624454148471161e-03,0.000000000000000000e+00,0.000000000000000000e+00,4.366812227074235581e-03,4.366812227074235581e-03,4.366812227074235581e-03,0.000000000000000000e+00,4.366812227074235581e-03,1.048034934497816539e-01,6.462882096069868521e-01,1.572052401746724948e-01
1.410658307210031215e-01,3.448275862068965469e-02,6.269592476489027968e-03,6.269592476489027968e-03,6.269592476489027968e-03,3.134796238244513984e-03,0.000000000000000000e+00,3.134796238244513984e-03,0.000000000000000000e+00,0.000000000000000000e+00,1.880877742946708564e-02,0.000000000000000000e+00,3.134796238244513984e-03,0.000000000000000000e+00,0.000000000000000000e+00,0.000000000000000000e+00,0.000000000000000000e+00,6.269592476489027968e-03,1.253918495297805594e-02,7.210031347962382597e-02,6.865203761755486189e-01
