5.757575757575758013e-01,9.090909090909091161e-02,9.090909090909091161e-02,1.212121212121212155e-01,3.030303030303030387e-02,3.030303030303030387e-02,0.000000000000000000e+00,0.000000000000000000e+00,0.000000000000000000e+00,0.000000000000000000e+00,0.000000000000000000e+00,0.000000000000000000e+00,0.000000000000000000e+00,0.000000000000000000e+00,3.030303030303030387e-02,0.000000000000000000e+00,0.000000000000000000e+00,0.000000000000000000e+00,0.000000000000000000e+00,0.000000000000000000e+00,0.000000000000000000e+00,3.030303030303030387e-02
0.000000000000000000e+00,4.500000000000000111e-01,2.000000000000000111e-01,1.499999999999999944e-01,1.000000000000000056e-01,5.000000000000000278e-02,5.000000000000000278e-02,0.000000000000000000e+00,0.000000000000000000e+00,0.000000000000000000e+00,0.000000000000000000e+00,0.000000000000000000e+00,0.000000000000000000e+00,0.000000000000000000e+00,0.000000000000000000e+00,0.000000000000000000e+00,0.000000000000000000e+00,0.000000000000000000e+00,0.000000000000000000e+00,0.000000000000000000e+00,0.000000000000000000e+00,0.000000000000000000e+00
2.380952380952380820e-02,0.000000000000000000e+00,6.190476190476190688e-01,1.666666666666666574e-01,0.000000000000000000e+00,2.380952380952380820e-02,2.380952380952380820e-02,9.523809523809523281e-02,2.380952380952380820e-02,2.380952380952380820e-02,0.000000000000000000e+00,0.000000000000000000e+00,0.000000000000000000e+00,0.000000000000000000e+00,0.000000000000000000e+00,0.000000000000000000e+00,0.000000000000000000e+00,0.000000000000000000e+00,0.000000000000000000e+00,0.000000000000000000e+00,0.000000000000000000e+00,0.000000000000000000e+00
4.615384615384615641e-02,4.615384615384615641e-02,3.076923076923077094e-02,5.999999999999999778e-01,1.538461538461538547e-01,4.615384615384615641e-02,4.615384615384615641e-02,1.538461538461538547e-02,0.000000000000000000e+00,0.000000000000000000e+00,0.000000000000000000e+00,0.000000000000000000e+00,0.000000000000000000e+00,0.000000000000000000e+00,0.000000000000000000e+00,0.000000000000000000e+00,0.000000000000000000e+00,0.000000000000000000e+00,0.000000000000000000e+00,0.000000000000000000e+00,0.000000000000000000e+00,1.538461538461538547e-02
0.000000000000000000e+00,2.631578947368420907e-02,1.315789473684210453e-02,7.894736842105262720e-02,4.605263157894736725e-01,1.842105263157894635e-01,1.052631578947368363e-01,2.631578947368420907e-02,2.631578947368420907e-02,1.315789473684210453e-02,1.315789473684210453e-02,1.315789473684210453e-02,0.000000000000000000e+00,2.631578947368420907e-02,0.000000000000000000e+00,0.000000000000000000e+00,0.000000000000000000e+00,0.000000000000000000e+00,0.000000000000000000e+00,0.000000000000000000e+00,0.000000000000000000e+00,1.315789473684210453e-02
8.928571428571428076e-03,1.785714285714285615e-02,1.785714285714285615e-02,1.785714285714285615e-02,9.821428571428571230e-02,5.000000000000000000e-01,1.607142857142857262e-01,2.678571428571428423e-02,4.464285714285714385e-02,1.785714285714285615e-02,2.678571428571428423e-02,8.928571428571428076e-03,8.928571428571428076e-03,1.785714285714285615e-02,0.000000000000000000e+00,8.928571428571428076e-03,0.000000000000000000e+00,0.000000000000000000e+00,0.000000000000000000e+00,0.000000000000000000e+00,0.000000000000000000e+00,1.785714285714285615e-02
1.197604790419161749e-02,0.000000000000000000e+00,0.000000000000000000e+00,1.197604790419161749e-02,2.395209580838323499e-02,5.988023952095808400e-02,6.287425149700598404e-01,1.437125748502993960e-01,5.389221556886227699e-02,1.796407185628742451e-02,1.197604790419161749e-02,5.988023952095808747e-03,5.988023952095808747e-03,1.796407185628742451e-02,0.000000000000000000e+00,0.000000000000000000e+00,0.000000000000000000e+00,0.000000000000000000e+00,0.000000000000000000e+00,0.000000000000000000e+00,0.000000000000000000e+00,5.988023952095808747e-03
0.000000000000000000e+00,0.000000000000000000e+00,4.629629629629629373e-03,4.629629629629629373e-03,0.000000000000000000e+00,1.388888888888888812e-02,6.944444444444444753e-02,6.157407407407406996e-01,1.805555555555555525e-01,2.314814814814814686e-02,4.166666666666666435e-02,1.851851851851851749e-02,9.259259259259258745e-03,4.629629629629629373e-03,0.000000000000000000e+00,0.000000000000000000e+00,0.000000000000000000e+00,0.000000000000000000e+00,4.629629629629629373e-03,0.000000000000000000e+00,4.629629629629629373e-03,4.629629629629629373e-03
0.000000000000000000e+00,0.000000000000000000e+00,0.000000000000000000e+00,0.000000000000000000e+00,1.140684410646387870e-02,7.604562737642585508e-03,2.661596958174904798e-02,7.224334600760455583e-02,6.235741444866920169e-01,1.634980988593155993e-01,4.562737642585551479e-02,7.604562737642585508e-03,1.901140684410646334e-02,3.802281368821292754e-03,3.802281368821292754e-03,3.802281368821292754e-03,0.000000000000000000e+00,0.000000000000000000e+00,3.802281368821292754e-03,0.000000000000000000e+00,3.802281368821292754e-03,3.802281368821292754e-03
0.000000000000000000e+00,0.000000000000000000e+00,0.000000000000000000e+00,0.000000000000000000e+00,7.462686567164178962e-03,1.119402985074626801e-02,1.865671641791044610e-02,4.477611940298507204e-02,8.955223880597014408e-02,5.970149253731342753e-01,1.343283582089552231e-01,4.104477611940298559e-02,2.611940298507462593e-02,7.462686567164178962e-03,3.731343283582089481e-03,3.731343283582089481e-03,3.731343283582089481e-03,0.000000000000000000e+00,0.000000000000000000e+00,0.000000000000000000e+00,0.000000000000000000e+00,1.119402985074626801e-02
0.000000000000000000e+00,0.000000000000000000e+00,4.201680672268907381e-03,4.201680672268907381e-03,4.201680672268907381e-03,8.403361344537814762e-03,8.403361344537814762e-03,4.201680672268907381e-03,3.781512605042016556e-02,9.243697478991597105e-02,5.420168067226890374e-01,1.470588235294117696e-01,7.983193277310923763e-02,2.941176470588235253e-02,8.403361344537814762e-03,1.260504201680672301e-02,4.201680672268907381e-03,4.201680672268907381e-03,0.000000000000000000e+00,0.000000000000000000e+00,4.201680672268907381e-03,4.201680672268907381e-03
0.000000000000000000e+00,0.000000000000000000e+00,0.000000000000000000e+00,0.000000000000000000e+00,0.000000000000000000e+00,0.000000000000000000e+00,2.272727272727272790e-02,3.409090909090908839e-02,3.409090909090908839e-02,5.681818181818181629e-02,1.477272727272727348e-01,4.318181818181818232e-01,1.477272727272727348e-01,3.977272727272727210e-02,2.272727272727272790e-02,1.704545454545454419e-02,2.272727272727272790e-02,0.000000000000000000e+00,0.000000000000000000e+00,0.000000000000000000e+00,0.000000000000000000e+00,2.272727272727272790e-02
0.000000000000000000e+00,5.882352941176470507e-03,0.000000000000000000e+00,0.000000000000000000e+00,0.000000000000000000e+00,5.882352941176470507e-03,0.000000000000000000e+00,1.764705882352941152e-02,1.176470588235294101e-02,3.529411764705882304e-02,7.058823529411764608e-02,1.176470588235294101e-01,5.058823529411764497e-01,8.235294117647058709e-02,5.294117647058823456e-02,2.941176470588235253e-02,1.176470588235294101e-02,1.764705882352941152e-02,0.000000000000000000e+00,0.000000000000000000e+00,0.000000000000000000e+00,3.529411764705882304e-02
1.086956521739130405e-02,1.086956521739130405e-02,0.000000000000000000e+00,0.000000000000000000e+00,2.173913043478260809e-02,2.173913043478260809e-02,0.000000000000000000e+00,0.000000000000000000e+00,2.173913043478260809e-02,4.347826086956521618e-02,1.086956521739130405e-02,1.086956521739130405e-01,1.086956521739130405e-01,5.000000000000000000e-01,6.521739130434782428e-02,1.086956521739130405e-02,0.000000000000000000e+00,1.086956521739130405e-02,1.086956521739130405e-02,2.173913043478260809e-02,0.000000000000000000e+00,2.173913043478260809e-02
1.562500000000000000e-02,0.000000000000000000e+00,0.000000000000000000e+00,0.000000000000000000e+00,0.000000000000000000e+00,0.000000000000000000e+00,1.562500000000000000e-02,1.562500000000000000e-02,3.125000000000000000e-02,3.125000000000000000e-02,1.562500000000000000e-02,3.125000000000000000e-02,4.687500000000000000e-02,6.250000000000000000e-02,5.000000000000000000e-01,4.687500000000000000e-02,4.687500000000000000e-02,0.000000000000000000e+00,0.000000000000000000e+00,1.562500000000000000e-02,3.125000000000000000e-02,9.375000000000000000e-02
0.000000000000000000e+00,0.000000000000000000e+00,0.000000000000000000e+00,0.000000000000000000e+00,3.030303030303030387e-02,0.000000000000000000e+00,6.060606060606060774e-02,3.030303030303030387e-02,0.000000000000000000e+00,3.030303030303030387e-02,3.030303030303030387e-02,9.090909090909091161e-02,3.030303030303030387e-02,1.212121212121212155e-01,3.030303030303030387e-02,2.424242424242424310e-01,6.060606060606060774e-02,6.060606060606060774e-02,0.000000000000000000e+00,0.000000000000000000e+00,0.000000000000000000e+00,1.818181818181818232e-01
0.000000000000000000e+00,0.000000000000000000e+00,0.000000000000000000e+00,2.777777777777777624e-02,0.000000000000000000e+00,2.777777777777777624e-02,0.000000000000000000e+00,0.000000000000000000e+00,0.000000000000000000e+00,0.000000000000000000e+00,5.555555555555555247e-02,2.777777777777777624e-02,2.777777777777777624e-02,2.777777777777777624e-02,0.000000000000000000e+00,2.777777777777777624e-02,4.722222222222222099e-01,1.944444444444444475e-01,5.555555555555555247e-02,0.000000000000000000e+00,0.000000000000000000e+00,5.555555555555555247e-02
0.000000000000000000e+00,0.000000000000000000e+00,0.000000000000000000e+00,0.000000000000000000e+00,0.000000000000000000e+00,7.407407407407406996e-02,0.000000000000000000e+00,3.703703703703703498e-02,0.000000000000000000e+00,3.703703703703703498e-02,0.000000000000000000e+00,0.000000000000000000e+00,1.111111111111111049e-01,0.000000000000000000e+00,0.000000000000000000e+00,0.000000000000000000e+00,1.111111111111111049e-01,3.333333333333333148e-01,7.407407407407406996e-02,3.703703703703703498e-02,3.703703703703703498e-02,1.481481481481481399e-01
0.000000000000000000e+00,0.000000000000000000e+00,0.000000000000000000e+00,0.000000000000000000e+00,0.000000000000000000e+00,0.000000000000000000e+00,0.000000000000000000e+00,5.000000000000000278e-02,0.000000000000000000e+00,0.000000000000000000e+00,5.000000000000000278e-02,0.000000000000000000e+00,5.000000000000000278e-02,5.000000000000000278e-02,5.000000000000000278e-02,5.000000000000000278e-02,0.000000000000000000e+00,0.000000000000000000e+00,3.499999999999999778e-01,1.499999999999999944e-01,5.000000000000000278e-02,1.499999999999999944e-01
0.000000000000000000e+00,0.000000000000000000e+00,0.000000000000000000e+00,0.000000000000000000e+00,0.000000000000000000e+00,7.692307692307692735e-02,0.000000000000000000e+00,0.000000000000000000e+00,0.000000000000000000e+00,0.000000000000000000e+00,0.000000000000000000e+00,7.692307692307692735e-02,0.000000000000000000e+00,1.538461538461538547e-01,0.000000000000000000e+00,0.000000000000000000e+00,0.000000000000000000e+00,0.000000000000000000e+00,2.307692307692307820e-01,3.076923076923077094e-01,0.000000000000000000e+00,1.538461538461538547e-01
0.000000000000000000e+00,0.000000000000000000e+00,0.000000000000000000e+00,0.000000000000000000e+00,0.000000000000000000e+00,0.000000000000000000e+00,1.428571428571428492e-01,0.000000000000000000e+00,1.428571428571428492e-01,0.000000000000000000e+00,0.000000000000000000e+00,0.000000000000000000e+00,1.428571428571428492e-01,1.428571428571428492e-01,0.000000000000000000e+00,0.000000000000000000e+00,0.000000000000000000e+00,0.000000000000000000e+00,0.000000000000000000e+00,1.428571428571428492e-01,0.000000000000000000e+00,2.857142857142856984e-01
9.433962264150943036e-03,0.000000000000000000e+00,0.000000000000000000e+00,0.000000000000000000e+00,9.433962264150943036e-03,2.830188679245283084e-02,0.000000000000000000e+00,9.433962264150943036e-03,1.886792452830188607e-02,1.886792452830188607e-02,9.433962264150943036e-03,5.660377358490566169e-02,4.716981132075472039e-02,3.773584905660377214e-02,4.716981132075472039e-02,3.773584905660377214e-02,2.830188679245283084e-02,2.830188679245283084e-02,3.773584905660377214e-02,0.000000000000000000e+00,9.433962264150943036e-03,5.660377358490565891e-01
