6.172839506172839164e-01,1.275720164609053520e-01,3.292181069958848016e-02,2.057613168724279837e-02,0.000000000000000000e+00,0.000000000000000000e+00,0.000000000000000000e+00,0.000000000000000000e+00,0.000000000000000000e+00,0.000000000000000000e+00,1.646090534979424008e-02,0.000000000000000000e+00,4.115226337448560021e-03,0.000000000000000000e+00,0.000000000000000000e+00,4.115226337448560021e-03,0.000000000000000000e+00,1.646090534979424008e-02,1.234567901234567833e-02,4.115226337448559674e-02,1.069958847736625501e-01
1.086956521739130405e-01,5.706521739130434590e-01,9.782608695652174335e-02,3.260869565217391214e-02,1.086956521739130405e-02,1.086956521739130405e-02,0.000000000000000000e+00,5.434782608695652023e-03,5.434782608695652023e-03,5.434782608695652023e-03,2.717391304347826012e-02,0.000000000000000000e+00,0.000000000000000000e+00,0.000000000000000000e+00,0.000000000000000000e+00,5.434782608695652023e-03,0.000000000000000000e+00,2.173913043478260809e-02,2.173913043478260809e-02,2.717391304347826012e-02,4.891304347826087168e-02
1.075268817204301092e-01,1.290322580645161255e-01,5.483870967741935054e-01,7.526881720430107781e-02,2.150537634408602322e-02,3.225806451612903136e-02,1.075268817204301161e-02,1.075268817204301161e-02,0.000000000000000000e+00,0.000000000000000000e+00,0.000000000000000000e+00,1.075268817204301161e-02,0.000000000000000000e+00,0.000000000000000000e+00,0.000000000000000000e+00,0.000000000000000000e+00,0.000000000000000000e+00,2.150537634408602322e-02,0.000000000000000000e+00,0.000000000000000000e+00,3.225806451612903136e-02
4.255319148936170109e-02,7.446808510638297518e-02,1.063829787234042562e-01,5.744680851063830307e-01,4.255319148936170109e-02,1.063829787234042527e-02,1.063829787234042527e-02,3.191489361702127409e-02,0.000000000000000000e+00,0.000000000000000000e+00,4.255319148936170109e-02,0.000000000000000000e+00,0.000000000000000000e+00,0.000000000000000000e+00,0.000000000000000000e+00,0.000000000000000000e+00,0.000000000000000000e+00,0.000000000000000000e+00,0.000000000000000000e+00,3.191489361702127409e-02,3.191489361702127409e-02
3.921568627450980338e-02,3.921568627450980338e-02,5.882352941176470507e-02,3.921568627450980338e-02,6.666666666666666297e-01,3.921568627450980338e-02,1.960784313725490169e-02,0.000000000000000000e+00,1.960784313725490169e-02,0.000000000000000000e+00,5.882352941176470507e-02,0.000000000000000000e+00,0.000000000000000000e+00,0.000000000000000000e+00,0.000000000000000000e+00,0.000000000000000000e+00,1.960784313725490169e-02,0.000000000000000000e+00,0.000000000000000000e+00,0.000000000000000000e+00,0.000000000000000000e+00
3.448275862068965469e-02,3.448275862068965469e-02,6.896551724137930939e-02,3.448275862068965469e-02,1.034482758620689641e-01,4.827586206896551935e-01,0.000000000000000000e+00,0.000000000000000000e+00,0.000000000000000000e+00,0.000000000000000000e+00,1.724137931034482873e-01,0.000000000000000000e+00,0.000000000000000000e+00,0.000000000000000000e+00,0.000000000000000000e+00,0.000000000000000000e+00,0.000000000000000000e+00,0.000000000000000000e+00,0.000000000000000000e+00,6.896551724137930939e-02,0.000000000000000000e+00
4.545454545454545581e-02,9.090909090909091161e-02,0.000000000000000000e+00,9.090909090909091161e-02,4.545454545454545581e-02,4.545454545454545581e-02,4.545454545454545303e-01,0.000000000000000000e+00,0.000000000000000000e+00,0.000000000000000000e+00,2.272727272727272652e-01,0.000000000000000000e+00,0.000000000000000000e+00,0.000000000000000000e+00,0.000000000000000000e+00,0.000000000000000000e+00,0.000000000000000000e+00,0.000000000000000000e+00,0.000000000000000000e+00,0.000000000000000000e+00,0.000000000000000000e+00
2.000000000000000111e-01,2.000000000000000111e-01,2.000000000000000111e-01,0.000000000000000000e+00,2.000000000000000111e-01,0.000000000000000000e+00,0.000000000000000000e+00,0.000000000000000000e+00,0.000000000000000000e+00,0.000000000000000000e+00,0.000000000000000000e+00,0.000000000000000000e+00,0.000000000000000000e+00,0.000000000000000000e+00,0.000000000000000000e+00,0.000000000000000000e+00,0.000000000000000000e+00,0.000000000000000000e+00,0.000000000000000000e+00,2.000000000000000111e-01,0.000000000000000000e+00
0.000000000000000000e+00,0.000000000000000000e+00,0.000000000000000000e+00,2.000000000000000111e-01,0.000000000000000000e+00,2.000000000000000111e-01,0.000000000000000000e+00,0.000000000000000000e+00,4.000000000000000222e-01,0.000000000000000000e+00,2.000000000000000111e-01,0.000000000000000000e+00,0.000000000000000000e+00,0.000000000000000000e+00,0.000000000000000000e+00,0.000000000000000000e+00,0.000000000000000000e+00,0.000000000000000000e+00,0.000000000000000000e+00,0.000000000000000000e+00,0.000000000000000000e+00
0.000000000000000000e+00,0.000000000000000000e+00,0.000000000000000000e+00,2.500000000000000000e-01,0.000000000000000000e+00,0.000000000000000000e+00,0.000000000000000000e+00,0.000000000000000000e+00,0.000000000000000000e+00,3.750000000000000000e-01,3.750000000000000000e-01,0.000000000000000000e+00,0.000000000000000000e+00,0.000000000000000000e+00,0.000000000000000000e+00,0.000000000000000000e+00,0.000000000000000000e+00,0.000000000000000000e+00,0.000000000000000000e+00,0.000000000000000000e+00,0.000000000000000000e+00
8.264462809917355601e-03,4.958677685950413361e-02,0.000000000000000000e+00,6.611570247933884481e-02,1.652892561983471120e-02,2.479338842975206680e-02,2.479338842975206680e-02,0.000000000000000000e+00,8.264462809917355601e-03,3.305785123966942241e-02,7.024793388429751984e-01,1.652892561983471120e-02,8.264462809917355601e-03,0.000000000000000000e+00,0.000000000000000000e+00,8.264462809917355601e-03,0.000000000000000000e+00,0.000000000000000000e+00,0.000000000000000000e+00,1.652892561983471120e-02,1.652892561983471120e-02
0.000000000000000000e+00,0.000000000000000000e+00,1.351351351351351426e-02,0.000000000000000000e+00,0.000000000000000000e+00,0.000000000000000000e+00,0.000000000000000000e+00,0.000000000000000000e+00,0.000000000000000000e+00,0.000000000000000000e+00,0.000000000000000000e+00,8.243243243243243423e-01,6.756756756756757132e-02,2.702702702702702853e-02,1.351351351351351426e-02,0.000000000000000000e+00,2.702702702702702853e-02,1.351351351351351426e-02,1.351351351351351426e-02,0.000000000000000000e+00,0.000000000000000000e+00
0.000000000000000000e+00,0.000000000000000000e+00,0.000000000000000000e+00,0.000000000000000000e+00,0.000000000000000000e+00,0.000000000000000000e+00,0.000000000000000000e+00,0.000000000000000000e+00,0.000000000000000000e+00,0.000000000000000000e+00,0.000000000000000000e+00,2.307692307692307820e-01,5.384615384615384359e-01,3.846153846153846367e-02,1.153846153846153910e-01,3.846153846153846367e-02,3.846153846153846367e-02,0.000000000000000000e+00,0.000000000000000000e+00,0.000000000000000000e+00,0.000000000000000000e+00
0.000000000000000000e+00,0.000000000000000000e+00,0.000000000000000000e+00,0.000000000000000000e+00,0.000000000000000000e+00,0.000000000000000000e+00,0.000000000000000000e+00,0.000000000000000000e+00,0.000000000000000000e+00,0.000000000000000000e+00,5.000000000000000278e-02,5.000000000000000278e-02,1.000000000000000056e-01,6.999999999999999556e-01,0.000000000000000000e+00,0.000000000000000000e+00,5.000000000000000278e-02,0.000000000000000000e+00,0.000000000000000000e+00,0.000000000000000000e+00,5.000000000000000278e-02
0.000000000000000000e+00,0.000000000000000000e+00,0.000000000000000000e+00,0.000000000000000000e+00,0.000000000000000000e+00,0.000000000000000000e+00,0.000000000000000000e+00,0.000000000000000000e+00,0.000000000000000000e+00,0.000000000000000000e+00,0.000000000000000000e+00,3.225806451612903136e-02,0.000000000000000000e+00,0.000000000000000000e+00,7.096774193548387455e-01,1.612903225806451568e-01,0.000000000000000000e+00,0.000000000000000000e+00,6.451612903225806273e-02,3.225806451612903136e-02,0.000000000000000000e+00
0.000000000000000000e+00,1.587301587301587213e-02,0.000000000000000000e+00,0.000000000000000000e+00,0.000000000000000000e+00,0.000000000000000000e+00,0.000000000000000000e+00,0.000000000000000000e+00,0.000000000000000000e+00,0.000000000000000000e+00,0.000000000000000000e+00,0.000000000000000000e+00,0.000000000000000000e+00,0.000000000000000000e+00,6.349206349206348854e-02,5.714285714285713969e-01,2.539682539682539542e-01,6.349206349206348854e-02,1.587301587301587213e-02,1.587301587301587213e-02,0.000000000000000000e+00
8.130081300813008990e-03,1.626016260162601798e-02,0.000000000000000000e+00,0.000000000000000000e+00,0.000000000000000000e+00,0.000000000000000000e+00,0.000000000000000000e+00,0.000000000000000000e+00,0.000000000000000000e+00,0.000000000000000000e+00,0.000000000000000000e+00,0.000000000000000000e+00,8.130081300813008990e-03,0.000000000000000000e+00,8.130081300813008990e-03,8.130081300813007950e-02,6.991869918699187281e-01,1.219512195121951192e-01,1.626016260162601798e-02,2.439024390243902524e-02,1.626016260162601798e-02
2.380952380952380820e-02,0.000000000000000000e+00,5.952380952380952051e-03,1.190476190476190410e-02,0.000000000000000000e+00,0.000000000000000000e+00,0.000000000000000000e+00,0.000000000000000000e+00,0.000000000000000000e+00,0.000000000000000000e+00,0.000000000000000000e+00,0.000000000000000000e+00,0.000000000000000000e+00,0.000000000000000000e+00,5.952380952380952051e-03,2.380952380952380820e-02,5.952380952380952051e-02,7.321428571428570953e-01,8.928571428571428770e-02,1.785714285714285615e-02,2.976190476190476025e-02
7.662835249042145198e-03,1.532567049808429040e-02,3.831417624521072599e-03,0.000000000000000000e+00,3.831417624521072599e-03,0.000000000000000000e+00,0.000000000000000000e+00,0.000000000000000000e+00,0.000000000000000000e+00,0.000000000000000000e+00,1.532567049808429040e-02,3.831417624521072599e-03,0.000000000000000000e+00,0.000000000000000000e+00,3.831417624521072599e-03,3.831417624521072599e-03,1.532567049808429040e-02,4.980842911877394336e-02,7.394636015325670719e-01,1.149425287356321823e-01,2.298850574712643646e-02
2.236421725239616520e-02,9.584664536741213658e-03,3.194888178913737886e-03,3.194888178913737886e-03,3.194888178913737886e-03,0.000000000000000000e+00,3.194888178913737886e-03,0.000000000000000000e+00,0.000000000000000000e+00,0.000000000000000000e+00,1.916932907348242732e-02,0.000000000000000000e+00,0.000000000000000000e+00,3.194888178913737886e-03,0.000000000000000000e+00,3.194888178913737886e-03,0.000000000000000000e+00,3.194888178913737886e-03,1.054313099041533502e-01,6.964856230031949424e-01,1.246006389776357776e-01
1.032258064516129031e-01,3.225806451612903136e-02,9.677419354838710103e-03,1.290322580645161289e-02,3.225806451612903223e-03,0.000000000000000000e+00,0.000000000000000000e+00,0.000000000000000000e+00,0.000000000000000000e+00,3.225806451612903223e-03,1.290322580645161289e-02,0.000000000000000000e+00,0.000000000000000000e+00,3.225806451612903223e-03,0.000000000000000000e+00,0.000000000000000000e+00,0.000000000000000000e+00,9.677419354838710103e-03,3.548387096774193589e-02,1.225806451612903164e-01,6.516129032258064502e-01
