7.009345794392523032e-01,6.853582554517133330e-02,4.984423676012460919e-02,1.246105919003115230e-02,0.000000000000000000e+00,3.115264797507788074e-03,0.000000000000000000e+00,0.000000000000000000e+00,3.115264797507788074e-03,0.000000000000000000e+00,3.115264797507788074e-03,0.000000000000000000e+00,0.000000000000000000e+00,6.230529595015576148e-03,6.230529595015576148e-03,0.000000000000000000e+00,3.115264797507788074e-03,3.115264797507788074e-03,9.345794392523363789e-03,1.869158878504672758e-02,1.121495327102803724e-01
1.132812500000000000e-01,6.796875000000000000e-01,7.421875000000000000e-02,2.343750000000000000e-02,2.343750000000000000e-02,0.000000000000000000e+00,3.906250000000000000e-03,0.000000000000000000e+00,0.000000000000000000e+00,3.906250000000000000e-03,0.000000000000000000e+00,3.906250000000000000e-03,0.000000000000000000e+00,0.000000000000000000e+00,0.000000000000000000e+00,0.000000000000000000e+00,0.000000000000000000e+00,7.812500000000000000e-03,0.000000000000000000e+00,3.906250000000000000e-03,6.250000000000000000e-02
5.235602094240837667e-02,1.099476439790575966e-01,7.015706806282722141e-01,2.617801047120418834e-02,3.141361256544502462e-02,5.235602094240838014e-03,1.047120418848167603e-02,0.000000000000000000e+00,5.235602094240838014e-03,0.000000000000000000e+00,5.235602094240838014e-03,0.000000000000000000e+00,0.000000000000000000e+00,0.000000000000000000e+00,0.000000000000000000e+00,5.235602094240838014e-03,0.000000000000000000e+00,0.000000000000000000e+00,1.047120418848167603e-02,1.047120418848167603e-02,2.617801047120418834e-02
2.127659574468085055e-02,5.319148936170212810e-02,1.914893617021276584e-01,5.638297872340425343e-01,9.574468085106382920e-02,1.063829787234042527e-02,1.063829787234042527e-02,0.000000000000000000e+00,0.000000000000000000e+00,0.000000000000000000e+00,3.191489361702127409e-02,0.000000000000000000e+00,0.000000000000000000e+00,0.000000000000000000e+00,0.000000000000000000e+00,0.000000000000000000e+00,1.063829787234042527e-02,0.000000000000000000e+00,1.063829787234042527e-02,0.000000000000000000e+00,0.000000000000000000e+00
1.265822784810126563e-02,1.265822784810126563e-02,7.594936708860759722e-02,1.012658227848101250e-01,6.202531645569620000e-01,5.063291139240506250e-02,1.265822784810126563e-02,1.265822784810126563e-02,0.000000000000000000e+00,0.000000000000000000e+00,3.797468354430379861e-02,1.265822784810126563e-02,0.000000000000000000e+00,0.000000000000000000e+00,0.000000000000000000e+00,0.000000000000000000e+00,0.000000000000000000e+00,0.000000000000000000e+00,1.265822784810126563e-02,1.265822784810126563e-02,2.531645569620253125e-02
0.000000000000000000e+00,8.888888888888889228e-02,0.000000000000000000e+00,2.222222222222222307e-02,2.222222222222222307e-02,7.111111111111111382e-01,2.222222222222222307e-02,2.222222222222222307e-02,4.444444444444444614e-02,0.000000000000000000e+00,4.444444444444444614e-02,2.222222222222222307e-02,0.000000000000000000e+00,0.000000000000000000e+00,0.000000000000000000e+00,0.000000000000000000e+00,0.000000000000000000e+00,0.000000000000000000e+00,0.000000000000000000e+00,0.000000000000000000e+00,0.000000000000000000e+00
0.000000000000000000e+00,6.666666666666666574e-02,0.000000000000000000e+00,1.333333333333333315e-01,0.000000000000000000e+00,2.000000000000000111e-01,4.000000000000000222e-01,6.666666666666666574e-02,6.666666666666666574e-02,0.000000000000000000e+00,6.666666666666666574e-02,0.000000000000000000e+00,0.000000000000000000e+00,0.000000000000000000e+00,0.000000000000000000e+00,0.000000000000000000e+00,0.000000000000000000e+00,0.000000000000000000e+00,0.000000000000000000e+00,0.000000000000000000e+00,0.000000000000000000e+00
0.000000000000000000e+00,1.111111111111111049e-01,0.000000000000000000e+00,2.222222222222222099e-01,2.222222222222222099e-01,0.000000000000000000e+00,0.000000000000000000e+00,2.222222222222222099e-01,1.111111111111111049e-01,0.000000000000000000e+00,1.111111111111111049e-01,0.000000000000000000e+00,0.000000000000000000e+00,0.000000000000000000e+00,0.000000000000000000e+00,0.000000000000000000e+00,0.000000000000000000e+00,0.000000000000000000e+00,0.000000000000000000e+00,0.000000000000000000e+00,0.000000000000000000e+00
8.333333333333332871e-02,0.000000000000000000e+00,8.333333333333332871e-02,0.000000000000000000e+00,8.333333333333332871e-02,8.333333333333332871e-02,8.333333333333332871e-02,0.000000000000000000e+00,2.500000000000000000e-01,1.666666666666666574e-01,1.666666666666666574e-01,0.000000000000000000e+00,0.000000000000000000e+00,0.000000000000000000e+00,0.000000000000000000e+00,0.000000000000000000e+00,0.000000000000000000e+00,0.000000000000000000e+00,0.000000000000000000e+00,0.000000000000000000e+00,0.000000000000000000e+00
0.000000000000000000e+00,0.000000000000000000e+00,0.000000000000000000e+00,4.000000000000000222e-01,0.000000000000000000e+00,0.000000000000000000e+00,0.000000000000000000e+00,0.000000000000000000e+00,0.000000000000000000e+00,4.000000000000000222e-01,2.000000000000000111e-01,0.000000000000000000e+00,0.000000000000000000e+00,0.000000000000000000e+00,0.000000000000000000e+00,0.000000000000000000e+00,0.000000000000000000e+00,0.000000000000000000e+00,0.000000000000000000e+00,0.000000000000000000e+00,0.000000000000000000e+00
0.000000000000000000e+00,1.408450704225352144e-02,1.408450704225352144e-02,5.633802816901408578e-02,2.816901408450704289e-02,1.408450704225352144e-02,4.225352112676056260e-02,4.225352112676056260e-02,0.000000000000000000e+00,1.408450704225352144e-02,7.183098591549296197e-01,0.000000000000000000e+00,0.000000000000000000e+00,0.000000000000000000e+00,0.000000000000000000e+00,0.000000000000000000e+00,0.000000000000000000e+00,2.816901408450704289e-02,0.000000000000000000e+00,1.408450704225352144e-02,1.408450704225352144e-02
0.000000000000000000e+00,1.666666666666666574e-01,0.000000000000000000e+00,8.333333333333332871e-02,0.000000000000000000e+00,8.333333333333332871e-02,0.000000000000000000e+00,0.000000000000000000e+00,0.000000000000000000e+00,0.000000000000000000e+00,0.000000000000000000e+00,4.166666666666666852e-01,0.000000000000000000e+00,8.333333333333332871e-02,0.000000000000000000e+00,8.333333333333332871e-02,0.000000000000000000e+00,0.000000000000000000e+00,8.333333333333332871e-02,0.000000000000000000e+00,0.000000000000000000e+00
0.000000000000000000e+00,0.000000000000000000e+00,0.000000000000000000e+00,0.000000000000000000e+00,0.000000000000000000e+00,0.000000000000000000e+00,0.000000000000000000e+00,0.000000000000000000e+00,0.000000000000000000e+00,0.000000000000000000e+00,0.000000000000000000e+00,0.000000000000000000e+00,3.333333333333333148e-01,3.333333333333333148e-01,3.333333333333333148e-01,0.000000000000000000e+00,0.000000000000000000e+00,0.000000000000000000e+00,0.000000000000000000e+00,0.000000000000000000e+00,0.000000000000000000e+00
3.703703703703703498e-02,0.000000000000000000e+00,0.000000000000000000e+00,0.000000000000000000e+00,0.000000000000000000e+00,0.000000000000000000e+00,0.000000000000000000e+00,0.000000000000000000e+00,0.000000000000000000e+00,0.000000000000000000e+00,0.000000000000000000e+00,3.703703703703703498e-02,0.000000000000000000e+00,8.148148148148147696e-01,0.000000000000000000e+00,0.000000000000000000e+00,7.407407407407406996e-02,0.000000000000000000e+00,0.000000000000000000e+00,0.000000000000000000e+00,3.703703703703703498e-02
5.882352941176470507e-02,0.000000000000000000e+00,0.000000000000000000e+00,0.000000000000000000e+00,0.000000000000000000e+00,0.000000000000000000e+00,0.000000000000000000e+00,0.000000000000000000e+00,0.000000000000000000e+00,0.000000000000000000e+00,0.000000000000000000e+00,0.000000000000000000e+00,5.882352941176470507e-02,0.000000000000000000e+00,7.647058823529411242e-01,5.882352941176470507e-02,2.941176470588235253e-02,0.000000000000000000e+00,0.000000000000000000e+00,0.000000000000000000e+00,2.941176470588235253e-02
0.000000000000000000e+00,0.000000000000000000e+00,0.000000000000000000e+00,2.941176470588235253e-02,0.000000000000000000e+00,0.000000000000000000e+00,0.000000000000000000e+00,0.000000000000000000e+00,0.000000000000000000e+00,0.000000000000000000e+00,0.000000000000000000e+00,0.000000000000000000e+00,0.000000000000000000e+00,0.000000000000000000e+00,5.882352941176470507e-02,6.764705882352941568e-01,8.823529411764706454e-02,1.176470588235294101e-01,0.000000000000000000e+00,0.000000000000000000e+00,2.941176470588235253e-02
0.000000000000000000e+00,0.000000000000000000e+00,0.000000000000000000e+00,0.000000000000000000e+00,0.000000000000000000e+00,0.000000000000000000e+00,0.000000000000000000e+00,0.000000000000000000e+00,0.000000000000000000e+00,0.000000000000000000e+00,0.000000000000000000e+00,0.000000000000000000e+00,1.515151515151515194e-02,3.030303030303030387e-02,0.000000000000000000e+00,1.060606060606060635e-01,6.818181818181817677e-01,1.212121212121212155e-01,1.515151515151515194e-02,1.515151515151515194e-02,1.515151515151515194e-02
0.000000000000000000e+00,6.134969325153374377e-03,6.134969325153374377e-03,0.000000000000000000e+00,0.000000000000000000e+00,0.000000000000000000e+00,0.000000000000000000e+00,0.000000000000000000e+00,0.000000000000000000e+00,0.000000000000000000e+00,0.000000000000000000e+00,0.000000000000000000e+00,0.000000000000000000e+00,0.000000000000000000e+00,1.226993865030674875e-02,1.226993865030674875e-02,6.748466257668711554e-02,7.914110429447852590e-01,6.748466257668711554e-02,2.453987730061349751e-02,1.226993865030674875e-02
1.843317972350230413e-02,9.216589861751152066e-03,0.000000000000000000e+00,0.000000000000000000e+00,0.000000000000000000e+00,0.000000000000000000e+00,0.000000000000000000e+00,0.000000000000000000e+00,0.000000000000000000e+00,0.000000000000000000e+00,0.000000000000000000e+00,4.608294930875576033e-03,0.000000000000000000e+00,0.000000000000000000e+00,4.608294930875576033e-03,0.000000000000000000e+00,4.608294930875576033e-03,6.451612903225806273e-02,7.419354838709677491e-01,1.290322580645161255e-01,2.304147465437788103e-02
3.984063745019920250e-02,7.968127490039840499e-03,3.984063745019920250e-03,0.000000000000000000e+00,3.984063745019920250e-03,0.000000000000000000e+00,0.000000000000000000e+00,0.000000000000000000e+00,0.000000000000000000e+00,0.000000000000000000e+00,3.984063745019920250e-03,0.000000000000000000e+00,0.000000000000000000e+00,0.000000000000000000e+00,0.000000000000000000e+00,0.000000000000000000e+00,1.593625498007968100e-02,1.992031872509960125e-02,8.366533864541832177e-02,7.171314741035856866e-01,1.035856573705179334e-01
1.061946902654867242e-01,4.424778761061946841e-02,8.849557522123893682e-03,5.899705014749262455e-03,0.000000000000000000e+00,0.000000000000000000e+00,0.000000000000000000e+00,2.949852507374631227e-03,2.949852507374631227e-03,0.000000000000000000e+00,2.949852507374631227e-03,0.000000000000000000e+00,2.949852507374631227e-03,0.000000000000000000e+00,2.949852507374631227e-03,0.000000000000000000e+00,0.000000000000000000e+00,5.899705014749262455e-03,2.064896755162241859e-02,1.091445427728613554e-01,6.843657817109144448e-01
