8.359375000000000000e-01,7.031250000000000000e-02,1.171875000000000000e-02,9.765625000000000000e-03,1.953125000000000000e-03,0.000000000000000000e+00,0.000000000000000000e+00,0.000000000000000000e+00,0.000000000000000000e+00,0.000000000000000000e+00,0.000000000000000000e+00,0.000000000000000000e+00,0.000000000000000000e+00,0.000000000000000000e+00,0.000000000000000000e+00,0.000000000000000000e+00,0.000000000000000000e+00,3.906250000000000000e-03,0.000000000000000000e+00,3.906250000000000000e-03,6.250000000000000000e-02
9.271523178807947185e-02,7.792494481236202919e-01,7.064017660044150104e-02,2.207505518763796908e-03,1.324503311258278145e-02,0.000000000000000000e+00,0.000000000000000000e+00,4.415011037527593815e-03,0.000000000000000000e+00,0.000000000000000000e+00,0.000000000000000000e+00,2.207505518763796908e-03,0.000000000000000000e+00,0.000000000000000000e+00,2.207505518763796908e-03,6.622516556291390723e-03,0.000000000000000000e+00,4.415011037527593815e-03,1.103752759381898541e-02,2.207505518763796908e-03,8.830022075055187630e-03
3.010033444816053588e-02,1.170568561872909752e-01,7.090301003344481323e-01,8.695652173913043237e-02,1.337792642140468204e-02,6.688963210702341018e-03,1.337792642140468204e-02,3.344481605351170509e-03,0.000000000000000000e+00,0.000000000000000000e+00,3.344481605351170509e-03,0.000000000000000000e+00,0.000000000000000000e+00,0.000000000000000000e+00,0.000000000000000000e+00,3.344481605351170509e-03,0.000000000000000000e+00,0.000000000000000000e+00,0.000000000000000000e+00,6.688963210702341018e-03,6.688963210702341018e-03
5.319148936170212637e-03,2.659574468085106405e-02,1.436170212765957577e-01,6.861702127659574657e-01,7.978723404255319562e-02,2.127659574468085055e-02,5.319148936170212637e-03,0.000000000000000000e+00,0.000000000000000000e+00,0.000000000000000000e+00,1.063829787234042527e-02,0.000000000000000000e+00,0.000000000000000000e+00,0.000000000000000000e+00,0.000000000000000000e+00,0.000000000000000000e+00,5.319148936170212637e-03,0.000000000000000000e+00,5.319148936170212637e-03,0.000000000000000000e+00,1.063829787234042527e-02
0.000000000000000000e+00,4.878048780487805047e-02,1.097560975609756101e-01,1.585365853658536606e-01,5.853658536585365502e-01,2.439024390243902524e-02,1.219512195121951262e-02,1.219512195121951262e-02,1.219512195121951262e-02,0.000000000000000000e+00,3.658536585365853439e-02,0.000000000000000000e+00,0.000000000000000000e+00,0.000000000000000000e+00,0.000000000000000000e+00,0.000000000000000000e+00,0.000000000000000000e+00,0.000000000000000000e+00,0.000000000000000000e+00,0.000000000000000000e+00,0.000000000000000000e+00
0.000000000000000000e+00,0.000000000000000000e+00,8.571428571428571508e-02,1.142857142857142821e-01,5.714285714285714107e-02,5.428571428571428159e-01,8.571428571428571508e-02,2.857142857142857054e-02,2.857142857142857054e-02,0.000000000000000000e+00,0.000000000000000000e+00,0.000000000000000000e+00,0.000000000000000000e+00,2.857142857142857054e-02,0.000000000000000000e+00,0.000000000000000000e+00,0.000000000000000000e+00,0.000000000000000000e+00,2.857142857142857054e-02,0.000000000000000000e+00,0.000000000000000000e+00
0.000000000000000000e+00,0.000000000000000000e+00,8.333333333333332871e-02,8.333333333333332871e-02,2.500000000000000000e-01,1.666666666666666574e-01,3.333333333333333148e-01,8.333333333333332871e-02,0.000000000000000000e+00,0.000000000000000000e+00,0.000000000000000000e+00,0.000000000000000000e+00,0.000000000000000000e+00,0.000000000000000000e+00,0.000000000000000000e+00,0.000000000000000000e+00,0.000000000000000000e+00,0.000000000000000000e+00,0.000000000000000000e+00,0.000000000000000000e+00,0.000000000000000000e+00
0.000000000000000000e+00,1.111111111111111049e-01,1.111111111111111049e-01,0.000000000000000000e+00,2.222222222222222099e-01,1.111111111111111049e-01,1.111111111111111049e-01,1.111111111111111049e-01,1.111111111111111049e-01,1.111111111111111049e-01,0.000000000000000000e+00,0.000000000000000000e+00,0.000000000000000000e+00,0.000000000000000000e+00,0.000000000000000000e+00,0.000000000000000000e+00,0.000000000000000000e+00,0.000000000000000000e+00,0.000000000000000000e+00,0.000000000000000000e+00,0.000000000000000000e+00
0.000000000000000000e+00,0.000000000000000000e+00,0.000000000000000000e+00,0.000000000000000000e+00,0.000000000000000000e+00,2.142857142857142738e-01,0.000000000000000000e+00,0.000000000000000000e+00,5.000000000000000000e-01,0.000000000000000000e+00,1.428571428571428492e-01,0.000000000000000000e+00,0.000000000000000000e+00,0.000000000000000000e+00,0.000000000000000000e+00,0.000000000000000000e+00,7.142857142857142461e-02,0.000000000000000000e+00,0.000000000000000000e+00,7.142857142857142461e-02,0.000000000000000000e+00
0.000000000000000000e+00,0.000000000000000000e+00,5.882352941176470507e-02,0.000000000000000000e+00,0.000000000000000000e+00,0.000000000000000000e+00,0.000000000000000000e+00,0.000000000000000000e+00,5.882352941176470507e-02,7.058823529411765163e-01,1.764705882352941291e-01,0.000000000000000000e+00,0.000000000000000000e+00,0.000000000000000000e+00,0.000000000000000000e+00,0.000000000000000000e+00,0.000000000000000000e+00,0.000000000000000000e+00,0.000000000000000000e+00,0.000000000000000000e+00,0.000000000000000000e+00
0.000000000000000000e+00,0.000000000000000000e+00,3.448275862068965469e-02,6.896551724137930939e-02,6.896551724137930939e-02,0.000000000000000000e+00,6.896551724137930939e-02,0.000000000000000000e+00,3.448275862068965469e-02,1.034482758620689641e-01,5.517241379310344751e-01,3.448275862068965469e-02,0.000000000000000000e+00,0.000000000000000000e+00,0.000000000000000000e+00,0.000000000000000000e+00,0.000000000000000000e+00,0.000000000000000000e+00,3.448275862068965469e-02,0.000000000000000000e+00,0.000000000000000000e+00
0.000000000000000000e+00,9.090909090909091161e-02,0.000000000000000000e+00,0.000000000000000000e+00,0.000000000000000000e+00,0.000000000000000000e+00,0.000000000000000000e+00,0.000000000000000000e+00,0.000000000000000000e+00,0.000000000000000000e+00,0.000000000000000000e+00,6.363636363636363535e-01,0.000000000000000000e+00,0.000000000000000000e+00,0.000000000000000000e+00,0.000000000000000000e+00,0.000000000000000000e+00,9.090909090909091161e-02,0.000000000000000000e+00,0.000000000000000000e+00,1.818181818181818232e-01
0.000000000000000000e+00,0.000000000000000000e+00,0.000000000000000000e+00,0.000000000000000000e+00,0.000000000000000000e+00,0.000000000000000000e+00,0.000000000000000000e+00,0.000000000000000000e+00,0.000000000000000000e+00,0.000000000000000000e+00,0.000000000000000000e+00,0.000000000000000000e+00,2.500000000000000000e-01,2.500000000000000000e-01,0.000000000000000000e+00,5.000000000000000000e-01,0.000000000000000000e+00,0.000000000000000000e+00,0.000000000000000000e+00,0.000000000000000000e+00,0.000000000000000000e+00
0.000000000000000000e+00,0.000000000000000000e+00,0.000000000000000000e+00,0.000000000000000000e+00,0.000000000000000000e+00,0.000000000000000000e+00,0.000000000000000000e+00,0.000000000000000000e+00,0.000000000000000000e+00,0.000000000000000000e+00,0.000000000000000000e+00,0.000000000000000000e+00,0.000000000000000000e+00,7.222222222222222099e-01,1.666666666666666574e-01,0.000000000000000000e+00,0.000000000000000000e+00,1.111111111111111049e-01,0.000000000000000000e+00,0.000000000000000000e+00,0.000000000000000000e+00
0.000000000000000000e+00,0.000000000000000000e+00,0.000000000000000000e+00,0.000000000000000000e+00,0.000000000000000000e+00,0.000000000000000000e+00,0.000000000000000000e+00,0.000000000000000000e+00,0.000000000000000000e+00,0.000000000000000000e+00,0.000000000000000000e+00,0.000000000000000000e+00,0.000000000000000000e+00,1.428571428571428492e-01,5.714285714285713969e-01,7.142857142857142461e-02,0.000000000000000000e+00,7.142857142857142461e-02,1.428571428571428492e-01,0.000000000000000000e+00,0.000000000000000000e+00
0.000000000000000000e+00,3.846153846153846367e-02,3.846153846153846367e-02,3.846153846153846367e-02,0.000000000000000000e+00,0.000000000000000000e+00,0.000000000000000000e+00,3.846153846153846367e-02,0.000000000000000000e+00,0.000000000000000000e+00,0.000000000000000000e+00,0.000000000000000000e+00,1.153846153846153910e-01,0.000000000000000000e+00,0.000000000000000000e+00,5.769230769230768718e-01,3.846153846153846367e-02,0.000000000000000000e+00,0.000000000000000000e+00,3.846153846153846367e-02,7.692307692307692735e-02
0.000000000000000000e+00,0.000000000000000000e+00,0.000000000000000000e+00,0.000000000000000000e+00,0.000000000000000000e+00,0.000000000000000000e+00,0.000000000000000000e+00,5.882352941176470507e-02,0.000000000000000000e+00,0.000000000000000000e+00,0.000000000000000000e+00,0.000000000000000000e+00,0.000000000000000000e+00,0.000000000000000000e+00,0.000000000000000000e+00,5.882352941176470507e-02,5.882352941176470784e-01,0.000000000000000000e+00,1.764705882352941291e-01,0.000000000000000000e+00,1.176470588235294101e-01
5.555555555555555247e-02,8.333333333333332871e-02,0.000000000000000000e+00,0.000000000000000000e+00,0.000000000000000000e+00,0.000000000000000000e+00,0.000000000000000000e+00,0.000000000000000000e+00,0.000000000000000000e+00,0.000000000000000000e+00,0.000000000000000000e+00,2.777777777777777624e-02,0.000000000000000000e+00,2.777777777777777624e-02,0.000000000000000000e+00,2.777777777777777624e-02,0.000000000000000000e+00,6.388888888888888395e-01,1.111111111111111049e-01,2.777777777777777624e-02,0.000000000000000000e+00
1.204819277108433798e-02,4.819277108433735191e-02,1.204819277108433798e-02,0.000000000000000000e+00,1.204819277108433798e-02,0.000000000000000000e+00,0.000000000000000000e+00,0.000000000000000000e+00,2.409638554216867595e-02,0.000000000000000000e+00,0.000000000000000000e+00,0.000000000000000000e+00,0.000000000000000000e+00,0.000000000000000000e+00,3.614457831325301046e-02,0.000000000000000000e+00,1.204819277108433798e-02,7.228915662650602092e-02,6.385542168674698260e-01,1.084337349397590383e-01,2.409638554216867595e-02
0.000000000000000000e+00,0.000000000000000000e+00,7.299270072992700489e-03,0.000000000000000000e+00,0.000000000000000000e+00,7.299270072992700489e-03,0.000000000000000000e+00,0.000000000000000000e+00,0.000000000000000000e+00,0.000000000000000000e+00,7.299270072992700489e-03,0.000000000000000000e+00,0.000000000000000000e+00,0.000000000000000000e+00,7.299270072992700489e-03,0.000000000000000000e+00,1.459854014598540098e-02,0.000000000000000000e+00,8.759124087591241281e-02,7.299270072992700698e-01,1.386861313868613110e-01
1.290322580645161255e-01,4.032258064516128920e-03,0.000000000000000000e+00,4.032258064516128920e-03,4.032258064516128920e-03,0.000000000000000000e+00,0.000000000000000000e+00,0.000000000000000000e+00,0.000000000000000000e+00,0.000000000000000000e+00,0.000000000000000000e+00,8.064516129032257841e-03,0.000000000000000000e+00,0.000000000000000000e+00,0.000000000000000000e+00,4.032258064516128920e-03,4.032258064516128920e-03,4.032258064516128920e-03,8.064516129032257841e-03,7.661290322580645296e-02,7.540322580645161255e-01
