6.915422885572138911e-01,1.061359867330016610e-01,3.980099502487562113e-02,1.492537313432835792e-02,1.658374792703150953e-03,4.975124378109452641e-03,3.316749585406301905e-03,0.000000000000000000e+00,0.000000000000000000e+00,0.000000000000000000e+00,1.990049751243781057e-02,0.000000000000000000e+00,0.000000000000000000e+00,1.658374792703150953e-03,1.658374792703150953e-03,0.000000000000000000e+00,0.000000000000000000e+00,1.658374792703150953e-03,6.633499170812603811e-03,4.975124378109452641e-03,1.011608623548922031e-01
1.559888579387186669e-01,5.710306406685237146e-01,1.058495821727019476e-01,3.621169916434540531e-02,1.392757660167130880e-02,5.571030640668523694e-03,5.571030640668523694e-03,8.356545961002785974e-03,0.000000000000000000e+00,2.785515320334261847e-03,3.621169916434540531e-02,0.000000000000000000e+00,0.000000000000000000e+00,0.000000000000000000e+00,0.000000000000000000e+00,2.785515320334261847e-03,0.000000000000000000e+00,0.000000000000000000e+00,1.392757660167130880e-02,8.356545961002785974e-03,3.342618384401114390e-02
8.658008658008657654e-02,1.471861471861471982e-01,4.545454545454545303e-01,1.082251082251082241e-01,4.329004329004328827e-02,1.731601731601731600e-02,1.298701298701298787e-02,4.329004329004329001e-03,0.000000000000000000e+00,4.329004329004329001e-03,4.761904761904761640e-02,0.000000000000000000e+00,0.000000000000000000e+00,0.000000000000000000e+00,4.329004329004329001e-03,0.000000000000000000e+00,4.329004329004329001e-03,0.000000000000000000e+00,4.329004329004329001e-03,2.164502164502164414e-02,3.896103896103896014e-02
7.031250000000000000e-02,5.468750000000000000e-02,1.093750000000000000e-01,4.921875000000000000e-01,1.015625000000000000e-01,3.906250000000000000e-02,1.562500000000000000e-02,1.562500000000000000e-02,0.000000000000000000e+00,0.000000000000000000e+00,5.468750000000000000e-02,0.000000000000000000e+00,0.000000000000000000e+00,0.000000000000000000e+00,0.000000000000000000e+00,0.000000000000000000e+00,0.000000000000000000e+00,7.812500000000000000e-03,0.000000000000000000e+00,7.812500000000000000e-03,3.125000000000000000e-02
6.666666666666666574e-02,5.333333333333333676e-02,8.000000000000000167e-02,1.066666666666666735e-01,3.333333333333333148e-01,1.066666666666666735e-01,5.333333333333333676e-02,2.666666666666666838e-02,0.000000000000000000e+00,6.666666666666666574e-02,5.333333333333333676e-02,0.000000000000000000e+00,0.000000000000000000e+00,0.000000000000000000e+00,0.000000000000000000e+00,0.000000000000000000e+00,1.333333333333333419e-02,0.000000000000000000e+00,0.000000000000000000e+00,1.333333333333333419e-02,2.666666666666666838e-02
7.547169811320754429e-02,7.547169811320754429e-02,5.660377358490566169e-02,3.773584905660377214e-02,1.886792452830188815e-01,3.584905660377358250e-01,5.660377358490566169e-02,1.886792452830188607e-02,1.886792452830188607e-02,0.000000000000000000e+00,3.773584905660377214e-02,0.000000000000000000e+00,0.000000000000000000e+00,1.886792452830188607e-02,0.000000000000000000e+00,0.000000000000000000e+00,3.773584905660377214e-02,0.000000000000000000e+00,0.000000000000000000e+00,0.000000000000000000e+00,1.886792452830188607e-02
3.030303030303030387e-02,6.060606060606060774e-02,2.121212121212121271e-01,3.030303030303030387e-02,6.060606060606060774e-02,1.515151515151515194e-01,2.121212121212121271e-01,0.000000000000000000e+00,0.000000000000000000e+00,0.000000000000000000e+00,1.818181818181818232e-01,0.000000000000000000e+00,0.000000000000000000e+00,0.000000000000000000e+00,0.000000000000000000e+00,3.030303030303030387e-02,0.000000000000000000e+00,0.000000000000000000e+00,0.000000000000000000e+00,0.000000000000000000e+00,3.030303030303030387e-02
6.250000000000000000e-02,0.000000000000000000e+00,3.125000000000000000e-01,1.250000000000000000e-01,0.000000000000000000e+00,6.250000000000000000e-02,1.250000000000000000e-01,6.250000000000000000e-02,0.000000000000000000e+00,6.250000000000000000e-02,6.250000000000000000e-02,0.000000000000000000e+00,0.000000000000000000e+00,0.000000000000000000e+00,6.250000000000000000e-02,0.000000000000000000e+00,0.000000000000000000e+00,0.000000000000000000e+00,0.000000000000000000e+00,0.000000000000000000e+00,6.250000000000000000e-02
3.703703703703703498e-02,3.703703703703703498e-02,0.000000000000000000e+00,0.000000000000000000e+00,0.000000000000000000e+00,3.703703703703703498e-02,3.703703703703703498e-02,0.000000000000000000e+00,5.925925925925925597e-01,3.703703703703703498e-02,1.481481481481481399e-01,0.000000000000000000e+00,0.000000000000000000e+00,0.000000000000000000e+00,0.000000000000000000e+00,0.000000000000000000e+00,0.000000000000000000e+00,3.703703703703703498e-02,3.703703703703703498e-02,0.000000000000000000e+00,0.000000000000000000e+00
0.000000000000000000e+00,6.250000000000000000e-02,1.250000000000000000e-01,6.250000000000000000e-02,6.250000000000000000e-02,0.000000000000000000e+00,0.000000000000000000e+00,6.250000000000000000e-02,0.000000000000000000e+00,2.500000000000000000e-01,2.500000000000000000e-01,0.000000000000000000e+00,0.000000000000000000e+00,0.000000000000000000e+00,0.000000000000000000e+00,0.000000000000000000e+00,0.000000000000000000e+00,0.000000000000000000e+00,0.000000000000000000e+00,6.250000000000000000e-02,6.250000000000000000e-02
1.826484018264840081e-02,5.936073059360730264e-02,4.109589041095890183e-02,2.739726027397260122e-02,2.739726027397260122e-02,4.566210045662100203e-03,1.369863013698630061e-02,1.826484018264840081e-02,1.826484018264840081e-02,9.132420091324200406e-03,6.210045662100456276e-01,4.566210045662100203e-03,4.566210045662100203e-03,0.000000000000000000e+00,9.132420091324200406e-03,0.000000000000000000e+00,9.132420091324200406e-03,9.132420091324200406e-03,3.196347031963470142e-02,3.196347031963470142e-02,4.109589041095890183e-02
0.000000000000000000e+00,0.000000000000000000e+00,0.000000000000000000e+00,0.000000000000000000e+00,0.000000000000000000e+00,0.000000000000000000e+00,0.000000000000000000e+00,0.000000000000000000e+00,0.000000000000000000e+00,0.000000000000000000e+00,4.285714285714285754e-02,8.142857142857142794e-01,4.285714285714285754e-02,1.428571428571428527e-02,4.285714285714285754e-02,0.000000000000000000e+00,0.000000000000000000e+00,1.428571428571428527e-02,1.428571428571428527e-02,1.428571428571428527e-02,0.000000000000000000e+00
0.000000000000000000e+00,0.000000000000000000e+00,0.000000000000000000e+00,0.000000000000000000e+00,0.000000000000000000e+00,0.000000000000000000e+00,0.000000000000000000e+00,0.000000000000000000e+00,0.000000000000000000e+00,2.631578947368420907e-02,2.631578947368420907e-02,2.631578947368420907e-02,7.894736842105263275e-01,0.000000000000000000e+00,2.631578947368420907e-02,2.631578947368420907e-02,5.263157894736841813e-02,0.000000000000000000e+00,0.000000000000000000e+00,2.631578947368420907e-02,0.000000000000000000e+00
4.000000000000000083e-02,0.000000000000000000e+00,0.000000000000000000e+00,0.000000000000000000e+00,0.000000000000000000e+00,0.000000000000000000e+00,0.000000000000000000e+00,0.000000000000000000e+00,0.000000000000000000e+00,0.000000000000000000e+00,8.000000000000000167e-02,1.199999999999999956e-01,0.000000000000000000e+00,4.799999999999999822e-01,1.600000000000000033e-01,4.000000000000000083e-02,4.000000000000000083e-02,0.000000000000000000e+00,0.000000000000000000e+00,0.000000000000000000e+00,4.000000000000000083e-02
0.000000000000000000e+00,0.000000000000000000e+00,0.000000000000000000e+00,0.000000000000000000e+00,0.000000000000000000e+00,0.000000000000000000e+00,0.000000000000000000e+00,0.000000000000000000e+00,0.000000000000000000e+00,0.000000000000000000e+00,7.499999999999999722e-02,5.000000000000000278e-02,0.000000000000000000e+00,1.499999999999999944e-01,4.749999999999999778e-01,7.499999999999999722e-02,1.000000000000000056e-01,0.000000000000000000e+00,2.500000000000000139e-02,0.000000000000000000e+00,5.000000000000000278e-02
0.000000000000000000e+00,0.000000000000000000e+00,0.000000000000000000e+00,0.000000000000000000e+00,0.000000000000000000e+00,0.000000000000000000e+00,1.587301587301587213e-02,0.000000000000000000e+00,0.000000000000000000e+00,0.000000000000000000e+00,1.587301587301587213e-02,3.174603174603174427e-02,0.000000000000000000e+00,0.000000000000000000e+00,4.761904761904761640e-02,5.714285714285713969e-01,1.746031746031745935e-01,7.936507936507936067e-02,3.174603174603174427e-02,1.587301587301587213e-02,1.587301587301587213e-02
0.000000000000000000e+00,0.000000000000000000e+00,0.000000000000000000e+00,6.535947712418300852e-03,6.535947712418300852e-03,0.000000000000000000e+00,6.535947712418300852e-03,0.000000000000000000e+00,6.535947712418300852e-03,0.000000000000000000e+00,0.000000000000000000e+00,0.000000000000000000e+00,0.000000000000000000e+00,6.535947712418300852e-03,1.307189542483660170e-02,3.267973856209150513e-02,7.189542483660130712e-01,1.176470588235294101e-01,5.228758169934640682e-02,1.960784313725490169e-02,1.307189542483660170e-02
9.615384615384615918e-03,0.000000000000000000e+00,0.000000000000000000e+00,0.000000000000000000e+00,4.807692307692307959e-03,4.807692307692307959e-03,0.000000000000000000e+00,4.807692307692307959e-03,0.000000000000000000e+00,0.000000000000000000e+00,9.615384615384615918e-03,4.807692307692307959e-03,0.000000000000000000e+00,0.000000000000000000e+00,4.807692307692307959e-03,1.442307692307692388e-02,7.692307692307692735e-02,6.105769230769231282e-01,1.778846153846153910e-01,2.403846153846153980e-02,5.288461538461538408e-02
1.050788091068301233e-02,1.751313485113835389e-03,3.502626970227670777e-03,3.502626970227670777e-03,0.000000000000000000e+00,1.751313485113835389e-03,1.751313485113835389e-03,0.000000000000000000e+00,1.751313485113835389e-03,0.000000000000000000e+00,8.756567425569176943e-03,1.751313485113835389e-03,0.000000000000000000e+00,5.253940455341506166e-03,0.000000000000000000e+00,3.502626970227670777e-03,5.253940455341506166e-03,5.253940455341506166e-02,7.390542907180385201e-01,1.313485113835376472e-01,2.802101576182136622e-02
1.678321678321678320e-02,1.118881118881118880e-02,6.993006993006993001e-03,1.398601398601398600e-03,0.000000000000000000e+00,0.000000000000000000e+00,0.000000000000000000e+00,0.000000000000000000e+00,0.000000000000000000e+00,1.398601398601398600e-03,8.391608391608391601e-03,0.000000000000000000e+00,0.000000000000000000e+00,0.000000000000000000e+00,0.000000000000000000e+00,0.000000000000000000e+00,2.797202797202797200e-03,9.790209790209791069e-03,5.874125874125873947e-02,7.398601398601398760e-01,1.426573426573426451e-01
1.041420118343195228e-01,2.366863905325443732e-02,1.065088757396449697e-02,1.183431952662721909e-03,1.183431952662721909e-03,1.183431952662721909e-03,0.000000000000000000e+00,0.000000000000000000e+00,1.183431952662721909e-03,1.183431952662721909e-03,1.538461538461538547e-02,0.000000000000000000e+00,0.000000000000000000e+00,1.183431952662721909e-03,0.000000000000000000e+00,1.183431952662721909e-03,4.733727810650887637e-03,9.467455621301775273e-03,2.130177514792899393e-02,6.627218934911242865e-02,7.360946745562130245e-01
