6.804901036757775579e-01,1.413760603204524124e-01,1.885014137606031911e-02,6.597549481621112211e-03,1.885014137606031998e-03,0.000000000000000000e+00,0.000000000000000000e+00,0.000000000000000000e+00,9.425070688030159991e-04,0.000000000000000000e+00,1.036757775683317707e-02,9.425070688030159991e-04,9.425070688030159991e-04,0.000000000000000000e+00,0.000000000000000000e+00,1.885014137606031998e-03,9.425070688030159991e-04,3.770028275212063996e-03,1.319509896324222442e-02,2.167766258246936820e-02,9.613572101790764102e-02
1.545698924731182811e-01,6.545698924731182533e-01,8.602150537634409289e-02,1.881720430107526945e-02,1.209677419354838676e-02,6.720430107526881823e-03,1.344086021505376451e-03,0.000000000000000000e+00,0.000000000000000000e+00,0.000000000000000000e+00,5.376344086021505805e-03,2.688172043010752903e-03,0.000000000000000000e+00,0.000000000000000000e+00,0.000000000000000000e+00,0.000000000000000000e+00,0.000000000000000000e+00,0.000000000000000000e+00,6.720430107526881823e-03,1.881720430107526945e-02,3.225806451612903136e-02
6.535947712418301025e-02,1.503267973856209083e-01,5.882352941176470784e-01,9.803921568627450844e-02,1.633986928104575256e-02,1.633986928104575256e-02,0.000000000000000000e+00,3.267973856209150426e-03,0.000000000000000000e+00,0.000000000000000000e+00,1.633986928104575256e-02,0.000000000000000000e+00,0.000000000000000000e+00,0.000000000000000000e+00,0.000000000000000000e+00,0.000000000000000000e+00,0.000000000000000000e+00,0.000000000000000000e+00,1.307189542483660170e-02,6.535947712418300852e-03,2.614379084967320341e-02
9.090909090909091161e-02,1.048951048951048959e-01,1.398601398601398704e-01,4.265734265734265618e-01,6.993006993006993521e-02,6.993006993006993001e-03,3.496503496503496761e-02,0.000000000000000000e+00,0.000000000000000000e+00,0.000000000000000000e+00,2.797202797202797200e-02,0.000000000000000000e+00,0.000000000000000000e+00,0.000000000000000000e+00,0.000000000000000000e+00,0.000000000000000000e+00,0.000000000000000000e+00,0.000000000000000000e+00,1.398601398601398600e-02,2.797202797202797200e-02,5.594405594405594401e-02
8.510638297872340219e-02,3.191489361702127409e-02,7.446808510638297518e-02,8.510638297872340219e-02,5.106382978723403854e-01,3.191489361702127409e-02,6.382978723404254817e-02,0.000000000000000000e+00,0.000000000000000000e+00,1.063829787234042527e-02,3.191489361702127409e-02,1.063829787234042527e-02,0.000000000000000000e+00,0.000000000000000000e+00,0.000000000000000000e+00,0.000000000000000000e+00,0.000000000000000000e+00,0.000000000000000000e+00,0.000000000000000000e+00,0.000000000000000000e+00,6.382978723404254817e-02
5.128205128205128027e-02,2.564102564102564014e-02,5.128205128205128027e-02,1.538461538461538547e-01,5.128205128205128027e-02,2.307692307692307820e-01,1.282051282051281937e-01,5.128205128205128027e-02,7.692307692307692735e-02,2.564102564102564014e-02,1.025641025641025605e-01,0.000000000000000000e+00,0.000000000000000000e+00,2.564102564102564014e-02,0.000000000000000000e+00,0.000000000000000000e+00,0.000000000000000000e+00,0.000000000000000000e+00,2.564102564102564014e-02,0.000000000000000000e+00,0.000000000000000000e+00
1.219512195121951192e-01,4.878048780487805047e-02,2.439024390243902524e-02,2.439024390243902524e-02,9.756097560975610095e-02,4.878048780487805047e-02,3.414634146341463672e-01,2.439024390243902524e-02,2.439024390243902524e-02,2.439024390243902524e-02,1.463414634146341375e-01,2.439024390243902524e-02,0.000000000000000000e+00,2.439024390243902524e-02,0.000000000000000000e+00,0.000000000000000000e+00,2.439024390243902524e-02,0.000000000000000000e+00,0.000000000000000000e+00,0.000000000000000000e+00,0.000000000000000000e+00
6.666666666666666574e-02,6.666666666666666574e-02,0.000000000000000000e+00,0.000000000000000000e+00,6.666666666666666574e-02,1.333333333333333315e-01,1.333333333333333315e-01,6.666666666666666574e-02,1.333333333333333315e-01,0.000000000000000000e+00,0.000000000000000000e+00,0.000000000000000000e+00,0.000000000000000000e+00,0.000000000000000000e+00,6.666666666666666574e-02,0.000000000000000000e+00,6.666666666666666574e-02,0.000000000000000000e+00,0.000000000000000000e+00,6.666666666666666574e-02,1.333333333333333315e-01
5.714285714285714107e-02,8.571428571428571508e-02,2.857142857142857054e-02,0.000000000000000000e+00,0.000000000000000000e+00,8.571428571428571508e-02,0.000000000000000000e+00,2.857142857142857054e-02,4.857142857142857095e-01,1.428571428571428492e-01,8.571428571428571508e-02,0.000000000000000000e+00,0.000000000000000000e+00,0.000000000000000000e+00,0.000000000000000000e+00,0.000000000000000000e+00,0.000000000000000000e+00,0.000000000000000000e+00,0.000000000000000000e+00,0.000000000000000000e+00,0.000000000000000000e+00
7.142857142857142461e-02,0.000000000000000000e+00,0.000000000000000000e+00,0.000000000000000000e+00,0.000000000000000000e+00,2.142857142857142738e-01,0.000000000000000000e+00,0.000000000000000000e+00,5.000000000000000000e-01,1.428571428571428492e-01,7.142857142857142461e-02,0.000000000000000000e+00,0.000000000000000000e+00,0.000000000000000000e+00,0.000000000000000000e+00,0.000000000000000000e+00,0.000000000000000000e+00,0.000000000000000000e+00,0.000000000000000000e+00,0.000000000000000000e+00,0.000000000000000000e+00
7.031250000000000000e-02,3.125000000000000000e-02,2.343750000000000000e-02,3.906250000000000000e-02,2.343750000000000000e-02,3.906250000000000000e-02,4.687500000000000000e-02,3.125000000000000000e-02,2.343750000000000000e-02,2.343750000000000000e-02,6.250000000000000000e-01,0.000000000000000000e+00,0.000000000000000000e+00,0.000000000000000000e+00,0.000000000000000000e+00,7.812500000000000000e-03,0.000000000000000000e+00,0.000000000000000000e+00,0.000000000000000000e+00,7.812500000000000000e-03,7.812500000000000000e-03
0.000000000000000000e+00,0.000000000000000000e+00,0.000000000000000000e+00,0.000000000000000000e+00,0.000000000000000000e+00,0.000000000000000000e+00,0.000000000000000000e+00,0.000000000000000000e+00,0.000000000000000000e+00,0.000000000000000000e+00,0.000000000000000000e+00,6.923076923076922906e-01,1.923076923076923184e-01,7.692307692307692735e-02,0.000000000000000000e+00,0.000000000000000000e+00,3.846153846153846367e-02,0.000000000000000000e+00,0.000000000000000000e+00,0.000000000000000000e+00,0.000000000000000000e+00
0.000000000000000000e+00,0.000000000000000000e+00,0.000000000000000000e+00,0.000000000000000000e+00,0.000000000000000000e+00,0.000000000000000000e+00,0.000000000000000000e+00,6.250000000000000000e-02,0.000000000000000000e+00,0.000000000000000000e+00,6.250000000000000000e-02,6.250000000000000000e-02,2.500000000000000000e-01,3.125000000000000000e-01,0.000000000000000000e+00,6.250000000000000000e-02,6.250000000000000000e-02,6.250000000000000000e-02,0.000000000000000000e+00,6.250000000000000000e-02,0.000000000000000000e+00
0.000000000000000000e+00,0.000000000000000000e+00,0.000000000000000000e+00,0.000000000000000000e+00,0.000000000000000000e+00,0.000000000000000000e+00,0.000000000000000000e+00,0.000000000000000000e+00,0.000000000000000000e+00,0.000000000000000000e+00,0.000000000000000000e+00,1.153846153846153910e-01,1.153846153846153910e-01,4.230769230769230727e-01,1.538461538461538547e-01,7.692307692307692735e-02,3.846153846153846367e-02,7.692307692307692735e-02,0.000000000000000000e+00,0.000000000000000000e+00,0.000000000000000000e+00
7.692307692307692735e-02,0.000000000000000000e+00,0.000000000000000000e+00,0.000000000000000000e+00,0.000000000000000000e+00,0.000000000000000000e+00,0.000000000000000000e+00,7.692307692307692735e-02,0.000000000000000000e+00,0.000000000000000000e+00,0.000000000000000000e+00,0.000000000000000000e+00,7.692307692307692735e-02,2.307692307692307820e-01,1.538461538461538547e-01,3.076923076923077094e-01,0.000000000000000000e+00,7.692307692307692735e-02,0.000000000000000000e+00,0.000000000000000000e+00,0.000000000000000000e+00
3.773584905660377214e-02,0.000000000000000000e+00,0.000000000000000000e+00,0.000000000000000000e+00,3.773584905660377214e-02,0.000000000000000000e+00,0.000000000000000000e+00,0.000000000000000000e+00,0.000000000000000000e+00,0.000000000000000000e+00,0.000000000000000000e+00,0.000000000000000000e+00,0.000000000000000000e+00,3.773584905660377214e-02,5.660377358490566169e-02,4.339622641509434109e-01,1.698113207547169712e-01,1.320754716981132060e-01,5.660377358490566169e-02,1.886792452830188607e-02,1.886792452830188607e-02
6.153846153846154188e-02,0.000000000000000000e+00,1.538461538461538547e-02,0.000000000000000000e+00,0.000000000000000000e+00,0.000000000000000000e+00,0.000000000000000000e+00,0.000000000000000000e+00,0.000000000000000000e+00,0.000000000000000000e+00,0.000000000000000000e+00,0.000000000000000000e+00,0.000000000000000000e+00,0.000000000000000000e+00,1.538461538461538547e-02,9.230769230769231282e-02,4.000000000000000222e-01,1.692307692307692402e-01,9.230769230769231282e-02,1.076923076923076983e-01,4.615384615384615641e-02
3.048780487804877981e-02,1.219512195121951262e-02,0.000000000000000000e+00,6.097560975609756309e-03,0.000000000000000000e+00,0.000000000000000000e+00,0.000000000000000000e+00,0.000000000000000000e+00,0.000000000000000000e+00,0.000000000000000000e+00,6.097560975609756309e-03,0.000000000000000000e+00,0.000000000000000000e+00,0.000000000000000000e+00,6.097560975609756309e-03,1.829268292682926719e-02,4.878048780487805047e-02,5.853658536585365502e-01,1.829268292682926789e-01,6.707317073170732113e-02,3.658536585365853439e-02
5.627705627705627961e-02,1.731601731601731600e-02,2.164502164502164414e-02,4.329004329004329001e-03,0.000000000000000000e+00,0.000000000000000000e+00,0.000000000000000000e+00,0.000000000000000000e+00,0.000000000000000000e+00,0.000000000000000000e+00,4.329004329004329001e-03,0.000000000000000000e+00,0.000000000000000000e+00,0.000000000000000000e+00,4.329004329004329001e-03,4.329004329004329001e-03,2.597402597402597574e-02,4.329004329004328827e-02,5.151515151515151381e-01,2.164502164502164483e-01,8.658008658008657654e-02
6.378600823045267598e-02,2.469135802469135665e-02,4.115226337448560021e-03,4.115226337448560021e-03,4.115226337448560021e-03,2.057613168724280010e-03,0.000000000000000000e+00,2.057613168724280010e-03,0.000000000000000000e+00,2.057613168724280010e-03,2.057613168724280010e-03,0.000000000000000000e+00,0.000000000000000000e+00,0.000000000000000000e+00,0.000000000000000000e+00,6.172839506172839164e-03,8.230452674897120041e-03,1.646090534979424008e-02,4.732510288065843590e-02,6.213991769547324573e-01,1.913580246913580141e-01
1.865482233502538112e-01,2.284263959390862853e-02,7.614213197969543420e-03,1.015228426395939007e-02,1.269035532994923759e-03,0.000000000000000000e+00,1.269035532994923759e-03,0.000000000000000000e+00,0.000000000000000000e+00,0.000000000000000000e+00,6.345177664974619228e-03,1.269035532994923759e-03,0.000000000000000000e+00,1.269035532994923759e-03,0.000000000000000000e+00,1.269035532994923759e-03,2.538071065989847518e-03,7.614213197969543420e-03,1.522842639593908684e-02,8.248730964467004823e-02,6.522842639593908753e-01
