8.296112489660876221e-01,6.368899917287014489e-02,1.157981803143093465e-02,4.135649296939619517e-03,2.481389578163771710e-03,8.271298593879239033e-04,0.000000000000000000e+00,8.271298593879239033e-04,0.000000000000000000e+00,8.271298593879239033e-04,4.135649296939619517e-03,0.000000000000000000e+00,0.000000000000000000e+00,0.000000000000000000e+00,0.000000000000000000e+00,0.000000000000000000e+00,8.271298593879239033e-04,2.481389578163771710e-03,8.271298593879239033e-04,5.789909015715467323e-03,7.196029776674937872e-02
1.125975473801560794e-01,7.781493868450389817e-01,6.688963210702340845e-02,1.337792642140468204e-02,4.459308807134894012e-03,3.344481605351170509e-03,0.000000000000000000e+00,1.114827201783723503e-03,1.114827201783723503e-03,0.000000000000000000e+00,2.229654403567447006e-03,0.000000000000000000e+00,0.000000000000000000e+00,0.000000000000000000e+00,0.000000000000000000e+00,1.114827201783723503e-03,0.000000000000000000e+00,2.229654403567447006e-03,1.114827201783723503e-03,0.000000000000000000e+00,1.226309921962095810e-02
2.857142857142857054e-02,1.758241758241758379e-01,6.923076923076922906e-01,5.494505494505494414e-02,1.758241758241758240e-02,4.395604395604395601e-03,8.791208791208791201e-03,0.000000000000000000e+00,0.000000000000000000e+00,0.000000000000000000e+00,4.395604395604395601e-03,2.197802197802197800e-03,0.000000000000000000e+00,0.000000000000000000e+00,0.000000000000000000e+00,0.000000000000000000e+00,0.000000000000000000e+00,0.000000000000000000e+00,0.000000000000000000e+00,0.000000000000000000e+00,1.098901098901098987e-02
1.111111111111111154e-02,3.888888888888888951e-02,1.555555555555555580e-01,6.222222222222222321e-01,8.888888888888889228e-02,5.555555555555555768e-03,1.111111111111111154e-02,0.000000000000000000e+00,5.555555555555555768e-03,0.000000000000000000e+00,3.888888888888888951e-02,0.000000000000000000e+00,0.000000000000000000e+00,0.000000000000000000e+00,0.000000000000000000e+00,0.000000000000000000e+00,0.000000000000000000e+00,0.000000000000000000e+00,5.555555555555555768e-03,5.555555555555555768e-03,1.111111111111111154e-02
1.234567901234567833e-02,6.172839506172839164e-02,1.481481481481481399e-01,2.345679012345678882e-01,2.962962962962962798e-01,3.703703703703703498e-02,3.703703703703703498e-02,1.234567901234567833e-02,1.234567901234567833e-02,0.000000000000000000e+00,9.876543209876542662e-02,0.000000000000000000e+00,0.000000000000000000e+00,0.000000000000000000e+00,0.000000000000000000e+00,0.000000000000000000e+00,0.000000000000000000e+00,0.000000000000000000e+00,1.234567901234567833e-02,3.703703703703703498e-02,0.000000000000000000e+00
9.523809523809523281e-02,4.761904761904761640e-02,1.428571428571428492e-01,1.904761904761904656e-01,1.428571428571428492e-01,2.857142857142856984e-01,9.523809523809523281e-02,0.000000000000000000e+00,0.000000000000000000e+00,0.000000000000000000e+00,0.000000000000000000e+00,0.000000000000000000e+00,0.000000000000000000e+00,0.000000000000000000e+00,0.000000000000000000e+00,0.000000000000000000e+00,0.000000000000000000e+00,0.000000000000000000e+00,0.000000000000000000e+00,0.000000000000000000e+00,0.000000000000000000e+00
4.000000000000000083e-02,0.000000000000000000e+00,1.199999999999999956e-01,8.000000000000000167e-02,2.399999999999999911e-01,8.000000000000000167e-02,1.600000000000000033e-01,8.000000000000000167e-02,4.000000000000000083e-02,4.000000000000000083e-02,4.000000000000000083e-02,0.000000000000000000e+00,0.000000000000000000e+00,0.000000000000000000e+00,0.000000000000000000e+00,0.000000000000000000e+00,0.000000000000000000e+00,0.000000000000000000e+00,8.000000000000000167e-02,0.000000000000000000e+00,0.000000000000000000e+00
0.000000000000000000e+00,3.125000000000000000e-02,3.125000000000000000e-02,0.000000000000000000e+00,6.250000000000000000e-02,0.000000000000000000e+00,9.375000000000000000e-02,5.625000000000000000e-01,3.125000000000000000e-02,3.125000000000000000e-02,1.250000000000000000e-01,0.000000000000000000e+00,0.000000000000000000e+00,0.000000000000000000e+00,0.000000000000000000e+00,0.000000000000000000e+00,0.000000000000000000e+00,0.000000000000000000e+00,0.000000000000000000e+00,3.125000000000000000e-02,0.000000000000000000e+00
0.000000000000000000e+00,7.692307692307692735e-02,7.692307692307692735e-02,0.000000000000000000e+00,7.692307692307692735e-02,0.000000000000000000e+00,7.692307692307692735e-02,1.538461538461538547e-01,3.076923076923077094e-01,0.000000000000000000e+00,2.307692307692307820e-01,0.000000000000000000e+00,0.000000000000000000e+00,0.000000000000000000e+00,0.000000000000000000e+00,0.000000000000000000e+00,0.000000000000000000e+00,0.000000000000000000e+00,0.000000000000000000e+00,0.000000000000000000e+00,0.000000000000000000e+00
1.428571428571428492e-01,0.000000000000000000e+00,1.428571428571428492e-01,0.000000000000000000e+00,0.000000000000000000e+00,2.857142857142856984e-01,0.000000000000000000e+00,1.428571428571428492e-01,1.428571428571428492e-01,0.000000000000000000e+00,1.428571428571428492e-01,0.000000000000000000e+00,0.000000000000000000e+00,0.000000000000000000e+00,0.000000000000000000e+00,0.000000000000000000e+00,0.000000000000000000e+00,0.000000000000000000e+00,0.000000000000000000e+00,0.000000000000000000e+00,0.000000000000000000e+00
2.816901408450704289e-02,2.816901408450704289e-02,5.633802816901408578e-02,7.042253521126760896e-02,9.859154929577464144e-02,1.408450704225352144e-02,8.450704225352112520e-02,4.225352112676056260e-02,1.408450704225352144e-02,2.816901408450704289e-02,5.070422535211267512e-01,0.000000000000000000e+00,0.000000000000000000e+00,0.000000000000000000e+00,0.000000000000000000e+00,0.000000000000000000e+00,0.000000000000000000e+00,1.408450704225352144e-02,1.408450704225352144e-02,0.000000000000000000e+00,0.000000000000000000e+00
0.000000000000000000e+00,0.000000000000000000e+00,0.000000000000000000e+00,0.000000000000000000e+00,0.000000000000000000e+00,0.000000000000000000e+00,1.000000000000000056e-01,0.000000000000000000e+00,0.000000000000000000e+00,0.000000000000000000e+00,0.000000000000000000e+00,6.999999999999999556e-01,1.000000000000000056e-01,0.000000000000000000e+00,0.000000000000000000e+00,0.000000000000000000e+00,1.000000000000000056e-01,0.000000000000000000e+00,0.000000000000000000e+00,0.000000000000000000e+00,0.000000000000000000e+00
0.000000000000000000e+00,0.000000000000000000e+00,0.000000000000000000e+00,0.000000000000000000e+00,0.000000000000000000e+00,0.000000000000000000e+00,0.000000000000000000e+00,0.000000000000000000e+00,0.000000000000000000e+00,0.000000000000000000e+00,0.000000000000000000e+00,2.500000000000000000e-01,5.000000000000000000e-01,2.500000000000000000e-01,0.000000000000000000e+00,0.000000000000000000e+00,0.000000000000000000e+00,0.000000000000000000e+00,0.000000000000000000e+00,0.000000000000000000e+00,0.000000000000000000e+00
0.000000000000000000e+00,0.000000000000000000e+00,0.000000000000000000e+00,0.000000000000000000e+00,0.000000000000000000e+00,0.000000000000000000e+00,0.000000000000000000e+00,0.000000000000000000e+00,0.000000000000000000e+00,0.000000000000000000e+00,0.000000000000000000e+00,0.000000000000000000e+00,8.333333333333332871e-02,9.166666666666666297e-01,0.000000000000000000e+00,0.000000000000000000e+00,0.000000000000000000e+00,0.000000000000000000e+00,0.000000000000000000e+00,0.000000000000000000e+00,0.000000000000000000e+00
7.142857142857142461e-02,0.000000000000000000e+00,0.000000000000000000e+00,0.000000000000000000e+00,0.000000000000000000e+00,0.000000000000000000e+00,0.000000000000000000e+00,0.000000000000000000e+00,0.000000000000000000e+00,0.000000000000000000e+00,0.000000000000000000e+00,0.000000000000000000e+00,0.000000000000000000e+00,0.000000000000000000e+00,7.857142857142856984e-01,1.428571428571428492e-01,0.000000000000000000e+00,0.000000000000000000e+00,0.000000000000000000e+00,0.000000000000000000e+00,0.000000000000000000e+00
0.000000000000000000e+00,0.000000000000000000e+00,0.000000000000000000e+00,5.263157894736841813e-02,0.000000000000000000e+00,0.000000000000000000e+00,0.000000000000000000e+00,0.000000000000000000e+00,0.000000000000000000e+00,0.000000000000000000e+00,0.000000000000000000e+00,0.000000000000000000e+00,0.000000000000000000e+00,0.000000000000000000e+00,1.052631578947368363e-01,4.736842105263157632e-01,1.578947368421052544e-01,0.000000000000000000e+00,5.263157894736841813e-02,5.263157894736841813e-02,1.052631578947368363e-01
0.000000000000000000e+00,0.000000000000000000e+00,5.263157894736841813e-02,0.000000000000000000e+00,0.000000000000000000e+00,0.000000000000000000e+00,0.000000000000000000e+00,0.000000000000000000e+00,0.000000000000000000e+00,0.000000000000000000e+00,0.000000000000000000e+00,5.263157894736841813e-02,0.000000000000000000e+00,0.000000000000000000e+00,0.000000000000000000e+00,1.578947368421052544e-01,5.789473684210526550e-01,5.263157894736841813e-02,1.052631578947368363e-01,0.000000000000000000e+00,0.000000000000000000e+00
0.000000000000000000e+00,5.797101449275362389e-02,0.000000000000000000e+00,0.000000000000000000e+00,0.000000000000000000e+00,0.000000000000000000e+00,0.000000000000000000e+00,0.000000000000000000e+00,0.000000000000000000e+00,0.000000000000000000e+00,0.000000000000000000e+00,0.000000000000000000e+00,0.000000000000000000e+00,0.000000000000000000e+00,0.000000000000000000e+00,1.449275362318840597e-02,2.898550724637681195e-02,7.536231884057971175e-01,1.014492753623188470e-01,2.898550724637681195e-02,1.449275362318840597e-02
1.015228426395939007e-02,0.000000000000000000e+00,0.000000000000000000e+00,0.000000000000000000e+00,0.000000000000000000e+00,5.076142131979695035e-03,0.000000000000000000e+00,0.000000000000000000e+00,0.000000000000000000e+00,0.000000000000000000e+00,1.015228426395939007e-02,0.000000000000000000e+00,0.000000000000000000e+00,0.000000000000000000e+00,0.000000000000000000e+00,5.076142131979695035e-03,1.015228426395939007e-02,3.553299492385787045e-02,8.426395939086294140e-01,7.106598984771574090e-02,1.015228426395939007e-02
3.164556962025316666e-02,6.329113924050632813e-03,0.000000000000000000e+00,3.164556962025316406e-03,3.164556962025316406e-03,0.000000000000000000e+00,0.000000000000000000e+00,9.493670886075949653e-03,0.000000000000000000e+00,0.000000000000000000e+00,0.000000000000000000e+00,0.000000000000000000e+00,0.000000000000000000e+00,0.000000000000000000e+00,3.164556962025316406e-03,0.000000000000000000e+00,0.000000000000000000e+00,3.164556962025316406e-03,4.430379746835443056e-02,7.594936708860760000e-01,1.360759493670886111e-01
8.602150537634409289e-02,7.168458781362007162e-03,5.973715651135006258e-03,2.389486260454002243e-03,0.000000000000000000e+00,0.000000000000000000e+00,0.000000000000000000e+00,0.000000000000000000e+00,0.000000000000000000e+00,0.000000000000000000e+00,1.194743130227001121e-03,0.000000000000000000e+00,0.000000000000000000e+00,0.000000000000000000e+00,0.000000000000000000e+00,0.000000000000000000e+00,0.000000000000000000e+00,2.389486260454002243e-03,4.778972520908004486e-03,5.495818399044205549e-02,8.351254480286738335e-01
