9.245283018867924696e-01,1.886792452830188607e-02,3.773584905660377214e-02,0.000000000000000000e+00,0.000000000000000000e+00,0.000000000000000000e+00,0.000000000000000000e+00,1.886792452830188607e-02,0.000000000000000000e+00,0.000000000000000000e+00,0.000000000000000000e+00,0.000000000000000000e+00,0.000000000000000000e+00,0.000000000000000000e+00,0.000000000000000000e+00,0.000000000000000000e+00,0.000000000000000000e+00,0.000000000000000000e+00,0.000000000000000000e+00,0.000000000000000000e+00,0.000000000000000000e+00,0.000000000000000000e+00
3.333333333333333148e-01,6.666666666666666297e-01,0.000000000000000000e+00,0.000000000000000000e+00,0.000000000000000000e+00,0.000000000000000000e+00,0.000000000000000000e+00,0.000000000000000000e+00,0.000000000000000000e+00,0.000000000000000000e+00,0.000000000000000000e+00,0.000000000000000000e+00,0.000000000000000000e+00,0.000000000000000000e+00,0.000000000000000000e+00,0.000000000000000000e+00,0.000000000000000000e+00,0.000000000000000000e+00,0.000000000000000000e+00,0.000000000000000000e+00,0.000000000000000000e+00,0.000000000000000000e+00
7.142857142857142461e-02,1.428571428571428492e-01,2.857142857142856984e-01,1.428571428571428492e-01,7.142857142857142461e-02,7.142857142857142461e-02,7.142857142857142461e-02,7.142857142857142461e-02,0.000000000000000000e+00,0.000000000000000000e+00,7.142857142857142461e-02,0.000000000000000000e+00,0.000000000000000000e+00,0.000000000000000000e+00,0.000000000000000000e+00,0.000000000000000000e+00,0.000000000000000000e+00,0.000000000000000000e+00,0.000000000000000000e+00,0.000000000000000000e+00,0.000000000000000000e+00,0.000000000000000000e+00
5.882352941176470507e-02,0.000000000000000000e+00,1.176470588235294101e-01,5.882352941176470784e-01,0.000000000000000000e+00,0.000000000000000000e+00,0.000000000000000000e+00,0.000000000000000000e+00,5.882352941176470507e-02,0.000000000000000000e+00,5.882352941176470507e-02,0.000000000000000000e+00,0.000000000000000000e+00,0.000000000000000000e+00,0.000000000000000000e+00,0.000000000000000000e+00,0.000000000000000000e+00,1.176470588235294101e-01,0.000000000000000000e+00,0.000000000000000000e+00,0.000000000000000000e+00,0.000000000000000000e+00
3.125000000000000000e-02,0.000000000000000000e+00,0.000000000000000000e+00,0.000000000000000000e+00,5.937500000000000000e-01,1.562500000000000000e-01,1.562500000000000000e-01,6.250000000000000000e-02,0.000000000000000000e+00,0.000000000000000000e+00,0.000000000000000000e+00,0.000000000000000000e+00,0.000000000000000000e+00,0.000000000000000000e+00,0.000000000000000000e+00,0.000000000000000000e+00,0.000000000000000000e+00,0.000000000000000000e+00,0.000000000000000000e+00,0.000000000000000000e+00,0.000000000000000000e+00,0.000000000000000000e+00
0.000000000000000000e+00,0.000000000000000000e+00,0.000000000000000000e+00,0.000000000000000000e+00,3.157894736842105365e-02,7.368421052631578538e-01,1.684210526315789436e-01,1.052631578947368397e-02,4.210526315789473589e-02,1.052631578947368397e-02,0.000000000000000000e+00,0.000000000000000000e+00,0.000000000000000000e+00,0.000000000000000000e+00,0.000000000000000000e+00,0.000000000000000000e+00,0.000000000000000000e+00,0.000000000000000000e+00,0.000000000000000000e+00,0.000000000000000000e+00,0.000000000000000000e+00,0.000000000000000000e+00
8.928571428571428076e-03,0.000000000000000000e+00,8.928571428571428076e-03,1.785714285714285615e-02,1.785714285714285615e-02,8.928571428571428770e-02,6.250000000000000000e-01,1.250000000000000000e-01,3.571428571428571230e-02,2.678571428571428423e-02,1.785714285714285615e-02,8.928571428571428076e-03,0.000000000000000000e+00,0.000000000000000000e+00,0.000000000000000000e+00,0.000000000000000000e+00,0.000000000000000000e+00,0.000000000000000000e+00,8.928571428571428076e-03,0.000000000000000000e+00,0.000000000000000000e+00,8.928571428571428076e-03
0.000000000000000000e+00,0.000000000000000000e+00,0.000000000000000000e+00,7.067137809187279060e-03,3.533568904593639530e-03,1.060070671378091946e-02,3.533568904593639703e-02,7.349823321554770361e-01,1.166077738515901019e-01,4.240282685512367783e-02,2.473498233215547584e-02,1.060070671378091946e-02,7.067137809187279060e-03,3.533568904593639530e-03,0.000000000000000000e+00,0.000000000000000000e+00,0.000000000000000000e+00,0.000000000000000000e+00,0.000000000000000000e+00,0.000000000000000000e+00,0.000000000000000000e+00,3.533568904593639530e-03
0.000000000000000000e+00,0.000000000000000000e+00,0.000000000000000000e+00,2.020202020202020200e-03,0.000000000000000000e+00,6.060606060606060601e-03,8.080808080808080801e-03,6.060606060606060774e-02,7.090909090909091050e-01,1.555555555555555580e-01,3.232323232323232320e-02,4.040404040404040401e-03,6.060606060606060601e-03,4.040404040404040401e-03,0.000000000000000000e+00,0.000000000000000000e+00,0.000000000000000000e+00,0.000000000000000000e+00,0.000000000000000000e+00,4.040404040404040401e-03,0.000000000000000000e+00,8.080808080808080801e-03
0.000000000000000000e+00,1.034126163391933893e-03,0.000000000000000000e+00,0.000000000000000000e+00,1.034126163391933893e-03,1.034126163391933893e-03,5.170630816959669029e-03,1.344364012409514017e-02,6.411582213029989874e-02,7.693898655635987849e-01,1.116856256463288483e-01,1.447776628748707363e-02,5.170630816959669029e-03,3.102378490175801244e-03,2.068252326783867785e-03,2.068252326783867785e-03,0.000000000000000000e+00,0.000000000000000000e+00,2.068252326783867785e-03,0.000000000000000000e+00,0.000000000000000000e+00,4.136504653567735570e-03
0.000000000000000000e+00,0.000000000000000000e+00,9.950248756218904849e-04,0.000000000000000000e+00,0.000000000000000000e+00,0.000000000000000000e+00,1.990049751243780970e-03,4.975124378109452641e-03,1.293532338308457652e-02,8.457711442786070011e-02,7.532338308457711129e-01,1.044776119402985037e-01,2.089552238805970213e-02,4.975124378109452641e-03,9.950248756218904849e-04,0.000000000000000000e+00,0.000000000000000000e+00,9.950248756218904849e-04,9.950248756218904849e-04,9.950248756218904849e-04,0.000000000000000000e+00,6.965174129353234045e-03
0.000000000000000000e+00,0.000000000000000000e+00,0.000000000000000000e+00,1.574803149606299191e-03,0.000000000000000000e+00,0.000000000000000000e+00,0.000000000000000000e+00,1.574803149606299191e-03,9.448818897637795144e-03,3.779527559055118058e-02,1.275590551181102483e-01,6.897637795275590733e-01,8.503937007874015630e-02,2.677165354330708624e-02,4.724409448818897572e-03,4.724409448818897572e-03,3.149606299212598381e-03,0.000000000000000000e+00,0.000000000000000000e+00,1.574803149606299191e-03,3.149606299212598381e-03,3.149606299212598381e-03
0.000000000000000000e+00,0.000000000000000000e+00,0.000000000000000000e+00,0.000000000000000000e+00,0.000000000000000000e+00,0.000000000000000000e+00,0.000000000000000000e+00,6.779661016949152345e-03,6.779661016949152345e-03,3.728813559322034094e-02,7.118644067796610353e-02,1.898305084745762761e-01,5.694915254237288282e-01,6.779661016949152519e-02,1.694915254237288130e-02,3.389830508474576173e-03,6.779661016949152345e-03,0.000000000000000000e+00,1.016949152542372808e-02,0.000000000000000000e+00,0.000000000000000000e+00,1.355932203389830469e-02
0.000000000000000000e+00,0.000000000000000000e+00,0.000000000000000000e+00,0.000000000000000000e+00,0.000000000000000000e+00,7.633587786259541687e-03,0.000000000000000000e+00,1.526717557251908337e-02,1.526717557251908337e-02,3.053435114503816675e-02,4.580152671755725186e-02,1.450381679389312894e-01,1.679389312977099258e-01,4.198473282442747867e-01,6.870229007633588125e-02,1.526717557251908337e-02,7.633587786259541687e-03,1.526717557251908337e-02,7.633587786259541687e-03,7.633587786259541687e-03,7.633587786259541687e-03,2.290076335877862593e-02
0.000000000000000000e+00,0.000000000000000000e+00,0.000000000000000000e+00,0.000000000000000000e+00,0.000000000000000000e+00,0.000000000000000000e+00,1.408450704225352144e-02,0.000000000000000000e+00,0.000000000000000000e+00,2.816901408450704289e-02,5.633802816901408578e-02,7.042253521126760896e-02,9.859154929577464144e-02,1.126760563380281716e-01,3.802816901408450634e-01,4.225352112676056260e-02,1.408450704225352144e-02,4.225352112676056260e-02,4.225352112676056260e-02,1.408450704225352144e-02,0.000000000000000000e+00,8.450704225352112520e-02
0.000000000000000000e+00,0.000000000000000000e+00,0.000000000000000000e+00,0.000000000000000000e+00,0.000000000000000000e+00,0.000000000000000000e+00,0.000000000000000000e+00,0.000000000000000000e+00,3.125000000000000000e-02,3.125000000000000000e-02,6.250000000000000000e-02,9.375000000000000000e-02,9.375000000000000000e-02,1.875000000000000000e-01,1.250000000000000000e-01,1.875000000000000000e-01,0.000000000000000000e+00,3.125000000000000000e-02,3.125000000000000000e-02,0.000000000000000000e+00,0.000000000000000000e+00,1.250000000000000000e-01
0.000000000000000000e+00,0.000000000000000000e+00,0.000000000000000000e+00,5.555555555555555247e-02,0.000000000000000000e+00,0.000000000000000000e+00,0.000000000000000000e+00,0.000000000000000000e+00,0.000000000000000000e+00,0.000000000000000000e+00,0.000000000000000000e+00,5.555555555555555247e-02,1.111111111111111049e-01,5.555555555555555247e-02,2.222222222222222099e-01,1.111111111111111049e-01,2.222222222222222099e-01,5.555555555555555247e-02,0.000000000000000000e+00,0.000000000000000000e+00,0.000000000000000000e+00,1.111111111111111049e-01
0.000000000000000000e+00,0.000000000000000000e+00,0.000000000000000000e+00,0.000000000000000000e+00,0.000000000000000000e+00,5.263157894736841813e-02,0.000000000000000000e+00,0.000000000000000000e+00,5.263157894736841813e-02,0.000000000000000000e+00,5.263157894736841813e-02,0.000000000000000000e+00,1.052631578947368363e-01,5.263157894736841813e-02,5.263157894736841813e-02,5.263157894736841813e-02,1.052631578947368363e-01,1.578947368421052544e-01,5.263157894736841813e-02,5.263157894736841813e-02,0.000000000000000000e+00,2.105263157894736725e-01
0.000000000000000000e+00,0.000000000000000000e+00,0.000000000000000000e+00,0.000000000000000000e+00,0.000000000000000000e+00,0.000000000000000000e+00,6.451612903225806273e-02,0.000000000000000000e+00,6.451612903225806273e-02,6.451612903225806273e-02,6.451612903225806273e-02,0.000000000000000000e+00,3.225806451612903136e-02,9.677419354838709409e-02,6.451612903225806273e-02,6.451612903225806273e-02,0.000000000000000000e+00,3.225806451612903136e-02,2.258064516129032195e-01,3.225806451612903136e-02,3.225806451612903136e-02,1.612903225806451568e-01
0.000000000000000000e+00,0.000000000000000000e+00,0.000000000000000000e+00,0.000000000000000000e+00,0.000000000000000000e+00,0.000000000000000000e+00,0.000000000000000000e+00,4.545454545454545581e-02,0.000000000000000000e+00,4.545454545454545581e-02,0.000000000000000000e+00,0.000000000000000000e+00,4.545454545454545581e-02,0.000000000000000000e+00,9.090909090909091161e-02,0.000000000000000000e+00,4.545454545454545581e-02,4.545454545454545581e-02,2.272727272727272652e-01,2.272727272727272652e-01,9.090909090909091161e-02,1.363636363636363535e-01
0.000000000000000000e+00,0.000000000000000000e+00,0.000000000000000000e+00,0.000000000000000000e+00,0.000000000000000000e+00,0.000000000000000000e+00,0.000000000000000000e+00,0.000000000000000000e+00,0.000000000000000000e+00,0.000000000000000000e+00,0.000000000000000000e+00,1.818181818181818232e-01,0.000000000000000000e+00,9.090909090909091161e-02,0.000000000000000000e+00,0.000000000000000000e+00,0.000000000000000000e+00,0.000000000000000000e+00,0.000000000000000000e+00,1.818181818181818232e-01,2.727272727272727071e-01,2.727272727272727071e-01
0.000000000000000000e+00,0.000000000000000000e+00,0.000000000000000000e+00,0.000000000000000000e+00,0.000000000000000000e+00,0.000000000000000000e+00,7.092198581560283516e-03,0.000000000000000000e+00,7.092198581560283516e-03,2.836879432624113406e-02,4.964539007092198808e-02,1.418439716312056703e-02,3.546099290780142105e-02,4.255319148936170109e-02,1.418439716312056703e-02,3.546099290780142105e-02,2.836879432624113406e-02,1.418439716312056703e-02,4.255319148936170109e-02,6.382978723404254817e-02,2.836879432624113406e-02,5.886524822695035075e-01
