6.579520697167755561e-01,1.677559912854030555e-01,2.287581699346405081e-02,1.198257080610021751e-02,3.267973856209150426e-03,0.000000000000000000e+00,1.089324618736383548e-03,0.000000000000000000e+00,0.000000000000000000e+00,0.000000000000000000e+00,0.000000000000000000e+00,4.357298474945534190e-03,0.000000000000000000e+00,1.089324618736383548e-03,2.178649237472767095e-03,1.089324618736383548e-03,2.178649237472767095e-03,7.625272331154684183e-03,1.742919389978213676e-02,3.159041394335512093e-02,6.753812636165577865e-02
1.092783505154639179e-01,6.546391752577319645e-01,1.144329896907216454e-01,1.958762886597938124e-02,7.216494845360825125e-03,4.123711340206185662e-03,0.000000000000000000e+00,0.000000000000000000e+00,0.000000000000000000e+00,0.000000000000000000e+00,0.000000000000000000e+00,0.000000000000000000e+00,0.000000000000000000e+00,0.000000000000000000e+00,2.061855670103092831e-03,2.061855670103092831e-03,5.154639175257731860e-03,8.247422680412371324e-03,8.247422680412371324e-03,1.752577319587628885e-02,4.742268041237113207e-02
3.278688524590164105e-02,1.344262295081967151e-01,6.393442622950820109e-01,9.672131147540984075e-02,8.196721311475410263e-03,4.918032786885246331e-03,1.639344262295081966e-03,1.639344262295081966e-03,0.000000000000000000e+00,0.000000000000000000e+00,1.639344262295081966e-03,0.000000000000000000e+00,0.000000000000000000e+00,0.000000000000000000e+00,1.639344262295081966e-03,6.557377049180327863e-03,3.278688524590163932e-03,0.000000000000000000e+00,1.967213114754098532e-02,1.639344262295082053e-02,3.114754098360655865e-02
4.642857142857143016e-02,7.857142857142856984e-02,1.178571428571428548e-01,5.142857142857142350e-01,7.142857142857142461e-02,1.428571428571428527e-02,1.071428571428571438e-02,3.571428571428571317e-03,0.000000000000000000e+00,3.571428571428571317e-03,3.571428571428571317e-03,3.571428571428571317e-03,3.571428571428571317e-03,3.571428571428571317e-03,3.571428571428571317e-03,3.571428571428571317e-03,2.142857142857142877e-02,3.571428571428571317e-03,3.571428571428571317e-03,2.500000000000000139e-02,6.428571428571427937e-02
5.050505050505050414e-02,3.030303030303030387e-02,6.060606060606060774e-02,1.414141414141414088e-01,4.343434343434343647e-01,1.818181818181818232e-01,3.030303030303030387e-02,0.000000000000000000e+00,0.000000000000000000e+00,1.010101010101010187e-02,1.010101010101010187e-02,0.000000000000000000e+00,0.000000000000000000e+00,0.000000000000000000e+00,0.000000000000000000e+00,0.000000000000000000e+00,0.000000000000000000e+00,1.010101010101010187e-02,0.000000000000000000e+00,1.010101010101010187e-02,3.030303030303030387e-02
1.538461538461538547e-02,6.153846153846154188e-02,9.230769230769231282e-02,1.076923076923076983e-01,2.307692307692307820e-01,3.230769230769230949e-01,4.615384615384615641e-02,1.538461538461538547e-02,0.000000000000000000e+00,0.000000000000000000e+00,6.153846153846154188e-02,0.000000000000000000e+00,0.000000000000000000e+00,0.000000000000000000e+00,0.000000000000000000e+00,0.000000000000000000e+00,0.000000000000000000e+00,0.000000000000000000e+00,1.538461538461538547e-02,1.538461538461538547e-02,1.538461538461538547e-02
2.500000000000000139e-02,2.500000000000000139e-02,7.499999999999999722e-02,5.000000000000000278e-02,2.500000000000000139e-02,1.499999999999999944e-01,3.499999999999999778e-01,5.000000000000000278e-02,7.499999999999999722e-02,5.000000000000000278e-02,5.000000000000000278e-02,0.000000000000000000e+00,0.000000000000000000e+00,0.000000000000000000e+00,0.000000000000000000e+00,0.000000000000000000e+00,0.000000000000000000e+00,2.500000000000000139e-02,2.500000000000000139e-02,2.500000000000000139e-02,0.000000000000000000e+00
0.000000000000000000e+00,0.000000000000000000e+00,0.000000000000000000e+00,7.142857142857142461e-02,0.000000000000000000e+00,7.142857142857142461e-02,1.428571428571428492e-01,3.571428571428571508e-01,2.857142857142856984e-01,7.142857142857142461e-02,0.000000000000000000e+00,0.000000000000000000e+00,0.000000000000000000e+00,0.000000000000000000e+00,0.000000000000000000e+00,0.000000000000000000e+00,0.000000000000000000e+00,0.000000000000000000e+00,0.000000000000000000e+00,0.000000000000000000e+00,0.000000000000000000e+00
0.000000000000000000e+00,5.882352941176470507e-02,0.000000000000000000e+00,1.176470588235294101e-01,0.000000000000000000e+00,5.882352941176470507e-02,1.764705882352941291e-01,0.000000000000000000e+00,4.117647058823529216e-01,0.000000000000000000e+00,1.764705882352941291e-01,0.000000000000000000e+00,0.000000000000000000e+00,0.000000000000000000e+00,0.000000000000000000e+00,0.000000000000000000e+00,0.000000000000000000e+00,0.000000000000000000e+00,0.000000000000000000e+00,0.000000000000000000e+00,0.000000000000000000e+00
0.000000000000000000e+00,1.111111111111111049e-01,0.000000000000000000e+00,1.111111111111111049e-01,0.000000000000000000e+00,0.000000000000000000e+00,3.333333333333333148e-01,0.000000000000000000e+00,0.000000000000000000e+00,3.333333333333333148e-01,1.111111111111111049e-01,0.000000000000000000e+00,0.000000000000000000e+00,0.000000000000000000e+00,0.000000000000000000e+00,0.000000000000000000e+00,0.000000000000000000e+00,0.000000000000000000e+00,0.000000000000000000e+00,0.000000000000000000e+00,0.000000000000000000e+00
5.882352941176470507e-02,0.000000000000000000e+00,3.921568627450980338e-02,3.921568627450980338e-02,1.960784313725490169e-02,3.921568627450980338e-02,7.843137254901960675e-02,1.960784313725490169e-02,1.960784313725490169e-02,1.960784313725490169e-02,6.274509803921568540e-01,0.000000000000000000e+00,0.000000000000000000e+00,0.000000000000000000e+00,0.000000000000000000e+00,0.000000000000000000e+00,0.000000000000000000e+00,0.000000000000000000e+00,0.000000000000000000e+00,1.960784313725490169e-02,1.960784313725490169e-02
0.000000000000000000e+00,0.000000000000000000e+00,0.000000000000000000e+00,0.000000000000000000e+00,0.000000000000000000e+00,0.000000000000000000e+00,0.000000000000000000e+00,0.000000000000000000e+00,0.000000000000000000e+00,0.000000000000000000e+00,0.000000000000000000e+00,5.600000000000000533e-01,1.600000000000000033e-01,4.000000000000000083e-02,4.000000000000000083e-02,8.000000000000000167e-02,4.000000000000000083e-02,0.000000000000000000e+00,4.000000000000000083e-02,4.000000000000000083e-02,0.000000000000000000e+00
0.000000000000000000e+00,0.000000000000000000e+00,0.000000000000000000e+00,0.000000000000000000e+00,0.000000000000000000e+00,0.000000000000000000e+00,0.000000000000000000e+00,0.000000000000000000e+00,0.000000000000000000e+00,0.000000000000000000e+00,0.000000000000000000e+00,2.999999999999999889e-01,2.000000000000000111e-01,2.000000000000000111e-01,2.000000000000000111e-01,0.000000000000000000e+00,0.000000000000000000e+00,0.000000000000000000e+00,0.000000000000000000e+00,1.000000000000000056e-01,0.000000000000000000e+00
0.000000000000000000e+00,0.000000000000000000e+00,0.000000000000000000e+00,0.000000000000000000e+00,0.000000000000000000e+00,0.000000000000000000e+00,0.000000000000000000e+00,0.000000000000000000e+00,0.000000000000000000e+00,0.000000000000000000e+00,0.000000000000000000e+00,1.111111111111111049e-01,1.111111111111111049e-01,4.444444444444444198e-01,1.111111111111111049e-01,5.555555555555555247e-02,0.000000000000000000e+00,5.555555555555555247e-02,0.000000000000000000e+00,5.555555555555555247e-02,5.555555555555555247e-02
0.000000000000000000e+00,5.000000000000000278e-02,0.000000000000000000e+00,0.000000000000000000e+00,0.000000000000000000e+00,0.000000000000000000e+00,0.000000000000000000e+00,0.000000000000000000e+00,0.000000000000000000e+00,0.000000000000000000e+00,0.000000000000000000e+00,0.000000000000000000e+00,5.000000000000000278e-02,1.000000000000000056e-01,5.000000000000000000e-01,1.499999999999999944e-01,5.000000000000000278e-02,0.000000000000000000e+00,5.000000000000000278e-02,5.000000000000000278e-02,0.000000000000000000e+00
7.692307692307692735e-02,0.000000000000000000e+00,0.000000000000000000e+00,0.000000000000000000e+00,0.000000000000000000e+00,0.000000000000000000e+00,0.000000000000000000e+00,0.000000000000000000e+00,0.000000000000000000e+00,0.000000000000000000e+00,0.000000000000000000e+00,0.000000000000000000e+00,7.692307692307692735e-02,0.000000000000000000e+00,1.538461538461538547e-01,7.692307692307692735e-02,1.538461538461538547e-01,7.692307692307692735e-02,7.692307692307692735e-02,1.538461538461538547e-01,1.538461538461538547e-01
8.108108108108108558e-02,0.000000000000000000e+00,2.702702702702702853e-02,0.000000000000000000e+00,0.000000000000000000e+00,0.000000000000000000e+00,0.000000000000000000e+00,0.000000000000000000e+00,0.000000000000000000e+00,0.000000000000000000e+00,0.000000000000000000e+00,2.702702702702702853e-02,0.000000000000000000e+00,2.702702702702702853e-02,2.702702702702702853e-02,0.000000000000000000e+00,4.594594594594594850e-01,1.621621621621621712e-01,8.108108108108108558e-02,5.405405405405405705e-02,5.405405405405405705e-02
6.250000000000000000e-02,2.083333333333333218e-02,6.250000000000000000e-02,0.000000000000000000e+00,2.083333333333333218e-02,0.000000000000000000e+00,0.000000000000000000e+00,0.000000000000000000e+00,0.000000000000000000e+00,0.000000000000000000e+00,0.000000000000000000e+00,2.083333333333333218e-02,0.000000000000000000e+00,2.083333333333333218e-02,2.083333333333333218e-02,2.083333333333333218e-02,2.083333333333333218e-02,2.500000000000000000e-01,2.083333333333333426e-01,1.666666666666666574e-01,1.041666666666666713e-01
6.034482758620689918e-02,3.017241379310344959e-02,1.724137931034482735e-02,0.000000000000000000e+00,8.620689655172413673e-03,4.310344827586206837e-03,4.310344827586206837e-03,0.000000000000000000e+00,0.000000000000000000e+00,0.000000000000000000e+00,4.310344827586206837e-03,4.310344827586206837e-03,0.000000000000000000e+00,0.000000000000000000e+00,0.000000000000000000e+00,0.000000000000000000e+00,0.000000000000000000e+00,8.620689655172413673e-03,6.336206896551723755e-01,1.422413793103448343e-01,8.189655172413792816e-02
8.211143695014662403e-02,6.158357771260997149e-02,2.052785923753665601e-02,5.865102639296187678e-03,5.865102639296187678e-03,0.000000000000000000e+00,2.932551319648093839e-03,0.000000000000000000e+00,0.000000000000000000e+00,0.000000000000000000e+00,2.932551319648093839e-03,0.000000000000000000e+00,2.932551319648093839e-03,2.932551319648093839e-03,2.932551319648093839e-03,2.932551319648093839e-03,8.797653958944282385e-03,1.759530791788856477e-02,5.278592375366569084e-02,5.366568914956011405e-01,1.906158357771260969e-01
1.549925484351713789e-01,5.812220566318927056e-02,2.682563338301043390e-02,1.341281669150521695e-02,1.490312965722801787e-03,4.470938897168405361e-03,0.000000000000000000e+00,0.000000000000000000e+00,0.000000000000000000e+00,0.000000000000000000e+00,0.000000000000000000e+00,1.490312965722801787e-03,0.000000000000000000e+00,0.000000000000000000e+00,0.000000000000000000e+00,5.961251862891207148e-03,5.961251862891207148e-03,7.451564828614008935e-03,2.682563338301043390e-02,5.812220566318927056e-02,6.348733233979135804e-01
