0.000000000000000000e+00,0.000000000000000000e+00,0.000000000000000000e+00,5.000000000000000000e-01,0.000000000000000000e+00,0.000000000000000000e+00,0.000000000000000000e+00,0.000000000000000000e+00,0.000000000000000000e+00,0.000000000000000000e+00,0.000000000000000000e+00,0.000000000000000000e+00,0.000000000000000000e+00,5.000000000000000000e-01,0.000000000000000000e+00,0.000000000000000000e+00,0.000000000000000000e+00,0.000000000000000000e+00,0.000000000000000000e+00,0.000000000000000000e+00,0.000000000000000000e+00,0.000000000000000000e+00
1.000000000000000000e+00,0.000000000000000000e+00,0.000000000000000000e+00,0.000000000000000000e+00,0.000000000000000000e+00,0.000000000000000000e+00,0.000000000000000000e+00,0.000000000000000000e+00,0.000000000000000000e+00,0.000000000000000000e+00,0.000000000000000000e+00,0.000000000000000000e+00,0.000000000000000000e+00,0.000000000000000000e+00,0.000000000000000000e+00,0.000000000000000000e+00,0.000000000000000000e+00,0.000000000000000000e+00,0.000000000000000000e+00,0.000000000000000000e+00,0.000000000000000000e+00,0.000000000000000000e+00
0.000000000000000000e+00,0.000000000000000000e+00,0.000000000000000000e+00,1.000000000000000000e+00,0.000000000000000000e+00,0.000000000000000000e+00,0.000000000000000000e+00,0.000000000000000000e+00,0.000000000000000000e+00,0.000000000000000000e+00,0.000000000000000000e+00,0.000000000000000000e+00,0.000000000000000000e+00,0.000000000000000000e+00,0.000000000000000000e+00,0.000000000000000000e+00,0.000000000000000000e+00,0.000000000000000000e+00,0.000000000000000000e+00,0.000000000000000000e+00,0.000000000000000000e+00,0.000000000000000000e+00
0.000000000000000000e+00,0.000000000000000000e+00,0.000000000000000000e+00,1.000000000000000000e+00,0.000000000000000000e+00,0.000000000000000000e+00,0.000000000000000000e+00,0.000000000000000000e+00,0.000000000000000000e+00,0.000000000000000000e+00,0.000000000000000000e+00,0.000000000000000000e+00,0.000000000000000000e+00,0.000000000000000000e+00,0.000000000000000000e+00,0.000000000000000000e+00,0.000000000000000000e+00,0.000000000000000000e+00,0.000000000000000000e+00,0.000000000000000000e+00,0.000000000000000000e+00,0.000000000000000000e+00
0.000000000000000000e+00,1.000000000000000056e-01,0.000000000000000000e+00,0.000000000000000000e+00,5.000000000000000000e-01,2.999999999999999889e-01,1.000000000000000056e-01,0.000000000000000000e+00,0.000000000000000000e+00,0.000000000000000000e+00,0.000000000000000000e+00,0.000000000000000000e+00,0.000000000000000000e+00,0.000000000000000000e+00,0.000000000000000000e+00,0.000000000000000000e+00,0.000000000000000000e+00,0.000000000000000000e+00,0.000000000000000000e+00,0.000000000000000000e+00,0.000000000000000000e+00,0.000000000000000000e+00
0.000000000000000000e+00,0.000000000000000000e+00,0.000000000000000000e+00,0.000000000000000000e+00,1.250000000000000000e-01,6.250000000000000000e-01,1.250000000000000000e-01,4.166666666666666435e-02,0.000000000000000000e+00,0.000000000000000000e+00,0.000000000000000000e+00,0.000000000000000000e+00,0.000000000000000000e+00,0.000000000000000000e+00,4.166666666666666435e-02,4.166666666666666435e-02,0.000000000000000000e+00,0.000000000000000000e+00,0.000000000000000000e+00,0.000000000000000000e+00,0.000000000000000000e+00,0.000000000000000000e+00
0.000000000000000000e+00,0.000000000000000000e+00,1.428571428571428527e-02,0.000000000000000000e+00,2.857142857142857054e-02,8.571428571428571508e-02,7.428571428571428825e-01,1.000000000000000056e-01,2.857142857142857054e-02,0.000000000000000000e+00,0.000000000000000000e+00,0.000000000000000000e+00,0.000000000000000000e+00,0.000000000000000000e+00,0.000000000000000000e+00,0.000000000000000000e+00,0.000000000000000000e+00,0.000000000000000000e+00,0.000000000000000000e+00,0.000000000000000000e+00,0.000000000000000000e+00,0.000000000000000000e+00
0.000000000000000000e+00,0.000000000000000000e+00,0.000000000000000000e+00,0.000000000000000000e+00,0.000000000000000000e+00,2.298850574712643646e-02,8.045977011494252762e-02,6.321839080459770166e-01,1.494252873563218509e-01,6.896551724137930939e-02,1.149425287356321823e-02,0.000000000000000000e+00,1.149425287356321823e-02,0.000000000000000000e+00,1.149425287356321823e-02,0.000000000000000000e+00,0.000000000000000000e+00,0.000000000000000000e+00,0.000000000000000000e+00,0.000000000000000000e+00,0.000000000000000000e+00,1.149425287356321823e-02
0.000000000000000000e+00,0.000000000000000000e+00,0.000000000000000000e+00,0.000000000000000000e+00,3.831417624521072599e-03,0.000000000000000000e+00,1.532567049808429040e-02,6.896551724137930939e-02,7.662835249042145858e-01,6.896551724137930939e-02,2.298850574712643646e-02,1.915708812260536256e-02,1.915708812260536256e-02,3.831417624521072599e-03,0.000000000000000000e+00,0.000000000000000000e+00,0.000000000000000000e+00,3.831417624521072599e-03,0.000000000000000000e+00,3.831417624521072599e-03,0.000000000000000000e+00,3.831417624521072599e-03
0.000000000000000000e+00,0.000000000000000000e+00,0.000000000000000000e+00,0.000000000000000000e+00,0.000000000000000000e+00,0.000000000000000000e+00,4.716981132075471518e-03,1.415094339622641542e-02,1.367924528301886766e-01,7.122641509433962348e-01,7.547169811320754429e-02,2.830188679245283084e-02,9.433962264150943036e-03,9.433962264150943036e-03,0.000000000000000000e+00,0.000000000000000000e+00,0.000000000000000000e+00,0.000000000000000000e+00,4.716981132075471518e-03,0.000000000000000000e+00,0.000000000000000000e+00,4.716981132075471518e-03
1.754385964912280604e-02,0.000000000000000000e+00,0.000000000000000000e+00,0.000000000000000000e+00,0.000000000000000000e+00,0.000000000000000000e+00,1.754385964912280604e-02,8.771929824561403022e-03,6.140350877192982115e-02,1.403508771929824483e-01,5.789473684210526550e-01,7.894736842105262720e-02,3.508771929824561209e-02,2.631578947368420907e-02,0.000000000000000000e+00,1.754385964912280604e-02,0.000000000000000000e+00,0.000000000000000000e+00,0.000000000000000000e+00,0.000000000000000000e+00,0.000000000000000000e+00,1.754385964912280604e-02
0.000000000000000000e+00,0.000000000000000000e+00,0.000000000000000000e+00,0.000000000000000000e+00,0.000000000000000000e+00,0.000000000000000000e+00,0.000000000000000000e+00,3.174603174603174427e-02,7.936507936507936067e-02,1.746031746031745935e-01,1.746031746031745935e-01,3.333333333333333148e-01,1.428571428571428492e-01,1.587301587301587213e-02,1.587301587301587213e-02,0.000000000000000000e+00,1.587301587301587213e-02,0.000000000000000000e+00,1.587301587301587213e-02,0.000000000000000000e+00,0.000000000000000000e+00,0.000000000000000000e+00
0.000000000000000000e+00,0.000000000000000000e+00,0.000000000000000000e+00,0.000000000000000000e+00,0.000000000000000000e+00,0.000000000000000000e+00,2.597402597402597574e-02,1.298701298701298787e-02,3.896103896103896014e-02,2.597402597402597574e-02,6.493506493506492894e-02,1.558441558441558406e-01,5.064935064935064402e-01,7.792207792207792028e-02,0.000000000000000000e+00,0.000000000000000000e+00,3.896103896103896014e-02,0.000000000000000000e+00,1.298701298701298787e-02,0.000000000000000000e+00,1.298701298701298787e-02,2.597402597402597574e-02
0.000000000000000000e+00,0.000000000000000000e+00,0.000000000000000000e+00,0.000000000000000000e+00,0.000000000000000000e+00,0.000000000000000000e+00,0.000000000000000000e+00,2.857142857142857054e-02,0.000000000000000000e+00,1.142857142857142821e-01,5.714285714285714107e-02,5.714285714285714107e-02,1.714285714285714302e-01,2.285714285714285643e-01,1.142857142857142821e-01,5.714285714285714107e-02,2.857142857142857054e-02,0.000000000000000000e+00,2.857142857142857054e-02,2.857142857142857054e-02,0.000000000000000000e+00,8.571428571428571508e-02
0.000000000000000000e+00,0.000000000000000000e+00,0.000000000000000000e+00,0.000000000000000000e+00,0.000000000000000000e+00,0.000000000000000000e+00,0.000000000000000000e+00,0.000000000000000000e+00,0.000000000000000000e+00,5.000000000000000278e-02,0.000000000000000000e+00,5.000000000000000278e-02,1.000000000000000056e-01,1.000000000000000056e-01,2.500000000000000000e-01,1.000000000000000056e-01,0.000000000000000000e+00,1.000000000000000056e-01,5.000000000000000278e-02,5.000000000000000278e-02,5.000000000000000278e-02,1.000000000000000056e-01
3.448275862068965469e-02,0.000000000000000000e+00,0.000000000000000000e+00,0.000000000000000000e+00,0.000000000000000000e+00,0.000000000000000000e+00,0.000000000000000000e+00,0.000000000000000000e+00,3.448275862068965469e-02,3.448275862068965469e-02,0.000000000000000000e+00,0.000000000000000000e+00,0.000000000000000000e+00,1.724137931034482873e-01,1.034482758620689641e-01,5.172413793103448620e-01,1.034482758620689641e-01,0.000000000000000000e+00,0.000000000000000000e+00,0.000000000000000000e+00,0.000000000000000000e+00,0.000000000000000000e+00
0.000000000000000000e+00,0.000000000000000000e+00,0.000000000000000000e+00,0.000000000000000000e+00,0.000000000000000000e+00,0.000000000000000000e+00,0.000000000000000000e+00,0.000000000000000000e+00,6.250000000000000000e-02,6.250000000000000000e-02,0.000000000000000000e+00,6.250000000000000000e-02,1.250000000000000000e-01,1.875000000000000000e-01,0.000000000000000000e+00,1.250000000000000000e-01,1.875000000000000000e-01,0.000000000000000000e+00,0.000000000000000000e+00,0.000000000000000000e+00,0.000000000000000000e+00,1.875000000000000000e-01
0.000000000000000000e+00,0.000000000000000000e+00,0.000000000000000000e+00,0.000000000000000000e+00,0.000000000000000000e+00,0.000000000000000000e+00,0.000000000000000000e+00,0.000000000000000000e+00,0.000000000000000000e+00,0.000000000000000000e+00,0.000000000000000000e+00,1.818181818181818232e-01,0.000000000000000000e+00,0.000000000000000000e+00,0.000000000000000000e+00,0.000000000000000000e+00,1.818181818181818232e-01,4.545454545454545303e-01,0.000000000000000000e+00,9.090909090909091161e-02,9.090909090909091161e-02,0.000000000000000000e+00
0.000000000000000000e+00,0.000000000000000000e+00,0.000000000000000000e+00,0.000000000000000000e+00,0.000000000000000000e+00,0.000000000000000000e+00,7.692307692307692735e-02,0.000000000000000000e+00,0.000000000000000000e+00,7.692307692307692735e-02,7.692307692307692735e-02,0.000000000000000000e+00,0.000000000000000000e+00,0.000000000000000000e+00,7.692307692307692735e-02,0.000000000000000000e+00,0.000000000000000000e+00,1.538461538461538547e-01,3.076923076923077094e-01,7.692307692307692735e-02,7.692307692307692735e-02,7.692307692307692735e-02
0.000000000000000000e+00,0.000000000000000000e+00,0.000000000000000000e+00,0.000000000000000000e+00,0.000000000000000000e+00,0.000000000000000000e+00,0.000000000000000000e+00,0.000000000000000000e+00,0.000000000000000000e+00,4.000000000000000083e-02,0.000000000000000000e+00,0.000000000000000000e+00,8.000000000000000167e-02,0.000000000000000000e+00,4.000000000000000083e-02,4.000000000000000083e-02,0.000000000000000000e+00,0.000000000000000000e+00,8.000000000000000167e-02,5.999999999999999778e-01,0.000000000000000000e+00,1.199999999999999956e-01
0.000000000000000000e+00,0.000000000000000000e+00,0.000000000000000000e+00,0.000000000000000000e+00,0.000000000000000000e+00,0.000000000000000000e+00,0.000000000000000000e+00,0.000000000000000000e+00,0.000000000000000000e+00,0.000000000000000000e+00,0.000000000000000000e+00,9.090909090909091161e-02,0.000000000000000000e+00,9.090909090909091161e-02,0.000000000000000000e+00,0.000000000000000000e+00,9.090909090909091161e-02,0.000000000000000000e+00,9.090909090909091161e-02,1.818181818181818232e-01,2.727272727272727071e-01,1.818181818181818232e-01
0.000000000000000000e+00,0.000000000000000000e+00,0.000000000000000000e+00,1.639344262295082053e-02,0.000000000000000000e+00,0.000000000000000000e+00,0.000000000000000000e+00,1.639344262295082053e-02,1.639344262295082053e-02,1.639344262295082053e-02,1.639344262295082053e-02,1.639344262295082053e-02,9.836065573770491621e-02,3.278688524590164105e-02,4.918032786885245811e-02,3.278688524590164105e-02,1.639344262295082053e-02,0.000000000000000000e+00,0.000000000000000000e+00,3.278688524590164105e-02,6.557377049180328210e-02,5.737704918032786594e-01
