5.588235294117647189e-01,1.911764705882352811e-01,4.411764705882353227e-02,0.000000000000000000e+00,1.470588235294117627e-02,1.470588235294117627e-02,1.470588235294117627e-02,0.000000000000000000e+00,0.000000000000000000e+00,0.000000000000000000e+00,2.941176470588235253e-02,0.000000000000000000e+00,0.000000000000000000e+00,0.000000000000000000e+00,0.000000000000000000e+00,0.000000000000000000e+00,0.000000000000000000e+00,1.470588235294117627e-02,1.470588235294117627e-02,0.000000000000000000e+00,1.029411764705882304e-01
1.228070175438596423e-01,5.087719298245614308e-01,3.508771929824561209e-02,7.017543859649122417e-02,0.000000000000000000e+00,1.754385964912280604e-02,0.000000000000000000e+00,1.754385964912280604e-02,0.000000000000000000e+00,0.000000000000000000e+00,5.263157894736841813e-02,0.000000000000000000e+00,0.000000000000000000e+00,0.000000000000000000e+00,0.000000000000000000e+00,3.508771929824561209e-02,0.000000000000000000e+00,0.000000000000000000e+00,5.263157894736841813e-02,5.263157894736841813e-02,3.508771929824561209e-02
2.631578947368420907e-02,5.263157894736841813e-02,5.526315789473684736e-01,1.052631578947368363e-01,2.631578947368420907e-02,0.000000000000000000e+00,2.631578947368420907e-02,0.000000000000000000e+00,0.000000000000000000e+00,2.631578947368420907e-02,5.263157894736841813e-02,2.631578947368420907e-02,0.000000000000000000e+00,0.000000000000000000e+00,0.000000000000000000e+00,0.000000000000000000e+00,2.631578947368420907e-02,0.000000000000000000e+00,2.631578947368420907e-02,2.631578947368420907e-02,2.631578947368420907e-02
4.878048780487805047e-02,4.878048780487805047e-02,2.439024390243902524e-02,5.853658536585365502e-01,4.878048780487805047e-02,2.439024390243902524e-02,0.000000000000000000e+00,0.000000000000000000e+00,0.000000000000000000e+00,0.000000000000000000e+00,9.756097560975610095e-02,2.439024390243902524e-02,0.000000000000000000e+00,0.000000000000000000e+00,0.000000000000000000e+00,0.000000000000000000e+00,0.000000000000000000e+00,0.000000000000000000e+00,4.878048780487805047e-02,0.000000000000000000e+00,4.878048780487805047e-02
0.000000000000000000e+00,0.000000000000000000e+00,1.333333333333333315e-01,6.666666666666666574e-02,2.000000000000000111e-01,2.666666666666666630e-01,0.000000000000000000e+00,0.000000000000000000e+00,0.000000000000000000e+00,6.666666666666666574e-02,2.000000000000000111e-01,0.000000000000000000e+00,0.000000000000000000e+00,0.000000000000000000e+00,0.000000000000000000e+00,0.000000000000000000e+00,0.000000000000000000e+00,0.000000000000000000e+00,0.000000000000000000e+00,6.666666666666666574e-02,0.000000000000000000e+00
0.000000000000000000e+00,0.000000000000000000e+00,7.142857142857142461e-02,7.142857142857142461e-02,1.071428571428571369e-01,4.642857142857143016e-01,0.000000000000000000e+00,0.000000000000000000e+00,3.571428571428571230e-02,3.571428571428571230e-02,1.785714285714285754e-01,0.000000000000000000e+00,0.000000000000000000e+00,0.000000000000000000e+00,0.000000000000000000e+00,0.000000000000000000e+00,0.000000000000000000e+00,0.000000000000000000e+00,0.000000000000000000e+00,0.000000000000000000e+00,3.571428571428571230e-02
0.000000000000000000e+00,8.333333333333332871e-02,0.000000000000000000e+00,8.333333333333332871e-02,8.333333333333332871e-02,2.500000000000000000e-01,3.333333333333333148e-01,0.000000000000000000e+00,8.333333333333332871e-02,0.000000000000000000e+00,8.333333333333332871e-02,0.000000000000000000e+00,0.000000000000000000e+00,0.000000000000000000e+00,0.000000000000000000e+00,0.000000000000000000e+00,0.000000000000000000e+00,0.000000000000000000e+00,0.000000000000000000e+00,0.000000000000000000e+00,0.000000000000000000e+00
0.000000000000000000e+00,0.000000000000000000e+00,0.000000000000000000e+00,0.000000000000000000e+00,0.000000000000000000e+00,0.000000000000000000e+00,0.000000000000000000e+00,2.500000000000000000e-01,0.000000000000000000e+00,5.000000000000000000e-01,2.500000000000000000e-01,0.000000000000000000e+00,0.000000000000000000e+00,0.000000000000000000e+00,0.000000000000000000e+00,0.000000000000000000e+00,0.000000000000000000e+00,0.000000000000000000e+00,0.000000000000000000e+00,0.000000000000000000e+00,0.000000000000000000e+00
0.000000000000000000e+00,0.000000000000000000e+00,0.000000000000000000e+00,0.000000000000000000e+00,0.000000000000000000e+00,0.000000000000000000e+00,1.000000000000000056e-01,0.000000000000000000e+00,6.999999999999999556e-01,0.000000000000000000e+00,2.000000000000000111e-01,0.000000000000000000e+00,0.000000000000000000e+00,0.000000000000000000e+00,0.000000000000000000e+00,0.000000000000000000e+00,0.000000000000000000e+00,0.000000000000000000e+00,0.000000000000000000e+00,0.000000000000000000e+00,0.000000000000000000e+00
0.000000000000000000e+00,0.000000000000000000e+00,0.000000000000000000e+00,0.000000000000000000e+00,7.692307692307692735e-02,7.692307692307692735e-02,0.000000000000000000e+00,7.692307692307692735e-02,7.692307692307692735e-02,3.846153846153846367e-01,7.692307692307692735e-02,0.000000000000000000e+00,0.000000000000000000e+00,0.000000000000000000e+00,0.000000000000000000e+00,0.000000000000000000e+00,0.000000000000000000e+00,0.000000000000000000e+00,7.692307692307692735e-02,0.000000000000000000e+00,1.538461538461538547e-01
2.702702702702702853e-02,1.801801801801801786e-02,2.702702702702702853e-02,2.702702702702702853e-02,1.801801801801801786e-02,0.000000000000000000e+00,1.801801801801801786e-02,0.000000000000000000e+00,1.801801801801801786e-02,2.702702702702702853e-02,7.567567567567567988e-01,9.009009009009008931e-03,0.000000000000000000e+00,0.000000000000000000e+00,9.009009009009008931e-03,0.000000000000000000e+00,9.009009009009008931e-03,0.000000000000000000e+00,0.000000000000000000e+00,2.702702702702702853e-02,9.009009009009008931e-03
0.000000000000000000e+00,0.000000000000000000e+00,0.000000000000000000e+00,0.000000000000000000e+00,0.000000000000000000e+00,0.000000000000000000e+00,0.000000000000000000e+00,0.000000000000000000e+00,0.000000000000000000e+00,0.000000000000000000e+00,4.000000000000000083e-02,8.399999999999999689e-01,0.000000000000000000e+00,1.199999999999999956e-01,0.000000000000000000e+00,0.000000000000000000e+00,0.000000000000000000e+00,0.000000000000000000e+00,0.000000000000000000e+00,0.000000000000000000e+00,0.000000000000000000e+00
0.000000000000000000e+00,0.000000000000000000e+00,0.000000000000000000e+00,0.000000000000000000e+00,0.000000000000000000e+00,0.000000000000000000e+00,0.000000000000000000e+00,0.000000000000000000e+00,0.000000000000000000e+00,0.000000000000000000e+00,1.250000000000000000e-01,0.000000000000000000e+00,6.875000000000000000e-01,1.250000000000000000e-01,6.250000000000000000e-02,0.000000000000000000e+00,0.000000000000000000e+00,0.000000000000000000e+00,0.000000000000000000e+00,0.000000000000000000e+00,0.000000000000000000e+00
0.000000000000000000e+00,0.000000000000000000e+00,0.000000000000000000e+00,0.000000000000000000e+00,0.000000000000000000e+00,0.000000000000000000e+00,3.846153846153846367e-02,0.000000000000000000e+00,0.000000000000000000e+00,0.000000000000000000e+00,0.000000000000000000e+00,3.846153846153846367e-02,1.923076923076923184e-01,4.615384615384615641e-01,2.307692307692307820e-01,3.846153846153846367e-02,0.000000000000000000e+00,0.000000000000000000e+00,0.000000000000000000e+00,0.000000000000000000e+00,0.000000000000000000e+00
2.040816326530612082e-02,0.000000000000000000e+00,0.000000000000000000e+00,0.000000000000000000e+00,0.000000000000000000e+00,0.000000000000000000e+00,0.000000000000000000e+00,0.000000000000000000e+00,0.000000000000000000e+00,0.000000000000000000e+00,0.000000000000000000e+00,0.000000000000000000e+00,0.000000000000000000e+00,1.020408163265306145e-01,6.530612244897958663e-01,1.428571428571428492e-01,6.122448979591836593e-02,0.000000000000000000e+00,0.000000000000000000e+00,0.000000000000000000e+00,2.040816326530612082e-02
0.000000000000000000e+00,1.960784313725490169e-02,0.000000000000000000e+00,0.000000000000000000e+00,1.960784313725490169e-02,0.000000000000000000e+00,0.000000000000000000e+00,0.000000000000000000e+00,0.000000000000000000e+00,1.960784313725490169e-02,0.000000000000000000e+00,0.000000000000000000e+00,0.000000000000000000e+00,1.960784313725490169e-02,9.803921568627450844e-02,6.470588235294117974e-01,1.372549019607843257e-01,1.960784313725490169e-02,0.000000000000000000e+00,1.960784313725490169e-02,0.000000000000000000e+00
0.000000000000000000e+00,0.000000000000000000e+00,0.000000000000000000e+00,0.000000000000000000e+00,0.000000000000000000e+00,0.000000000000000000e+00,0.000000000000000000e+00,0.000000000000000000e+00,0.000000000000000000e+00,0.000000000000000000e+00,0.000000000000000000e+00,0.000000000000000000e+00,2.777777777777777624e-02,2.777777777777777624e-02,8.333333333333332871e-02,1.666666666666666574e-01,4.722222222222222099e-01,1.111111111111111049e-01,0.000000000000000000e+00,8.333333333333332871e-02,2.777777777777777624e-02
0.000000000000000000e+00,1.041666666666666609e-02,0.000000000000000000e+00,0.000000000000000000e+00,0.000000000000000000e+00,0.000000000000000000e+00,0.000000000000000000e+00,0.000000000000000000e+00,0.000000000000000000e+00,0.000000000000000000e+00,0.000000000000000000e+00,0.000000000000000000e+00,0.000000000000000000e+00,0.000000000000000000e+00,0.000000000000000000e+00,0.000000000000000000e+00,3.125000000000000000e-02,7.916666666666666297e-01,1.041666666666666713e-01,3.125000000000000000e-02,3.125000000000000000e-02
1.709401709401709574e-02,1.709401709401709574e-02,0.000000000000000000e+00,1.709401709401709574e-02,0.000000000000000000e+00,8.547008547008547868e-03,0.000000000000000000e+00,0.000000000000000000e+00,0.000000000000000000e+00,0.000000000000000000e+00,0.000000000000000000e+00,0.000000000000000000e+00,0.000000000000000000e+00,0.000000000000000000e+00,0.000000000000000000e+00,0.000000000000000000e+00,0.000000000000000000e+00,3.418803418803419147e-02,7.179487179487179516e-01,1.196581196581196632e-01,6.837606837606838295e-02
1.923076923076923184e-02,1.923076923076923184e-02,0.000000000000000000e+00,6.410256410256410034e-03,6.410256410256410034e-03,0.000000000000000000e+00,0.000000000000000000e+00,0.000000000000000000e+00,0.000000000000000000e+00,0.000000000000000000e+00,2.564102564102564014e-02,0.000000000000000000e+00,0.000000000000000000e+00,0.000000000000000000e+00,0.000000000000000000e+00,0.000000000000000000e+00,1.282051282051282007e-02,2.564102564102564014e-02,4.487179487179487197e-02,7.051282051282051766e-01,1.346153846153846090e-01
6.285714285714286143e-02,1.142857142857142856e-02,1.142857142857142856e-02,0.000000000000000000e+00,0.000000000000000000e+00,5.714285714285714281e-03,0.000000000000000000e+00,0.000000000000000000e+00,0.000000000000000000e+00,0.000000000000000000e+00,0.000000000000000000e+00,0.000000000000000000e+00,0.000000000000000000e+00,0.000000000000000000e+00,0.000000000000000000e+00,0.000000000000000000e+00,0.000000000000000000e+00,1.714285714285714371e-02,1.142857142857142856e-02,9.142857142857142849e-02,7.885714285714285898e-01
