7.423780487804878536e-01,6.554878048780488076e-02,1.676829268292683028e-02,9.146341463414633596e-03,4.573170731707316798e-03,3.048780487804878155e-03,3.048780487804878155e-03,3.048780487804878155e-03,0.000000000000000000e+00,0.000000000000000000e+00,1.371951219512195126e-02,0.000000000000000000e+00,0.000000000000000000e+00,0.000000000000000000e+00,0.000000000000000000e+00,0.000000000000000000e+00,0.000000000000000000e+00,1.524390243902439077e-03,0.000000000000000000e+00,7.621951219512194953e-03,1.295731707317073211e-01
1.838709677419354815e-01,6.322580645161289814e-01,7.096774193548387177e-02,1.612903225806451568e-02,1.290322580645161289e-02,9.677419354838710103e-03,3.225806451612903223e-03,3.225806451612903223e-03,3.225806451612903223e-03,3.225806451612903223e-03,2.258064516129032126e-02,0.000000000000000000e+00,0.000000000000000000e+00,0.000000000000000000e+00,0.000000000000000000e+00,0.000000000000000000e+00,0.000000000000000000e+00,0.000000000000000000e+00,0.000000000000000000e+00,3.225806451612903223e-03,3.548387096774193589e-02
1.134751773049645363e-01,2.269503546099290725e-01,4.184397163120567309e-01,7.801418439716312214e-02,6.382978723404254817e-02,2.127659574468085055e-02,7.092198581560283516e-03,0.000000000000000000e+00,1.418439716312056703e-02,0.000000000000000000e+00,2.127659574468085055e-02,0.000000000000000000e+00,0.000000000000000000e+00,0.000000000000000000e+00,0.000000000000000000e+00,0.000000000000000000e+00,0.000000000000000000e+00,0.000000000000000000e+00,7.092198581560283516e-03,7.092198581560283516e-03,2.127659574468085055e-02
5.128205128205128027e-02,1.410256410256410242e-01,1.538461538461538547e-01,3.717948717948718063e-01,1.025641025641025605e-01,3.846153846153846367e-02,2.564102564102564014e-02,0.000000000000000000e+00,2.564102564102564014e-02,2.564102564102564014e-02,1.282051282051282007e-02,0.000000000000000000e+00,0.000000000000000000e+00,0.000000000000000000e+00,0.000000000000000000e+00,0.000000000000000000e+00,0.000000000000000000e+00,0.000000000000000000e+00,0.000000000000000000e+00,1.282051282051282007e-02,3.846153846153846367e-02
6.779661016949152519e-02,1.186440677966101725e-01,1.525423728813559421e-01,1.864406779661016977e-01,3.050847457627118842e-01,1.016949152542372947e-01,0.000000000000000000e+00,1.694915254237288130e-02,0.000000000000000000e+00,1.694915254237288130e-02,1.694915254237288130e-02,0.000000000000000000e+00,0.000000000000000000e+00,0.000000000000000000e+00,0.000000000000000000e+00,0.000000000000000000e+00,0.000000000000000000e+00,0.000000000000000000e+00,0.000000000000000000e+00,1.694915254237288130e-02,0.000000000000000000e+00
9.523809523809523281e-02,7.142857142857142461e-02,7.142857142857142461e-02,0.000000000000000000e+00,1.190476190476190410e-01,2.380952380952380820e-01,9.523809523809523281e-02,7.142857142857142461e-02,0.000000000000000000e+00,0.000000000000000000e+00,1.666666666666666574e-01,0.000000000000000000e+00,0.000000000000000000e+00,0.000000000000000000e+00,0.000000000000000000e+00,0.000000000000000000e+00,0.000000000000000000e+00,0.000000000000000000e+00,0.000000000000000000e+00,0.000000000000000000e+00,7.142857142857142461e-02
0.000000000000000000e+00,7.692307692307692735e-02,3.846153846153846367e-02,5.769230769230769551e-02,5.769230769230769551e-02,1.153846153846153910e-01,5.000000000000000000e-01,3.846153846153846367e-02,1.923076923076923184e-02,3.846153846153846367e-02,3.846153846153846367e-02,0.000000000000000000e+00,0.000000000000000000e+00,0.000000000000000000e+00,0.000000000000000000e+00,0.000000000000000000e+00,0.000000000000000000e+00,0.000000000000000000e+00,0.000000000000000000e+00,0.000000000000000000e+00,1.923076923076923184e-02
3.030303030303030387e-02,1.212121212121212155e-01,6.060606060606060774e-02,3.030303030303030387e-02,0.000000000000000000e+00,9.090909090909091161e-02,1.515151515151515194e-01,2.424242424242424310e-01,9.090909090909091161e-02,0.000000000000000000e+00,9.090909090909091161e-02,0.000000000000000000e+00,0.000000000000000000e+00,0.000000000000000000e+00,0.000000000000000000e+00,0.000000000000000000e+00,0.000000000000000000e+00,3.030303030303030387e-02,0.000000000000000000e+00,0.000000000000000000e+00,6.060606060606060774e-02
0.000000000000000000e+00,0.000000000000000000e+00,1.071428571428571369e-01,7.142857142857142461e-02,1.071428571428571369e-01,3.571428571428571230e-02,3.571428571428571230e-02,1.071428571428571369e-01,2.857142857142856984e-01,1.071428571428571369e-01,1.071428571428571369e-01,0.000000000000000000e+00,0.000000000000000000e+00,0.000000000000000000e+00,0.000000000000000000e+00,0.000000000000000000e+00,0.000000000000000000e+00,0.000000000000000000e+00,0.000000000000000000e+00,0.000000000000000000e+00,3.571428571428571230e-02
0.000000000000000000e+00,0.000000000000000000e+00,0.000000000000000000e+00,1.666666666666666574e-01,1.250000000000000000e-01,0.000000000000000000e+00,1.250000000000000000e-01,8.333333333333332871e-02,1.250000000000000000e-01,1.666666666666666574e-01,1.666666666666666574e-01,0.000000000000000000e+00,0.000000000000000000e+00,0.000000000000000000e+00,0.000000000000000000e+00,0.000000000000000000e+00,0.000000000000000000e+00,0.000000000000000000e+00,0.000000000000000000e+00,4.166666666666666435e-02,0.000000000000000000e+00
2.352941176470588203e-02,4.117647058823529355e-02,2.352941176470588203e-02,2.941176470588235253e-02,1.176470588235294101e-02,5.294117647058823456e-02,1.764705882352941152e-02,2.941176470588235253e-02,2.941176470588235253e-02,2.941176470588235253e-02,6.823529411764706065e-01,5.882352941176470507e-03,0.000000000000000000e+00,0.000000000000000000e+00,0.000000000000000000e+00,0.000000000000000000e+00,0.000000000000000000e+00,5.882352941176470507e-03,1.176470588235294101e-02,0.000000000000000000e+00,5.882352941176470507e-03
0.000000000000000000e+00,0.000000000000000000e+00,0.000000000000000000e+00,0.000000000000000000e+00,0.000000000000000000e+00,0.000000000000000000e+00,0.000000000000000000e+00,0.000000000000000000e+00,0.000000000000000000e+00,0.000000000000000000e+00,2.272727272727272790e-02,9.318181818181817677e-01,0.000000000000000000e+00,0.000000000000000000e+00,4.545454545454545581e-02,0.000000000000000000e+00,0.000000000000000000e+00,0.000000000000000000e+00,0.000000000000000000e+00,0.000000000000000000e+00,0.000000000000000000e+00
0.000000000000000000e+00,0.000000000000000000e+00,0.000000000000000000e+00,0.000000000000000000e+00,0.000000000000000000e+00,0.000000000000000000e+00,0.000000000000000000e+00,0.000000000000000000e+00,0.000000000000000000e+00,0.000000000000000000e+00,0.000000000000000000e+00,0.000000000000000000e+00,1.000000000000000000e+00,0.000000000000000000e+00,0.000000000000000000e+00,0.000000000000000000e+00,0.000000000000000000e+00,0.000000000000000000e+00,0.000000000000000000e+00,0.000000000000000000e+00,0.000000000000000000e+00
0.000000000000000000e+00,0.000000000000000000e+00,0.000000000000000000e+00,0.000000000000000000e+00,0.000000000000000000e+00,0.000000000000000000e+00,0.000000000000000000e+00,0.000000000000000000e+00,0.000000000000000000e+00,0.000000000000000000e+00,0.000000000000000000e+00,0.000000000000000000e+00,0.000000000000000000e+00,4.444444444444444198e-01,3.333333333333333148e-01,0.000000000000000000e+00,0.000000000000000000e+00,0.000000000000000000e+00,1.111111111111111049e-01,1.111111111111111049e-01,0.000000000000000000e+00
0.000000000000000000e+00,0.000000000000000000e+00,0.000000000000000000e+00,0.000000000000000000e+00,0.000000000000000000e+00,0.000000000000000000e+00,0.000000000000000000e+00,0.000000000000000000e+00,0.000000000000000000e+00,0.000000000000000000e+00,0.000000000000000000e+00,1.724137931034482735e-02,0.000000000000000000e+00,6.896551724137930939e-02,8.793103448275861878e-01,1.724137931034482735e-02,0.000000000000000000e+00,0.000000000000000000e+00,0.000000000000000000e+00,1.724137931034482735e-02,0.000000000000000000e+00
0.000000000000000000e+00,0.000000000000000000e+00,0.000000000000000000e+00,0.000000000000000000e+00,0.000000000000000000e+00,0.000000000000000000e+00,0.000000000000000000e+00,0.000000000000000000e+00,0.000000000000000000e+00,0.000000000000000000e+00,0.000000000000000000e+00,0.000000000000000000e+00,0.000000000000000000e+00,0.000000000000000000e+00,0.000000000000000000e+00,3.333333333333333148e-01,6.666666666666666297e-01,0.000000000000000000e+00,0.000000000000000000e+00,0.000000000000000000e+00,0.000000000000000000e+00
0.000000000000000000e+00,0.000000000000000000e+00,0.000000000000000000e+00,0.000000000000000000e+00,0.000000000000000000e+00,0.000000000000000000e+00,0.000000000000000000e+00,0.000000000000000000e+00,0.000000000000000000e+00,0.000000000000000000e+00,1.515151515151515194e-02,0.000000000000000000e+00,0.000000000000000000e+00,0.000000000000000000e+00,0.000000000000000000e+00,3.030303030303030387e-02,8.181818181818182323e-01,9.090909090909091161e-02,3.030303030303030387e-02,0.000000000000000000e+00,1.515151515151515194e-02
6.578947368421052266e-03,0.000000000000000000e+00,0.000000000000000000e+00,0.000000000000000000e+00,0.000000000000000000e+00,0.000000000000000000e+00,0.000000000000000000e+00,6.578947368421052266e-03,0.000000000000000000e+00,6.578947368421052266e-03,0.000000000000000000e+00,0.000000000000000000e+00,0.000000000000000000e+00,0.000000000000000000e+00,0.000000000000000000e+00,0.000000000000000000e+00,5.263157894736841813e-02,7.368421052631578538e-01,1.513157894736842091e-01,3.289473684210526133e-02,6.578947368421052266e-03
3.205128205128205017e-03,0.000000000000000000e+00,6.410256410256410034e-03,0.000000000000000000e+00,0.000000000000000000e+00,0.000000000000000000e+00,0.000000000000000000e+00,0.000000000000000000e+00,0.000000000000000000e+00,0.000000000000000000e+00,9.615384615384615918e-03,0.000000000000000000e+00,0.000000000000000000e+00,0.000000000000000000e+00,0.000000000000000000e+00,0.000000000000000000e+00,0.000000000000000000e+00,6.730769230769230449e-02,7.371794871794872250e-01,1.538461538461538547e-01,2.243589743589743599e-02
1.605136436597110611e-02,4.815409309791332006e-03,3.210272873194221482e-03,0.000000000000000000e+00,0.000000000000000000e+00,0.000000000000000000e+00,0.000000000000000000e+00,1.605136436597110741e-03,0.000000000000000000e+00,1.605136436597110741e-03,1.605136436597110741e-03,0.000000000000000000e+00,0.000000000000000000e+00,0.000000000000000000e+00,1.605136436597110741e-03,0.000000000000000000e+00,0.000000000000000000e+00,4.815409309791332006e-03,8.507223113964687555e-02,7.528089887640448952e-01,1.268057784911717500e-01
7.557502738225629901e-02,4.381161007667031676e-03,7.667031763417305433e-03,3.285870755750273757e-03,2.190580503833515838e-03,2.190580503833515838e-03,0.000000000000000000e+00,0.000000000000000000e+00,1.095290251916757919e-03,0.000000000000000000e+00,5.476451259583789595e-03,0.000000000000000000e+00,0.000000000000000000e+00,1.095290251916757919e-03,0.000000000000000000e+00,0.000000000000000000e+00,0.000000000000000000e+00,0.000000000000000000e+00,4.381161007667031676e-03,9.200438116100766173e-02,8.006571741511500084e-01
