0.000000000000000000e+00,0.000000000000000000e+00,0.000000000000000000e+00,0.000000000000000000e+00,0.000000000000000000e+00,0.000000000000000000e+00,0.000000000000000000e+00,0.000000000000000000e+00,0.000000000000000000e+00,0.000000000000000000e+00,0.000000000000000000e+00,0.000000000000000000e+00,0.000000000000000000e+00,0.000000000000000000e+00,0.000000000000000000e+00,0.000000000000000000e+00,0.000000000000000000e+00,0.000000000000000000e+00,0.000000000000000000e+00,0.000000000000000000e+00,0.000000000000000000e+00,0.000000000000000000e+00
0.000000000000000000e+00,9.621212121212121549e-01,2.272727272727272790e-02,0.000000000000000000e+00,7.575757575757575968e-03,7.575757575757575968e-03,0.000000000000000000e+00,0.000000000000000000e+00,0.000000000000000000e+00,0.000000000000000000e+00,0.000000000000000000e+00,0.000000000000000000e+00,0.000000000000000000e+00,0.000000000000000000e+00,0.000000000000000000e+00,0.000000000000000000e+00,0.000000000000000000e+00,0.000000000000000000e+00,0.000000000000000000e+00,0.000000000000000000e+00,0.000000000000000000e+00,0.000000000000000000e+00
0.000000000000000000e+00,9.685230024213075523e-03,9.152542372881355970e-01,7.506053268765133790e-02,0.000000000000000000e+00,0.000000000000000000e+00,0.000000000000000000e+00,0.000000000000000000e+00,0.000000000000000000e+00,0.000000000000000000e+00,0.000000000000000000e+00,0.000000000000000000e+00,0.000000000000000000e+00,0.000000000000000000e+00,0.000000000000000000e+00,0.000000000000000000e+00,0.000000000000000000e+00,0.000000000000000000e+00,0.000000000000000000e+00,0.000000000000000000e+00,0.000000000000000000e+00,0.000000000000000000e+00
0.000000000000000000e+00,0.000000000000000000e+00,2.649006622516556289e-02,9.056291390728476998e-01,5.960264900662251564e-02,5.794701986754966991e-03,8.278145695364238403e-04,8.278145695364238403e-04,0.000000000000000000e+00,8.278145695364238403e-04,0.000000000000000000e+00,0.000000000000000000e+00,0.000000000000000000e+00,0.000000000000000000e+00,0.000000000000000000e+00,0.000000000000000000e+00,0.000000000000000000e+00,0.000000000000000000e+00,0.000000000000000000e+00,0.000000000000000000e+00,0.000000000000000000e+00,0.000000000000000000e+00
1.082251082251082250e-03,1.082251082251082250e-03,0.000000000000000000e+00,7.900432900432900751e-02,7.943722943722943963e-01,9.848484848484848064e-02,1.082251082251082207e-02,4.329004329004329001e-03,5.411255411255411034e-03,1.082251082251082250e-03,0.000000000000000000e+00,1.082251082251082250e-03,1.082251082251082250e-03,0.000000000000000000e+00,0.000000000000000000e+00,0.000000000000000000e+00,0.000000000000000000e+00,1.082251082251082250e-03,0.000000000000000000e+00,0.000000000000000000e+00,0.000000000000000000e+00,1.082251082251082250e-03
2.079002079002079117e-03,0.000000000000000000e+00,2.079002079002079117e-03,1.455301455301455382e-02,1.725571725571725668e-01,6.673596673596673412e-01,7.692307692307692735e-02,2.702702702702702853e-02,1.455301455301455382e-02,6.237006237006237352e-03,0.000000000000000000e+00,2.079002079002079117e-03,2.079002079002079117e-03,0.000000000000000000e+00,0.000000000000000000e+00,0.000000000000000000e+00,2.079002079002079117e-03,0.000000000000000000e+00,2.079002079002079117e-03,2.079002079002079117e-03,0.000000000000000000e+00,6.237006237006237352e-03
0.000000000000000000e+00,0.000000000000000000e+00,0.000000000000000000e+00,1.807228915662650523e-02,7.228915662650602092e-02,2.108433734939759163e-01,5.120481927710843761e-01,9.638554216867470381e-02,4.216867469879517771e-02,6.024096385542168988e-03,0.000000000000000000e+00,6.024096385542168988e-03,1.204819277108433798e-02,0.000000000000000000e+00,0.000000000000000000e+00,0.000000000000000000e+00,6.024096385542168988e-03,0.000000000000000000e+00,0.000000000000000000e+00,1.204819277108433798e-02,0.000000000000000000e+00,6.024096385542168988e-03
0.000000000000000000e+00,0.000000000000000000e+00,0.000000000000000000e+00,1.010101010101010187e-02,8.080808080808081495e-02,8.080808080808081495e-02,1.515151515151515194e-01,4.343434343434343647e-01,1.414141414141414088e-01,3.030303030303030387e-02,1.010101010101010187e-02,0.000000000000000000e+00,2.020202020202020374e-02,1.010101010101010187e-02,1.010101010101010187e-02,0.000000000000000000e+00,0.000000000000000000e+00,0.000000000000000000e+00,0.000000000000000000e+00,1.010101010101010187e-02,0.000000000000000000e+00,1.010101010101010187e-02
0.000000000000000000e+00,0.000000000000000000e+00,0.000000000000000000e+00,1.063829787234042527e-02,2.127659574468085055e-02,1.063829787234042562e-01,6.382978723404254817e-02,8.510638297872340219e-02,4.574468085106382920e-01,1.063829787234042562e-01,2.127659574468085055e-02,1.063829787234042527e-02,1.063829787234042527e-02,1.063829787234042527e-02,3.191489361702127409e-02,2.127659574468085055e-02,0.000000000000000000e+00,1.063829787234042527e-02,0.000000000000000000e+00,3.191489361702127409e-02,0.000000000000000000e+00,0.000000000000000000e+00
0.000000000000000000e+00,0.000000000000000000e+00,0.000000000000000000e+00,0.000000000000000000e+00,1.960784313725490169e-02,3.921568627450980338e-02,2.941176470588235253e-02,2.941176470588235253e-02,6.862745098039216285e-02,5.980392156862744946e-01,8.823529411764706454e-02,1.960784313725490169e-02,9.803921568627450844e-03,9.803921568627450844e-03,1.960784313725490169e-02,1.960784313725490169e-02,1.960784313725490169e-02,9.803921568627450844e-03,9.803921568627450844e-03,0.000000000000000000e+00,9.803921568627450844e-03,0.000000000000000000e+00
0.000000000000000000e+00,0.000000000000000000e+00,0.000000000000000000e+00,0.000000000000000000e+00,0.000000000000000000e+00,3.846153846153846367e-02,0.000000000000000000e+00,0.000000000000000000e+00,7.692307692307692735e-02,3.076923076923077094e-01,2.307692307692307820e-01,7.692307692307692735e-02,7.692307692307692735e-02,0.000000000000000000e+00,3.846153846153846367e-02,7.692307692307692735e-02,3.846153846153846367e-02,0.000000000000000000e+00,3.846153846153846367e-02,0.000000000000000000e+00,0.000000000000000000e+00,0.000000000000000000e+00
0.000000000000000000e+00,0.000000000000000000e+00,0.000000000000000000e+00,0.000000000000000000e+00,1.052631578947368363e-01,0.000000000000000000e+00,5.263157894736841813e-02,0.000000000000000000e+00,1.578947368421052544e-01,1.578947368421052544e-01,1.578947368421052544e-01,3.684210526315789269e-01,0.000000000000000000e+00,0.000000000000000000e+00,0.000000000000000000e+00,0.000000000000000000e+00,0.000000000000000000e+00,0.000000000000000000e+00,0.000000000000000000e+00,0.000000000000000000e+00,0.000000000000000000e+00,0.000000000000000000e+00
0.000000000000000000e+00,0.000000000000000000e+00,0.000000000000000000e+00,0.000000000000000000e+00,1.875000000000000000e-01,0.000000000000000000e+00,0.000000000000000000e+00,1.250000000000000000e-01,1.875000000000000000e-01,1.875000000000000000e-01,6.250000000000000000e-02,6.250000000000000000e-02,0.000000000000000000e+00,6.250000000000000000e-02,0.000000000000000000e+00,1.250000000000000000e-01,0.000000000000000000e+00,0.000000000000000000e+00,0.000000000000000000e+00,0.000000000000000000e+00,0.000000000000000000e+00,0.000000000000000000e+00
0.000000000000000000e+00,0.000000000000000000e+00,0.000000000000000000e+00,0.000000000000000000e+00,0.000000000000000000e+00,1.666666666666666574e-01,0.000000000000000000e+00,0.000000000000000000e+00,0.000000000000000000e+00,1.666666666666666574e-01,0.000000000000000000e+00,1.666666666666666574e-01,1.666666666666666574e-01,1.666666666666666574e-01,0.000000000000000000e+00,0.000000000000000000e+00,0.000000000000000000e+00,0.000000000000000000e+00,1.666666666666666574e-01,0.000000000000000000e+00,0.000000000000000000e+00,0.000000000000000000e+00
0.000000000000000000e+00,0.000000000000000000e+00,0.000000000000000000e+00,0.000000000000000000e+00,0.000000000000000000e+00,7.692307692307692735e-02,0.000000000000000000e+00,0.000000000000000000e+00,0.000000000000000000e+00,0.000000000000000000e+00,7.692307692307692735e-02,7.692307692307692735e-02,0.000000000000000000e+00,0.000000000000000000e+00,1.538461538461538547e-01,1.538461538461538547e-01,2.307692307692307820e-01,0.000000000000000000e+00,0.000000000000000000e+00,0.000000000000000000e+00,0.000000000000000000e+00,2.307692307692307820e-01
0.000000000000000000e+00,0.000000000000000000e+00,0.000000000000000000e+00,0.000000000000000000e+00,0.000000000000000000e+00,6.250000000000000000e-02,0.000000000000000000e+00,0.000000000000000000e+00,1.250000000000000000e-01,6.250000000000000000e-02,6.250000000000000000e-02,6.250000000000000000e-02,0.000000000000000000e+00,6.250000000000000000e-02,1.250000000000000000e-01,2.500000000000000000e-01,6.250000000000000000e-02,6.250000000000000000e-02,6.250000000000000000e-02,0.000000000000000000e+00,0.000000000000000000e+00,0.000000000000000000e+00
0.000000000000000000e+00,0.000000000000000000e+00,0.000000000000000000e+00,0.000000000000000000e+00,0.000000000000000000e+00,0.000000000000000000e+00,0.000000000000000000e+00,2.000000000000000111e-01,2.000000000000000111e-01,1.000000000000000056e-01,1.000000000000000056e-01,0.000000000000000000e+00,0.000000000000000000e+00,0.000000000000000000e+00,1.000000000000000056e-01,2.000000000000000111e-01,0.000000000000000000e+00,0.000000000000000000e+00,0.000000000000000000e+00,0.000000000000000000e+00,0.000000000000000000e+00,1.000000000000000056e-01
0.000000000000000000e+00,0.000000000000000000e+00,0.000000000000000000e+00,0.000000000000000000e+00,0.000000000000000000e+00,2.000000000000000111e-01,2.000000000000000111e-01,0.000000000000000000e+00,0.000000000000000000e+00,0.000000000000000000e+00,0.000000000000000000e+00,0.000000000000000000e+00,0.000000000000000000e+00,0.000000000000000000e+00,0.000000000000000000e+00,0.000000000000000000e+00,0.000000000000000000e+00,0.000000000000000000e+00,2.000000000000000111e-01,2.000000000000000111e-01,0.000000000000000000e+00,2.000000000000000111e-01
0.000000000000000000e+00,0.000000000000000000e+00,0.000000000000000000e+00,0.000000000000000000e+00,0.000000000000000000e+00,6.250000000000000000e-02,6.250000000000000000e-02,0.000000000000000000e+00,0.000000000000000000e+00,0.000000000000000000e+00,1.250000000000000000e-01,0.000000000000000000e+00,1.875000000000000000e-01,0.000000000000000000e+00,0.000000000000000000e+00,0.000000000000000000e+00,6.250000000000000000e-02,0.000000000000000000e+00,2.500000000000000000e-01,6.250000000000000000e-02,0.000000000000000000e+00,1.875000000000000000e-01
0.000000000000000000e+00,0.000000000000000000e+00,0.000000000000000000e+00,0.000000000000000000e+00,0.000000000000000000e+00,0.000000000000000000e+00,2.000000000000000111e-01,1.000000000000000056e-01,0.000000000000000000e+00,1.000000000000000056e-01,0.000000000000000000e+00,0.000000000000000000e+00,0.000000000000000000e+00,0.000000000000000000e+00,0.000000000000000000e+00,0.000000000000000000e+00,0.000000000000000000e+00,1.000000000000000056e-01,2.000000000000000111e-01,2.000000000000000111e-01,1.000000000000000056e-01,0.000000000000000000e+00
0.000000000000000000e+00,0.000000000000000000e+00,0.000000000000000000e+00,0.000000000000000000e+00,0.000000000000000000e+00,1.666666666666666574e-01,3.333333333333333148e-01,0.000000000000000000e+00,0.000000000000000000e+00,0.000000000000000000e+00,0.000000000000000000e+00,0.000000000000000000e+00,1.666666666666666574e-01,0.000000000000000000e+00,0.000000000000000000e+00,0.000000000000000000e+00,0.000000000000000000e+00,0.000000000000000000e+00,0.000000000000000000e+00,0.000000000000000000e+00,3.333333333333333148e-01,0.000000000000000000e+00
0.000000000000000000e+00,0.000000000000000000e+00,0.000000000000000000e+00,3.030303030303030387e-02,3.030303030303030387e-02,3.030303030303030387e-02,0.000000000000000000e+00,3.030303030303030387e-02,3.030303030303030387e-02,9.090909090909091161e-02,3.030303030303030387e-02,0.000000000000000000e+00,6.060606060606060774e-02,0.000000000000000000e+00,0.000000000000000000e+00,0.000000000000000000e+00,0.000000000000000000e+00,0.000000000000000000e+00,9.090909090909091161e-02,0.000000000000000000e+00,0.000000000000000000e+00,5.757575757575758013e-01
