7.063829787234042756e-01,1.425531914893617136e-01,2.127659574468085055e-02,1.063829787234042527e-02,0.000000000000000000e+00,2.127659574468085141e-03,0.000000000000000000e+00,0.000000000000000000e+00,0.000000000000000000e+00,0.000000000000000000e+00,2.127659574468085141e-03,0.000000000000000000e+00,2.127659574468085141e-03,0.000000000000000000e+00,0.000000000000000000e+00,0.000000000000000000e+00,2.127659574468085141e-03,8.510638297872340566e-03,8.510638297872340566e-03,2.553191489361701996e-02,6.808510638297872453e-02
1.142241379310344890e-01,6.573275862068965747e-01,1.293103448275862155e-01,8.620689655172413673e-03,4.310344827586206837e-03,6.465517241379310255e-03,0.000000000000000000e+00,0.000000000000000000e+00,0.000000000000000000e+00,0.000000000000000000e+00,2.155172413793103418e-03,6.465517241379310255e-03,0.000000000000000000e+00,2.155172413793103418e-03,2.155172413793103418e-03,0.000000000000000000e+00,4.310344827586206837e-03,8.620689655172413673e-03,4.310344827586206837e-03,1.724137931034482735e-02,3.232758620689655388e-02
3.587443946188340754e-02,1.345291479820627800e-01,7.309417040358744400e-01,5.381165919282511478e-02,4.484304932735425943e-03,0.000000000000000000e+00,2.242152466367712971e-03,0.000000000000000000e+00,0.000000000000000000e+00,0.000000000000000000e+00,0.000000000000000000e+00,0.000000000000000000e+00,0.000000000000000000e+00,0.000000000000000000e+00,2.242152466367712971e-03,2.242152466367712971e-03,2.242152466367712971e-03,0.000000000000000000e+00,2.242152466367712971e-03,8.968609865470851886e-03,2.017937219730941631e-02
4.069767441860465407e-02,4.651162790697674354e-02,1.453488372093023340e-01,6.279069767441860517e-01,6.395348837209302584e-02,1.162790697674418589e-02,5.813953488372092943e-03,0.000000000000000000e+00,0.000000000000000000e+00,0.000000000000000000e+00,0.000000000000000000e+00,0.000000000000000000e+00,0.000000000000000000e+00,0.000000000000000000e+00,0.000000000000000000e+00,0.000000000000000000e+00,0.000000000000000000e+00,5.813953488372092943e-03,1.744186046511627883e-02,1.162790697674418589e-02,2.325581395348837177e-02
3.539823008849557473e-02,2.654867256637168105e-02,5.309734513274336209e-02,6.194690265486725578e-02,6.725663716814159754e-01,7.079646017699114946e-02,1.769911504424778736e-02,0.000000000000000000e+00,0.000000000000000000e+00,0.000000000000000000e+00,0.000000000000000000e+00,0.000000000000000000e+00,0.000000000000000000e+00,0.000000000000000000e+00,0.000000000000000000e+00,0.000000000000000000e+00,0.000000000000000000e+00,0.000000000000000000e+00,0.000000000000000000e+00,8.849557522123893682e-03,5.309734513274336209e-02
2.702702702702702853e-02,8.108108108108108558e-02,0.000000000000000000e+00,8.108108108108108558e-02,2.162162162162162282e-01,4.324324324324324564e-01,8.108108108108108558e-02,0.000000000000000000e+00,2.702702702702702853e-02,0.000000000000000000e+00,0.000000000000000000e+00,0.000000000000000000e+00,0.000000000000000000e+00,2.702702702702702853e-02,0.000000000000000000e+00,0.000000000000000000e+00,2.702702702702702853e-02,0.000000000000000000e+00,0.000000000000000000e+00,0.000000000000000000e+00,0.000000000000000000e+00
4.761904761904761640e-02,0.000000000000000000e+00,0.000000000000000000e+00,9.523809523809523281e-02,9.523809523809523281e-02,4.761904761904761640e-02,3.809523809523809312e-01,1.904761904761904656e-01,4.761904761904761640e-02,0.000000000000000000e+00,0.000000000000000000e+00,4.761904761904761640e-02,0.000000000000000000e+00,0.000000000000000000e+00,4.761904761904761640e-02,0.000000000000000000e+00,0.000000000000000000e+00,0.000000000000000000e+00,0.000000000000000000e+00,0.000000000000000000e+00,0.000000000000000000e+00
0.000000000000000000e+00,1.666666666666666574e-01,8.333333333333332871e-02,0.000000000000000000e+00,0.000000000000000000e+00,8.333333333333332871e-02,8.333333333333332871e-02,5.833333333333333703e-01,0.000000000000000000e+00,0.000000000000000000e+00,0.000000000000000000e+00,0.000000000000000000e+00,0.000000000000000000e+00,0.000000000000000000e+00,0.000000000000000000e+00,0.000000000000000000e+00,0.000000000000000000e+00,0.000000000000000000e+00,0.000000000000000000e+00,0.000000000000000000e+00,0.000000000000000000e+00
0.000000000000000000e+00,0.000000000000000000e+00,0.000000000000000000e+00,0.000000000000000000e+00,0.000000000000000000e+00,0.000000000000000000e+00,5.000000000000000000e-01,0.000000000000000000e+00,0.000000000000000000e+00,0.000000000000000000e+00,0.000000000000000000e+00,5.000000000000000000e-01,0.000000000000000000e+00,0.000000000000000000e+00,0.000000000000000000e+00,0.000000000000000000e+00,0.000000000000000000e+00,0.000000000000000000e+00,0.000000000000000000e+00,0.000000000000000000e+00,0.000000000000000000e+00
1.000000000000000000e+00,0.000000000000000000e+00,0.000000000000000000e+00,0.000000000000000000e+00,0.000000000000000000e+00,0.000000000000000000e+00,0.000000000000000000e+00,0.000000000000000000e+00,0.000000000000000000e+00,0.000000000000000000e+00,0.000000000000000000e+00,0.000000000000000000e+00,0.000000000000000000e+00,0.000000000000000000e+00,0.000000000000000000e+00,0.000000000000000000e+00,0.000000000000000000e+00,0.000000000000000000e+00,0.000000000000000000e+00,0.000000000000000000e+00,0.000000000000000000e+00
0.000000000000000000e+00,5.555555555555555247e-02,0.000000000000000000e+00,0.000000000000000000e+00,5.555555555555555247e-02,5.555555555555555247e-02,5.555555555555555247e-02,0.000000000000000000e+00,0.000000000000000000e+00,5.555555555555555247e-02,6.111111111111111605e-01,0.000000000000000000e+00,0.000000000000000000e+00,0.000000000000000000e+00,0.000000000000000000e+00,0.000000000000000000e+00,0.000000000000000000e+00,5.555555555555555247e-02,5.555555555555555247e-02,0.000000000000000000e+00,0.000000000000000000e+00
0.000000000000000000e+00,0.000000000000000000e+00,6.666666666666666574e-02,0.000000000000000000e+00,0.000000000000000000e+00,6.666666666666666574e-02,0.000000000000000000e+00,0.000000000000000000e+00,0.000000000000000000e+00,0.000000000000000000e+00,0.000000000000000000e+00,8.000000000000000444e-01,0.000000000000000000e+00,0.000000000000000000e+00,0.000000000000000000e+00,6.666666666666666574e-02,0.000000000000000000e+00,0.000000000000000000e+00,0.000000000000000000e+00,0.000000000000000000e+00,0.000000000000000000e+00
0.000000000000000000e+00,0.000000000000000000e+00,0.000000000000000000e+00,0.000000000000000000e+00,0.000000000000000000e+00,0.000000000000000000e+00,0.000000000000000000e+00,0.000000000000000000e+00,0.000000000000000000e+00,0.000000000000000000e+00,0.000000000000000000e+00,5.000000000000000000e-01,0.000000000000000000e+00,5.000000000000000000e-01,0.000000000000000000e+00,0.000000000000000000e+00,0.000000000000000000e+00,0.000000000000000000e+00,0.000000000000000000e+00,0.000000000000000000e+00,0.000000000000000000e+00
0.000000000000000000e+00,0.000000000000000000e+00,0.000000000000000000e+00,0.000000000000000000e+00,0.000000000000000000e+00,0.000000000000000000e+00,0.000000000000000000e+00,0.000000000000000000e+00,0.000000000000000000e+00,0.000000000000000000e+00,0.000000000000000000e+00,0.000000000000000000e+00,0.000000000000000000e+00,5.000000000000000000e-01,0.000000000000000000e+00,0.000000000000000000e+00,0.000000000000000000e+00,0.000000000000000000e+00,5.000000000000000000e-01,0.000000000000000000e+00,0.000000000000000000e+00
0.000000000000000000e+00,0.000000000000000000e+00,0.000000000000000000e+00,0.000000000000000000e+00,1.000000000000000000e+00,0.000000000000000000e+00,0.000000000000000000e+00,0.000000000000000000e+00,0.000000000000000000e+00,0.000000000000000000e+00,0.000000000000000000e+00,0.000000000000000000e+00,0.000000000000000000e+00,0.000000000000000000e+00,0.000000000000000000e+00,0.000000000000000000e+00,0.000000000000000000e+00,0.000000000000000000e+00,0.000000000000000000e+00,0.000000000000000000e+00,0.000000000000000000e+00
0.000000000000000000e+00,1.111111111111111049e-01,0.000000000000000000e+00,0.000000000000000000e+00,0.000000000000000000e+00,0.000000000000000000e+00,0.000000000000000000e+00,0.000000000000000000e+00,0.000000000000000000e+00,0.000000000000000000e+00,0.000000000000000000e+00,2.222222222222222099e-01,0.000000000000000000e+00,0.000000000000000000e+00,1.111111111111111049e-01,3.333333333333333148e-01,1.111111111111111049e-01,0.000000000000000000e+00,0.000000000000000000e+00,0.000000000000000000e+00,1.111111111111111049e-01
0.000000000000000000e+00,1.764705882352941291e-01,0.000000000000000000e+00,0.000000000000000000e+00,0.000000000000000000e+00,0.000000000000000000e+00,0.000000000000000000e+00,0.000000000000000000e+00,0.000000000000000000e+00,0.000000000000000000e+00,0.000000000000000000e+00,0.000000000000000000e+00,0.000000000000000000e+00,0.000000000000000000e+00,0.000000000000000000e+00,0.000000000000000000e+00,4.705882352941176405e-01,1.764705882352941291e-01,1.176470588235294101e-01,0.000000000000000000e+00,5.882352941176470507e-02
1.071428571428571369e-01,1.071428571428571369e-01,0.000000000000000000e+00,0.000000000000000000e+00,0.000000000000000000e+00,0.000000000000000000e+00,0.000000000000000000e+00,0.000000000000000000e+00,0.000000000000000000e+00,0.000000000000000000e+00,0.000000000000000000e+00,0.000000000000000000e+00,0.000000000000000000e+00,0.000000000000000000e+00,0.000000000000000000e+00,0.000000000000000000e+00,7.142857142857142461e-02,3.571428571428571508e-01,1.785714285714285754e-01,7.142857142857142461e-02,1.071428571428571369e-01
4.411764705882353227e-02,4.411764705882353227e-02,2.941176470588235253e-02,1.470588235294117627e-02,4.411764705882353227e-02,0.000000000000000000e+00,0.000000000000000000e+00,0.000000000000000000e+00,0.000000000000000000e+00,0.000000000000000000e+00,0.000000000000000000e+00,0.000000000000000000e+00,0.000000000000000000e+00,1.470588235294117627e-02,0.000000000000000000e+00,0.000000000000000000e+00,4.411764705882353227e-02,4.411764705882353227e-02,4.852941176470588203e-01,1.323529411764705899e-01,1.029411764705882304e-01
7.189542483660130157e-02,2.614379084967320341e-02,1.307189542483660170e-02,1.307189542483660170e-02,6.535947712418300852e-03,0.000000000000000000e+00,0.000000000000000000e+00,0.000000000000000000e+00,0.000000000000000000e+00,0.000000000000000000e+00,0.000000000000000000e+00,0.000000000000000000e+00,0.000000000000000000e+00,0.000000000000000000e+00,0.000000000000000000e+00,6.535947712418300852e-03,0.000000000000000000e+00,0.000000000000000000e+00,5.228758169934640682e-02,6.732026143790850181e-01,1.372549019607843257e-01
1.532258064516129059e-01,3.225806451612903136e-02,1.209677419354838676e-02,1.209677419354838676e-02,8.064516129032257841e-03,0.000000000000000000e+00,0.000000000000000000e+00,0.000000000000000000e+00,0.000000000000000000e+00,0.000000000000000000e+00,4.032258064516128920e-03,0.000000000000000000e+00,0.000000000000000000e+00,0.000000000000000000e+00,0.000000000000000000e+00,0.000000000000000000e+00,8.064516129032257841e-03,1.209677419354838676e-02,1.612903225806451568e-02,1.088709677419354843e-01,6.330645161290322509e-01
