9.166666666666666297e-01,0.000000000000000000e+00,0.000000000000000000e+00,4.166666666666666435e-02,0.000000000000000000e+00,0.000000000000000000e+00,0.000000000000000000e+00,0.000000000000000000e+00,0.000000000000000000e+00,0.000000000000000000e+00,0.000000000000000000e+00,0.000000000000000000e+00,0.000000000000000000e+00,0.000000000000000000e+00,0.000000000000000000e+00,0.000000000000000000e+00,0.000000000000000000e+00,0.000000000000000000e+00,0.000000000000000000e+00,0.000000000000000000e+00,0.000000000000000000e+00,4.166666666666666435e-02
0.000000000000000000e+00,0.000000000000000000e+00,0.000000000000000000e+00,0.000000000000000000e+00,0.000000000000000000e+00,0.000000000000000000e+00,0.000000000000000000e+00,0.000000000000000000e+00,0.000000000000000000e+00,0.000000000000000000e+00,0.000000000000000000e+00,0.000000000000000000e+00,0.000000000000000000e+00,0.000000000000000000e+00,0.000000000000000000e+00,0.000000000000000000e+00,0.000000000000000000e+00,0.000000000000000000e+00,0.000000000000000000e+00,0.000000000000000000e+00,0.000000000000000000e+00,0.000000000000000000e+00
0.000000000000000000e+00,0.000000000000000000e+00,2.500000000000000000e-01,1.250000000000000000e-01,0.000000000000000000e+00,2.500000000000000000e-01,0.000000000000000000e+00,0.000000000000000000e+00,1.250000000000000000e-01,1.250000000000000000e-01,0.000000000000000000e+00,1.250000000000000000e-01,0.000000000000000000e+00,0.000000000000000000e+00,0.000000000000000000e+00,0.000000000000000000e+00,0.000000000000000000e+00,0.000000000000000000e+00,0.000000000000000000e+00,0.000000000000000000e+00,0.000000000000000000e+00,0.000000000000000000e+00
4.545454545454545581e-02,0.000000000000000000e+00,0.000000000000000000e+00,4.090909090909091161e-01,1.363636363636363535e-01,0.000000000000000000e+00,4.545454545454545581e-02,4.545454545454545581e-02,9.090909090909091161e-02,4.545454545454545581e-02,0.000000000000000000e+00,9.090909090909091161e-02,0.000000000000000000e+00,4.545454545454545581e-02,0.000000000000000000e+00,4.545454545454545581e-02,0.000000000000000000e+00,0.000000000000000000e+00,0.000000000000000000e+00,0.000000000000000000e+00,0.000000000000000000e+00,0.000000000000000000e+00
0.000000000000000000e+00,0.000000000000000000e+00,0.000000000000000000e+00,3.846153846153846367e-02,4.230769230769230727e-01,1.923076923076923184e-01,0.000000000000000000e+00,0.000000000000000000e+00,1.538461538461538547e-01,3.846153846153846367e-02,0.000000000000000000e+00,7.692307692307692735e-02,0.000000000000000000e+00,0.000000000000000000e+00,7.692307692307692735e-02,0.000000000000000000e+00,0.000000000000000000e+00,0.000000000000000000e+00,0.000000000000000000e+00,0.000000000000000000e+00,0.000000000000000000e+00,0.000000000000000000e+00
0.000000000000000000e+00,0.000000000000000000e+00,6.250000000000000000e-02,0.000000000000000000e+00,1.250000000000000000e-01,6.250000000000000000e-02,1.250000000000000000e-01,1.875000000000000000e-01,6.250000000000000000e-02,1.875000000000000000e-01,0.000000000000000000e+00,6.250000000000000000e-02,1.250000000000000000e-01,0.000000000000000000e+00,0.000000000000000000e+00,0.000000000000000000e+00,0.000000000000000000e+00,0.000000000000000000e+00,0.000000000000000000e+00,0.000000000000000000e+00,0.000000000000000000e+00,0.000000000000000000e+00
0.000000000000000000e+00,0.000000000000000000e+00,1.960784313725490169e-02,3.921568627450980338e-02,0.000000000000000000e+00,5.882352941176470507e-02,5.098039215686274161e-01,1.176470588235294101e-01,5.882352941176470507e-02,7.843137254901960675e-02,3.921568627450980338e-02,0.000000000000000000e+00,0.000000000000000000e+00,5.882352941176470507e-02,1.960784313725490169e-02,0.000000000000000000e+00,0.000000000000000000e+00,0.000000000000000000e+00,0.000000000000000000e+00,0.000000000000000000e+00,0.000000000000000000e+00,0.000000000000000000e+00
0.000000000000000000e+00,0.000000000000000000e+00,0.000000000000000000e+00,7.407407407407407690e-03,2.962962962962963076e-02,0.000000000000000000e+00,5.185185185185185036e-02,5.777777777777777235e-01,1.925925925925925930e-01,8.148148148148148806e-02,2.222222222222222307e-02,0.000000000000000000e+00,7.407407407407407690e-03,2.222222222222222307e-02,0.000000000000000000e+00,0.000000000000000000e+00,7.407407407407407690e-03,0.000000000000000000e+00,0.000000000000000000e+00,0.000000000000000000e+00,0.000000000000000000e+00,0.000000000000000000e+00
0.000000000000000000e+00,0.000000000000000000e+00,0.000000000000000000e+00,2.890173410404624135e-03,5.780346820809248269e-03,2.890173410404624135e-03,1.734104046242774394e-02,7.225433526011561247e-02,6.531791907514450379e-01,1.473988439306358478e-01,5.780346820809248443e-02,1.734104046242774394e-02,8.670520231213871970e-03,5.780346820809248269e-03,2.890173410404624135e-03,0.000000000000000000e+00,0.000000000000000000e+00,2.890173410404624135e-03,0.000000000000000000e+00,0.000000000000000000e+00,0.000000000000000000e+00,2.890173410404624135e-03
0.000000000000000000e+00,0.000000000000000000e+00,0.000000000000000000e+00,1.470588235294117627e-03,2.941176470588235253e-03,0.000000000000000000e+00,1.470588235294117627e-03,1.764705882352941152e-02,6.911764705882353366e-02,7.470588235294117752e-01,9.852941176470587925e-02,2.205882352941176613e-02,2.205882352941176613e-02,8.823529411764705760e-03,7.352941176470588133e-03,1.470588235294117627e-03,0.000000000000000000e+00,0.000000000000000000e+00,0.000000000000000000e+00,0.000000000000000000e+00,0.000000000000000000e+00,0.000000000000000000e+00
0.000000000000000000e+00,0.000000000000000000e+00,0.000000000000000000e+00,0.000000000000000000e+00,0.000000000000000000e+00,1.322751322751322678e-03,2.645502645502645356e-03,3.968253968253968034e-03,2.380952380952380820e-02,7.671957671957671532e-02,7.328042328042327913e-01,1.071428571428571369e-01,2.645502645502645356e-02,1.455026455026454946e-02,6.613756613756613389e-03,3.968253968253968034e-03,0.000000000000000000e+00,0.000000000000000000e+00,0.000000000000000000e+00,0.000000000000000000e+00,0.000000000000000000e+00,0.000000000000000000e+00
0.000000000000000000e+00,0.000000000000000000e+00,0.000000000000000000e+00,0.000000000000000000e+00,0.000000000000000000e+00,2.242152466367712971e-03,4.484304932735425943e-03,3.363228699551569674e-03,1.233183856502242069e-02,2.690582959641255739e-02,9.753363228699551968e-02,7.858744394618834006e-01,4.035874439461883262e-02,2.690582959641255739e-02,0.000000000000000000e+00,0.000000000000000000e+00,0.000000000000000000e+00,0.000000000000000000e+00,0.000000000000000000e+00,0.000000000000000000e+00,0.000000000000000000e+00,0.000000000000000000e+00
1.369863013698630148e-03,0.000000000000000000e+00,1.369863013698630148e-03,1.369863013698630148e-03,0.000000000000000000e+00,0.000000000000000000e+00,1.369863013698630148e-03,4.109589041095890009e-03,2.739726027397260295e-03,1.506849315068493206e-02,1.780821917808219149e-02,9.726027397260274265e-02,7.726027397260274432e-01,6.986301369863014143e-02,1.369863013698630061e-02,1.369863013698630148e-03,0.000000000000000000e+00,0.000000000000000000e+00,0.000000000000000000e+00,0.000000000000000000e+00,0.000000000000000000e+00,0.000000000000000000e+00
0.000000000000000000e+00,0.000000000000000000e+00,0.000000000000000000e+00,6.896551724137930939e-03,0.000000000000000000e+00,0.000000000000000000e+00,0.000000000000000000e+00,4.597701149425287293e-03,4.597701149425287293e-03,1.609195402298850552e-02,3.448275862068965469e-02,3.218390804597701105e-02,1.563218390804597679e-01,7.080459770114942986e-01,3.218390804597701105e-02,4.597701149425287293e-03,0.000000000000000000e+00,0.000000000000000000e+00,0.000000000000000000e+00,0.000000000000000000e+00,0.000000000000000000e+00,0.000000000000000000e+00
0.000000000000000000e+00,0.000000000000000000e+00,0.000000000000000000e+00,6.024096385542168988e-03,6.024096385542168988e-03,0.000000000000000000e+00,0.000000000000000000e+00,0.000000000000000000e+00,0.000000000000000000e+00,3.614457831325301046e-02,3.012048192771084321e-02,1.204819277108433798e-02,4.216867469879517771e-02,1.265060240963855331e-01,6.566265060240963347e-01,2.409638554216867595e-02,1.807228915662650523e-02,2.409638554216867595e-02,1.807228915662650523e-02,0.000000000000000000e+00,0.000000000000000000e+00,0.000000000000000000e+00
0.000000000000000000e+00,0.000000000000000000e+00,0.000000000000000000e+00,0.000000000000000000e+00,0.000000000000000000e+00,0.000000000000000000e+00,0.000000000000000000e+00,2.325581395348837177e-02,0.000000000000000000e+00,4.651162790697674354e-02,2.325581395348837177e-02,0.000000000000000000e+00,2.325581395348837177e-02,6.976744186046511531e-02,1.627906976744186163e-01,5.116279069767442067e-01,4.651162790697674354e-02,4.651162790697674354e-02,2.325581395348837177e-02,2.325581395348837177e-02,0.000000000000000000e+00,0.000000000000000000e+00
0.000000000000000000e+00,0.000000000000000000e+00,0.000000000000000000e+00,0.000000000000000000e+00,0.000000000000000000e+00,0.000000000000000000e+00,0.000000000000000000e+00,0.000000000000000000e+00,0.000000000000000000e+00,0.000000000000000000e+00,0.000000000000000000e+00,2.564102564102564014e-02,0.000000000000000000e+00,2.564102564102564014e-02,5.128205128205128027e-02,1.025641025641025605e-01,6.666666666666666297e-01,7.692307692307692735e-02,2.564102564102564014e-02,0.000000000000000000e+00,2.564102564102564014e-02,0.000000000000000000e+00
0.000000000000000000e+00,0.000000000000000000e+00,0.000000000000000000e+00,0.000000000000000000e+00,0.000000000000000000e+00,0.000000000000000000e+00,0.000000000000000000e+00,0.000000000000000000e+00,0.000000000000000000e+00,0.000000000000000000e+00,0.000000000000000000e+00,0.000000000000000000e+00,0.000000000000000000e+00,3.030303030303030387e-02,1.515151515151515194e-01,6.060606060606060774e-02,1.515151515151515194e-01,4.848484848484848619e-01,9.090909090909091161e-02,3.030303030303030387e-02,0.000000000000000000e+00,0.000000000000000000e+00
0.000000000000000000e+00,0.000000000000000000e+00,0.000000000000000000e+00,0.000000000000000000e+00,0.000000000000000000e+00,0.000000000000000000e+00,0.000000000000000000e+00,0.000000000000000000e+00,0.000000000000000000e+00,3.846153846153846367e-02,0.000000000000000000e+00,0.000000000000000000e+00,0.000000000000000000e+00,0.000000000000000000e+00,7.692307692307692735e-02,0.000000000000000000e+00,3.846153846153846367e-02,1.923076923076923184e-01,4.615384615384615641e-01,1.153846153846153910e-01,0.000000000000000000e+00,7.692307692307692735e-02
0.000000000000000000e+00,0.000000000000000000e+00,0.000000000000000000e+00,0.000000000000000000e+00,0.000000000000000000e+00,0.000000000000000000e+00,0.000000000000000000e+00,0.000000000000000000e+00,0.000000000000000000e+00,0.000000000000000000e+00,0.000000000000000000e+00,0.000000000000000000e+00,0.000000000000000000e+00,0.000000000000000000e+00,0.000000000000000000e+00,7.692307692307692735e-02,0.000000000000000000e+00,0.000000000000000000e+00,7.692307692307692735e-02,6.153846153846154188e-01,0.000000000000000000e+00,2.307692307692307820e-01
0.000000000000000000e+00,0.000000000000000000e+00,0.000000000000000000e+00,0.000000000000000000e+00,0.000000000000000000e+00,0.000000000000000000e+00,0.000000000000000000e+00,0.000000000000000000e+00,0.000000000000000000e+00,0.000000000000000000e+00,3.333333333333333148e-01,0.000000000000000000e+00,0.000000000000000000e+00,0.000000000000000000e+00,0.000000000000000000e+00,0.000000000000000000e+00,0.000000000000000000e+00,0.000000000000000000e+00,0.000000000000000000e+00,0.000000000000000000e+00,0.000000000000000000e+00,6.666666666666666297e-01
0.000000000000000000e+00,0.000000000000000000e+00,0.000000000000000000e+00,0.000000000000000000e+00,0.000000000000000000e+00,0.000000000000000000e+00,0.000000000000000000e+00,0.000000000000000000e+00,0.000000000000000000e+00,0.000000000000000000e+00,4.545454545454545581e-02,0.000000000000000000e+00,0.000000000000000000e+00,0.000000000000000000e+00,0.000000000000000000e+00,0.000000000000000000e+00,0.000000000000000000e+00,2.272727272727272790e-02,6.818181818181817677e-02,2.272727272727272790e-02,2.272727272727272790e-02,8.181818181818182323e-01
