7.916666666666666297e-01,1.047008547008547036e-01,1.068376068376068397e-02,3.205128205128205017e-03,0.000000000000000000e+00,0.000000000000000000e+00,0.000000000000000000e+00,0.000000000000000000e+00,1.068376068376068484e-03,0.000000000000000000e+00,4.273504273504273934e-03,1.068376068376068484e-03,0.000000000000000000e+00,2.136752136752136967e-03,0.000000000000000000e+00,1.068376068376068484e-03,0.000000000000000000e+00,1.068376068376068484e-03,3.205128205128205017e-03,1.175213675213675202e-02,6.410256410256409687e-02
1.073684210526315852e-01,7.810526315789473317e-01,6.421052631578946790e-02,1.578947368421052683e-02,1.052631578947368397e-03,1.052631578947368397e-03,0.000000000000000000e+00,1.052631578947368397e-03,1.052631578947368397e-03,0.000000000000000000e+00,2.105263157894736795e-03,3.157894736842105192e-03,1.052631578947368397e-03,1.052631578947368397e-03,0.000000000000000000e+00,2.105263157894736795e-03,0.000000000000000000e+00,1.052631578947368397e-03,0.000000000000000000e+00,1.052631578947368397e-03,1.578947368421052683e-02
2.398800599700149846e-02,1.094452773613193430e-01,7.211394302848576077e-01,9.145427286356822005e-02,1.649175412293853171e-02,7.496251874062968487e-03,0.000000000000000000e+00,1.499250374812593654e-03,0.000000000000000000e+00,0.000000000000000000e+00,5.997001499250374616e-03,0.000000000000000000e+00,0.000000000000000000e+00,1.499250374812593654e-03,5.997001499250374616e-03,2.998500749625187308e-03,0.000000000000000000e+00,0.000000000000000000e+00,1.499250374812593654e-03,4.497751124437780745e-03,5.997001499250374616e-03
2.255639097744360777e-02,5.639097744360901943e-02,1.992481203007518686e-01,5.375939849624060685e-01,1.127819548872180389e-01,2.255639097744360777e-02,1.879699248120300648e-02,0.000000000000000000e+00,0.000000000000000000e+00,0.000000000000000000e+00,1.503759398496240518e-02,3.759398496240601295e-03,0.000000000000000000e+00,0.000000000000000000e+00,0.000000000000000000e+00,0.000000000000000000e+00,0.000000000000000000e+00,0.000000000000000000e+00,3.759398496240601295e-03,0.000000000000000000e+00,7.518796992481202590e-03
0.000000000000000000e+00,2.542372881355932368e-02,5.084745762711864736e-02,1.186440677966101725e-01,6.991525423728813804e-01,6.779661016949152519e-02,2.542372881355932368e-02,0.000000000000000000e+00,4.237288135593220324e-03,0.000000000000000000e+00,4.237288135593220324e-03,0.000000000000000000e+00,0.000000000000000000e+00,0.000000000000000000e+00,0.000000000000000000e+00,0.000000000000000000e+00,0.000000000000000000e+00,0.000000000000000000e+00,0.000000000000000000e+00,0.000000000000000000e+00,4.237288135593220324e-03
1.666666666666666644e-02,5.000000000000000278e-02,8.333333333333332871e-02,8.333333333333332871e-02,2.333333333333333370e-01,3.333333333333333148e-01,1.000000000000000056e-01,1.666666666666666644e-02,1.666666666666666644e-02,1.666666666666666644e-02,1.666666666666666644e-02,0.000000000000000000e+00,0.000000000000000000e+00,0.000000000000000000e+00,0.000000000000000000e+00,0.000000000000000000e+00,0.000000000000000000e+00,0.000000000000000000e+00,0.000000000000000000e+00,3.333333333333333287e-02,0.000000000000000000e+00
0.000000000000000000e+00,2.500000000000000139e-02,7.499999999999999722e-02,1.000000000000000056e-01,5.000000000000000278e-02,1.499999999999999944e-01,4.249999999999999889e-01,7.499999999999999722e-02,7.499999999999999722e-02,0.000000000000000000e+00,2.500000000000000139e-02,0.000000000000000000e+00,0.000000000000000000e+00,0.000000000000000000e+00,0.000000000000000000e+00,0.000000000000000000e+00,0.000000000000000000e+00,0.000000000000000000e+00,0.000000000000000000e+00,0.000000000000000000e+00,0.000000000000000000e+00
0.000000000000000000e+00,7.692307692307692735e-02,0.000000000000000000e+00,7.692307692307692735e-02,0.000000000000000000e+00,7.692307692307692735e-02,7.692307692307692735e-02,3.846153846153846367e-01,7.692307692307692735e-02,7.692307692307692735e-02,0.000000000000000000e+00,0.000000000000000000e+00,0.000000000000000000e+00,0.000000000000000000e+00,7.692307692307692735e-02,0.000000000000000000e+00,0.000000000000000000e+00,0.000000000000000000e+00,0.000000000000000000e+00,7.692307692307692735e-02,0.000000000000000000e+00
8.333333333333332871e-02,8.333333333333332871e-02,8.333333333333332871e-02,0.000000000000000000e+00,4.166666666666666852e-01,8.333333333333332871e-02,8.333333333333332871e-02,0.000000000000000000e+00,8.333333333333332871e-02,8.333333333333332871e-02,0.000000000000000000e+00,0.000000000000000000e+00,0.000000000000000000e+00,0.000000000000000000e+00,0.000000000000000000e+00,0.000000000000000000e+00,0.000000000000000000e+00,0.000000000000000000e+00,0.000000000000000000e+00,0.000000000000000000e+00,0.000000000000000000e+00
0.000000000000000000e+00,6.666666666666666574e-02,0.000000000000000000e+00,0.000000000000000000e+00,0.000000000000000000e+00,6.666666666666666574e-02,0.000000000000000000e+00,1.333333333333333315e-01,6.666666666666666574e-02,4.666666666666666741e-01,2.000000000000000111e-01,0.000000000000000000e+00,0.000000000000000000e+00,0.000000000000000000e+00,0.000000000000000000e+00,0.000000000000000000e+00,0.000000000000000000e+00,0.000000000000000000e+00,0.000000000000000000e+00,0.000000000000000000e+00,0.000000000000000000e+00
0.000000000000000000e+00,6.382978723404254817e-02,6.382978723404254817e-02,1.063829787234042562e-01,8.510638297872340219e-02,2.127659574468085055e-02,0.000000000000000000e+00,0.000000000000000000e+00,4.255319148936170109e-02,1.063829787234042562e-01,5.106382978723403854e-01,0.000000000000000000e+00,0.000000000000000000e+00,0.000000000000000000e+00,0.000000000000000000e+00,0.000000000000000000e+00,0.000000000000000000e+00,0.000000000000000000e+00,0.000000000000000000e+00,0.000000000000000000e+00,0.000000000000000000e+00
2.702702702702702853e-02,0.000000000000000000e+00,2.702702702702702853e-02,2.702702702702702853e-02,0.000000000000000000e+00,0.000000000000000000e+00,0.000000000000000000e+00,0.000000000000000000e+00,0.000000000000000000e+00,0.000000000000000000e+00,0.000000000000000000e+00,7.837837837837837718e-01,5.405405405405405705e-02,2.702702702702702853e-02,2.702702702702702853e-02,0.000000000000000000e+00,0.000000000000000000e+00,0.000000000000000000e+00,2.702702702702702853e-02,0.000000000000000000e+00,0.000000000000000000e+00
0.000000000000000000e+00,9.090909090909091161e-02,0.000000000000000000e+00,0.000000000000000000e+00,0.000000000000000000e+00,0.000000000000000000e+00,0.000000000000000000e+00,0.000000000000000000e+00,0.000000000000000000e+00,0.000000000000000000e+00,0.000000000000000000e+00,1.818181818181818232e-01,1.818181818181818232e-01,1.818181818181818232e-01,9.090909090909091161e-02,9.090909090909091161e-02,0.000000000000000000e+00,0.000000000000000000e+00,0.000000000000000000e+00,1.818181818181818232e-01,0.000000000000000000e+00
0.000000000000000000e+00,0.000000000000000000e+00,0.000000000000000000e+00,0.000000000000000000e+00,0.000000000000000000e+00,0.000000000000000000e+00,0.000000000000000000e+00,0.000000000000000000e+00,0.000000000000000000e+00,0.000000000000000000e+00,0.000000000000000000e+00,3.125000000000000000e-02,3.125000000000000000e-02,5.625000000000000000e-01,1.875000000000000000e-01,0.000000000000000000e+00,3.125000000000000000e-02,0.000000000000000000e+00,0.000000000000000000e+00,6.250000000000000000e-02,9.375000000000000000e-02
0.000000000000000000e+00,1.052631578947368397e-02,3.157894736842105365e-02,0.000000000000000000e+00,0.000000000000000000e+00,0.000000000000000000e+00,0.000000000000000000e+00,0.000000000000000000e+00,0.000000000000000000e+00,0.000000000000000000e+00,1.052631578947368397e-02,0.000000000000000000e+00,4.210526315789473589e-02,5.263157894736841813e-02,7.684210526315788936e-01,3.157894736842105365e-02,1.052631578947368397e-02,0.000000000000000000e+00,2.105263157894736795e-02,2.105263157894736795e-02,0.000000000000000000e+00
2.631578947368420907e-02,5.263157894736841813e-02,5.263157894736841813e-02,0.000000000000000000e+00,0.000000000000000000e+00,0.000000000000000000e+00,0.000000000000000000e+00,0.000000000000000000e+00,0.000000000000000000e+00,0.000000000000000000e+00,0.000000000000000000e+00,0.000000000000000000e+00,0.000000000000000000e+00,2.631578947368420907e-02,7.894736842105262720e-02,6.315789473684210176e-01,5.263157894736841813e-02,5.263157894736841813e-02,0.000000000000000000e+00,2.631578947368420907e-02,0.000000000000000000e+00
0.000000000000000000e+00,0.000000000000000000e+00,2.083333333333333218e-02,0.000000000000000000e+00,2.083333333333333218e-02,0.000000000000000000e+00,0.000000000000000000e+00,0.000000000000000000e+00,0.000000000000000000e+00,0.000000000000000000e+00,0.000000000000000000e+00,0.000000000000000000e+00,0.000000000000000000e+00,0.000000000000000000e+00,2.083333333333333218e-02,6.250000000000000000e-02,6.875000000000000000e-01,4.166666666666666435e-02,8.333333333333332871e-02,4.166666666666666435e-02,2.083333333333333218e-02
8.928571428571428076e-03,0.000000000000000000e+00,0.000000000000000000e+00,8.928571428571428076e-03,0.000000000000000000e+00,0.000000000000000000e+00,1.785714285714285615e-02,0.000000000000000000e+00,0.000000000000000000e+00,0.000000000000000000e+00,0.000000000000000000e+00,8.928571428571428076e-03,8.928571428571428076e-03,0.000000000000000000e+00,1.785714285714285615e-02,8.928571428571428076e-03,1.785714285714285615e-02,7.678571428571429047e-01,8.035714285714286309e-02,8.928571428571428076e-03,4.464285714285714385e-02
1.398601398601398600e-02,6.993006993006993001e-03,6.993006993006993001e-03,0.000000000000000000e+00,0.000000000000000000e+00,0.000000000000000000e+00,0.000000000000000000e+00,0.000000000000000000e+00,0.000000000000000000e+00,0.000000000000000000e+00,0.000000000000000000e+00,6.993006993006993001e-03,6.993006993006993001e-03,0.000000000000000000e+00,1.398601398601398600e-02,0.000000000000000000e+00,2.097902097902097987e-02,5.594405594405594401e-02,6.433566433566433318e-01,1.538461538461538547e-01,6.993006993006993521e-02
3.555555555555555552e-02,8.888888888888888881e-03,8.888888888888888881e-03,4.444444444444444441e-03,4.444444444444444441e-03,0.000000000000000000e+00,0.000000000000000000e+00,0.000000000000000000e+00,0.000000000000000000e+00,0.000000000000000000e+00,0.000000000000000000e+00,0.000000000000000000e+00,0.000000000000000000e+00,4.444444444444444441e-03,8.888888888888888881e-03,0.000000000000000000e+00,8.888888888888888881e-03,1.333333333333333419e-02,9.777777777777778290e-02,6.400000000000000133e-01,1.644444444444444486e-01
1.089108910891089105e-01,1.188118811881188133e-02,7.920792079207920888e-03,5.940594059405940666e-03,0.000000000000000000e+00,0.000000000000000000e+00,0.000000000000000000e+00,0.000000000000000000e+00,0.000000000000000000e+00,0.000000000000000000e+00,0.000000000000000000e+00,0.000000000000000000e+00,0.000000000000000000e+00,5.940594059405940666e-03,3.960396039603960444e-03,0.000000000000000000e+00,0.000000000000000000e+00,1.386138613861386155e-02,1.782178217821782026e-02,7.524752475247524497e-02,7.485148514851485135e-01
