7.894736842105263275e-01,5.263157894736841813e-02,3.947368421052631360e-02,0.000000000000000000e+00,3.947368421052631360e-02,1.315789473684210453e-02,0.000000000000000000e+00,0.000000000000000000e+00,1.315789473684210453e-02,0.000000000000000000e+00,0.000000000000000000e+00,1.315789473684210453e-02,1.315789473684210453e-02,1.315789473684210453e-02,0.000000000000000000e+00,0.000000000000000000e+00,0.000000000000000000e+00,1.315789473684210453e-02,0.000000000000000000e+00,0.000000000000000000e+00,0.000000000000000000e+00,0.000000000000000000e+00
3.076923076923077094e-01,1.538461538461538547e-01,3.846153846153846367e-01,7.692307692307692735e-02,0.000000000000000000e+00,0.000000000000000000e+00,0.000000000000000000e+00,0.000000000000000000e+00,0.000000000000000000e+00,0.000000000000000000e+00,7.692307692307692735e-02,0.000000000000000000e+00,0.000000000000000000e+00,0.000000000000000000e+00,0.000000000000000000e+00,0.000000000000000000e+00,0.000000000000000000e+00,0.000000000000000000e+00,0.000000000000000000e+00,0.000000000000000000e+00,0.000000000000000000e+00,0.000000000000000000e+00
9.677419354838709409e-02,9.677419354838709409e-02,6.129032258064516236e-01,6.451612903225806273e-02,3.225806451612903136e-02,3.225806451612903136e-02,0.000000000000000000e+00,0.000000000000000000e+00,0.000000000000000000e+00,0.000000000000000000e+00,0.000000000000000000e+00,3.225806451612903136e-02,0.000000000000000000e+00,0.000000000000000000e+00,0.000000000000000000e+00,0.000000000000000000e+00,0.000000000000000000e+00,0.000000000000000000e+00,0.000000000000000000e+00,0.000000000000000000e+00,0.000000000000000000e+00,3.225806451612903136e-02
2.040816326530612082e-02,0.000000000000000000e+00,4.081632653061224164e-02,6.326530612244898322e-01,8.163265306122448328e-02,2.040816326530612082e-02,4.081632653061224164e-02,8.163265306122448328e-02,4.081632653061224164e-02,0.000000000000000000e+00,0.000000000000000000e+00,0.000000000000000000e+00,2.040816326530612082e-02,0.000000000000000000e+00,0.000000000000000000e+00,0.000000000000000000e+00,0.000000000000000000e+00,0.000000000000000000e+00,0.000000000000000000e+00,0.000000000000000000e+00,0.000000000000000000e+00,2.040816326530612082e-02
2.439024390243902524e-02,0.000000000000000000e+00,1.219512195121951262e-02,4.878048780487805047e-02,6.585365853658536883e-01,6.097560975609755962e-02,4.878048780487805047e-02,2.439024390243902524e-02,0.000000000000000000e+00,0.000000000000000000e+00,1.219512195121951262e-02,3.658536585365853439e-02,1.219512195121951262e-02,4.878048780487805047e-02,1.219512195121951262e-02,0.000000000000000000e+00,0.000000000000000000e+00,0.000000000000000000e+00,0.000000000000000000e+00,0.000000000000000000e+00,0.000000000000000000e+00,0.000000000000000000e+00
1.538461538461538547e-02,0.000000000000000000e+00,1.538461538461538547e-02,1.538461538461538547e-02,3.076923076923077094e-02,5.230769230769231060e-01,2.769230769230769384e-01,1.538461538461538547e-02,1.538461538461538547e-02,1.538461538461538547e-02,3.076923076923077094e-02,0.000000000000000000e+00,0.000000000000000000e+00,0.000000000000000000e+00,0.000000000000000000e+00,0.000000000000000000e+00,0.000000000000000000e+00,0.000000000000000000e+00,0.000000000000000000e+00,0.000000000000000000e+00,1.538461538461538547e-02,3.076923076923077094e-02
1.298701298701298787e-02,0.000000000000000000e+00,1.298701298701298787e-02,0.000000000000000000e+00,5.194805194805195148e-02,1.298701298701298579e-01,4.025974025974026205e-01,1.558441558441558406e-01,7.792207792207792028e-02,5.194805194805195148e-02,3.896103896103896014e-02,2.597402597402597574e-02,2.597402597402597574e-02,0.000000000000000000e+00,0.000000000000000000e+00,0.000000000000000000e+00,0.000000000000000000e+00,0.000000000000000000e+00,0.000000000000000000e+00,0.000000000000000000e+00,0.000000000000000000e+00,1.298701298701298787e-02
5.747126436781609116e-03,0.000000000000000000e+00,0.000000000000000000e+00,5.747126436781609116e-03,5.747126436781609116e-03,1.149425287356321823e-02,6.896551724137930939e-02,6.724137931034482873e-01,1.264367816091954144e-01,5.747126436781609116e-02,5.747126436781609116e-03,1.149425287356321823e-02,1.724137931034482735e-02,5.747126436781609116e-03,5.747126436781609116e-03,0.000000000000000000e+00,0.000000000000000000e+00,0.000000000000000000e+00,0.000000000000000000e+00,0.000000000000000000e+00,0.000000000000000000e+00,0.000000000000000000e+00
0.000000000000000000e+00,2.857142857142857140e-03,0.000000000000000000e+00,5.714285714285714281e-03,2.857142857142857140e-03,2.857142857142857140e-03,1.428571428571428527e-02,4.857142857142857095e-02,6.914285714285713924e-01,1.514285714285714401e-01,4.285714285714285754e-02,1.428571428571428527e-02,1.428571428571428527e-02,0.000000000000000000e+00,2.857142857142857140e-03,0.000000000000000000e+00,0.000000000000000000e+00,0.000000000000000000e+00,0.000000000000000000e+00,0.000000000000000000e+00,2.857142857142857140e-03,2.857142857142857140e-03
0.000000000000000000e+00,0.000000000000000000e+00,1.607717041800643069e-03,0.000000000000000000e+00,1.607717041800643069e-03,6.430868167202572275e-03,4.823151125401929640e-03,1.607717041800642982e-02,7.234726688102893766e-02,6.977491961414791222e-01,1.527331189710610937e-01,3.054662379421221874e-02,4.823151125401929640e-03,8.038585209003214910e-03,1.607717041800643069e-03,0.000000000000000000e+00,0.000000000000000000e+00,0.000000000000000000e+00,0.000000000000000000e+00,0.000000000000000000e+00,1.607717041800643069e-03,0.000000000000000000e+00
0.000000000000000000e+00,0.000000000000000000e+00,0.000000000000000000e+00,1.086956521739130448e-03,2.173913043478260896e-03,0.000000000000000000e+00,3.260869565217391127e-03,2.173913043478260896e-03,1.195652173913043514e-02,8.043478260869564578e-02,7.554347826086956763e-01,1.065217391304347783e-01,2.173913043478260809e-02,4.347826086956521792e-03,3.260869565217391127e-03,1.086956521739130448e-03,1.086956521739130448e-03,1.086956521739130448e-03,0.000000000000000000e+00,1.086956521739130448e-03,0.000000000000000000e+00,3.260869565217391127e-03
0.000000000000000000e+00,0.000000000000000000e+00,0.000000000000000000e+00,0.000000000000000000e+00,5.326231691078562279e-03,0.000000000000000000e+00,2.663115845539281139e-03,2.663115845539281139e-03,9.320905459387483771e-03,2.929427430093209037e-02,9.720372836218375834e-02,7.057256990679094955e-01,1.065246338215712352e-01,1.997336884154460659e-02,5.326231691078562279e-03,1.331557922769640570e-03,2.663115845539281139e-03,0.000000000000000000e+00,0.000000000000000000e+00,3.994673768308921492e-03,1.331557922769640570e-03,6.657789613848202198e-03
1.984126984126984017e-03,3.968253968253968034e-03,0.000000000000000000e+00,0.000000000000000000e+00,1.984126984126984017e-03,1.984126984126984017e-03,3.968253968253968034e-03,1.984126984126984017e-03,7.936507936507936067e-03,1.984126984126984017e-02,3.769841269841269632e-02,1.488095238095238082e-01,6.507936507936508130e-01,7.142857142857142461e-02,2.579365079365079222e-02,7.936507936507936067e-03,3.968253968253968034e-03,1.984126984126984017e-03,5.952380952380952051e-03,0.000000000000000000e+00,0.000000000000000000e+00,1.984126984126984017e-03
3.623188405797101493e-03,0.000000000000000000e+00,0.000000000000000000e+00,0.000000000000000000e+00,1.086956521739130405e-02,0.000000000000000000e+00,0.000000000000000000e+00,1.086956521739130405e-02,3.623188405797101493e-03,1.811594202898550790e-02,1.811594202898550790e-02,6.521739130434782428e-02,1.449275362318840632e-01,6.268115942028985588e-01,6.884057971014492794e-02,1.086956521739130405e-02,0.000000000000000000e+00,0.000000000000000000e+00,0.000000000000000000e+00,0.000000000000000000e+00,3.623188405797101493e-03,1.449275362318840597e-02
5.917159763313609329e-03,0.000000000000000000e+00,0.000000000000000000e+00,1.183431952662721866e-02,1.183431952662721866e-02,1.183431952662721866e-02,0.000000000000000000e+00,5.917159763313609329e-03,5.917159763313609329e-03,0.000000000000000000e+00,1.775147928994082885e-02,4.142011834319526964e-02,4.733727810650887463e-02,1.183431952662721831e-01,5.857988165680473314e-01,5.917159763313609155e-02,2.366863905325443732e-02,1.775147928994082885e-02,1.775147928994082885e-02,5.917159763313609329e-03,0.000000000000000000e+00,1.183431952662721866e-02
1.351351351351351426e-02,0.000000000000000000e+00,0.000000000000000000e+00,0.000000000000000000e+00,0.000000000000000000e+00,0.000000000000000000e+00,1.351351351351351426e-02,0.000000000000000000e+00,0.000000000000000000e+00,0.000000000000000000e+00,2.702702702702702853e-02,1.351351351351351426e-02,2.702702702702702853e-02,1.081081081081081141e-01,9.459459459459459985e-02,5.000000000000000000e-01,4.054054054054054279e-02,8.108108108108108558e-02,1.351351351351351426e-02,2.702702702702702853e-02,0.000000000000000000e+00,4.054054054054054279e-02
0.000000000000000000e+00,0.000000000000000000e+00,0.000000000000000000e+00,0.000000000000000000e+00,0.000000000000000000e+00,0.000000000000000000e+00,0.000000000000000000e+00,2.857142857142857054e-02,0.000000000000000000e+00,0.000000000000000000e+00,0.000000000000000000e+00,5.714285714285714107e-02,8.571428571428571508e-02,5.714285714285714107e-02,2.000000000000000111e-01,8.571428571428571508e-02,3.428571428571428603e-01,2.857142857142857054e-02,0.000000000000000000e+00,0.000000000000000000e+00,0.000000000000000000e+00,1.142857142857142821e-01
0.000000000000000000e+00,0.000000000000000000e+00,0.000000000000000000e+00,0.000000000000000000e+00,0.000000000000000000e+00,0.000000000000000000e+00,0.000000000000000000e+00,0.000000000000000000e+00,0.000000000000000000e+00,2.564102564102564014e-02,2.564102564102564014e-02,0.000000000000000000e+00,0.000000000000000000e+00,2.564102564102564014e-02,1.025641025641025605e-01,1.794871794871794879e-01,7.692307692307692735e-02,4.102564102564102422e-01,0.000000000000000000e+00,5.128205128205128027e-02,0.000000000000000000e+00,1.025641025641025605e-01
0.000000000000000000e+00,0.000000000000000000e+00,0.000000000000000000e+00,0.000000000000000000e+00,0.000000000000000000e+00,0.000000000000000000e+00,0.000000000000000000e+00,8.333333333333332871e-02,0.000000000000000000e+00,8.333333333333332871e-02,8.333333333333332871e-02,0.000000000000000000e+00,8.333333333333332871e-02,1.666666666666666574e-01,8.333333333333332871e-02,0.000000000000000000e+00,0.000000000000000000e+00,1.666666666666666574e-01,1.666666666666666574e-01,0.000000000000000000e+00,0.000000000000000000e+00,8.333333333333332871e-02
0.000000000000000000e+00,0.000000000000000000e+00,3.846153846153846367e-02,0.000000000000000000e+00,0.000000000000000000e+00,0.000000000000000000e+00,0.000000000000000000e+00,0.000000000000000000e+00,0.000000000000000000e+00,3.846153846153846367e-02,3.846153846153846367e-02,0.000000000000000000e+00,3.846153846153846367e-02,3.846153846153846367e-02,7.692307692307692735e-02,7.692307692307692735e-02,0.000000000000000000e+00,3.846153846153846367e-02,7.692307692307692735e-02,2.692307692307692180e-01,3.846153846153846367e-02,2.307692307692307820e-01
0.000000000000000000e+00,0.000000000000000000e+00,0.000000000000000000e+00,0.000000000000000000e+00,0.000000000000000000e+00,6.250000000000000000e-02,0.000000000000000000e+00,0.000000000000000000e+00,6.250000000000000000e-02,6.250000000000000000e-02,0.000000000000000000e+00,1.250000000000000000e-01,0.000000000000000000e+00,0.000000000000000000e+00,0.000000000000000000e+00,0.000000000000000000e+00,0.000000000000000000e+00,0.000000000000000000e+00,1.250000000000000000e-01,1.250000000000000000e-01,1.875000000000000000e-01,2.500000000000000000e-01
0.000000000000000000e+00,7.874015748031495954e-03,0.000000000000000000e+00,7.874015748031495954e-03,0.000000000000000000e+00,0.000000000000000000e+00,7.874015748031495954e-03,0.000000000000000000e+00,0.000000000000000000e+00,2.362204724409448786e-02,7.874015748031495954e-03,2.362204724409448786e-02,3.937007874015747977e-02,3.149606299212598381e-02,7.874015748031495954e-03,2.362204724409448786e-02,3.149606299212598381e-02,2.362204724409448786e-02,1.574803149606299191e-02,6.299212598425196763e-02,4.724409448818897572e-02,6.377952755905511584e-01
