8.048780487804878536e-01,3.658536585365853439e-02,4.878048780487805047e-02,2.439024390243902524e-02,2.439024390243902524e-02,0.000000000000000000e+00,0.000000000000000000e+00,1.219512195121951262e-02,1.219512195121951262e-02,0.000000000000000000e+00,0.000000000000000000e+00,0.000000000000000000e+00,2.439024390243902524e-02,0.000000000000000000e+00,0.000000000000000000e+00,0.000000000000000000e+00,0.000000000000000000e+00,0.000000000000000000e+00,0.000000000000000000e+00,0.000000000000000000e+00,0.000000000000000000e+00,1.219512195121951262e-02
8.823529411764706454e-02,5.000000000000000000e-01,1.764705882352941291e-01,0.000000000000000000e+00,8.823529411764706454e-02,2.941176470588235253e-02,5.882352941176470507e-02,0.000000000000000000e+00,0.000000000000000000e+00,0.000000000000000000e+00,2.941176470588235253e-02,2.941176470588235253e-02,0.000000000000000000e+00,0.000000000000000000e+00,0.000000000000000000e+00,0.000000000000000000e+00,0.000000000000000000e+00,0.000000000000000000e+00,0.000000000000000000e+00,0.000000000000000000e+00,0.000000000000000000e+00,0.000000000000000000e+00
2.272727272727272790e-02,1.590909090909090884e-01,6.136363636363636465e-01,9.090909090909091161e-02,2.272727272727272790e-02,2.272727272727272790e-02,0.000000000000000000e+00,0.000000000000000000e+00,0.000000000000000000e+00,2.272727272727272790e-02,4.545454545454545581e-02,0.000000000000000000e+00,0.000000000000000000e+00,0.000000000000000000e+00,0.000000000000000000e+00,0.000000000000000000e+00,0.000000000000000000e+00,0.000000000000000000e+00,0.000000000000000000e+00,0.000000000000000000e+00,0.000000000000000000e+00,0.000000000000000000e+00
1.562500000000000000e-01,0.000000000000000000e+00,1.250000000000000000e-01,4.687500000000000000e-01,3.125000000000000000e-02,3.125000000000000000e-02,0.000000000000000000e+00,0.000000000000000000e+00,0.000000000000000000e+00,0.000000000000000000e+00,3.125000000000000000e-02,3.125000000000000000e-02,6.250000000000000000e-02,0.000000000000000000e+00,0.000000000000000000e+00,3.125000000000000000e-02,0.000000000000000000e+00,0.000000000000000000e+00,0.000000000000000000e+00,0.000000000000000000e+00,0.000000000000000000e+00,3.125000000000000000e-02
3.125000000000000000e-02,3.125000000000000000e-02,1.562500000000000000e-02,4.687500000000000000e-02,6.406250000000000000e-01,9.375000000000000000e-02,1.562500000000000000e-02,1.562500000000000000e-02,4.687500000000000000e-02,1.562500000000000000e-02,0.000000000000000000e+00,0.000000000000000000e+00,1.562500000000000000e-02,1.562500000000000000e-02,0.000000000000000000e+00,1.562500000000000000e-02,0.000000000000000000e+00,0.000000000000000000e+00,0.000000000000000000e+00,0.000000000000000000e+00,0.000000000000000000e+00,0.000000000000000000e+00
0.000000000000000000e+00,1.785714285714285615e-02,0.000000000000000000e+00,3.571428571428571230e-02,8.928571428571428770e-02,6.071428571428570953e-01,7.142857142857142461e-02,8.928571428571428770e-02,1.785714285714285615e-02,3.571428571428571230e-02,0.000000000000000000e+00,1.785714285714285615e-02,1.785714285714285615e-02,0.000000000000000000e+00,0.000000000000000000e+00,0.000000000000000000e+00,0.000000000000000000e+00,0.000000000000000000e+00,0.000000000000000000e+00,0.000000000000000000e+00,0.000000000000000000e+00,0.000000000000000000e+00
1.030927835051546372e-02,0.000000000000000000e+00,0.000000000000000000e+00,2.061855670103092744e-02,1.030927835051546372e-02,7.216494845360824084e-02,6.804123711340206437e-01,6.185567010309278579e-02,1.030927835051546372e-02,3.092783505154639290e-02,3.092783505154639290e-02,3.092783505154639290e-02,0.000000000000000000e+00,0.000000000000000000e+00,2.061855670103092744e-02,1.030927835051546372e-02,1.030927835051546372e-02,0.000000000000000000e+00,0.000000000000000000e+00,0.000000000000000000e+00,0.000000000000000000e+00,0.000000000000000000e+00
0.000000000000000000e+00,7.462686567164178962e-03,0.000000000000000000e+00,7.462686567164178962e-03,7.462686567164178962e-03,7.462686567164178962e-03,9.701492537313433084e-02,6.268656716417910779e-01,1.417910447761193959e-01,3.731343283582089221e-02,2.238805970149253602e-02,2.238805970149253602e-02,7.462686567164178962e-03,7.462686567164178962e-03,7.462686567164178962e-03,0.000000000000000000e+00,0.000000000000000000e+00,0.000000000000000000e+00,0.000000000000000000e+00,0.000000000000000000e+00,0.000000000000000000e+00,0.000000000000000000e+00
0.000000000000000000e+00,3.460207612456747510e-03,0.000000000000000000e+00,3.460207612456747510e-03,1.038062283737024166e-02,1.038062283737024166e-02,1.038062283737024166e-02,8.650519031141867821e-02,6.643598615916954664e-01,1.384083044982699073e-01,3.806228373702422174e-02,1.038062283737024166e-02,2.076124567474048332e-02,0.000000000000000000e+00,0.000000000000000000e+00,0.000000000000000000e+00,0.000000000000000000e+00,0.000000000000000000e+00,0.000000000000000000e+00,0.000000000000000000e+00,0.000000000000000000e+00,3.460207612456747510e-03
0.000000000000000000e+00,0.000000000000000000e+00,1.615508885298869244e-03,0.000000000000000000e+00,0.000000000000000000e+00,1.615508885298869244e-03,1.615508885298869244e-03,1.777059773828756212e-02,9.369951534733440834e-02,7.318255250403876699e-01,1.163166397415185821e-01,2.423263327948303736e-02,6.462035541195476976e-03,1.615508885298869244e-03,0.000000000000000000e+00,0.000000000000000000e+00,1.615508885298869244e-03,0.000000000000000000e+00,0.000000000000000000e+00,0.000000000000000000e+00,0.000000000000000000e+00,1.615508885298869244e-03
0.000000000000000000e+00,9.900990099009901110e-04,0.000000000000000000e+00,0.000000000000000000e+00,0.000000000000000000e+00,2.970297029702970333e-03,9.900990099009901110e-04,9.900990099009901110e-04,6.930693069306930777e-03,1.069306930693069285e-01,7.504950495049504955e-01,8.514851485148515475e-02,1.287128712871287058e-02,6.930693069306930777e-03,5.940594059405940666e-03,5.940594059405940666e-03,3.960396039603960444e-03,0.000000000000000000e+00,9.900990099009901110e-04,0.000000000000000000e+00,0.000000000000000000e+00,7.920792079207920888e-03
0.000000000000000000e+00,0.000000000000000000e+00,0.000000000000000000e+00,1.041666666666666652e-03,0.000000000000000000e+00,0.000000000000000000e+00,2.083333333333333304e-03,2.083333333333333304e-03,1.041666666666666652e-03,1.458333333333333356e-02,1.354166666666666574e-01,7.239583333333333703e-01,7.291666666666667129e-02,1.874999999999999931e-02,9.374999999999999653e-03,5.208333333333333044e-03,1.041666666666666652e-03,1.041666666666666652e-03,0.000000000000000000e+00,0.000000000000000000e+00,0.000000000000000000e+00,1.145833333333333252e-02
0.000000000000000000e+00,0.000000000000000000e+00,2.123142250530785525e-03,2.123142250530785525e-03,2.123142250530785525e-03,4.246284501061571050e-03,0.000000000000000000e+00,4.246284501061571050e-03,1.273885350318471402e-02,1.273885350318471402e-02,3.184713375796178331e-02,2.101910828025477795e-01,6.050955414012738620e-01,5.944798301486199643e-02,1.486199575371549911e-02,1.273885350318471402e-02,2.123142250530785525e-03,2.123142250530785525e-03,0.000000000000000000e+00,2.123142250530785525e-03,0.000000000000000000e+00,1.910828025477706929e-02
9.345794392523363789e-03,0.000000000000000000e+00,0.000000000000000000e+00,9.345794392523363789e-03,0.000000000000000000e+00,0.000000000000000000e+00,0.000000000000000000e+00,0.000000000000000000e+00,9.345794392523363789e-03,0.000000000000000000e+00,3.738317757009345516e-02,6.542056074766354479e-02,1.962616822429906482e-01,5.140186915887849928e-01,8.878504672897195860e-02,4.672897196261681894e-03,4.672897196261681894e-03,0.000000000000000000e+00,0.000000000000000000e+00,9.345794392523363789e-03,4.672897196261681894e-03,4.672897196261682068e-02
0.000000000000000000e+00,0.000000000000000000e+00,0.000000000000000000e+00,0.000000000000000000e+00,6.451612903225806446e-03,0.000000000000000000e+00,1.290322580645161289e-02,6.451612903225806446e-03,6.451612903225806446e-03,1.290322580645161289e-02,3.870967741935484041e-02,3.225806451612903136e-02,6.451612903225806273e-02,2.129032258064516014e-01,5.032258064516128560e-01,1.935483870967742021e-02,1.935483870967742021e-02,1.290322580645161289e-02,1.290322580645161289e-02,0.000000000000000000e+00,0.000000000000000000e+00,3.870967741935484041e-02
0.000000000000000000e+00,0.000000000000000000e+00,0.000000000000000000e+00,0.000000000000000000e+00,0.000000000000000000e+00,0.000000000000000000e+00,1.923076923076923184e-02,0.000000000000000000e+00,0.000000000000000000e+00,0.000000000000000000e+00,1.923076923076923184e-02,9.615384615384615918e-02,1.923076923076923184e-01,9.615384615384615918e-02,1.346153846153846090e-01,2.500000000000000000e-01,0.000000000000000000e+00,1.923076923076923184e-02,5.769230769230769551e-02,0.000000000000000000e+00,1.923076923076923184e-02,9.615384615384615918e-02
0.000000000000000000e+00,0.000000000000000000e+00,0.000000000000000000e+00,0.000000000000000000e+00,0.000000000000000000e+00,0.000000000000000000e+00,0.000000000000000000e+00,0.000000000000000000e+00,0.000000000000000000e+00,0.000000000000000000e+00,0.000000000000000000e+00,1.250000000000000000e-01,0.000000000000000000e+00,3.750000000000000000e-01,1.250000000000000000e-01,1.250000000000000000e-01,6.250000000000000000e-02,6.250000000000000000e-02,6.250000000000000000e-02,0.000000000000000000e+00,0.000000000000000000e+00,6.250000000000000000e-02
0.000000000000000000e+00,0.000000000000000000e+00,0.000000000000000000e+00,0.000000000000000000e+00,0.000000000000000000e+00,0.000000000000000000e+00,0.000000000000000000e+00,0.000000000000000000e+00,0.000000000000000000e+00,0.000000000000000000e+00,9.090909090909091161e-02,0.000000000000000000e+00,0.000000000000000000e+00,0.000000000000000000e+00,9.090909090909091161e-02,3.636363636363636465e-01,1.818181818181818232e-01,0.000000000000000000e+00,0.000000000000000000e+00,0.000000000000000000e+00,0.000000000000000000e+00,2.727272727272727071e-01
0.000000000000000000e+00,0.000000000000000000e+00,0.000000000000000000e+00,0.000000000000000000e+00,0.000000000000000000e+00,0.000000000000000000e+00,0.000000000000000000e+00,0.000000000000000000e+00,0.000000000000000000e+00,0.000000000000000000e+00,0.000000000000000000e+00,0.000000000000000000e+00,0.000000000000000000e+00,1.000000000000000056e-01,2.000000000000000111e-01,2.000000000000000111e-01,1.000000000000000056e-01,2.000000000000000111e-01,0.000000000000000000e+00,0.000000000000000000e+00,0.000000000000000000e+00,2.000000000000000111e-01
0.000000000000000000e+00,0.000000000000000000e+00,0.000000000000000000e+00,0.000000000000000000e+00,0.000000000000000000e+00,0.000000000000000000e+00,0.000000000000000000e+00,0.000000000000000000e+00,0.000000000000000000e+00,0.000000000000000000e+00,0.000000000000000000e+00,0.000000000000000000e+00,0.000000000000000000e+00,2.000000000000000111e-01,2.000000000000000111e-01,2.000000000000000111e-01,2.000000000000000111e-01,0.000000000000000000e+00,2.000000000000000111e-01,0.000000000000000000e+00,0.000000000000000000e+00,0.000000000000000000e+00
0.000000000000000000e+00,0.000000000000000000e+00,0.000000000000000000e+00,0.000000000000000000e+00,0.000000000000000000e+00,0.000000000000000000e+00,0.000000000000000000e+00,0.000000000000000000e+00,0.000000000000000000e+00,0.000000000000000000e+00,1.250000000000000000e-01,0.000000000000000000e+00,0.000000000000000000e+00,1.250000000000000000e-01,0.000000000000000000e+00,0.000000000000000000e+00,0.000000000000000000e+00,0.000000000000000000e+00,0.000000000000000000e+00,1.250000000000000000e-01,3.750000000000000000e-01,2.500000000000000000e-01
0.000000000000000000e+00,0.000000000000000000e+00,0.000000000000000000e+00,0.000000000000000000e+00,8.000000000000000167e-03,0.000000000000000000e+00,0.000000000000000000e+00,0.000000000000000000e+00,0.000000000000000000e+00,1.600000000000000033e-02,4.000000000000000083e-02,1.039999999999999952e-01,7.199999999999999456e-02,3.200000000000000067e-02,8.799999999999999489e-02,4.000000000000000083e-02,2.400000000000000050e-02,0.000000000000000000e+00,8.000000000000000167e-03,2.400000000000000050e-02,1.600000000000000033e-02,5.280000000000000249e-01
