8.631578947368421240e-01,3.157894736842105365e-02,0.000000000000000000e+00,3.157894736842105365e-02,2.105263157894736795e-02,1.052631578947368397e-02,1.052631578947368397e-02,0.000000000000000000e+00,1.052631578947368397e-02,1.052631578947368397e-02,0.000000000000000000e+00,0.000000000000000000e+00,0.000000000000000000e+00,0.000000000000000000e+00,1.052631578947368397e-02,0.000000000000000000e+00,0.000000000000000000e+00,0.000000000000000000e+00,0.000000000000000000e+00,0.000000000000000000e+00,0.000000000000000000e+00,0.000000000000000000e+00
1.363636363636363535e-01,7.272727272727272929e-01,4.545454545454545581e-02,0.000000000000000000e+00,9.090909090909091161e-02,0.000000000000000000e+00,0.000000000000000000e+00,0.000000000000000000e+00,0.000000000000000000e+00,0.000000000000000000e+00,0.000000000000000000e+00,0.000000000000000000e+00,0.000000000000000000e+00,0.000000000000000000e+00,0.000000000000000000e+00,0.000000000000000000e+00,0.000000000000000000e+00,0.000000000000000000e+00,0.000000000000000000e+00,0.000000000000000000e+00,0.000000000000000000e+00,0.000000000000000000e+00
4.761904761904761640e-02,0.000000000000000000e+00,6.666666666666666297e-01,1.428571428571428492e-01,0.000000000000000000e+00,0.000000000000000000e+00,0.000000000000000000e+00,0.000000000000000000e+00,4.761904761904761640e-02,0.000000000000000000e+00,0.000000000000000000e+00,0.000000000000000000e+00,4.761904761904761640e-02,0.000000000000000000e+00,0.000000000000000000e+00,0.000000000000000000e+00,0.000000000000000000e+00,0.000000000000000000e+00,0.000000000000000000e+00,0.000000000000000000e+00,0.000000000000000000e+00,4.761904761904761640e-02
6.666666666666666574e-02,2.222222222222222307e-02,4.444444444444444614e-02,6.888888888888888840e-01,0.000000000000000000e+00,2.222222222222222307e-02,0.000000000000000000e+00,4.444444444444444614e-02,2.222222222222222307e-02,2.222222222222222307e-02,0.000000000000000000e+00,2.222222222222222307e-02,0.000000000000000000e+00,0.000000000000000000e+00,2.222222222222222307e-02,0.000000000000000000e+00,0.000000000000000000e+00,0.000000000000000000e+00,0.000000000000000000e+00,2.222222222222222307e-02,0.000000000000000000e+00,0.000000000000000000e+00
1.176470588235294101e-02,1.176470588235294101e-02,1.176470588235294101e-02,3.529411764705882304e-02,8.235294117647058432e-01,2.352941176470588203e-02,0.000000000000000000e+00,1.176470588235294101e-02,0.000000000000000000e+00,1.176470588235294101e-02,1.176470588235294101e-02,2.352941176470588203e-02,0.000000000000000000e+00,0.000000000000000000e+00,1.176470588235294101e-02,0.000000000000000000e+00,0.000000000000000000e+00,0.000000000000000000e+00,0.000000000000000000e+00,0.000000000000000000e+00,0.000000000000000000e+00,1.176470588235294101e-02
0.000000000000000000e+00,0.000000000000000000e+00,0.000000000000000000e+00,0.000000000000000000e+00,4.878048780487805047e-02,3.902439024390244038e-01,2.439024390243902385e-01,7.317073170731706877e-02,7.317073170731706877e-02,4.878048780487805047e-02,2.439024390243902524e-02,2.439024390243902524e-02,0.000000000000000000e+00,0.000000000000000000e+00,2.439024390243902524e-02,2.439024390243902524e-02,0.000000000000000000e+00,0.000000000000000000e+00,0.000000000000000000e+00,0.000000000000000000e+00,2.439024390243902524e-02,0.000000000000000000e+00
1.086956521739130405e-02,0.000000000000000000e+00,0.000000000000000000e+00,0.000000000000000000e+00,1.086956521739130405e-02,4.347826086956521618e-02,5.978260869565217295e-01,1.956521739130434867e-01,3.260869565217391214e-02,2.173913043478260809e-02,1.086956521739130405e-02,1.086956521739130405e-02,1.086956521739130405e-02,4.347826086956521618e-02,1.086956521739130405e-02,0.000000000000000000e+00,0.000000000000000000e+00,0.000000000000000000e+00,0.000000000000000000e+00,0.000000000000000000e+00,0.000000000000000000e+00,0.000000000000000000e+00
0.000000000000000000e+00,3.921568627450980338e-03,3.921568627450980338e-03,7.843137254901960675e-03,3.921568627450980338e-03,3.921568627450980338e-03,4.705882352941176405e-02,7.176470588235294157e-01,1.254901960784313708e-01,4.705882352941176405e-02,7.843137254901960675e-03,7.843137254901960675e-03,0.000000000000000000e+00,1.176470588235294101e-02,3.921568627450980338e-03,0.000000000000000000e+00,0.000000000000000000e+00,0.000000000000000000e+00,0.000000000000000000e+00,0.000000000000000000e+00,0.000000000000000000e+00,7.843137254901960675e-03
0.000000000000000000e+00,0.000000000000000000e+00,0.000000000000000000e+00,0.000000000000000000e+00,2.898550724637681195e-03,2.898550724637681195e-03,1.159420289855072478e-02,5.797101449275362389e-02,7.159420289855072950e-01,1.623188405797101330e-01,1.739130434782608717e-02,2.898550724637681195e-03,1.449275362318840597e-02,2.898550724637681195e-03,2.898550724637681195e-03,0.000000000000000000e+00,0.000000000000000000e+00,0.000000000000000000e+00,0.000000000000000000e+00,0.000000000000000000e+00,0.000000000000000000e+00,5.797101449275362389e-03
0.000000000000000000e+00,0.000000000000000000e+00,1.319261213720316576e-03,0.000000000000000000e+00,1.319261213720316576e-03,1.319261213720316576e-03,3.957783641160950161e-03,7.915567282321900322e-03,5.804749340369393107e-02,7.572559366754617605e-01,1.213720316622691336e-01,2.638522427440633325e-02,1.319261213720316663e-02,5.277044854881266303e-03,0.000000000000000000e+00,0.000000000000000000e+00,0.000000000000000000e+00,0.000000000000000000e+00,0.000000000000000000e+00,0.000000000000000000e+00,1.319261213720316576e-03,1.319261213720316576e-03
1.048218029350104878e-03,0.000000000000000000e+00,0.000000000000000000e+00,0.000000000000000000e+00,0.000000000000000000e+00,0.000000000000000000e+00,1.048218029350104878e-03,4.192872117400419513e-03,8.385744234800839025e-03,8.385744234800839025e-02,7.798742138364780363e-01,8.909853249475890857e-02,1.781970649895178033e-02,6.289308176100629269e-03,2.096436058700209756e-03,2.096436058700209756e-03,0.000000000000000000e+00,1.048218029350104878e-03,2.096436058700209756e-03,0.000000000000000000e+00,0.000000000000000000e+00,1.048218029350104878e-03
1.639344262295081966e-03,0.000000000000000000e+00,0.000000000000000000e+00,0.000000000000000000e+00,1.639344262295081966e-03,3.278688524590163932e-03,6.557377049180327863e-03,1.639344262295081966e-03,1.639344262295081966e-03,3.442622950819672345e-02,1.163934426229508157e-01,6.819672131147540561e-01,9.180327868852458661e-02,1.639344262295082053e-02,8.196721311475410263e-03,4.918032786885246331e-03,8.196721311475410263e-03,3.278688524590163932e-03,0.000000000000000000e+00,0.000000000000000000e+00,0.000000000000000000e+00,1.803278688524590292e-02
0.000000000000000000e+00,0.000000000000000000e+00,5.479452054794520591e-03,0.000000000000000000e+00,0.000000000000000000e+00,2.739726027397260295e-03,2.739726027397260295e-03,0.000000000000000000e+00,8.219178082191780019e-03,2.191780821917808236e-02,4.109589041095890183e-02,1.479452054794520577e-01,6.191780821917808320e-01,7.123287671232876594e-02,4.657534246575342762e-02,1.095890410958904118e-02,8.219178082191780019e-03,0.000000000000000000e+00,2.739726027397260295e-03,0.000000000000000000e+00,0.000000000000000000e+00,1.095890410958904118e-02
3.846153846153846367e-03,0.000000000000000000e+00,0.000000000000000000e+00,7.692307692307692735e-03,3.846153846153846367e-03,0.000000000000000000e+00,0.000000000000000000e+00,0.000000000000000000e+00,0.000000000000000000e+00,1.153846153846153910e-02,3.076923076923077094e-02,5.000000000000000278e-02,1.076923076923076983e-01,6.307692307692307487e-01,8.846153846153846645e-02,2.307692307692307820e-02,3.846153846153846367e-03,3.846153846153846367e-03,3.846153846153846367e-03,1.153846153846153910e-02,0.000000000000000000e+00,1.923076923076923184e-02
0.000000000000000000e+00,0.000000000000000000e+00,0.000000000000000000e+00,0.000000000000000000e+00,5.586592178770949900e-03,1.675977653631284883e-02,0.000000000000000000e+00,1.117318435754189980e-02,0.000000000000000000e+00,1.117318435754189980e-02,1.117318435754189980e-02,4.469273743016759920e-02,1.061452513966480438e-01,1.117318435754189876e-01,5.363128491620111626e-01,7.821229050279329686e-02,1.675977653631284883e-02,5.586592178770949900e-03,5.586592178770949900e-03,0.000000000000000000e+00,5.586592178770949900e-03,3.351955307262569767e-02
0.000000000000000000e+00,0.000000000000000000e+00,1.315789473684210453e-02,0.000000000000000000e+00,0.000000000000000000e+00,0.000000000000000000e+00,0.000000000000000000e+00,0.000000000000000000e+00,0.000000000000000000e+00,0.000000000000000000e+00,1.315789473684210453e-02,1.052631578947368363e-01,5.263157894736841813e-02,1.315789473684210453e-02,1.447368421052631637e-01,4.078947368421052544e-01,7.894736842105262720e-02,3.947368421052631360e-02,1.315789473684210453e-02,1.315789473684210453e-02,2.631578947368420907e-02,7.894736842105262720e-02
0.000000000000000000e+00,0.000000000000000000e+00,0.000000000000000000e+00,0.000000000000000000e+00,0.000000000000000000e+00,0.000000000000000000e+00,0.000000000000000000e+00,2.000000000000000042e-02,0.000000000000000000e+00,0.000000000000000000e+00,0.000000000000000000e+00,5.999999999999999778e-02,8.000000000000000167e-02,1.000000000000000056e-01,4.000000000000000083e-02,1.600000000000000033e-01,4.199999999999999845e-01,8.000000000000000167e-02,2.000000000000000042e-02,0.000000000000000000e+00,0.000000000000000000e+00,2.000000000000000042e-02
0.000000000000000000e+00,0.000000000000000000e+00,0.000000000000000000e+00,0.000000000000000000e+00,0.000000000000000000e+00,0.000000000000000000e+00,0.000000000000000000e+00,0.000000000000000000e+00,0.000000000000000000e+00,3.571428571428571230e-02,0.000000000000000000e+00,7.142857142857142461e-02,7.142857142857142461e-02,1.071428571428571369e-01,0.000000000000000000e+00,3.571428571428571230e-02,2.142857142857142738e-01,2.500000000000000000e-01,7.142857142857142461e-02,0.000000000000000000e+00,1.071428571428571369e-01,3.571428571428571230e-02
0.000000000000000000e+00,0.000000000000000000e+00,0.000000000000000000e+00,0.000000000000000000e+00,0.000000000000000000e+00,0.000000000000000000e+00,0.000000000000000000e+00,0.000000000000000000e+00,0.000000000000000000e+00,0.000000000000000000e+00,0.000000000000000000e+00,0.000000000000000000e+00,0.000000000000000000e+00,6.451612903225806273e-02,0.000000000000000000e+00,3.225806451612903136e-02,3.225806451612903136e-02,9.677419354838709409e-02,4.838709677419354982e-01,3.225806451612903136e-02,3.225806451612903136e-02,2.258064516129032195e-01
0.000000000000000000e+00,0.000000000000000000e+00,0.000000000000000000e+00,0.000000000000000000e+00,0.000000000000000000e+00,0.000000000000000000e+00,0.000000000000000000e+00,0.000000000000000000e+00,0.000000000000000000e+00,0.000000000000000000e+00,7.142857142857142461e-02,0.000000000000000000e+00,0.000000000000000000e+00,0.000000000000000000e+00,1.428571428571428492e-01,1.428571428571428492e-01,0.000000000000000000e+00,7.142857142857142461e-02,0.000000000000000000e+00,3.571428571428571508e-01,0.000000000000000000e+00,2.142857142857142738e-01
0.000000000000000000e+00,0.000000000000000000e+00,0.000000000000000000e+00,0.000000000000000000e+00,0.000000000000000000e+00,5.882352941176470507e-02,0.000000000000000000e+00,0.000000000000000000e+00,0.000000000000000000e+00,5.882352941176470507e-02,0.000000000000000000e+00,0.000000000000000000e+00,5.882352941176470507e-02,5.882352941176470507e-02,1.176470588235294101e-01,5.882352941176470507e-02,5.882352941176470507e-02,0.000000000000000000e+00,0.000000000000000000e+00,0.000000000000000000e+00,2.352941176470588203e-01,2.941176470588235392e-01
0.000000000000000000e+00,0.000000000000000000e+00,0.000000000000000000e+00,0.000000000000000000e+00,6.896551724137930939e-03,0.000000000000000000e+00,0.000000000000000000e+00,0.000000000000000000e+00,0.000000000000000000e+00,2.068965517241379282e-02,2.068965517241379282e-02,1.379310344827586188e-02,2.758620689655172376e-02,3.448275862068965469e-02,8.275862068965517127e-02,2.068965517241379282e-02,2.758620689655172376e-02,2.068965517241379282e-02,3.448275862068965469e-02,2.758620689655172376e-02,2.758620689655172376e-02,6.344827586206897019e-01
