8.131868131868131844e-01,3.296703296703296787e-02,1.098901098901098987e-02,2.197802197802197974e-02,0.000000000000000000e+00,1.098901098901098987e-02,0.000000000000000000e+00,0.000000000000000000e+00,1.098901098901098987e-02,1.098901098901098987e-02,1.098901098901098987e-02,1.098901098901098987e-02,4.395604395604395948e-02,0.000000000000000000e+00,0.000000000000000000e+00,0.000000000000000000e+00,0.000000000000000000e+00,0.000000000000000000e+00,0.000000000000000000e+00,1.098901098901098987e-02,0.000000000000000000e+00,1.098901098901098987e-02
1.000000000000000056e-01,6.250000000000000000e-01,7.499999999999999722e-02,2.500000000000000139e-02,2.500000000000000139e-02,0.000000000000000000e+00,0.000000000000000000e+00,0.000000000000000000e+00,2.500000000000000139e-02,2.500000000000000139e-02,5.000000000000000278e-02,5.000000000000000278e-02,0.000000000000000000e+00,0.000000000000000000e+00,0.000000000000000000e+00,0.000000000000000000e+00,0.000000000000000000e+00,0.000000000000000000e+00,0.000000000000000000e+00,0.000000000000000000e+00,0.000000000000000000e+00,0.000000000000000000e+00
4.347826086956521618e-02,4.347826086956521618e-02,2.608695652173912971e-01,4.347826086956521618e-02,8.695652173913043237e-02,1.304347826086956486e-01,1.739130434782608647e-01,0.000000000000000000e+00,1.304347826086956486e-01,4.347826086956521618e-02,0.000000000000000000e+00,0.000000000000000000e+00,0.000000000000000000e+00,0.000000000000000000e+00,0.000000000000000000e+00,0.000000000000000000e+00,0.000000000000000000e+00,4.347826086956521618e-02,0.000000000000000000e+00,0.000000000000000000e+00,0.000000000000000000e+00,0.000000000000000000e+00
2.739726027397260122e-02,0.000000000000000000e+00,0.000000000000000000e+00,8.767123287671232390e-01,1.369863013698630061e-02,0.000000000000000000e+00,1.369863013698630061e-02,1.369863013698630061e-02,1.369863013698630061e-02,1.369863013698630061e-02,0.000000000000000000e+00,0.000000000000000000e+00,1.369863013698630061e-02,1.369863013698630061e-02,0.000000000000000000e+00,0.000000000000000000e+00,0.000000000000000000e+00,0.000000000000000000e+00,0.000000000000000000e+00,0.000000000000000000e+00,0.000000000000000000e+00,0.000000000000000000e+00
1.886792452830188607e-02,0.000000000000000000e+00,1.886792452830188607e-02,1.886792452830188607e-02,6.226415094339622369e-01,1.132075471698113234e-01,5.660377358490566169e-02,3.773584905660377214e-02,1.886792452830188607e-02,1.886792452830188607e-02,1.886792452830188607e-02,0.000000000000000000e+00,3.773584905660377214e-02,0.000000000000000000e+00,1.886792452830188607e-02,0.000000000000000000e+00,0.000000000000000000e+00,0.000000000000000000e+00,0.000000000000000000e+00,0.000000000000000000e+00,0.000000000000000000e+00,0.000000000000000000e+00
0.000000000000000000e+00,1.470588235294117627e-02,0.000000000000000000e+00,0.000000000000000000e+00,8.823529411764706454e-02,6.470588235294117974e-01,2.941176470588235253e-02,7.352941176470588480e-02,4.411764705882353227e-02,1.470588235294117627e-02,2.941176470588235253e-02,2.941176470588235253e-02,1.470588235294117627e-02,0.000000000000000000e+00,0.000000000000000000e+00,0.000000000000000000e+00,1.470588235294117627e-02,0.000000000000000000e+00,0.000000000000000000e+00,0.000000000000000000e+00,0.000000000000000000e+00,0.000000000000000000e+00
0.000000000000000000e+00,8.333333333333333218e-03,0.000000000000000000e+00,0.000000000000000000e+00,2.500000000000000139e-02,1.666666666666666644e-02,7.083333333333333703e-01,1.250000000000000000e-01,5.000000000000000278e-02,8.333333333333333218e-03,3.333333333333333287e-02,0.000000000000000000e+00,8.333333333333333218e-03,1.666666666666666644e-02,0.000000000000000000e+00,0.000000000000000000e+00,0.000000000000000000e+00,0.000000000000000000e+00,0.000000000000000000e+00,0.000000000000000000e+00,0.000000000000000000e+00,0.000000000000000000e+00
6.024096385542168988e-03,1.204819277108433798e-02,1.204819277108433798e-02,6.024096385542168988e-03,1.204819277108433798e-02,1.204819277108433798e-02,6.024096385542168641e-02,5.783132530120481674e-01,2.048192771084337283e-01,2.409638554216867595e-02,2.409638554216867595e-02,1.807228915662650523e-02,1.807228915662650523e-02,0.000000000000000000e+00,6.024096385542168988e-03,0.000000000000000000e+00,0.000000000000000000e+00,0.000000000000000000e+00,6.024096385542168988e-03,0.000000000000000000e+00,0.000000000000000000e+00,0.000000000000000000e+00
2.538071065989847518e-03,0.000000000000000000e+00,5.076142131979695035e-03,2.538071065989847518e-03,2.538071065989847518e-03,1.015228426395939007e-02,1.015228426395939007e-02,4.822335025380710544e-02,6.624365482233502966e-01,1.802030456852792006e-01,3.553299492385787045e-02,1.522842639593908684e-02,1.522842639593908684e-02,2.538071065989847518e-03,0.000000000000000000e+00,2.538071065989847518e-03,0.000000000000000000e+00,0.000000000000000000e+00,0.000000000000000000e+00,0.000000000000000000e+00,0.000000000000000000e+00,5.076142131979695035e-03
0.000000000000000000e+00,4.255319148936170283e-03,5.673758865248227333e-03,1.418439716312056833e-03,1.418439716312056833e-03,2.836879432624113666e-03,0.000000000000000000e+00,1.276595744680850998e-02,6.241134751773049633e-02,7.092198581560283932e-01,1.475177304964538916e-01,2.978723404255319285e-02,8.510638297872340566e-03,5.673758865248227333e-03,1.418439716312056833e-03,1.418439716312056833e-03,1.418439716312056833e-03,0.000000000000000000e+00,0.000000000000000000e+00,0.000000000000000000e+00,0.000000000000000000e+00,4.255319148936170283e-03
2.105263157894736795e-03,1.052631578947368397e-03,0.000000000000000000e+00,0.000000000000000000e+00,1.052631578947368397e-03,2.105263157894736795e-03,3.157894736842105192e-03,4.210526315789473589e-03,1.473684210526315756e-02,6.842105263157895190e-02,7.399999999999999911e-01,1.221052631578947306e-01,1.684210526315789436e-02,9.473684210526316443e-03,9.473684210526316443e-03,0.000000000000000000e+00,0.000000000000000000e+00,0.000000000000000000e+00,1.052631578947368397e-03,0.000000000000000000e+00,1.052631578947368397e-03,3.157894736842105192e-03
0.000000000000000000e+00,4.687499999999999827e-03,0.000000000000000000e+00,0.000000000000000000e+00,0.000000000000000000e+00,3.125000000000000173e-03,3.125000000000000173e-03,1.562500000000000087e-03,1.718750000000000139e-02,2.500000000000000139e-02,1.140624999999999972e-01,6.468749999999999778e-01,1.203125000000000028e-01,4.218750000000000278e-02,1.406250000000000035e-02,3.125000000000000173e-03,1.562500000000000087e-03,1.562500000000000087e-03,0.000000000000000000e+00,0.000000000000000000e+00,0.000000000000000000e+00,1.562500000000000087e-03
4.914004914004913883e-03,0.000000000000000000e+00,0.000000000000000000e+00,0.000000000000000000e+00,2.457002457002456942e-03,2.457002457002456942e-03,0.000000000000000000e+00,9.828009828009827767e-03,7.371007371007371259e-03,2.702702702702702853e-02,4.914004914004913710e-02,9.828009828009827420e-02,5.651105651105651217e-01,1.449631449631449687e-01,3.931203931203931107e-02,1.228501228501228427e-02,2.457002457002456942e-03,4.914004914004913883e-03,2.457002457002456942e-03,9.828009828009827767e-03,0.000000000000000000e+00,1.719901719901719903e-02
0.000000000000000000e+00,0.000000000000000000e+00,0.000000000000000000e+00,6.578947368421052266e-03,0.000000000000000000e+00,6.578947368421052266e-03,0.000000000000000000e+00,0.000000000000000000e+00,1.315789473684210453e-02,9.868421052631578400e-03,4.605263157894736586e-02,6.907894736842105921e-02,1.250000000000000000e-01,5.361842105263158187e-01,1.315789473684210453e-01,1.315789473684210453e-02,1.644736842105263067e-02,6.578947368421052266e-03,0.000000000000000000e+00,6.578947368421052266e-03,6.578947368421052266e-03,6.578947368421052266e-03
0.000000000000000000e+00,0.000000000000000000e+00,0.000000000000000000e+00,0.000000000000000000e+00,0.000000000000000000e+00,5.291005291005290712e-03,0.000000000000000000e+00,0.000000000000000000e+00,5.291005291005290712e-03,0.000000000000000000e+00,3.703703703703703498e-02,3.174603174603174427e-02,5.291005291005290712e-02,1.428571428571428492e-01,5.185185185185184897e-01,1.005291005291005235e-01,4.761904761904761640e-02,1.587301587301587213e-02,5.291005291005290712e-03,5.291005291005290712e-03,0.000000000000000000e+00,3.174603174603174427e-02
0.000000000000000000e+00,0.000000000000000000e+00,0.000000000000000000e+00,0.000000000000000000e+00,0.000000000000000000e+00,1.333333333333333419e-02,0.000000000000000000e+00,0.000000000000000000e+00,0.000000000000000000e+00,0.000000000000000000e+00,0.000000000000000000e+00,6.666666666666666574e-02,6.666666666666666574e-02,8.000000000000000167e-02,1.600000000000000033e-01,4.400000000000000022e-01,6.666666666666666574e-02,0.000000000000000000e+00,2.666666666666666838e-02,0.000000000000000000e+00,1.333333333333333419e-02,6.666666666666666574e-02
0.000000000000000000e+00,0.000000000000000000e+00,0.000000000000000000e+00,0.000000000000000000e+00,0.000000000000000000e+00,0.000000000000000000e+00,0.000000000000000000e+00,0.000000000000000000e+00,0.000000000000000000e+00,0.000000000000000000e+00,0.000000000000000000e+00,1.142857142857142821e-01,0.000000000000000000e+00,2.857142857142857054e-02,2.571428571428571175e-01,1.142857142857142821e-01,1.142857142857142821e-01,1.142857142857142821e-01,5.714285714285714107e-02,2.857142857142857054e-02,2.857142857142857054e-02,1.428571428571428492e-01
0.000000000000000000e+00,0.000000000000000000e+00,0.000000000000000000e+00,0.000000000000000000e+00,0.000000000000000000e+00,0.000000000000000000e+00,0.000000000000000000e+00,0.000000000000000000e+00,0.000000000000000000e+00,6.666666666666666574e-02,0.000000000000000000e+00,1.333333333333333315e-01,0.000000000000000000e+00,1.333333333333333315e-01,1.333333333333333315e-01,6.666666666666666574e-02,1.333333333333333315e-01,1.333333333333333315e-01,6.666666666666666574e-02,6.666666666666666574e-02,0.000000000000000000e+00,6.666666666666666574e-02
0.000000000000000000e+00,0.000000000000000000e+00,0.000000000000000000e+00,0.000000000000000000e+00,0.000000000000000000e+00,0.000000000000000000e+00,0.000000000000000000e+00,0.000000000000000000e+00,8.333333333333332871e-02,0.000000000000000000e+00,0.000000000000000000e+00,0.000000000000000000e+00,8.333333333333332871e-02,8.333333333333332871e-02,0.000000000000000000e+00,8.333333333333332871e-02,8.333333333333332871e-02,8.333333333333332871e-02,0.000000000000000000e+00,8.333333333333332871e-02,8.333333333333332871e-02,3.333333333333333148e-01
0.000000000000000000e+00,0.000000000000000000e+00,0.000000000000000000e+00,0.000000000000000000e+00,0.000000000000000000e+00,0.000000000000000000e+00,0.000000000000000000e+00,0.000000000000000000e+00,0.000000000000000000e+00,0.000000000000000000e+00,1.111111111111111049e-01,0.000000000000000000e+00,1.111111111111111049e-01,5.555555555555555247e-02,0.000000000000000000e+00,0.000000000000000000e+00,5.555555555555555247e-02,5.555555555555555247e-02,5.555555555555555247e-02,3.333333333333333148e-01,0.000000000000000000e+00,2.222222222222222099e-01
0.000000000000000000e+00,0.000000000000000000e+00,0.000000000000000000e+00,0.000000000000000000e+00,0.000000000000000000e+00,0.000000000000000000e+00,0.000000000000000000e+00,0.000000000000000000e+00,0.000000000000000000e+00,0.000000000000000000e+00,1.000000000000000056e-01,1.000000000000000056e-01,0.000000000000000000e+00,1.000000000000000056e-01,0.000000000000000000e+00,0.000000000000000000e+00,1.000000000000000056e-01,0.000000000000000000e+00,1.000000000000000056e-01,0.000000000000000000e+00,2.000000000000000111e-01,2.999999999999999889e-01
0.000000000000000000e+00,0.000000000000000000e+00,0.000000000000000000e+00,0.000000000000000000e+00,0.000000000000000000e+00,0.000000000000000000e+00,0.000000000000000000e+00,0.000000000000000000e+00,0.000000000000000000e+00,4.000000000000000083e-02,7.000000000000000666e-02,0.000000000000000000e+00,5.999999999999999778e-02,8.000000000000000167e-02,2.000000000000000042e-02,2.999999999999999889e-02,2.999999999999999889e-02,1.000000000000000021e-02,1.000000000000000021e-02,2.999999999999999889e-02,4.000000000000000083e-02,5.799999999999999600e-01
