7.600000000000000089e-01,4.000000000000000083e-02,4.000000000000000083e-02,2.000000000000000042e-02,2.000000000000000042e-02,4.000000000000000083e-02,4.000000000000000083e-02,2.000000000000000042e-02,0.000000000000000000e+00,0.000000000000000000e+00,0.000000000000000000e+00,0.000000000000000000e+00,0.000000000000000000e+00,2.000000000000000042e-02,0.000000000000000000e+00,0.000000000000000000e+00,0.000000000000000000e+00,0.000000000000000000e+00,0.000000000000000000e+00,0.000000000000000000e+00,0.000000000000000000e+00,0.000000000000000000e+00
3.333333333333333148e-01,1.666666666666666574e-01,1.666666666666666574e-01,1.666666666666666574e-01,0.000000000000000000e+00,0.000000000000000000e+00,0.000000000000000000e+00,1.666666666666666574e-01,0.000000000000000000e+00,0.000000000000000000e+00,0.000000000000000000e+00,0.000000000000000000e+00,0.000000000000000000e+00,0.000000000000000000e+00,0.000000000000000000e+00,0.000000000000000000e+00,0.000000000000000000e+00,0.000000000000000000e+00,0.000000000000000000e+00,0.000000000000000000e+00,0.000000000000000000e+00,0.000000000000000000e+00
1.538461538461538547e-01,7.692307692307692735e-02,3.846153846153846367e-01,1.538461538461538547e-01,7.692307692307692735e-02,0.000000000000000000e+00,0.000000000000000000e+00,0.000000000000000000e+00,7.692307692307692735e-02,0.000000000000000000e+00,7.692307692307692735e-02,0.000000000000000000e+00,0.000000000000000000e+00,0.000000000000000000e+00,0.000000000000000000e+00,0.000000000000000000e+00,0.000000000000000000e+00,0.000000000000000000e+00,0.000000000000000000e+00,0.000000000000000000e+00,0.000000000000000000e+00,0.000000000000000000e+00
9.090909090909091161e-02,0.000000000000000000e+00,6.060606060606060774e-02,4.848484848484848619e-01,3.030303030303030387e-02,0.000000000000000000e+00,3.030303030303030387e-02,1.212121212121212155e-01,3.030303030303030387e-02,3.030303030303030387e-02,6.060606060606060774e-02,3.030303030303030387e-02,0.000000000000000000e+00,0.000000000000000000e+00,3.030303030303030387e-02,0.000000000000000000e+00,0.000000000000000000e+00,0.000000000000000000e+00,0.000000000000000000e+00,0.000000000000000000e+00,0.000000000000000000e+00,0.000000000000000000e+00
0.000000000000000000e+00,0.000000000000000000e+00,0.000000000000000000e+00,0.000000000000000000e+00,2.857142857142856984e-01,1.428571428571428492e-01,2.380952380952380820e-01,4.761904761904761640e-02,4.761904761904761640e-02,4.761904761904761640e-02,0.000000000000000000e+00,0.000000000000000000e+00,0.000000000000000000e+00,4.761904761904761640e-02,4.761904761904761640e-02,0.000000000000000000e+00,0.000000000000000000e+00,4.761904761904761640e-02,0.000000000000000000e+00,0.000000000000000000e+00,0.000000000000000000e+00,4.761904761904761640e-02
0.000000000000000000e+00,0.000000000000000000e+00,0.000000000000000000e+00,5.555555555555555247e-02,5.555555555555555247e-02,3.611111111111111049e-01,1.111111111111111049e-01,1.111111111111111049e-01,2.777777777777777624e-02,2.777777777777777624e-02,1.111111111111111049e-01,0.000000000000000000e+00,2.777777777777777624e-02,5.555555555555555247e-02,5.555555555555555247e-02,0.000000000000000000e+00,0.000000000000000000e+00,0.000000000000000000e+00,0.000000000000000000e+00,0.000000000000000000e+00,0.000000000000000000e+00,0.000000000000000000e+00
9.803921568627450844e-03,0.000000000000000000e+00,0.000000000000000000e+00,9.803921568627450844e-03,1.960784313725490169e-02,9.803921568627450844e-03,4.705882352941176405e-01,1.372549019607843257e-01,1.078431372549019662e-01,6.862745098039216285e-02,8.823529411764706454e-02,2.941176470588235253e-02,1.960784313725490169e-02,0.000000000000000000e+00,9.803921568627450844e-03,0.000000000000000000e+00,9.803921568627450844e-03,0.000000000000000000e+00,0.000000000000000000e+00,0.000000000000000000e+00,0.000000000000000000e+00,9.803921568627450844e-03
6.578947368421052266e-03,6.578947368421052266e-03,0.000000000000000000e+00,1.315789473684210453e-02,6.578947368421052266e-03,2.631578947368420907e-02,6.578947368421052266e-02,3.684210526315789269e-01,2.039473684210526272e-01,1.052631578947368363e-01,7.894736842105262720e-02,4.605263157894736586e-02,4.605263157894736586e-02,1.315789473684210453e-02,1.315789473684210453e-02,0.000000000000000000e+00,0.000000000000000000e+00,0.000000000000000000e+00,0.000000000000000000e+00,0.000000000000000000e+00,0.000000000000000000e+00,0.000000000000000000e+00
0.000000000000000000e+00,0.000000000000000000e+00,0.000000000000000000e+00,1.204819277108433798e-02,0.000000000000000000e+00,1.204819277108433798e-02,2.008032128514056214e-02,7.228915662650602092e-02,4.618473895582329569e-01,2.088353413654618351e-01,8.835341365461847618e-02,4.016064257028112428e-02,3.614457831325301046e-02,3.212851405622489664e-02,8.032128514056224161e-03,0.000000000000000000e+00,4.016064257028112081e-03,4.016064257028112081e-03,0.000000000000000000e+00,0.000000000000000000e+00,0.000000000000000000e+00,0.000000000000000000e+00
0.000000000000000000e+00,0.000000000000000000e+00,3.838771593090210994e-03,0.000000000000000000e+00,1.919385796545105497e-03,7.677543186180421989e-03,5.758157389635316925e-03,3.454894433781190155e-02,6.525911708253358257e-02,5.623800383877158859e-01,1.880998080614203483e-01,6.909788867562380310e-02,2.687140115163147783e-02,2.111324376199616090e-02,5.758157389635316925e-03,5.758157389635316925e-03,1.919385796545105497e-03,0.000000000000000000e+00,0.000000000000000000e+00,0.000000000000000000e+00,0.000000000000000000e+00,0.000000000000000000e+00
1.144164759725400460e-03,0.000000000000000000e+00,0.000000000000000000e+00,4.576659038901601841e-03,1.144164759725400460e-03,3.432494279176201164e-03,1.372997711670480465e-02,1.258581235697940441e-02,2.860411899313501302e-02,7.780320366132723042e-02,6.327231121281464699e-01,1.647597254004576628e-01,3.890160183066361521e-02,1.487414187643020663e-02,4.576659038901601841e-03,1.144164759725400460e-03,0.000000000000000000e+00,0.000000000000000000e+00,0.000000000000000000e+00,0.000000000000000000e+00,0.000000000000000000e+00,0.000000000000000000e+00
4.509582863585118173e-03,0.000000000000000000e+00,0.000000000000000000e+00,1.127395715896279543e-03,0.000000000000000000e+00,2.254791431792559087e-03,3.382187147688838630e-03,1.803833145434047269e-02,9.019165727170236346e-03,3.833145434047350447e-02,1.127395715896279543e-01,6.369785794813980218e-01,1.341600901916572830e-01,2.931228861330326813e-02,4.509582863585118173e-03,4.509582863585118173e-03,0.000000000000000000e+00,0.000000000000000000e+00,1.127395715896279543e-03,0.000000000000000000e+00,0.000000000000000000e+00,0.000000000000000000e+00
0.000000000000000000e+00,0.000000000000000000e+00,1.540832049306625632e-03,1.540832049306625632e-03,4.622496147919877112e-03,3.081664098613251263e-03,1.540832049306625632e-03,1.848998459167950845e-02,1.848998459167950845e-02,2.465331278890601011e-02,5.238828967642526757e-02,1.248073959938366673e-01,6.024653312788905701e-01,1.325115562403698100e-01,6.163328197226502526e-03,6.163328197226502526e-03,0.000000000000000000e+00,0.000000000000000000e+00,0.000000000000000000e+00,0.000000000000000000e+00,0.000000000000000000e+00,1.540832049306625632e-03
2.217294900221729488e-03,0.000000000000000000e+00,4.434589800443458976e-03,4.434589800443458976e-03,2.217294900221729488e-03,8.869179600886917952e-03,1.108647450110864831e-02,6.651884700665188464e-03,2.882483370288248248e-02,3.325942350332593972e-02,3.769401330376940390e-02,6.430155210643015429e-02,1.152993348115299299e-01,5.698447893569844602e-01,7.982261640798225810e-02,2.439024390243902524e-02,2.217294900221729488e-03,4.434589800443458976e-03,0.000000000000000000e+00,0.000000000000000000e+00,0.000000000000000000e+00,0.000000000000000000e+00
0.000000000000000000e+00,0.000000000000000000e+00,0.000000000000000000e+00,0.000000000000000000e+00,0.000000000000000000e+00,5.649717514124293766e-03,0.000000000000000000e+00,1.129943502824858753e-02,1.129943502824858753e-02,3.389830508474576259e-02,2.259887005649717506e-02,3.954802259887005983e-02,5.649717514124293766e-02,1.299435028248587531e-01,5.141242937853107708e-01,1.242937853107344698e-01,2.259887005649717506e-02,1.129943502824858753e-02,0.000000000000000000e+00,0.000000000000000000e+00,0.000000000000000000e+00,1.694915254237288130e-02
0.000000000000000000e+00,0.000000000000000000e+00,0.000000000000000000e+00,8.928571428571428076e-03,8.928571428571428076e-03,0.000000000000000000e+00,0.000000000000000000e+00,0.000000000000000000e+00,8.928571428571428076e-03,8.928571428571428076e-03,8.928571428571428076e-03,6.250000000000000000e-02,6.250000000000000000e-02,1.071428571428571369e-01,1.250000000000000000e-01,4.732142857142856984e-01,7.142857142857142461e-02,1.785714285714285615e-02,0.000000000000000000e+00,0.000000000000000000e+00,8.928571428571428076e-03,2.678571428571428423e-02
0.000000000000000000e+00,0.000000000000000000e+00,0.000000000000000000e+00,0.000000000000000000e+00,0.000000000000000000e+00,0.000000000000000000e+00,0.000000000000000000e+00,0.000000000000000000e+00,0.000000000000000000e+00,0.000000000000000000e+00,3.333333333333333287e-02,3.333333333333333287e-02,0.000000000000000000e+00,1.000000000000000056e-01,6.666666666666666574e-02,2.333333333333333370e-01,2.999999999999999889e-01,6.666666666666666574e-02,3.333333333333333287e-02,3.333333333333333287e-02,0.000000000000000000e+00,1.000000000000000056e-01
0.000000000000000000e+00,0.000000000000000000e+00,0.000000000000000000e+00,0.000000000000000000e+00,4.347826086956521618e-02,4.347826086956521618e-02,0.000000000000000000e+00,0.000000000000000000e+00,4.347826086956521618e-02,8.695652173913043237e-02,0.000000000000000000e+00,4.347826086956521618e-02,4.347826086956521618e-02,0.000000000000000000e+00,8.695652173913043237e-02,4.347826086956521618e-02,4.347826086956521618e-02,3.913043478260869734e-01,8.695652173913043237e-02,4.347826086956521618e-02,0.000000000000000000e+00,0.000000000000000000e+00
0.000000000000000000e+00,0.000000000000000000e+00,0.000000000000000000e+00,0.000000000000000000e+00,0.000000000000000000e+00,0.000000000000000000e+00,0.000000000000000000e+00,0.000000000000000000e+00,0.000000000000000000e+00,0.000000000000000000e+00,0.000000000000000000e+00,0.000000000000000000e+00,5.555555555555555247e-02,5.555555555555555247e-02,0.000000000000000000e+00,0.000000000000000000e+00,1.111111111111111049e-01,5.555555555555555247e-02,4.444444444444444198e-01,1.111111111111111049e-01,5.555555555555555247e-02,1.111111111111111049e-01
0.000000000000000000e+00,0.000000000000000000e+00,0.000000000000000000e+00,0.000000000000000000e+00,0.000000000000000000e+00,0.000000000000000000e+00,0.000000000000000000e+00,0.000000000000000000e+00,0.000000000000000000e+00,0.000000000000000000e+00,0.000000000000000000e+00,0.000000000000000000e+00,0.000000000000000000e+00,0.000000000000000000e+00,0.000000000000000000e+00,7.692307692307692735e-02,7.692307692307692735e-02,7.692307692307692735e-02,0.000000000000000000e+00,4.615384615384615641e-01,1.538461538461538547e-01,1.538461538461538547e-01
0.000000000000000000e+00,0.000000000000000000e+00,0.000000000000000000e+00,0.000000000000000000e+00,0.000000000000000000e+00,0.000000000000000000e+00,0.000000000000000000e+00,0.000000000000000000e+00,0.000000000000000000e+00,0.000000000000000000e+00,0.000000000000000000e+00,0.000000000000000000e+00,0.000000000000000000e+00,0.000000000000000000e+00,0.000000000000000000e+00,0.000000000000000000e+00,6.666666666666666574e-02,2.000000000000000111e-01,0.000000000000000000e+00,6.666666666666666574e-02,4.666666666666666741e-01,2.000000000000000111e-01
0.000000000000000000e+00,0.000000000000000000e+00,0.000000000000000000e+00,0.000000000000000000e+00,0.000000000000000000e+00,0.000000000000000000e+00,0.000000000000000000e+00,0.000000000000000000e+00,0.000000000000000000e+00,1.785714285714285615e-02,7.142857142857142461e-02,0.000000000000000000e+00,3.571428571428571230e-02,3.571428571428571230e-02,5.357142857142856845e-02,5.357142857142856845e-02,0.000000000000000000e+00,0.000000000000000000e+00,8.928571428571428770e-02,3.571428571428571230e-02,1.785714285714285615e-02,5.892857142857143016e-01
