7.804621848739495826e-01,8.928571428571428770e-02,1.785714285714285615e-02,6.302521008403361505e-03,2.100840336134453690e-03,2.100840336134453690e-03,0.000000000000000000e+00,1.050420168067226845e-03,2.100840336134453690e-03,0.000000000000000000e+00,1.050420168067226845e-03,1.050420168067226845e-03,0.000000000000000000e+00,0.000000000000000000e+00,0.000000000000000000e+00,0.000000000000000000e+00,0.000000000000000000e+00,1.050420168067226845e-03,4.201680672268907381e-03,8.403361344537814762e-03,8.298319327731092099e-02
1.158238172920065256e-01,6.835236541598694870e-01,9.135399673735726533e-02,1.631321370309950919e-02,8.156606851549754594e-03,4.893964110929852757e-03,8.156606851549754594e-03,3.262642740619902271e-03,0.000000000000000000e+00,0.000000000000000000e+00,1.794453507340946011e-02,1.631321370309951136e-03,0.000000000000000000e+00,0.000000000000000000e+00,0.000000000000000000e+00,1.631321370309951136e-03,3.262642740619902271e-03,6.525285481239804543e-03,1.631321370309951136e-03,1.631321370309951136e-03,3.425774877650897277e-02
4.109589041095890183e-02,1.479452054794520577e-01,6.191780821917808320e-01,7.123287671232876594e-02,4.657534246575342762e-02,1.095890410958904118e-02,8.219178082191780019e-03,0.000000000000000000e+00,2.739726027397260295e-03,0.000000000000000000e+00,1.095890410958904118e-02,0.000000000000000000e+00,0.000000000000000000e+00,5.479452054794520591e-03,0.000000000000000000e+00,0.000000000000000000e+00,2.739726027397260295e-03,2.739726027397260295e-03,0.000000000000000000e+00,8.219178082191780019e-03,2.191780821917808236e-02
3.076923076923077094e-02,5.000000000000000278e-02,1.076923076923076983e-01,6.307692307692307487e-01,8.846153846153846645e-02,2.307692307692307820e-02,3.846153846153846367e-03,3.846153846153846367e-03,3.846153846153846367e-03,1.153846153846153910e-02,1.923076923076923184e-02,3.846153846153846367e-03,0.000000000000000000e+00,0.000000000000000000e+00,7.692307692307692735e-03,3.846153846153846367e-03,0.000000000000000000e+00,0.000000000000000000e+00,0.000000000000000000e+00,0.000000000000000000e+00,1.153846153846153910e-02
1.117318435754189980e-02,4.469273743016759920e-02,1.061452513966480438e-01,1.117318435754189876e-01,5.363128491620111626e-01,7.821229050279329686e-02,1.675977653631284883e-02,5.586592178770949900e-03,5.586592178770949900e-03,0.000000000000000000e+00,3.910614525139664843e-02,0.000000000000000000e+00,0.000000000000000000e+00,0.000000000000000000e+00,0.000000000000000000e+00,5.586592178770949900e-03,1.675977653631284883e-02,0.000000000000000000e+00,1.117318435754189980e-02,0.000000000000000000e+00,1.117318435754189980e-02
1.315789473684210453e-02,1.052631578947368363e-01,5.263157894736841813e-02,1.315789473684210453e-02,1.447368421052631637e-01,4.078947368421052544e-01,7.894736842105262720e-02,3.947368421052631360e-02,1.315789473684210453e-02,1.315789473684210453e-02,1.052631578947368363e-01,0.000000000000000000e+00,0.000000000000000000e+00,1.315789473684210453e-02,0.000000000000000000e+00,0.000000000000000000e+00,0.000000000000000000e+00,0.000000000000000000e+00,0.000000000000000000e+00,0.000000000000000000e+00,0.000000000000000000e+00
0.000000000000000000e+00,5.999999999999999778e-02,8.000000000000000167e-02,1.000000000000000056e-01,4.000000000000000083e-02,1.600000000000000033e-01,4.199999999999999845e-01,8.000000000000000167e-02,2.000000000000000042e-02,0.000000000000000000e+00,2.000000000000000042e-02,0.000000000000000000e+00,0.000000000000000000e+00,0.000000000000000000e+00,0.000000000000000000e+00,0.000000000000000000e+00,0.000000000000000000e+00,0.000000000000000000e+00,2.000000000000000042e-02,0.000000000000000000e+00,0.000000000000000000e+00
0.000000000000000000e+00,7.142857142857142461e-02,7.142857142857142461e-02,1.071428571428571369e-01,0.000000000000000000e+00,3.571428571428571230e-02,2.142857142857142738e-01,2.500000000000000000e-01,7.142857142857142461e-02,0.000000000000000000e+00,1.428571428571428492e-01,0.000000000000000000e+00,0.000000000000000000e+00,0.000000000000000000e+00,0.000000000000000000e+00,0.000000000000000000e+00,0.000000000000000000e+00,0.000000000000000000e+00,0.000000000000000000e+00,0.000000000000000000e+00,3.571428571428571230e-02
0.000000000000000000e+00,0.000000000000000000e+00,0.000000000000000000e+00,6.451612903225806273e-02,0.000000000000000000e+00,3.225806451612903136e-02,3.225806451612903136e-02,9.677419354838709409e-02,4.838709677419354982e-01,3.225806451612903136e-02,2.580645161290322509e-01,0.000000000000000000e+00,0.000000000000000000e+00,0.000000000000000000e+00,0.000000000000000000e+00,0.000000000000000000e+00,0.000000000000000000e+00,0.000000000000000000e+00,0.000000000000000000e+00,0.000000000000000000e+00,0.000000000000000000e+00
7.142857142857142461e-02,0.000000000000000000e+00,0.000000000000000000e+00,0.000000000000000000e+00,1.428571428571428492e-01,1.428571428571428492e-01,0.000000000000000000e+00,7.142857142857142461e-02,0.000000000000000000e+00,3.571428571428571508e-01,2.142857142857142738e-01,0.000000000000000000e+00,0.000000000000000000e+00,0.000000000000000000e+00,0.000000000000000000e+00,0.000000000000000000e+00,0.000000000000000000e+00,0.000000000000000000e+00,0.000000000000000000e+00,0.000000000000000000e+00,0.000000000000000000e+00
1.851851851851851749e-02,1.234567901234567833e-02,3.086419753086419582e-02,3.703703703703703498e-02,8.641975308641974829e-02,2.469135802469135665e-02,3.086419753086419582e-02,1.851851851851851749e-02,3.086419753086419582e-02,2.469135802469135665e-02,6.481481481481481399e-01,0.000000000000000000e+00,0.000000000000000000e+00,0.000000000000000000e+00,0.000000000000000000e+00,6.172839506172839164e-03,6.172839506172839164e-03,0.000000000000000000e+00,0.000000000000000000e+00,0.000000000000000000e+00,2.469135802469135665e-02
0.000000000000000000e+00,0.000000000000000000e+00,0.000000000000000000e+00,0.000000000000000000e+00,1.052631578947368397e-02,0.000000000000000000e+00,0.000000000000000000e+00,0.000000000000000000e+00,0.000000000000000000e+00,0.000000000000000000e+00,0.000000000000000000e+00,8.631578947368421240e-01,3.157894736842105365e-02,0.000000000000000000e+00,3.157894736842105365e-02,2.105263157894736795e-02,1.052631578947368397e-02,1.052631578947368397e-02,0.000000000000000000e+00,1.052631578947368397e-02,1.052631578947368397e-02
0.000000000000000000e+00,0.000000000000000000e+00,0.000000000000000000e+00,0.000000000000000000e+00,0.000000000000000000e+00,0.000000000000000000e+00,0.000000000000000000e+00,0.000000000000000000e+00,0.000000000000000000e+00,0.000000000000000000e+00,0.000000000000000000e+00,1.363636363636363535e-01,7.272727272727272929e-01,4.545454545454545581e-02,0.000000000000000000e+00,9.090909090909091161e-02,0.000000000000000000e+00,0.000000000000000000e+00,0.000000000000000000e+00,0.000000000000000000e+00,0.000000000000000000e+00
0.000000000000000000e+00,0.000000000000000000e+00,4.761904761904761640e-02,0.000000000000000000e+00,0.000000000000000000e+00,0.000000000000000000e+00,0.000000000000000000e+00,0.000000000000000000e+00,0.000000000000000000e+00,0.000000000000000000e+00,4.761904761904761640e-02,4.761904761904761640e-02,0.000000000000000000e+00,6.666666666666666297e-01,1.428571428571428492e-01,0.000000000000000000e+00,0.000000000000000000e+00,0.000000000000000000e+00,0.000000000000000000e+00,4.761904761904761640e-02,0.000000000000000000e+00
0.000000000000000000e+00,2.222222222222222307e-02,0.000000000000000000e+00,0.000000000000000000e+00,2.222222222222222307e-02,0.000000000000000000e+00,0.000000000000000000e+00,0.000000000000000000e+00,0.000000000000000000e+00,2.222222222222222307e-02,0.000000000000000000e+00,6.666666666666666574e-02,2.222222222222222307e-02,4.444444444444444614e-02,6.888888888888888840e-01,0.000000000000000000e+00,2.222222222222222307e-02,0.000000000000000000e+00,4.444444444444444614e-02,2.222222222222222307e-02,2.222222222222222307e-02
1.176470588235294101e-02,2.352941176470588203e-02,0.000000000000000000e+00,0.000000000000000000e+00,1.176470588235294101e-02,0.000000000000000000e+00,0.000000000000000000e+00,0.000000000000000000e+00,0.000000000000000000e+00,0.000000000000000000e+00,1.176470588235294101e-02,1.176470588235294101e-02,1.176470588235294101e-02,1.176470588235294101e-02,3.529411764705882304e-02,8.235294117647058432e-01,2.352941176470588203e-02,0.000000000000000000e+00,1.176470588235294101e-02,0.000000000000000000e+00,1.176470588235294101e-02
2.439024390243902524e-02,2.439024390243902524e-02,0.000000000000000000e+00,0.000000000000000000e+00,2.439024390243902524e-02,2.439024390243902524e-02,0.000000000000000000e+00,0.000000000000000000e+00,0.000000000000000000e+00,0.000000000000000000e+00,2.439024390243902524e-02,0.000000000000000000e+00,0.000000000000000000e+00,0.000000000000000000e+00,0.000000000000000000e+00,4.878048780487805047e-02,3.902439024390244038e-01,2.439024390243902385e-01,7.317073170731706877e-02,7.317073170731706877e-02,4.878048780487805047e-02
1.086956521739130405e-02,1.086956521739130405e-02,1.086956521739130405e-02,4.347826086956521618e-02,1.086956521739130405e-02,0.000000000000000000e+00,0.000000000000000000e+00,0.000000000000000000e+00,0.000000000000000000e+00,0.000000000000000000e+00,0.000000000000000000e+00,1.086956521739130405e-02,0.000000000000000000e+00,0.000000000000000000e+00,0.000000000000000000e+00,1.086956521739130405e-02,4.347826086956521618e-02,5.978260869565217295e-01,1.956521739130434867e-01,3.260869565217391214e-02,2.173913043478260809e-02
7.843137254901960675e-03,7.843137254901960675e-03,0.000000000000000000e+00,1.176470588235294101e-02,3.921568627450980338e-03,0.000000000000000000e+00,0.000000000000000000e+00,0.000000000000000000e+00,0.000000000000000000e+00,0.000000000000000000e+00,7.843137254901960675e-03,0.000000000000000000e+00,3.921568627450980338e-03,3.921568627450980338e-03,7.843137254901960675e-03,3.921568627450980338e-03,3.921568627450980338e-03,4.705882352941176405e-02,7.176470588235294157e-01,1.254901960784313708e-01,4.705882352941176405e-02
1.749271137026239126e-02,2.915451895043731732e-03,1.457725947521865822e-02,2.915451895043731732e-03,2.915451895043731732e-03,0.000000000000000000e+00,0.000000000000000000e+00,0.000000000000000000e+00,0.000000000000000000e+00,0.000000000000000000e+00,5.830903790087463463e-03,0.000000000000000000e+00,0.000000000000000000e+00,0.000000000000000000e+00,0.000000000000000000e+00,2.915451895043731732e-03,2.915451895043731732e-03,1.166180758017492693e-02,5.830903790087463290e-02,7.172011661807580207e-01,1.603498542274052474e-01
1.212121212121212155e-01,2.635046113306982810e-02,1.317523056653491405e-02,5.270092226613965966e-03,0.000000000000000000e+00,0.000000000000000000e+00,0.000000000000000000e+00,0.000000000000000000e+00,0.000000000000000000e+00,0.000000000000000000e+00,2.635046113306982983e-03,0.000000000000000000e+00,0.000000000000000000e+00,1.317523056653491492e-03,0.000000000000000000e+00,1.317523056653491492e-03,1.317523056653491492e-03,3.952569169960474041e-03,7.905138339920948082e-03,5.665349143610012850e-02,7.588932806324110159e-01
