6.510500807754442398e-01,8.885298869143780365e-02,2.261712439418416681e-02,1.292407108239095395e-02,4.846526655896607298e-03,3.231017770597738488e-03,1.615508885298869244e-03,1.615508885298869244e-03,0.000000000000000000e+00,0.000000000000000000e+00,2.261712439418416681e-02,0.000000000000000000e+00,0.000000000000000000e+00,3.231017770597738488e-03,0.000000000000000000e+00,3.231017770597738488e-03,0.000000000000000000e+00,3.231017770597738488e-03,1.130856219709208341e-02,2.423263327948303736e-02,1.453957996768982242e-01
1.264916467780429488e-01,6.229116945107399106e-01,9.546539379474940079e-02,3.102625298329355491e-02,2.386634844868735020e-02,9.546539379474940773e-03,0.000000000000000000e+00,0.000000000000000000e+00,2.386634844868735193e-03,2.386634844868735193e-03,2.386634844868735020e-02,0.000000000000000000e+00,0.000000000000000000e+00,0.000000000000000000e+00,0.000000000000000000e+00,0.000000000000000000e+00,4.773269689737470386e-03,0.000000000000000000e+00,4.773269689737470386e-03,1.193317422434367510e-02,4.057279236276849915e-02
5.232558139534883995e-02,1.220930232558139483e-01,5.813953488372093359e-01,1.017441860465116282e-01,2.616279069767441998e-02,1.453488372093023236e-02,2.906976744186046471e-03,2.906976744186046471e-03,0.000000000000000000e+00,2.906976744186046471e-03,2.034883720930232703e-02,0.000000000000000000e+00,0.000000000000000000e+00,2.906976744186046471e-03,5.813953488372092943e-03,2.906976744186046471e-03,2.906976744186046471e-03,0.000000000000000000e+00,2.906976744186046471e-03,8.720930232558139414e-03,4.651162790697674354e-02
5.241935483870967943e-02,3.225806451612903136e-02,1.451612903225806550e-01,5.645161290322581182e-01,9.677419354838709409e-02,2.016129032258064460e-02,8.064516129032257841e-03,8.064516129032257841e-03,0.000000000000000000e+00,0.000000000000000000e+00,3.629032258064516375e-02,0.000000000000000000e+00,0.000000000000000000e+00,0.000000000000000000e+00,0.000000000000000000e+00,0.000000000000000000e+00,0.000000000000000000e+00,0.000000000000000000e+00,8.064516129032257841e-03,0.000000000000000000e+00,2.822580645161290244e-02
5.882352941176470507e-02,3.676470588235294240e-02,8.088235294117647467e-02,1.397058823529411797e-01,4.485294117647058987e-01,7.352941176470588480e-02,7.352941176470588133e-03,2.205882352941176613e-02,7.352941176470588133e-03,1.470588235294117627e-02,5.882352941176470507e-02,0.000000000000000000e+00,0.000000000000000000e+00,0.000000000000000000e+00,0.000000000000000000e+00,2.205882352941176613e-02,7.352941176470588133e-03,7.352941176470588133e-03,0.000000000000000000e+00,7.352941176470588133e-03,7.352941176470588133e-03
3.333333333333333287e-02,6.666666666666666574e-02,1.333333333333333315e-01,1.333333333333333315e-01,1.166666666666666685e-01,1.833333333333333204e-01,8.333333333333332871e-02,3.333333333333333287e-02,3.333333333333333287e-02,1.666666666666666644e-02,3.333333333333333287e-02,0.000000000000000000e+00,0.000000000000000000e+00,0.000000000000000000e+00,1.666666666666666644e-02,0.000000000000000000e+00,3.333333333333333287e-02,1.666666666666666644e-02,1.666666666666666644e-02,3.333333333333333287e-02,1.666666666666666644e-02
5.405405405405405705e-02,5.405405405405405705e-02,0.000000000000000000e+00,1.081081081081081141e-01,8.108108108108108558e-02,1.891891891891891997e-01,3.783783783783783994e-01,2.702702702702702853e-02,0.000000000000000000e+00,0.000000000000000000e+00,2.702702702702702853e-02,2.702702702702702853e-02,0.000000000000000000e+00,0.000000000000000000e+00,0.000000000000000000e+00,2.702702702702702853e-02,0.000000000000000000e+00,0.000000000000000000e+00,0.000000000000000000e+00,0.000000000000000000e+00,2.702702702702702853e-02
5.882352941176470507e-02,0.000000000000000000e+00,0.000000000000000000e+00,0.000000000000000000e+00,1.764705882352941291e-01,2.352941176470588203e-01,1.176470588235294101e-01,1.176470588235294101e-01,5.882352941176470507e-02,5.882352941176470507e-02,1.176470588235294101e-01,0.000000000000000000e+00,0.000000000000000000e+00,0.000000000000000000e+00,0.000000000000000000e+00,0.000000000000000000e+00,0.000000000000000000e+00,0.000000000000000000e+00,5.882352941176470507e-02,0.000000000000000000e+00,0.000000000000000000e+00
0.000000000000000000e+00,0.000000000000000000e+00,0.000000000000000000e+00,4.761904761904761640e-02,0.000000000000000000e+00,0.000000000000000000e+00,9.523809523809523281e-02,4.761904761904761640e-02,3.809523809523809312e-01,9.523809523809523281e-02,1.904761904761904656e-01,0.000000000000000000e+00,0.000000000000000000e+00,0.000000000000000000e+00,0.000000000000000000e+00,0.000000000000000000e+00,0.000000000000000000e+00,0.000000000000000000e+00,0.000000000000000000e+00,4.761904761904761640e-02,9.523809523809523281e-02
3.703703703703703498e-02,3.703703703703703498e-02,0.000000000000000000e+00,3.703703703703703498e-02,7.407407407407406996e-02,0.000000000000000000e+00,7.407407407407406996e-02,3.703703703703703498e-02,3.703703703703703498e-02,2.222222222222222099e-01,2.962962962962962798e-01,3.703703703703703498e-02,0.000000000000000000e+00,0.000000000000000000e+00,0.000000000000000000e+00,0.000000000000000000e+00,0.000000000000000000e+00,0.000000000000000000e+00,0.000000000000000000e+00,0.000000000000000000e+00,1.111111111111111049e-01
3.305785123966942241e-02,3.719008264462810021e-02,4.132231404958677801e-02,3.719008264462810021e-02,5.371900826446281141e-02,2.892561983471074460e-02,2.892561983471074460e-02,2.479338842975206680e-02,2.479338842975206680e-02,3.719008264462810021e-02,6.280991735537190257e-01,4.132231404958677801e-03,0.000000000000000000e+00,0.000000000000000000e+00,0.000000000000000000e+00,0.000000000000000000e+00,0.000000000000000000e+00,0.000000000000000000e+00,8.264462809917355601e-03,8.264462809917355601e-03,4.132231404958677801e-03
0.000000000000000000e+00,0.000000000000000000e+00,0.000000000000000000e+00,0.000000000000000000e+00,0.000000000000000000e+00,0.000000000000000000e+00,0.000000000000000000e+00,0.000000000000000000e+00,0.000000000000000000e+00,0.000000000000000000e+00,1.398601398601398600e-02,8.881118881118881259e-01,1.398601398601398600e-02,1.398601398601398600e-02,2.797202797202797200e-02,1.398601398601398600e-02,1.398601398601398600e-02,0.000000000000000000e+00,0.000000000000000000e+00,6.993006993006993001e-03,6.993006993006993001e-03
0.000000000000000000e+00,0.000000000000000000e+00,0.000000000000000000e+00,0.000000000000000000e+00,0.000000000000000000e+00,0.000000000000000000e+00,0.000000000000000000e+00,0.000000000000000000e+00,0.000000000000000000e+00,0.000000000000000000e+00,4.761904761904761640e-02,9.523809523809523281e-02,6.666666666666666297e-01,9.523809523809523281e-02,0.000000000000000000e+00,0.000000000000000000e+00,4.761904761904761640e-02,0.000000000000000000e+00,4.761904761904761640e-02,0.000000000000000000e+00,0.000000000000000000e+00
0.000000000000000000e+00,3.333333333333333287e-02,3.333333333333333287e-02,0.000000000000000000e+00,0.000000000000000000e+00,0.000000000000000000e+00,0.000000000000000000e+00,0.000000000000000000e+00,0.000000000000000000e+00,0.000000000000000000e+00,0.000000000000000000e+00,1.000000000000000056e-01,0.000000000000000000e+00,5.333333333333333259e-01,1.000000000000000056e-01,1.333333333333333315e-01,0.000000000000000000e+00,3.333333333333333287e-02,0.000000000000000000e+00,0.000000000000000000e+00,3.333333333333333287e-02
0.000000000000000000e+00,1.265822784810126563e-02,0.000000000000000000e+00,0.000000000000000000e+00,0.000000000000000000e+00,0.000000000000000000e+00,0.000000000000000000e+00,0.000000000000000000e+00,0.000000000000000000e+00,0.000000000000000000e+00,1.265822784810126563e-02,2.531645569620253125e-02,1.265822784810126563e-02,5.063291139240506250e-02,6.455696202531645556e-01,1.012658227848101250e-01,2.531645569620253125e-02,1.265822784810126563e-02,5.063291139240506250e-02,2.531645569620253125e-02,2.531645569620253125e-02
1.351351351351351426e-02,2.702702702702702853e-02,1.351351351351351426e-02,0.000000000000000000e+00,2.702702702702702853e-02,0.000000000000000000e+00,2.702702702702702853e-02,0.000000000000000000e+00,0.000000000000000000e+00,0.000000000000000000e+00,0.000000000000000000e+00,2.702702702702702853e-02,0.000000000000000000e+00,2.702702702702702853e-02,1.081081081081081141e-01,5.810810810810810301e-01,6.756756756756757132e-02,2.702702702702702853e-02,2.702702702702702853e-02,1.351351351351351426e-02,1.351351351351351426e-02
0.000000000000000000e+00,2.027027027027027140e-02,0.000000000000000000e+00,0.000000000000000000e+00,0.000000000000000000e+00,6.756756756756757132e-03,0.000000000000000000e+00,0.000000000000000000e+00,0.000000000000000000e+00,0.000000000000000000e+00,0.000000000000000000e+00,1.351351351351351426e-02,0.000000000000000000e+00,0.000000000000000000e+00,2.027027027027027140e-02,4.054054054054054279e-02,7.567567567567567988e-01,7.432432432432432845e-02,6.756756756756757132e-03,5.405405405405405705e-02,6.756756756756757132e-03
3.773584905660377214e-02,1.886792452830188607e-02,9.433962264150943036e-03,9.433962264150943036e-03,0.000000000000000000e+00,0.000000000000000000e+00,0.000000000000000000e+00,0.000000000000000000e+00,0.000000000000000000e+00,0.000000000000000000e+00,0.000000000000000000e+00,9.433962264150943036e-03,9.433962264150943036e-03,0.000000000000000000e+00,0.000000000000000000e+00,3.773584905660377214e-02,1.226415094339622647e-01,5.000000000000000000e-01,1.698113207547169712e-01,6.603773584905660299e-02,9.433962264150943036e-03
3.030303030303030387e-02,6.734006734006733712e-03,0.000000000000000000e+00,0.000000000000000000e+00,0.000000000000000000e+00,0.000000000000000000e+00,0.000000000000000000e+00,0.000000000000000000e+00,3.367003367003366856e-03,0.000000000000000000e+00,1.683501683501683471e-02,0.000000000000000000e+00,0.000000000000000000e+00,0.000000000000000000e+00,1.346801346801346742e-02,6.734006734006733712e-03,1.010101010101010187e-02,6.397306397306397330e-02,6.397306397306397052e-01,1.649831649831649816e-01,4.377104377104377303e-02
2.110389610389610399e-02,1.298701298701298787e-02,9.740259740259740034e-03,3.246753246753246967e-03,0.000000000000000000e+00,1.623376623376623484e-03,1.623376623376623484e-03,1.623376623376623484e-03,1.623376623376623484e-03,0.000000000000000000e+00,8.116883116883116117e-03,1.623376623376623484e-03,1.623376623376623484e-03,0.000000000000000000e+00,0.000000000000000000e+00,3.246753246753246967e-03,6.493506493506493935e-03,1.136363636363636395e-02,7.954545454545454419e-02,7.288961038961039307e-01,1.055194805194805130e-01
9.701492537313433084e-02,1.990049751243781057e-02,1.492537313432835792e-02,3.731343283582089481e-03,2.487562189054726321e-03,0.000000000000000000e+00,1.243781094527363160e-03,1.243781094527363160e-03,1.243781094527363160e-03,3.731343283582089481e-03,1.243781094527363247e-02,3.731343283582089481e-03,0.000000000000000000e+00,0.000000000000000000e+00,1.243781094527363160e-03,1.243781094527363160e-03,1.243781094527363160e-03,2.487562189054726321e-03,1.119402985074626801e-02,8.582089552238805763e-02,7.350746268656715987e-01
