6.534482758620689946e-01,1.137931034482758674e-01,2.413793103448275829e-02,1.379310344827586188e-02,8.620689655172413673e-03,5.172413793103448204e-03,1.724137931034482735e-03,1.724137931034482735e-03,0.000000000000000000e+00,0.000000000000000000e+00,1.206896551724137914e-02,0.000000000000000000e+00,0.000000000000000000e+00,0.000000000000000000e+00,0.000000000000000000e+00,0.000000000000000000e+00,0.000000000000000000e+00,1.724137931034482735e-03,3.448275862068965469e-03,1.551724137931034461e-02,1.448275862068965636e-01
1.670761670761670703e-01,5.798525798525798747e-01,1.081081081081081141e-01,3.685503685503685456e-02,2.211302211302211204e-02,7.371007371007371259e-03,7.371007371007371259e-03,7.371007371007371259e-03,0.000000000000000000e+00,0.000000000000000000e+00,1.228501228501228427e-02,0.000000000000000000e+00,0.000000000000000000e+00,0.000000000000000000e+00,0.000000000000000000e+00,0.000000000000000000e+00,0.000000000000000000e+00,7.371007371007371259e-03,2.457002457002456942e-03,4.914004914004913883e-03,3.685503685503685456e-02
5.365853658536585274e-02,2.487804878048780477e-01,4.829268292682926678e-01,8.292682926829268719e-02,3.414634146341463672e-02,1.463414634146341549e-02,4.878048780487804874e-03,9.756097560975609748e-03,9.756097560975609748e-03,4.878048780487804874e-03,1.951219512195121950e-02,0.000000000000000000e+00,0.000000000000000000e+00,0.000000000000000000e+00,0.000000000000000000e+00,0.000000000000000000e+00,0.000000000000000000e+00,0.000000000000000000e+00,0.000000000000000000e+00,1.463414634146341549e-02,1.951219512195121950e-02
4.402515723270439968e-02,7.547169811320754429e-02,1.320754716981132060e-01,6.037735849056603543e-01,3.773584905660377214e-02,1.257861635220125854e-02,1.886792452830188607e-02,1.257861635220125854e-02,0.000000000000000000e+00,0.000000000000000000e+00,3.144654088050314461e-02,0.000000000000000000e+00,0.000000000000000000e+00,0.000000000000000000e+00,0.000000000000000000e+00,0.000000000000000000e+00,0.000000000000000000e+00,0.000000000000000000e+00,0.000000000000000000e+00,6.289308176100629269e-03,2.515723270440251708e-02
3.191489361702127409e-02,5.319148936170212810e-02,1.063829787234042562e-01,1.063829787234042562e-01,5.638297872340425343e-01,2.127659574468085055e-02,6.382978723404254817e-02,1.063829787234042527e-02,1.063829787234042527e-02,0.000000000000000000e+00,2.127659574468085055e-02,0.000000000000000000e+00,0.000000000000000000e+00,0.000000000000000000e+00,0.000000000000000000e+00,0.000000000000000000e+00,0.000000000000000000e+00,0.000000000000000000e+00,0.000000000000000000e+00,1.063829787234042527e-02,0.000000000000000000e+00
3.030303030303030387e-02,0.000000000000000000e+00,6.060606060606060774e-02,3.030303030303030387e-02,1.212121212121212155e-01,3.939393939393939226e-01,1.212121212121212155e-01,3.030303030303030387e-02,3.030303030303030387e-02,3.030303030303030387e-02,1.212121212121212155e-01,0.000000000000000000e+00,0.000000000000000000e+00,0.000000000000000000e+00,0.000000000000000000e+00,0.000000000000000000e+00,0.000000000000000000e+00,0.000000000000000000e+00,0.000000000000000000e+00,3.030303030303030387e-02,0.000000000000000000e+00
3.030303030303030387e-02,6.060606060606060774e-02,3.030303030303030387e-02,9.090909090909091161e-02,3.030303030303030387e-02,1.818181818181818232e-01,3.939393939393939226e-01,6.060606060606060774e-02,0.000000000000000000e+00,0.000000000000000000e+00,9.090909090909091161e-02,0.000000000000000000e+00,0.000000000000000000e+00,0.000000000000000000e+00,0.000000000000000000e+00,0.000000000000000000e+00,0.000000000000000000e+00,0.000000000000000000e+00,0.000000000000000000e+00,3.030303030303030387e-02,0.000000000000000000e+00
3.846153846153846367e-02,7.692307692307692735e-02,7.692307692307692735e-02,0.000000000000000000e+00,1.538461538461538547e-01,7.692307692307692735e-02,3.846153846153846367e-02,3.461538461538461453e-01,3.846153846153846367e-02,0.000000000000000000e+00,1.153846153846153910e-01,0.000000000000000000e+00,0.000000000000000000e+00,0.000000000000000000e+00,0.000000000000000000e+00,0.000000000000000000e+00,0.000000000000000000e+00,0.000000000000000000e+00,0.000000000000000000e+00,0.000000000000000000e+00,3.846153846153846367e-02
3.571428571428571230e-02,3.571428571428571230e-02,1.071428571428571369e-01,3.571428571428571230e-02,0.000000000000000000e+00,1.071428571428571369e-01,3.571428571428571230e-02,3.571428571428571230e-02,4.642857142857143016e-01,0.000000000000000000e+00,1.428571428571428492e-01,0.000000000000000000e+00,0.000000000000000000e+00,0.000000000000000000e+00,0.000000000000000000e+00,0.000000000000000000e+00,0.000000000000000000e+00,0.000000000000000000e+00,0.000000000000000000e+00,0.000000000000000000e+00,0.000000000000000000e+00
1.250000000000000000e-01,6.250000000000000000e-02,0.000000000000000000e+00,0.000000000000000000e+00,6.250000000000000000e-02,0.000000000000000000e+00,0.000000000000000000e+00,0.000000000000000000e+00,6.250000000000000000e-02,3.125000000000000000e-01,3.750000000000000000e-01,0.000000000000000000e+00,0.000000000000000000e+00,0.000000000000000000e+00,0.000000000000000000e+00,0.000000000000000000e+00,0.000000000000000000e+00,0.000000000000000000e+00,0.000000000000000000e+00,0.000000000000000000e+00,0.000000000000000000e+00
3.149606299212598381e-02,2.362204724409448786e-02,2.362204724409448786e-02,6.299212598425196763e-02,2.362204724409448786e-02,2.362204724409448786e-02,7.874015748031495954e-03,7.874015748031495954e-03,3.937007874015747977e-02,6.299212598425196763e-02,6.692913385826771977e-01,0.000000000000000000e+00,0.000000000000000000e+00,0.000000000000000000e+00,0.000000000000000000e+00,0.000000000000000000e+00,0.000000000000000000e+00,7.874015748031495954e-03,0.000000000000000000e+00,7.874015748031495954e-03,7.874015748031495954e-03
1.190476190476190410e-02,0.000000000000000000e+00,0.000000000000000000e+00,0.000000000000000000e+00,0.000000000000000000e+00,0.000000000000000000e+00,0.000000000000000000e+00,0.000000000000000000e+00,0.000000000000000000e+00,0.000000000000000000e+00,1.190476190476190410e-02,8.928571428571429047e-01,1.190476190476190410e-02,1.190476190476190410e-02,2.380952380952380820e-02,0.000000000000000000e+00,0.000000000000000000e+00,0.000000000000000000e+00,0.000000000000000000e+00,2.380952380952380820e-02,1.190476190476190410e-02
0.000000000000000000e+00,0.000000000000000000e+00,0.000000000000000000e+00,0.000000000000000000e+00,0.000000000000000000e+00,0.000000000000000000e+00,0.000000000000000000e+00,0.000000000000000000e+00,0.000000000000000000e+00,0.000000000000000000e+00,0.000000000000000000e+00,3.333333333333333148e-01,4.444444444444444198e-01,1.111111111111111049e-01,1.111111111111111049e-01,0.000000000000000000e+00,0.000000000000000000e+00,0.000000000000000000e+00,0.000000000000000000e+00,0.000000000000000000e+00,0.000000000000000000e+00
0.000000000000000000e+00,0.000000000000000000e+00,0.000000000000000000e+00,0.000000000000000000e+00,0.000000000000000000e+00,0.000000000000000000e+00,0.000000000000000000e+00,0.000000000000000000e+00,0.000000000000000000e+00,0.000000000000000000e+00,0.000000000000000000e+00,0.000000000000000000e+00,6.250000000000000000e-02,8.750000000000000000e-01,3.125000000000000000e-02,3.125000000000000000e-02,0.000000000000000000e+00,0.000000000000000000e+00,0.000000000000000000e+00,0.000000000000000000e+00,0.000000000000000000e+00
0.000000000000000000e+00,0.000000000000000000e+00,0.000000000000000000e+00,0.000000000000000000e+00,2.439024390243902524e-02,0.000000000000000000e+00,0.000000000000000000e+00,0.000000000000000000e+00,0.000000000000000000e+00,0.000000000000000000e+00,0.000000000000000000e+00,4.878048780487805047e-02,0.000000000000000000e+00,0.000000000000000000e+00,7.317073170731707155e-01,7.317073170731706877e-02,4.878048780487805047e-02,0.000000000000000000e+00,0.000000000000000000e+00,4.878048780487805047e-02,2.439024390243902524e-02
2.702702702702702853e-02,0.000000000000000000e+00,0.000000000000000000e+00,0.000000000000000000e+00,0.000000000000000000e+00,2.702702702702702853e-02,0.000000000000000000e+00,0.000000000000000000e+00,0.000000000000000000e+00,0.000000000000000000e+00,0.000000000000000000e+00,2.702702702702702853e-02,0.000000000000000000e+00,0.000000000000000000e+00,1.351351351351351426e-01,5.945945945945946276e-01,1.351351351351351426e-01,2.702702702702702853e-02,2.702702702702702853e-02,0.000000000000000000e+00,0.000000000000000000e+00
0.000000000000000000e+00,2.985074626865671585e-02,0.000000000000000000e+00,1.492537313432835792e-02,0.000000000000000000e+00,0.000000000000000000e+00,0.000000000000000000e+00,0.000000000000000000e+00,0.000000000000000000e+00,0.000000000000000000e+00,1.492537313432835792e-02,0.000000000000000000e+00,0.000000000000000000e+00,0.000000000000000000e+00,1.492537313432835792e-02,1.343283582089552231e-01,6.567164179104477695e-01,1.044776119402985037e-01,1.492537313432835792e-02,0.000000000000000000e+00,1.492537313432835792e-02
1.333333333333333419e-02,6.666666666666667095e-03,0.000000000000000000e+00,0.000000000000000000e+00,0.000000000000000000e+00,0.000000000000000000e+00,0.000000000000000000e+00,0.000000000000000000e+00,0.000000000000000000e+00,0.000000000000000000e+00,6.666666666666667095e-03,1.333333333333333419e-02,0.000000000000000000e+00,0.000000000000000000e+00,6.666666666666667095e-03,6.666666666666667095e-03,1.000000000000000056e-01,6.666666666666666297e-01,1.266666666666666774e-01,4.000000000000000083e-02,1.333333333333333419e-02
2.840909090909090988e-03,0.000000000000000000e+00,2.840909090909090988e-03,2.840909090909090988e-03,0.000000000000000000e+00,0.000000000000000000e+00,0.000000000000000000e+00,0.000000000000000000e+00,0.000000000000000000e+00,2.840909090909090988e-03,0.000000000000000000e+00,2.840909090909090988e-03,0.000000000000000000e+00,0.000000000000000000e+00,0.000000000000000000e+00,0.000000000000000000e+00,2.840909090909090988e-03,6.250000000000000000e-02,7.812500000000000000e-01,1.193181818181818232e-01,1.988636363636363605e-02
1.546391752577319645e-02,1.374570446735395163e-02,1.546391752577319645e-02,0.000000000000000000e+00,5.154639175257731860e-03,0.000000000000000000e+00,0.000000000000000000e+00,0.000000000000000000e+00,0.000000000000000000e+00,1.718213058419243953e-03,8.591065292096220635e-03,1.718213058419243953e-03,1.718213058419243953e-03,0.000000000000000000e+00,0.000000000000000000e+00,0.000000000000000000e+00,1.718213058419243953e-03,6.872852233676975814e-03,8.934707903780068905e-02,7.164948453608247503e-01,1.219931271477663198e-01
9.822646657571623696e-02,2.864938608458390129e-02,1.364256480218281088e-02,1.227830832196452962e-02,4.092769440654842918e-03,1.364256480218281045e-03,1.364256480218281045e-03,1.364256480218281045e-03,4.092769440654842918e-03,1.364256480218281045e-03,2.728512960436562090e-03,1.364256480218281045e-03,0.000000000000000000e+00,0.000000000000000000e+00,1.364256480218281045e-03,0.000000000000000000e+00,1.364256480218281045e-03,1.364256480218281045e-03,8.185538881309685835e-03,1.023192360163710790e-01,7.148703956343792632e-01
